0 0 0.000000
0 1 0.999974
0 2 0.051779
0 3 0.999997
0 4 0.999974
0 5 0.999794
0 6 0.996708
0 7 0.868768
0 8 0.999999
0 9 0.731785
0 10 0.997804
0 11 0.019299
0 12 0.999978
0 13 0.981397
0 14 0.999629
0 15 0.999961
0 16 0.959174
0 17 0.999954
0 18 0.999560
0 19 1.000000
0 20 0.999979
0 21 0.999876
0 22 0.999725
0 23 0.999979
0 24 1.000000
0 25 0.999780
0 26 0.999942
0 27 0.999938
0 28 0.999951
0 29 0.948613
0 30 0.996298
0 31 0.999994
0 32 0.996532
0 33 0.999999
0 34 0.999934
0 35 0.999479
0 36 0.999768
0 37 1.000000
0 38 0.999634
0 39 0.082237
0 40 0.997363
0 41 0.999983
0 42 0.071949
0 43 0.999999
0 44 0.994661
0 45 1.000000
0 46 0.999832
0 47 0.862254
0 48 0.743482
0 49 0.994156
0 50 0.002681
0 51 0.994156
0 52 0.999752
0 53 0.999990
0 54 0.983223
0 55 0.093360
0 56 0.993760
0 57 0.985469
0 58 0.011782
0 59 0.999967
0 60 0.019299
0 61 0.967167
0 62 0.999674
0 63 0.121504
0 64 0.874996
0 65 0.023583
0 66 0.999373
0 67 0.029925
0 68 0.985826
0 69 0.999998
0 70 0.999990
0 71 0.999073
0 72 0.999950
0 73 0.999917
0 74 0.935412
0 75 0.998241
0 76 0.002681
0 77 0.999954
0 78 0.999073
0 79 0.517913
0 80 0.999536
0 81 0.034173
0 82 0.999951
0 83 0.023583
0 84 0.999560
0 85 0.998516
0 86 1.000000
0 87 0.994155
0 88 0.138922
0 89 0.999999
0 90 0.069412
0 91 0.138922
0 92 0.999961
0 93 0.970761
0 94 0.987559
0 95 0.999814
0 96 0.999942
0 97 0.000372
0 98 0.138922
0 99 0.108547
1 0 0.999974
1 1 0.000000
1 2 0.998764
1 3 0.372722
1 4 0.999994
1 5 0.998122
1 6 0.999901
1 7 0.002681
1 8 0.999978
1 9 0.999258
1 10 0.999992
1 11 1.000000
1 12 0.999995
1 13 0.999965
1 14 0.999967
1 15 0.348574
1 16 0.019299
1 17 0.999999
1 18 0.882454
1 19 0.998610
1 20 0.530966
1 21 1.000000
1 22 0.996298
1 23 0.999634
1 24 0.367737
1 25 0.999566
1 26 0.999997
1 27 0.999948
1 28 0.999884
1 29 0.999908
1 30 0.999999
1 31 0.189109
1 32 0.042353
1 33 0.999999
1 34 0.997656
1 35 0.999780
1 36 0.023583
1 37 0.932960
1 38 0.999998
1 39 0.778725
1 40 0.011782
1 41 0.019299
1 42 0.989493
1 43 0.999479
1 44 0.826850
1 45 0.999986
1 46 1.000000
1 47 0.999996
1 48 0.060180
1 49 0.703771
1 50 0.999923
1 51 0.992002
1 52 0.932077
1 53 0.999176
1 54 0.888076
1 55 0.999984
1 56 0.828969
1 57 0.889496
1 58 0.965441
1 59 0.999588
1 60 0.003622
1 61 0.788677
1 62 0.999421
1 63 1.000000
1 64 0.011782
1 65 0.999990
1 66 0.669913
1 67 0.121504
1 68 0.386901
1 69 0.999988
1 70 0.999992
1 71 0.999984
1 72 0.105308
1 73 0.999998
1 74 1.000000
1 75 0.018287
1 76 0.999471
1 77 0.999965
1 78 0.999996
1 79 0.954189
1 80 0.999972
1 81 0.029925
1 82 0.263461
1 83 0.999670
1 84 0.998943
1 85 0.999998
1 86 0.002681
1 87 0.826851
1 88 0.986720
1 89 1.000000
1 90 0.977990
1 91 0.999890
1 92 0.998610
1 93 0.999978
1 94 0.995836
1 95 0.993077
1 96 0.999826
1 97 0.999674
1 98 0.051779
1 99 1.000000
2 0 0.051779
2 1 0.998764
2 2 0.000000
2 3 0.999861
2 4 0.999990
2 5 0.590401
2 6 0.999942
2 7 0.999998
2 8 0.999979
2 9 0.999971
2 10 0.999997
2 11 0.999512
2 12 0.999870
2 13 0.809759
2 14 0.999922
2 15 0.999989
2 16 0.999987
2 17 0.999999
2 18 0.992609
2 19 0.565305
2 20 0.998698
2 21 0.994999
2 22 1.000000
2 23 1.000000
2 24 0.998747
2 25 0.888076
2 26 0.860512
2 27 0.995316
2 28 0.999999
2 29 0.999890
2 30 1.000000
2 31 0.757621
2 32 0.998764
2 33 0.987559
2 34 0.999999
2 35 0.999983
2 36 0.019299
2 37 0.999998
2 38 0.996663
2 39 0.992215
2 40 0.953580
2 41 0.995317
2 42 1.000000
2 43 0.410971
2 44 0.348574
2 45 0.999861
2 46 0.999876
2 47 0.999835
2 48 1.000000
2 49 1.000000
2 50 0.019299
2 51 0.096388
2 52 0.011782
2 53 0.999634
2 54 1.000000
2 55 0.998764
2 56 0.999305
2 57 0.999996
2 58 0.999974
2 59 0.996708
2 60 1.000000
2 61 0.960689
2 62 0.367737
2 63 0.019299
2 64 0.245316
2 65 0.999722
2 66 0.477022
2 67 0.118059
2 68 0.999954
2 69 0.011782
2 70 1.000000
2 71 0.999863
2 72 0.976514
2 73 0.999930
2 74 1.000000
2 75 1.000000
2 76 0.999670
2 77 0.999739
2 78 0.999927
2 79 0.998021
2 80 0.999948
2 81 0.999451
2 82 0.999961
2 83 0.999791
2 84 0.998827
2 85 0.990780
2 86 1.000000
2 87 0.781351
2 88 0.975602
2 89 0.023583
2 90 1.000000
2 91 0.999996
2 92 0.999794
2 93 0.999997
2 94 0.999988
2 95 0.999990
2 96 0.999971
2 97 0.994803
2 98 0.993427
2 99 0.999990
3 0 0.999997
3 1 0.372722
3 2 0.999861
3 3 0.000000
3 4 0.999999
3 5 0.999999
3 6 0.999837
3 7 0.999977
3 8 0.227550
3 9 0.909313
3 10 0.035762
3 11 0.011782
3 12 0.999783
3 13 0.999946
3 14 1.000000
3 15 0.999993
3 16 1.000000
3 17 0.999992
3 18 0.999981
3 19 0.003622
3 20 0.189109
3 21 0.945222
3 22 1.000000
3 23 0.035762
3 24 0.999997
3 25 0.999554
3 26 0.999647
3 27 0.999963
3 28 0.999349
3 29 0.999999
3 30 0.108547
3 31 0.836903
3 32 0.005177
3 33 0.999995
3 34 0.999132
3 35 0.999999
3 36 0.949286
3 37 1.000000
3 38 0.999164
3 39 0.999780
3 40 0.998048
3 41 0.999780
3 42 0.003622
3 43 0.999176
3 44 0.995554
3 45 0.997073
3 46 0.986015
3 47 0.998021
3 48 0.999999
3 49 1.000000
3 50 0.999794
3 51 0.996485
3 52 0.019299
3 53 0.996437
3 54 0.999837
3 55 0.999804
3 56 1.000000
3 57 0.999969
3 58 0.999725
3 59 0.870414
3 60 0.999951
3 61 0.999876
3 62 0.153568
3 63 0.999305
3 64 0.999995
3 65 0.060180
3 66 0.997363
3 67 0.942378
3 68 0.999258
3 69 0.552765
3 70 0.029925
3 71 0.999961
3 72 0.999971
3 73 0.997916
3 74 0.410971
3 75 0.960687
3 76 0.999972
3 77 0.999996
3 78 1.000000
3 79 0.999990
3 80 0.996298
3 81 0.898571
3 82 0.997034
3 83 0.002681
3 84 0.999588
3 85 0.005177
3 86 1.000000
3 87 1.000000
3 88 1.000000
3 89 0.999853
3 90 0.300647
3 91 0.999999
3 92 0.999981
3 93 0.999536
3 94 0.999120
3 95 0.999965
3 96 0.019299
3 97 0.999890
3 98 1.000000
3 99 0.999974
4 0 0.999974
4 1 0.999994
4 2 0.999990
4 3 0.999999
4 4 0.000000
4 5 1.000000
4 6 0.999218
4 7 0.999902
4 8 0.999707
4 9 0.998021
4 10 0.999876
4 11 0.999752
4 12 0.998241
4 13 0.429955
4 14 0.999582
4 15 0.999505
4 16 0.999998
4 17 0.999768
4 18 0.943131
4 19 0.999886
4 20 0.979096
4 21 0.999996
4 22 0.818483
4 23 0.999956
4 24 0.535509
4 25 0.011782
4 26 0.909313
4 27 0.999935
4 28 0.999998
4 29 0.999588
4 30 0.999997
4 31 0.984491
4 32 0.942378
4 33 0.999218
4 34 0.999691
4 35 0.999992
4 36 0.975273
4 37 0.932077
4 38 0.999010
4 39 0.535509
4 40 1.000000
4 41 0.888076
4 42 0.999998
4 43 0.999998
4 44 0.999998
4 45 1.000000
4 46 1.000000
4 47 0.956464
4 48 0.997363
4 49 0.999582
4 50 0.999132
4 51 0.223001
4 52 0.999967
4 53 0.997184
4 54 0.641070
4 55 0.999768
4 56 0.999948
4 57 0.999990
4 58 1.000000
4 59 1.000000
4 60 0.286770
4 61 0.999959
4 62 0.999999
4 63 0.019299
4 64 0.999218
4 65 0.410971
4 66 1.000000
4 67 0.999999
4 68 0.985073
4 69 0.999999
4 70 0.071949
4 71 0.019299
4 72 0.029925
4 73 0.999963
4 74 0.995892
4 75 0.060180
4 76 0.999707
4 77 0.029925
4 78 0.999990
4 79 0.999994
4 80 1.000000
4 81 1.000000
4 82 0.999340
4 83 0.005177
4 84 0.329464
4 85 0.999824
4 86 0.035762
4 87 0.995613
4 88 0.999909
4 89 0.914824
4 90 0.999530
4 91 0.999998
4 92 0.042353
4 93 0.999998
4 94 0.996664
4 95 0.997655
4 96 0.987559
4 97 0.997916
4 98 0.999956
4 99 0.999888
5 0 0.999794
5 1 0.998122
5 2 0.590401
5 3 0.999999
5 4 1.000000
5 5 0.000000
5 6 0.778725
5 7 0.987559
5 8 0.999963
5 9 1.000000
5 10 0.999963
5 11 0.986721
5 12 0.006763
5 13 0.999073
5 14 0.999951
5 15 0.911627
5 16 1.000000
5 17 0.998593
5 18 0.999969
5 19 0.004818
5 20 0.743482
5 21 0.999999
5 22 0.998843
5 23 0.800669
5 24 0.999998
5 25 0.023583
5 26 0.998021
5 27 0.998680
5 28 0.997916
5 29 0.029925
5 30 0.977990
5 31 0.999917
5 32 0.992609
5 33 0.121504
5 34 0.029925
5 35 0.999835
5 36 0.967167
5 37 0.343598
5 38 0.836902
5 39 0.659444
5 40 0.108547
5 41 1.000000
5 42 0.005177
5 43 0.999972
5 44 0.992983
5 45 0.999996
5 46 0.637193
5 47 0.019299
5 48 0.999994
5 49 0.999771
5 50 0.998572
5 51 0.999991
5 52 0.999987
5 53 0.999999
5 54 0.014763
5 55 0.108547
5 56 0.453650
5 57 0.002681
5 58 0.963627
5 59 1.000000
5 60 0.998436
5 61 0.999560
5 62 0.998591
5 63 0.965899
5 64 0.005177
5 65 0.168897
5 66 0.999996
5 67 0.995066
5 68 0.999382
5 69 0.121504
5 70 1.000000
5 71 0.035762
5 72 1.000000
5 73 0.985272
5 74 0.999978
5 75 0.999988
5 76 0.868768
5 77 0.998021
5 78 0.999986
5 79 0.386901
5 80 0.999295
5 81 0.001279
5 82 0.700406
5 83 0.999951
5 84 0.149693
5 85 0.011782
5 86 0.999896
5 87 0.003622
5 88 0.999876
5 89 0.005177
5 90 0.999674
5 91 0.343598
5 92 0.999843
5 93 0.029925
5 94 0.324511
5 95 0.999996
5 96 0.716439
5 97 0.927638
5 98 0.999998
5 99 1.000000
6 0 0.996708
6 1 0.999901
6 2 0.999942
6 3 0.999837
6 4 0.999218
6 5 0.778725
6 6 0.000000
6 7 0.999295
6 8 0.999707
6 9 0.791203
6 10 0.018287
6 11 0.999991
6 12 0.999983
6 13 0.999985
6 14 0.999996
6 15 0.961206
6 16 0.999990
6 17 0.999996
6 18 0.853624
6 19 0.999207
6 20 1.000000
6 21 0.993077
6 22 0.986015
6 23 0.999884
6 24 1.000000
6 25 1.000000
6 26 0.513285
6 27 0.023583
6 28 0.999998
6 29 0.975602
6 30 0.999999
6 31 0.993760
6 32 0.999804
6 33 0.082237
6 34 0.999554
6 35 0.999768
6 36 0.019299
6 37 0.969221
6 38 0.963627
6 39 1.000000
6 40 0.999986
6 41 0.994999
6 42 1.000000
6 43 0.006763
6 44 0.765619
6 45 0.999835
6 46 0.999997
6 47 0.994376
6 48 1.000000
6 49 1.000000
6 50 0.999024
6 51 0.999218
6 52 0.227550
6 53 0.005177
6 54 0.999995
6 55 0.999980
6 56 0.997916
6 57 0.999853
6 58 0.019299
6 59 0.051779
6 60 0.996875
6 61 0.989633
6 62 1.000000
6 63 0.999295
6 64 0.998147
6 65 0.988345
6 66 0.768376
6 67 0.879427
6 68 0.082237
6 69 0.999985
6 70 0.999967
6 71 0.999991
6 72 0.005177
6 73 0.999971
6 74 0.999946
6 75 1.000000
6 76 0.002681
6 77 0.530966
6 78 0.997530
6 79 0.998436
6 80 0.999996
6 81 0.999991
6 82 0.999998
6 83 0.999998
6 84 0.999954
6 85 1.000000
6 86 0.029925
6 87 0.995779
6 88 0.690668
6 89 0.014763
6 90 0.820692
6 91 0.972225
6 92 0.999804
6 93 0.060180
6 94 0.998827
6 95 0.999349
6 96 0.716439
6 97 0.999897
6 98 0.999976
6 99 0.005177
7 0 0.868768
7 1 0.002681
7 2 0.999998
7 3 0.999977
7 4 0.999902
7 5 0.987559
7 6 0.999295
7 7 0.000000
7 8 1.000000
7 9 0.999560
7 10 0.999959
7 11 0.999670
7 12 1.000000
7 13 0.998957
7 14 0.999987
7 15 0.966727
7 16 0.029925
7 17 0.051779
7 18 0.953579
7 19 0.999999
7 20 0.999998
7 21 0.999884
7 22 0.994234
7 23 0.999948
7 24 0.998610
7 25 0.999994
7 26 0.999997
7 27 0.999582
7 28 0.042353
7 29 0.999935
7 30 0.996917
7 31 0.999670
7 32 0.965441
7 33 0.999993
7 34 0.999060
7 35 0.999935
7 36 0.999956
7 37 0.011782
7 38 0.005177
7 39 0.002681
7 40 0.999997
7 41 0.999991
7 42 0.999938
7 43 0.858751
7 44 0.011782
7 45 0.999902
7 46 0.999951
7 47 0.995066
7 48 0.999999
7 49 0.999999
7 50 0.999707
7 51 0.999999
7 52 0.997774
7 53 0.999382
7 54 0.999959
7 55 0.023583
7 56 0.999997
7 57 0.899866
7 58 0.002681
7 59 0.999995
7 60 0.005177
7 61 0.995316
7 62 0.051779
7 63 0.999999
7 64 0.999993
7 65 0.999609
7 66 0.989082
7 67 0.999976
7 68 0.999875
7 69 0.999994
7 70 0.495294
7 71 0.999948
7 72 0.999977
7 73 0.999652
7 74 0.108547
7 75 0.999752
7 76 0.999938
7 77 0.999982
7 78 0.990157
7 79 0.980411
7 80 0.999996
7 81 0.999629
7 82 0.002681
7 83 0.998748
7 84 0.992708
7 85 0.982333
7 86 0.999883
7 87 0.035762
7 88 0.999691
7 89 0.994156
7 90 0.035762
7 91 0.999120
7 92 0.999991
7 93 0.051779
7 94 0.999999
7 95 0.998663
7 96 0.992983
7 97 0.999928
7 98 0.999918
7 99 0.927638
8 0 0.999999
8 1 0.999978
8 2 0.999979
8 3 0.227550
8 4 0.999707
8 5 0.999963
8 6 0.999707
8 7 1.000000
8 8 0.000000
8 9 0.999897
8 10 0.999479
8 11 0.268234
8 12 0.999995
8 13 0.873404
8 14 0.655709
8 15 0.999999
8 16 0.042353
8 17 0.035762
8 18 0.997073
8 19 0.999935
8 20 0.899866
8 21 0.999999
8 22 1.000000
8 23 0.999985
8 24 0.019299
8 25 0.999942
8 26 0.999949
8 27 0.999985
8 28 0.999554
8 29 0.011782
8 30 0.997073
8 31 0.108547
8 32 1.000000
8 33 0.005177
8 34 0.999995
8 35 1.000000
8 36 0.999913
8 37 0.999997
8 38 0.986015
8 39 0.999987
8 40 0.999998
8 41 0.999907
8 42 0.992983
8 43 0.999948
8 44 1.000000
8 45 0.999997
8 46 0.976826
8 47 0.999991
8 48 0.987559
8 49 0.999835
8 50 0.999218
8 51 0.051779
8 52 0.998902
8 53 0.986898
8 54 0.994451
8 55 0.998436
8 56 0.999998
8 57 0.999382
8 58 0.999961
8 59 0.999971
8 60 0.999120
8 61 0.999994
8 62 0.999060
8 63 0.011782
8 64 0.812062
8 65 1.000000
8 66 0.014763
8 67 0.999648
8 68 0.999948
8 69 0.069412
8 70 0.268234
8 71 0.985073
8 72 0.800669
8 73 1.000000
8 74 0.999814
8 75 0.999999
8 76 1.000000
8 77 0.011782
8 78 0.029925
8 79 0.999965
8 80 0.999670
8 81 0.005177
8 82 0.999993
8 83 0.002681
8 84 0.999996
8 85 0.999794
8 86 0.999876
8 87 0.998536
8 88 0.997915
8 89 1.000000
8 90 0.991246
8 91 0.011782
8 92 0.002681
8 93 0.019299
8 94 1.000000
8 95 0.040565
8 96 1.000000
8 97 0.999963
8 98 0.999998
8 99 0.999073
9 0 0.731785
9 1 0.999258
9 2 0.999971
9 3 0.909313
9 4 0.998021
9 5 1.000000
9 6 0.791203
9 7 0.999560
9 8 0.999897
9 9 0.000000
9 10 0.998610
9 11 0.998516
9 12 0.996833
9 13 0.071949
9 14 0.999985
9 15 0.999951
9 16 0.984491
9 17 0.990780
9 18 0.999814
9 19 1.000000
9 20 0.121504
9 21 0.999863
9 22 0.999652
9 23 0.997073
9 24 0.999739
9 25 0.573990
9 26 0.991689
9 27 0.391878
9 28 0.998436
9 29 0.999999
9 30 0.999988
9 31 0.999984
9 32 0.999853
9 33 0.999986
9 34 0.999505
9 35 0.172989
9 36 0.011782
9 37 0.988345
9 38 0.999999
9 39 0.901145
9 40 0.999974
9 41 0.999974
9 42 0.998971
9 43 0.999974
9 44 0.798244
9 45 0.051779
9 46 0.051779
9 47 0.999582
9 48 1.000000
9 49 0.993760
9 50 0.999991
9 51 0.138922
9 52 0.999835
9 53 0.972594
9 54 0.999999
9 55 0.999948
9 56 0.998610
9 57 0.999902
9 58 0.999994
9 59 0.988934
9 60 1.000000
9 61 0.995836
9 62 0.999982
9 63 0.728674
9 64 0.993760
9 65 0.108547
9 66 0.999634
9 67 0.999896
9 68 0.690668
9 69 1.000000
9 70 0.994732
9 71 1.000000
9 72 1.000000
9 73 0.999999
9 74 0.042353
9 75 0.999998
9 76 0.011782
9 77 0.999997
9 78 0.999994
9 79 0.999890
9 80 1.000000
9 81 0.984490
9 82 0.999629
9 83 0.999768
9 84 0.991127
9 85 1.000000
9 86 0.999721
9 87 0.999990
9 88 0.999978
9 89 0.999951
9 90 0.999999
9 91 0.998353
9 92 0.999876
9 93 0.999964
9 94 0.014763
9 95 0.495294
9 96 0.999931
9 97 0.999981
9 98 0.131589
9 99 0.993077
10 0 0.997804
10 1 0.999992
10 2 0.999997
10 3 0.035762
10 4 0.999876
10 5 0.999963
10 6 0.018287
10 7 0.999959
10 8 0.999479
10 9 0.998610
10 10 0.000000
10 11 0.995379
10 12 0.999382
10 13 0.999995
10 14 1.000000
10 15 0.011782
10 16 0.035762
10 17 1.000000
10 18 0.005177
10 19 0.997994
10 20 0.998680
10 21 0.006763
10 22 0.999999
10 23 0.999990
10 24 0.999961
10 25 0.995316
10 26 0.996708
10 27 0.011782
10 28 0.999807
10 29 0.002681
10 30 0.994451
10 31 0.873403
10 32 0.996485
10 33 0.999863
10 34 0.999768
10 35 0.999983
10 36 1.000000
10 37 0.999923
10 38 0.999382
10 39 0.998827
10 40 0.999998
10 41 0.999994
10 42 0.998680
10 43 1.000000
10 44 0.999707
10 45 0.011782
10 46 1.000000
10 47 0.999991
10 48 0.022408
10 49 0.999987
10 50 0.991246
10 51 0.970761
10 52 0.999891
10 53 0.992609
10 54 0.999995
10 55 0.999996
10 56 0.019299
10 57 1.000000
10 58 0.999999
10 59 0.005177
10 60 0.999995
10 61 0.999995
10 62 0.998436
10 63 0.999976
10 64 0.999989
10 65 0.999995
10 66 0.003622
10 67 1.000000
10 68 0.999996
10 69 0.996532
10 70 0.135231
10 71 0.993760
10 72 0.997222
10 73 0.999826
10 74 0.999802
10 75 0.999629
10 76 0.240658
10 77 0.227550
10 78 0.999505
10 79 0.606413
10 80 0.286770
10 81 0.798244
10 82 0.998747
10 83 1.000000
10 84 0.329464
10 85 1.000000
10 86 0.999176
10 87 0.999995
10 88 0.997916
10 89 0.999907
10 90 0.622014
10 91 0.996663
10 92 0.999959
10 93 0.991800
10 94 0.999609
10 95 0.996047
10 96 0.998681
10 97 0.014763
10 98 0.999996
10 99 0.999987
11 0 0.019299
11 1 1.000000
11 2 0.999512
11 3 0.011782
11 4 0.999752
11 5 0.986721
11 6 0.999991
11 7 0.999670
11 8 0.268234
11 9 0.998516
11 10 0.995379
11 11 0.000000
11 12 0.998330
11 13 0.999946
11 14 0.970761
11 15 0.999073
11 16 0.019299
11 17 0.994803
11 18 0.999990
11 19 0.915921
11 20 0.999999
11 21 0.979096
11 22 0.999687
11 23 0.189109
11 24 0.000372
11 25 0.999340
11 26 0.005177
11 27 0.959174
11 28 0.999768
11 29 0.999804
11 30 0.988934
11 31 0.189109
11 32 1.000000
11 33 0.991800
11 34 0.980411
11 35 0.965441
11 36 0.999999
11 37 0.999938
11 38 0.002681
11 39 0.999853
11 40 0.999998
11 41 0.936253
11 42 0.999791
11 43 0.999340
11 44 0.999780
11 45 0.999978
11 46 0.880950
11 47 0.999791
11 48 0.999927
11 49 1.000000
11 50 0.999992
11 51 0.999780
11 52 0.999998
11 53 0.949286
11 54 0.999917
11 55 0.998887
11 56 1.000000
11 57 1.000000
11 58 0.999998
11 59 0.984490
11 60 0.995379
11 61 0.996437
11 62 0.999983
11 63 0.071949
11 64 0.999995
11 65 0.999999
11 66 0.051779
11 67 0.999999
11 68 0.019299
11 69 1.000000
11 70 0.135231
11 71 0.999061
11 72 0.999993
11 73 0.999954
11 74 0.999992
11 75 0.982569
11 76 0.999935
11 77 1.000000
11 78 0.999978
11 79 0.999938
11 80 0.071949
11 81 0.992609
11 82 0.051779
11 83 0.999998
11 84 0.042353
11 85 0.999413
11 86 0.999987
11 87 0.305549
11 88 0.999479
11 89 0.999976
11 90 0.051779
11 91 0.999629
11 92 1.000000
11 93 0.999991
11 94 0.999918
11 95 0.998415
11 96 0.998147
11 97 0.005177
11 98 0.090388
11 99 0.984490
12 0 0.999978
12 1 0.999995
12 2 0.999870
12 3 0.999783
12 4 0.998241
12 5 0.006763
12 6 0.999983
12 7 1.000000
12 8 0.999995
12 9 0.996833
12 10 0.999382
12 11 0.998330
12 12 0.000000
12 13 0.999956
12 14 1.000000
12 15 0.999999
12 16 0.999972
12 17 0.999853
12 18 0.999942
12 19 0.999935
12 20 0.999629
12 21 0.999988
12 22 0.999891
12 23 0.999999
12 24 0.005177
12 25 0.998415
12 26 0.999992
12 27 0.999582
12 28 0.071949
12 29 0.998241
12 30 0.453650
12 31 0.990780
12 32 0.999997
12 33 1.000000
12 34 1.000000
12 35 0.999963
12 36 1.000000
12 37 0.245316
12 38 0.999942
12 39 0.997687
12 40 0.999703
12 41 0.362752
12 42 0.999826
12 43 0.372722
12 44 0.999505
12 45 0.029925
12 46 0.035762
12 47 0.999979
12 48 1.000000
12 49 0.069412
12 50 0.999979
12 51 0.997398
12 52 0.998811
12 53 0.999913
12 54 0.728674
12 55 1.000000
12 56 0.994076
12 57 0.999986
12 58 0.019299
12 59 0.973617
12 60 0.019299
12 61 0.999582
12 62 0.019299
12 63 0.894801
12 64 0.999765
12 65 0.990655
12 66 0.590401
12 67 0.999996
12 68 0.999722
12 69 0.138922
12 70 0.958628
12 71 0.999992
12 72 0.999999
12 73 0.812062
12 74 0.882455
12 75 0.999919
12 76 0.998536
12 77 0.999739
12 78 0.998147
12 79 0.011782
12 80 0.329464
12 81 0.999609
12 82 0.626001
12 83 0.999987
12 84 0.019299
12 85 1.000000
12 86 0.999780
12 87 0.998748
12 88 1.000000
12 89 0.991576
12 90 1.000000
12 91 0.029925
12 92 0.005177
12 93 0.999382
12 94 0.019299
12 95 0.005177
12 96 0.005177
12 97 0.096388
12 98 0.999994
12 99 0.955885
13 0 0.981397
13 1 0.999965
13 2 0.809759
13 3 0.999946
13 4 0.429955
13 5 0.999073
13 6 0.999985
13 7 0.998957
13 8 0.873404
13 9 0.071949
13 10 0.999995
13 11 0.999946
13 12 0.999956
13 13 0.000000
13 14 1.000000
13 15 0.776070
13 16 0.991246
13 17 0.093360
13 18 0.999984
13 19 0.035762
13 20 0.019299
13 21 0.999974
13 22 0.999691
13 23 0.996485
13 24 0.999999
13 25 0.999990
13 26 0.876570
13 27 0.138922
13 28 0.994155
13 29 0.992983
13 30 1.000000
13 31 0.324511
13 32 0.999986
13 33 1.000000
13 34 0.999931
13 35 0.995133
13 36 0.999994
13 37 0.999997
13 38 0.138922
13 39 0.999998
13 40 0.999999
13 41 0.999998
13 42 0.846427
13 43 0.999956
13 44 0.999652
13 45 0.997222
13 46 0.994451
13 47 0.999991
13 48 0.997222
13 49 0.999996
13 50 0.989493
13 51 0.035762
13 52 0.999478
13 53 0.999794
13 54 0.019299
13 55 0.910477
13 56 0.999913
13 57 0.319567
13 58 0.019299
13 59 0.999985
13 60 1.000000
13 61 0.999917
13 62 0.999582
13 63 0.999979
13 64 1.000000
13 65 0.993427
13 66 0.922921
13 67 0.051779
13 68 0.172989
13 69 0.999614
13 70 1.000000
13 71 0.997888
13 72 0.999609
13 73 0.998957
13 74 0.997259
13 75 0.999923
13 76 0.999998
13 77 0.999999
13 78 0.999998
13 79 0.996708
13 80 0.051779
13 81 0.997363
13 82 0.999768
13 83 0.999967
13 84 0.999934
13 85 0.019299
13 86 0.011782
13 87 0.999187
13 88 0.999985
13 89 0.999992
13 90 0.999835
13 91 0.999996
13 92 0.967167
13 93 0.999999
13 94 0.998957
13 95 0.998957
13 96 0.999305
13 97 0.791203
13 98 0.998748
13 99 0.998331
14 0 0.999629
14 1 0.999967
14 2 0.999922
14 3 1.000000
14 4 0.999582
14 5 0.999951
14 6 0.999996
14 7 0.999987
14 8 0.655709
14 9 0.999985
14 10 1.000000
14 11 0.970761
14 12 1.000000
14 13 1.000000
14 14 0.000000
14 15 0.999999
14 16 0.999969
14 17 1.000000
14 18 0.003622
14 19 0.999997
14 20 0.914824
14 21 0.999165
14 22 0.791202
14 23 0.005177
14 24 0.997184
14 25 0.999835
14 26 0.999218
14 27 0.999120
14 28 0.410971
14 29 0.992508
14 30 1.000000
14 31 0.999999
14 32 0.999999
14 33 0.999990
14 34 0.904700
14 35 0.999984
14 36 0.999530
14 37 0.999443
14 38 0.655709
14 39 0.042353
14 40 0.910477
14 41 1.000000
14 42 0.023583
14 43 0.999996
14 44 0.999982
14 45 0.019299
14 46 0.999999
14 47 0.999985
14 48 0.999963
14 49 0.999998
14 50 0.999969
14 51 1.000000
14 52 0.999895
14 53 0.999999
14 54 0.999999
14 55 0.035762
14 56 0.999977
14 57 0.999967
14 58 0.999966
14 59 0.991127
14 60 1.000000
14 61 0.153568
14 62 0.005177
14 63 0.189109
14 64 0.999883
14 65 0.999908
14 66 0.999956
14 67 0.999945
14 68 0.008716
14 69 0.201407
14 70 0.874996
14 71 0.005177
14 72 0.731785
14 73 0.999988
14 74 0.999938
14 75 1.000000
14 76 0.042353
14 77 0.002681
14 78 0.990157
14 79 0.999996
14 80 0.051779
14 81 0.999176
14 82 0.999998
14 83 0.138922
14 84 0.999994
14 85 0.997363
14 86 0.999314
14 87 0.915921
14 88 0.019299
14 89 0.999258
14 90 0.999999
14 91 0.999985
14 92 0.999986
14 93 0.040565
14 94 0.011782
14 95 0.268234
14 96 0.999691
14 97 1.000000
14 98 0.006763
14 99 0.954189
15 0 0.999961
15 1 0.348574
15 2 0.999989
15 3 0.999993
15 4 0.999505
15 5 0.911627
15 6 0.961206
15 7 0.966727
15 8 0.999999
15 9 0.999951
15 10 0.011782
15 11 0.999073
15 12 0.999999
15 13 0.776070
15 14 0.999999
15 15 0.000000
15 16 0.049729
15 17 0.999942
15 18 0.888076
15 19 0.019299
15 20 0.999443
15 21 0.999918
15 22 0.999975
15 23 0.999863
15 24 0.999930
15 25 0.343597
15 26 1.000000
15 27 0.991127
15 28 0.011782
15 29 0.245316
15 30 0.999609
15 31 0.005177
15 32 0.995613
15 33 0.982333
15 34 0.731785
15 35 1.000000
15 36 0.999999
15 37 0.860512
15 38 0.029925
15 39 0.996875
15 40 0.305549
15 41 0.999837
15 42 0.005177
15 43 0.927638
15 44 0.999990
15 45 1.000000
15 46 0.042353
15 47 0.998515
15 48 0.999340
15 49 0.996298
15 50 0.565302
15 51 0.999218
15 52 0.999923
15 53 0.757621
15 54 0.836902
15 55 0.999999
15 56 0.999982
15 57 0.992109
15 58 0.999999
15 59 0.999765
15 60 0.924902
15 61 0.999956
15 62 0.997774
15 63 0.999504
15 64 0.999963
15 65 0.999999
15 66 0.071949
15 67 0.999994
15 68 0.997887
15 69 0.999780
15 70 0.999413
15 71 0.999990
15 72 0.406014
15 73 0.973617
15 74 0.999609
15 75 0.138922
15 76 0.035762
15 77 0.999305
15 78 0.999826
15 79 0.999997
15 80 0.997398
15 81 0.999902
15 82 0.999971
15 83 1.000000
15 84 0.071949
15 85 0.999845
15 86 1.000000
15 87 0.995316
15 88 0.999998
15 89 1.000000
15 90 0.999997
15 91 0.069412
15 92 0.994999
15 93 0.999998
15 94 0.999218
15 95 0.999998
15 96 0.999582
15 97 0.999086
15 98 0.999945
15 99 0.014763
16 0 0.959174
16 1 0.019299
16 2 0.999987
16 3 1.000000
16 4 0.999998
16 5 1.000000
16 6 0.999990
16 7 0.029925
16 8 0.042353
16 9 0.984491
16 10 0.035762
16 11 0.019299
16 12 0.999972
16 13 0.991246
16 14 0.999969
16 15 0.049729
16 16 0.000000
16 17 0.995836
16 18 0.999997
16 19 0.019299
16 20 0.716439
16 21 0.999974
16 22 0.999935
16 23 0.999023
16 24 0.999998
16 25 0.019299
16 26 0.994803
16 27 1.000000
16 28 0.999891
16 29 0.993338
16 30 0.999996
16 31 0.997034
16 32 0.987390
16 33 0.999999
16 34 0.997655
16 35 0.108547
16 36 0.999996
16 37 0.002681
16 38 0.138922
16 39 0.999942
16 40 0.999999
16 41 0.994451
16 42 0.305549
16 43 0.973617
16 44 1.000000
16 45 0.999991
16 46 0.999990
16 47 0.108547
16 48 0.999947
16 49 0.999998
16 50 0.999927
16 51 1.000000
16 52 0.999853
16 53 0.910477
16 54 0.998241
16 55 0.999990
16 56 0.530966
16 57 0.329464
16 58 0.014763
16 59 0.999010
16 60 0.002681
16 61 0.999948
16 62 0.999996
16 63 0.997623
16 64 0.999930
16 65 0.740480
16 66 0.245316
16 67 0.999961
16 68 0.991689
16 69 0.975273
16 70 1.000000
16 71 0.998957
16 72 0.999995
16 73 0.983447
16 74 0.999958
16 75 0.999917
16 76 0.932960
16 77 0.999305
16 78 0.999945
16 79 0.999976
16 80 0.993338
16 81 0.999814
16 82 0.999999
16 83 0.999970
16 84 0.851783
16 85 0.999991
16 86 0.998698
16 87 0.999349
16 88 0.029925
16 89 0.999972
16 90 0.997497
16 91 0.997363
16 92 0.060180
16 93 0.999917
16 94 0.999998
16 95 0.999443
16 96 0.999657
16 97 0.999752
16 98 0.108547
16 99 0.019299
17 0 0.999954
17 1 0.999999
17 2 0.999999
17 3 0.999992
17 4 0.999768
17 5 0.998593
17 6 0.999996
17 7 0.051779
17 8 0.035762
17 9 0.990780
17 10 1.000000
17 11 0.994803
17 12 0.999853
17 13 0.093360
17 14 1.000000
17 15 0.999942
17 16 0.995836
17 17 0.000000
17 18 0.999948
17 19 0.998764
17 20 0.999648
17 21 0.994732
17 22 0.999967
17 23 0.999941
17 24 0.945222
17 25 0.001794
17 26 0.998436
17 27 0.999530
17 28 0.954189
17 29 0.999998
17 30 0.999959
17 31 0.999258
17 32 0.888076
17 33 0.999931
17 34 0.999670
17 35 0.006317
17 36 0.082237
17 37 0.982569
17 38 0.999752
17 39 0.836903
17 40 1.000000
17 41 0.999989
17 42 0.999999
17 43 0.999994
17 44 0.082237
17 45 0.999999
17 46 0.999997
17 47 0.981397
17 48 1.000000
17 49 0.999739
17 50 0.019299
17 51 0.626001
17 52 0.999982
17 53 1.000000
17 54 0.999413
17 55 0.757621
17 56 1.000000
17 57 0.108547
17 58 0.999479
17 59 0.999941
17 60 0.999997
17 61 0.999990
17 62 0.997774
17 63 1.000000
17 64 0.552765
17 65 0.999991
17 66 0.999907
17 67 0.019299
17 68 0.999997
17 69 0.997530
17 70 0.023583
17 71 0.967167
17 72 0.268234
17 73 0.999560
17 74 0.997073
17 75 0.999990
17 76 0.924902
17 77 0.999967
17 78 0.999382
17 79 0.999072
17 80 0.999994
17 81 0.979096
17 82 0.999995
17 83 0.029925
17 84 0.997655
17 85 0.029925
17 86 0.029925
17 87 0.999995
17 88 0.998827
17 89 0.853624
17 90 0.005177
17 91 0.999999
17 92 0.996100
17 93 0.992609
17 94 0.999703
17 95 1.000000
17 96 0.999980
17 97 0.899866
17 98 1.000000
17 99 0.108547
18 0 0.999560
18 1 0.882454
18 2 0.992609
18 3 0.999981
18 4 0.943131
18 5 0.999969
18 6 0.853624
18 7 0.953579
18 8 0.997073
18 9 0.999814
18 10 0.005177
18 11 0.999990
18 12 0.999942
18 13 0.999984
18 14 0.003622
18 15 0.888076
18 16 0.999997
18 17 0.999948
18 18 0.000000
18 19 1.000000
18 20 0.999634
18 21 0.999983
18 22 0.999967
18 23 0.980411
18 24 1.000000
18 25 0.108547
18 26 0.999967
18 27 0.997034
18 28 0.343596
18 29 0.999999
18 30 0.011782
18 31 0.999998
18 32 0.999919
18 33 0.069412
18 34 0.286770
18 35 0.972226
18 36 0.999794
18 37 0.931183
18 38 0.996664
18 39 0.005177
18 40 0.998827
18 41 0.973967
18 42 0.999609
18 43 0.999990
18 44 0.999649
18 45 0.999876
18 46 0.999670
18 47 0.227550
18 48 1.000000
18 49 0.999582
18 50 0.586172
18 51 0.999835
18 52 0.999996
18 53 0.999907
18 54 0.999648
18 55 0.999990
18 56 0.998048
18 57 0.956464
18 58 0.995067
18 59 0.071949
18 60 0.999997
18 61 1.000000
18 62 0.999997
18 63 0.999835
18 64 0.999560
18 65 0.513285
18 66 0.778725
18 67 0.999999
18 68 0.963140
18 69 0.999560
18 70 0.051779
18 71 0.011782
18 72 0.995836
18 73 0.999984
18 74 0.999258
18 75 1.000000
18 76 0.999505
18 77 0.990024
18 78 0.973968
18 79 0.999999
18 80 0.999670
18 81 0.999765
18 82 0.999998
18 83 0.027175
18 84 0.011782
18 85 0.999629
18 86 0.999884
18 87 0.005177
18 88 0.992610
18 89 0.999739
18 90 0.963627
18 91 0.999994
18 92 0.999999
18 93 0.999975
18 94 0.999902
18 95 1.000000
18 96 0.999707
18 97 0.011782
18 98 1.000000
18 99 0.999997
19 0 1.000000
19 1 0.998610
19 2 0.565305
19 3 0.003622
19 4 0.999886
19 5 0.004818
19 6 0.999207
19 7 0.999999
19 8 0.999935
19 9 1.000000
19 10 0.997994
19 11 0.915921
19 12 0.999935
19 13 0.035762
19 14 0.999997
19 15 0.019299
19 16 0.019299
19 17 0.998764
19 18 1.000000
19 19 0.000000
19 20 0.999961
19 21 0.986202
19 22 0.999010
19 23 0.999977
19 24 0.019299
19 25 0.999670
19 26 0.999884
19 27 0.999166
19 28 0.999739
19 29 0.035762
19 30 0.999938
19 31 0.999999
19 32 0.937778
19 33 0.999999
19 34 0.995892
19 35 0.999804
19 36 0.999999
19 37 0.999907
19 38 0.997774
19 39 0.573990
19 40 0.999999
19 41 1.000000
19 42 0.051779
19 43 0.998021
19 44 0.999998
19 45 0.999998
19 46 0.999984
19 47 1.000000
19 48 0.172989
19 49 0.999984
19 50 0.851783
19 51 0.999999
19 52 0.042353
19 53 0.227550
19 54 0.138922
19 55 0.997656
19 56 0.999999
19 57 0.999995
19 58 0.999999
19 59 0.999998
19 60 0.999999
19 61 0.999907
19 62 0.637193
19 63 0.999972
19 64 0.999853
19 65 0.996708
19 66 1.000000
19 67 0.999218
19 68 0.999722
19 69 0.981397
19 70 0.999996
19 71 0.999997
19 72 0.189109
19 73 0.999990
19 74 0.999999
19 75 0.781351
19 76 0.999996
19 77 0.005177
19 78 0.788679
19 79 0.999845
19 80 0.999995
19 81 0.999824
19 82 0.626001
19 83 0.987559
19 84 0.977990
19 85 0.999560
19 86 0.014763
19 87 0.071949
19 88 0.205798
19 89 0.005177
19 90 0.329464
19 91 0.108547
19 92 0.019299
19 93 0.000372
19 94 0.096388
19 95 0.993675
19 96 0.999120
19 97 0.716439
19 98 0.029925
19 99 0.999992
20 0 0.999979
20 1 0.530966
20 2 0.998698
20 3 0.189109
20 4 0.979096
20 5 0.743482
20 6 1.000000
20 7 0.999998
20 8 0.899866
20 9 0.121504
20 10 0.998680
20 11 0.999999
20 12 0.999629
20 13 0.019299
20 14 0.914824
20 15 0.999443
20 16 0.716439
20 17 0.999648
20 18 0.999634
20 19 0.999961
20 20 0.000000
20 21 0.999165
20 22 0.999505
20 23 0.014763
20 24 0.948613
20 25 0.920015
20 26 0.999985
20 27 0.023583
20 28 0.999978
20 29 0.999999
20 30 0.999995
20 31 0.998957
20 32 1.000000
20 33 0.051779
20 34 0.954189
20 35 0.011782
20 36 0.999999
20 37 0.999999
20 38 0.999634
20 39 0.029925
20 40 1.000000
20 41 0.999995
20 42 0.999997
20 43 0.999994
20 44 0.999993
20 45 0.999258
20 46 0.999845
20 47 0.788679
20 48 0.005177
20 49 0.999938
20 50 0.028526
20 51 0.999998
20 52 0.051779
20 53 0.994076
20 54 0.999985
20 55 1.000000
20 56 0.978813
20 57 0.999999
20 58 1.000000
20 59 0.999999
20 60 0.999930
20 61 1.000000
20 62 1.000000
20 63 0.999996
20 64 0.994999
20 65 0.034173
20 66 0.071949
20 67 0.999941
20 68 0.035762
20 69 0.999974
20 70 0.999985
20 71 0.268234
20 72 0.999996
20 73 0.999652
20 74 0.071949
20 75 0.998827
20 76 0.999922
20 77 0.245316
20 78 0.005177
20 79 0.003622
20 80 0.029925
20 81 0.023583
20 82 0.005177
20 83 0.999896
20 84 0.904700
20 85 0.999982
20 86 0.999739
20 87 0.999853
20 88 0.953579
20 89 0.996485
20 90 0.999588
20 91 1.000000
20 92 0.060180
20 93 1.000000
20 94 0.005177
20 95 0.999010
20 96 0.999843
20 97 0.991688
20 98 0.999999
20 99 0.999997
21 0 0.999876
21 1 1.000000
21 2 0.994999
21 3 0.945222
21 4 0.999996
21 5 0.999999
21 6 0.993077
21 7 0.999884
21 8 0.999999
21 9 0.999863
21 10 0.006763
21 11 0.979096
21 12 0.999988
21 13 0.999974
21 14 0.999165
21 15 0.999918
21 16 0.999974
21 17 0.994732
21 18 0.999983
21 19 0.986202
21 20 0.999165
21 21 0.000000
21 22 0.999961
21 23 0.998353
21 24 0.999374
21 25 0.990024
21 26 1.000000
21 27 0.999863
21 28 0.999998
21 29 0.999999
21 30 0.999994
21 31 0.135231
21 32 0.999218
21 33 0.999985
21 34 0.003622
21 35 1.000000
21 36 0.999988
21 37 0.828969
21 38 0.002681
21 39 0.051779
21 40 0.687190
21 41 0.029925
21 42 0.999969
21 43 0.998591
21 44 0.051779
21 45 0.071949
21 46 0.996047
21 47 0.999629
21 48 1.000000
21 49 0.999914
21 50 0.985073
21 51 0.998436
21 52 0.999996
21 53 0.999995
21 54 1.000000
21 55 0.757621
21 56 0.996297
21 57 0.071949
21 58 0.999120
21 59 0.999804
21 60 1.000000
21 61 0.998680
21 62 0.263461
21 63 0.071949
21 64 0.011782
21 65 0.974313
21 66 0.999536
21 67 0.263461
21 68 0.999999
21 69 0.997916
21 70 0.448784
21 71 0.999999
21 72 0.029925
21 73 0.945222
21 74 0.908134
21 75 0.999794
21 76 0.999989
21 77 0.943131
21 78 0.999907
21 79 0.999994
21 80 0.999739
21 81 0.999995
21 82 0.999999
21 83 0.992983
21 84 0.029925
21 85 0.967167
21 86 0.951798
21 87 0.999997
21 88 0.874997
21 89 0.999963
21 90 0.999999
21 91 0.988345
21 92 0.999982
21 93 0.673535
21 94 0.999965
21 95 0.999997
21 96 0.999995
21 97 0.999120
21 98 0.999996
21 99 0.999978
22 0 0.999725
22 1 0.996298
22 2 1.000000
22 3 1.000000
22 4 0.818483
22 5 0.998843
22 6 0.986015
22 7 0.994234
22 8 1.000000
22 9 0.999652
22 10 0.999999
22 11 0.999687
22 12 0.999891
22 13 0.999691
22 14 0.791202
22 15 0.999975
22 16 0.999935
22 17 0.999967
22 18 0.999967
22 19 0.999010
22 20 0.999505
22 21 0.999961
22 22 0.000000
22 23 0.999902
22 24 0.999981
22 25 0.999995
22 26 0.999725
22 27 0.999999
22 28 0.023583
22 29 0.051779
22 30 0.999999
22 31 0.999993
22 32 0.999998
22 33 0.998764
22 34 0.995067
22 35 0.999451
22 36 0.999999
22 37 0.999934
22 38 0.992609
22 39 0.981397
22 40 0.999983
22 41 0.995613
22 42 0.853624
22 43 0.999938
22 44 0.999917
22 45 0.941615
22 46 0.999950
22 47 0.286770
22 48 0.999609
22 49 0.993338
22 50 0.023583
22 51 0.999945
22 52 0.999674
22 53 0.983447
22 54 0.999963
22 55 0.998241
22 56 0.988934
22 57 0.999999
22 58 0.999948
22 59 0.999725
22 60 0.990157
22 61 0.014763
22 62 0.951157
22 63 0.998744
22 64 0.999707
22 65 0.999998
22 66 0.035762
22 67 0.999930
22 68 0.961206
22 69 0.992109
22 70 0.035762
22 71 0.999995
22 72 0.999648
22 73 0.999826
22 74 0.999990
22 75 0.999999
22 76 0.990655
22 77 0.999992
22 78 1.000000
22 79 0.999992
22 80 0.999691
22 81 0.984490
22 82 0.035762
22 83 0.999999
22 84 0.999722
22 85 0.998902
22 86 0.995316
22 87 0.999994
22 88 0.999998
22 89 1.000000
22 90 0.985469
22 91 1.000000
22 92 0.999974
22 93 0.998353
22 94 0.999998
22 95 0.999791
22 96 0.999963
22 97 0.305549
22 98 0.999956
22 99 0.947930
23 0 0.999979
23 1 0.999634
23 2 1.000000
23 3 0.035762
23 4 0.999956
23 5 0.800669
23 6 0.999884
23 7 0.999948
23 8 0.999985
23 9 0.997073
23 10 0.999990
23 11 0.189109
23 12 0.999999
23 13 0.996485
23 14 0.005177
23 15 0.999863
23 16 0.999023
23 17 0.999941
23 18 0.980411
23 19 0.999977
23 20 0.014763
23 21 0.998353
23 22 0.999902
23 23 0.000000
23 24 0.999961
23 25 0.980147
23 26 0.954189
23 27 0.006763
23 28 0.999997
23 29 0.019299
23 30 0.999998
23 31 0.999992
23 32 0.994376
23 33 1.000000
23 34 1.000000
23 35 0.999896
23 36 1.000000
23 37 0.956464
23 38 0.999995
23 39 0.999951
23 40 0.999967
23 41 0.988345
23 42 0.997916
23 43 0.965899
23 44 0.281925
23 45 0.035762
23 46 0.995672
23 47 0.999997
23 48 0.999998
23 49 0.002681
23 50 1.000000
23 51 0.999999
23 52 0.999687
23 53 0.999876
23 54 0.999994
23 55 0.999987
23 56 0.996664
23 57 0.996247
23 58 0.999990
23 59 0.973967
23 60 0.425037
23 61 0.910477
23 62 0.999974
23 63 1.000000
23 64 0.999295
23 65 0.999722
23 66 0.999971
23 67 0.367737
23 68 0.999994
23 69 0.999998
23 70 0.999944
23 71 0.999913
23 72 0.999985
23 73 0.999998
23 74 1.000000
23 75 0.999165
23 76 0.999990
23 77 1.000000
23 78 0.846427
23 79 0.999997
23 80 0.999826
23 81 0.999853
23 82 0.999991
23 83 0.996875
23 84 0.006763
23 85 0.999994
23 86 0.999907
23 87 0.953579
23 88 0.227550
23 89 0.189109
23 90 0.453650
23 91 0.979374
23 92 0.999897
23 93 0.998843
23 94 0.999930
23 95 0.082237
23 96 0.999992
23 97 0.923918
23 98 0.472229
23 99 0.028526
24 0 1.000000
24 1 0.367737
24 2 0.998747
24 3 0.999997
24 4 0.535509
24 5 0.999998
24 6 1.000000
24 7 0.998610
24 8 0.019299
24 9 0.999739
24 10 0.999961
24 11 0.000372
24 12 0.005177
24 13 0.999999
24 14 0.997184
24 15 0.999930
24 16 0.999998
24 17 0.945222
24 18 1.000000
24 19 0.019299
24 20 0.948613
24 21 0.999374
24 22 0.999981
24 23 0.999961
24 24 0.000000
24 25 0.812062
24 26 0.994076
24 27 1.000000
24 28 0.108547
24 29 0.999999
24 30 0.997327
24 31 1.000000
24 32 0.999983
24 33 0.999882
24 34 0.999930
24 35 0.002681
24 36 0.029925
24 37 0.997363
24 38 0.996298
24 39 0.939390
24 40 0.999917
24 41 0.999977
24 42 0.999863
24 43 0.998680
24 44 0.998887
24 45 0.071949
24 46 0.999999
24 47 0.573990
24 48 0.005177
24 49 0.999939
24 50 0.961207
24 51 0.965441
24 52 1.000000
24 53 0.999443
24 54 0.011782
24 55 0.999907
24 56 0.999999
24 57 0.005177
24 58 0.958629
24 59 0.999999
24 60 0.121504
24 61 0.999305
24 62 0.999978
24 63 0.999942
24 64 0.996875
24 65 0.998591
24 66 1.000000
24 67 1.000000
24 68 0.820692
24 69 0.999349
24 70 1.000000
24 71 0.029925
24 72 0.029925
24 73 0.998591
24 74 0.999976
24 75 0.999996
24 76 0.999999
24 77 0.000372
24 78 0.035762
24 79 0.994076
24 80 0.552765
24 81 0.223000
24 82 0.960687
24 83 0.610510
24 84 0.999995
24 85 0.362752
24 86 0.071949
24 87 0.998122
24 88 0.998811
24 89 0.999870
24 90 0.985272
24 91 0.998436
24 92 0.019299
24 93 0.862254
24 94 0.999443
24 95 0.999725
24 96 0.986898
24 97 1.000000
24 98 0.960688
24 99 0.999817
25 0 0.999780
25 1 0.999566
25 2 0.888076
25 3 0.999554
25 4 0.011782
25 5 0.023583
25 6 1.000000
25 7 0.999994
25 8 0.999942
25 9 0.573990
25 10 0.995316
25 11 0.999340
25 12 0.998415
25 13 0.999990
25 14 0.999835
25 15 0.343597
25 16 0.019299
25 17 0.001794
25 18 0.108547
25 19 0.999670
25 20 0.920015
25 21 0.990024
25 22 0.999995
25 23 0.980147
25 24 0.812062
25 25 0.000000
25 26 0.928576
25 27 0.999999
25 28 0.060180
25 29 0.011782
25 30 0.999994
25 31 0.999997
25 32 0.999945
25 33 0.999996
25 34 0.329464
25 35 0.999998
25 36 0.381924
25 37 0.932077
25 38 0.991246
25 39 0.011782
25 40 0.999505
25 41 0.999413
25 42 0.999983
25 43 0.138922
25 44 0.998436
25 45 0.006763
25 46 0.999853
25 47 0.999959
25 48 0.019299
25 49 0.999997
25 50 0.999582
25 51 1.000000
25 52 0.029925
25 53 0.999176
25 54 0.637193
25 55 0.999912
25 56 0.060180
25 57 0.006763
25 58 0.002681
25 59 0.999976
25 60 0.999999
25 61 1.000000
25 62 0.999853
25 63 0.023583
25 64 0.999998
25 65 0.999176
25 66 0.999257
25 67 0.999999
25 68 0.999994
25 69 0.999999
25 70 0.019299
25 71 0.005177
25 72 0.999609
25 73 0.999942
25 74 0.999853
25 75 0.006763
25 76 0.005177
25 77 0.999987
25 78 0.999826
25 79 0.035762
25 80 0.999987
25 81 0.029925
25 82 0.991689
25 83 0.999998
25 84 0.999948
25 85 0.069412
25 86 0.999999
25 87 1.000000
25 88 1.000000
25 89 0.011782
25 90 0.490567
25 91 1.000000
25 92 0.999843
25 93 0.999988
25 94 0.999982
25 95 0.997496
25 96 0.999687
25 97 0.999961
25 98 0.920015
25 99 0.999999
26 0 0.999942
26 1 0.999997
26 2 0.860512
26 3 0.999647
26 4 0.909313
26 5 0.998021
26 6 0.513285
26 7 0.999997
26 8 0.999949
26 9 0.991689
26 10 0.996708
26 11 0.005177
26 12 0.999992
26 13 0.876570
26 14 0.999218
26 15 1.000000
26 16 0.994803
26 17 0.998436
26 18 0.999967
26 19 0.999884
26 20 0.999985
26 21 1.000000
26 22 0.999725
26 23 0.954189
26 24 0.994076
26 25 0.928576
26 26 0.000000
26 27 0.754757
26 28 0.999945
26 29 0.005177
26 30 0.998217
26 31 0.982333
26 32 0.996047
26 33 0.990655
26 34 0.999987
26 35 0.138922
26 36 0.999726
26 37 0.999999
26 38 0.999990
26 39 0.108547
26 40 0.942377
26 41 0.305549
26 42 0.329464
26 43 0.999835
26 44 0.329464
26 45 0.981645
26 46 1.000000
26 47 0.998747
26 48 0.999835
26 49 0.999998
26 50 0.999984
26 51 1.000000
26 52 0.994803
26 53 0.005177
26 54 0.997530
26 55 0.999975
26 56 0.999990
26 57 0.093360
26 58 0.999992
26 59 0.995316
26 60 0.060180
26 61 0.999954
26 62 0.019299
26 63 0.999972
26 64 0.999994
26 65 0.999976
26 66 0.800669
26 67 0.035762
26 68 0.994376
26 69 0.513285
26 70 0.035762
26 71 0.999999
26 72 0.999258
26 73 0.986015
26 74 1.000000
26 75 0.945939
26 76 0.999937
26 77 0.999560
26 78 0.999977
26 79 0.042353
26 80 0.999993
26 81 0.999340
26 82 0.993077
26 83 0.002681
26 84 0.999992
26 85 1.000000
26 86 0.999629
26 87 0.019299
26 88 0.348574
26 89 0.999951
26 90 0.754758
26 91 0.972225
26 92 0.999783
26 93 0.999707
26 94 0.281925
26 95 0.999995
26 96 0.999999
26 97 0.999921
26 98 0.051779
26 99 0.961206
27 0 0.999938
27 1 0.999948
27 2 0.995316
27 3 0.999963
27 4 0.999935
27 5 0.998680
27 6 0.023583
27 7 0.999582
27 8 0.999985
27 9 0.391878
27 10 0.011782
27 11 0.959174
27 12 0.999582
27 13 0.138922
27 14 0.999120
27 15 0.991127
27 16 1.000000
27 17 0.999530
27 18 0.997034
27 19 0.999166
27 20 0.023583
27 21 0.999863
27 22 0.999999
27 23 0.006763
27 24 1.000000
27 25 0.999999
27 26 0.754757
27 27 0.000000
27 28 0.448784
27 29 0.990157
27 30 0.999024
27 31 0.997944
27 32 0.961206
27 33 0.882454
27 34 0.997655
27 35 0.996047
27 36 1.000000
27 37 0.999930
27 38 0.006763
27 39 0.023583
27 40 0.011782
27 41 0.999413
27 42 0.999907
27 43 0.996047
27 44 0.082237
27 45 0.019299
27 46 0.153568
27 47 1.000000
27 48 0.999999
27 49 0.973615
27 50 1.000000
27 51 0.999961
