0 0 0.000000
0 1 0.999998
0 2 0.011782
0 3 0.999999
0 4 0.999986
0 5 0.999991
0 6 0.999609
0 7 0.923918
0 8 0.999999
0 9 0.936253
0 10 0.999707
0 11 0.019299
0 12 1.000000
0 13 0.993338
0 14 0.999978
0 15 0.999889
0 16 0.999725
0 17 0.999996
0 18 0.999993
0 19 1.000000
0 20 0.999998
0 21 0.999971
0 22 0.999951
0 23 0.999997
0 24 1.000000
0 25 0.999997
0 26 0.999982
0 27 0.999999
0 28 0.999372
0 29 0.904700
0 30 0.999945
0 31 1.000000
0 32 0.967167
0 33 1.000000
0 34 0.999997
0 35 0.999998
0 36 0.999992
0 37 1.000000
0 38 0.999996
0 39 0.082237
0 40 0.998747
0 41 0.999999
0 42 0.610510
0 43 1.000000
0 44 0.999365
0 45 0.999999
0 46 0.999950
0 47 0.868768
0 48 0.882454
0 49 0.999923
0 50 0.002681
0 51 0.998610
0 52 0.999896
0 53 0.999992
0 54 0.971852
0 55 0.093360
0 56 0.998887
0 57 0.995066
0 58 0.011782
0 59 1.000000
0 60 0.011782
0 61 0.973617
0 62 0.999999
0 63 0.410971
0 64 0.880950
0 65 0.023583
0 66 0.999717
0 67 0.029925
0 68 0.991461
0 69 0.999997
0 70 0.999995
0 71 0.999963
0 72 0.999996
0 73 0.999912
0 74 0.996485
0 75 0.999954
0 76 0.002681
0 77 0.999951
0 78 0.999804
0 79 0.998172
0 80 0.999959
0 81 0.079482
0 82 0.999882
0 83 0.023583
0 84 0.999993
0 85 0.999956
0 86 1.000000
0 87 0.990655
0 88 0.011782
0 89 0.999999
0 90 0.018287
0 91 0.051779
0 92 0.999998
0 93 0.999560
0 94 0.997774
0 95 0.999997
0 96 0.999999
0 97 0.000372
0 98 0.372722
0 99 0.108547
1 0 0.999998
1 1 0.000000
1 2 0.999505
1 3 0.990289
1 4 0.999987
1 5 0.999703
1 6 1.000000
1 7 0.002681
1 8 0.999999
1 9 0.999471
1 10 0.999992
1 11 1.000000
1 12 0.999998
1 13 0.999991
1 14 0.999930
1 15 0.093360
1 16 0.019299
1 17 1.000000
1 18 0.975273
1 19 0.999629
1 20 0.118059
1 21 1.000000
1 22 0.999739
1 23 0.999670
1 24 0.923918
1 25 0.999931
1 26 1.000000
1 27 0.999998
1 28 0.999945
1 29 0.999999
1 30 0.999999
1 31 0.286770
1 32 0.042353
1 33 0.999999
1 34 0.981146
1 35 0.999977
1 36 0.023583
1 37 0.967602
1 38 1.000000
1 39 0.995066
1 40 0.011782
1 41 0.019299
1 42 0.983223
1 43 0.999814
1 44 0.970368
1 45 0.999993
1 46 1.000000
1 47 0.999998
1 48 0.060180
1 49 0.743482
1 50 0.999890
1 51 0.994299
1 52 0.998610
1 53 0.999984
1 54 0.997222
1 55 1.000000
1 56 0.975273
1 57 0.928576
1 58 0.945222
1 59 0.999853
1 60 0.003622
1 61 0.992983
1 62 0.999994
1 63 1.000000
1 64 0.011782
1 65 0.999998
1 66 0.922921
1 67 0.673535
1 68 0.201407
1 69 1.000000
1 70 0.999999
1 71 0.999999
1 72 0.105308
1 73 0.999999
1 74 1.000000
1 75 0.018287
1 76 0.999996
1 77 0.999993
1 78 0.999984
1 79 0.967167
1 80 0.999996
1 81 0.029925
1 82 0.569659
1 83 0.999990
1 84 0.999944
1 85 1.000000
1 86 0.002681
1 87 0.485826
1 88 0.995779
1 89 1.000000
1 90 0.999670
1 91 0.999998
1 92 0.999853
1 93 0.999997
1 94 0.999876
1 95 0.980411
1 96 0.999752
1 97 0.999739
1 98 0.051779
1 99 1.000000
2 0 0.011782
2 1 0.999505
2 2 0.000000
2 3 0.999989
2 4 1.000000
2 5 0.135231
2 6 0.999963
2 7 0.999999
2 8 0.999889
2 9 0.999990
2 10 1.000000
2 11 0.999768
2 12 0.999974
2 13 0.548313
2 14 0.999963
2 15 0.999965
2 16 0.999999
2 17 1.000000
2 18 0.999609
2 19 0.145866
2 20 0.999817
2 21 0.999888
2 22 1.000000
2 23 1.000000
2 24 0.999824
2 25 0.996485
2 26 0.986720
2 27 0.998122
2 28 1.000000
2 29 0.999998
2 30 1.000000
2 31 0.791203
2 32 0.999890
2 33 0.999780
2 34 0.999999
2 35 0.999944
2 36 0.002681
2 37 0.999998
2 38 0.990528
2 39 0.998610
2 40 0.816252
2 41 0.998330
2 42 1.000000
2 43 0.569659
2 44 0.820692
2 45 0.999972
2 46 0.999824
2 47 0.999991
2 48 1.000000
2 49 1.000000
2 50 0.019299
2 51 0.096388
2 52 0.011782
2 53 0.999976
2 54 1.000000
2 55 0.999884
2 56 0.999560
2 57 1.000000
2 58 0.999984
2 59 0.999804
2 60 1.000000
2 61 0.990528
2 62 0.984490
2 63 0.019299
2 64 0.348574
2 65 0.999833
2 66 0.189109
2 67 0.798244
2 68 0.999990
2 69 0.011782
2 70 1.000000
2 71 0.999972
2 72 0.998591
2 73 0.999972
2 74 1.000000
2 75 1.000000
2 76 0.999983
2 77 0.999721
2 78 0.999861
2 79 0.999883
2 80 0.999938
2 81 0.999956
2 82 0.999996
2 83 0.999991
2 84 0.999687
2 85 0.999794
2 86 1.000000
2 87 0.980672
2 88 0.997073
2 89 0.023583
2 90 1.000000
2 91 0.999995
2 92 0.999956
2 93 1.000000
2 94 0.999989
2 95 0.999999
2 96 0.999999
2 97 0.999992
2 98 0.999218
2 99 0.999999
3 0 0.999999
3 1 0.990289
3 2 0.999989
3 3 0.000000
3 4 1.000000
3 5 0.999997
3 6 0.999996
3 7 0.999992
3 8 0.573990
3 9 0.737453
3 10 0.035762
3 11 0.011782
3 12 0.999980
3 13 0.999997
3 14 1.000000
3 15 0.999999
3 16 1.000000
3 17 0.999999
3 18 0.999974
3 19 0.003622
3 20 0.082237
3 21 0.999010
3 22 1.000000
3 23 0.035762
3 24 0.999997
3 25 0.999661
3 26 0.999777
3 27 0.999971
3 28 0.998241
3 29 1.000000
3 30 0.060180
3 31 0.988187
3 32 0.005177
3 33 0.999998
3 34 0.999768
3 35 1.000000
3 36 0.978283
3 37 1.000000
3 38 0.999851
3 39 0.999471
3 40 0.998436
3 41 0.999843
3 42 0.003622
3 43 0.999629
3 44 0.998591
3 45 0.999935
3 46 0.997034
3 47 0.999896
3 48 1.000000
3 49 1.000000
3 50 0.999861
3 51 0.999165
3 52 0.019299
3 53 0.999881
3 54 0.999996
3 55 0.999687
3 56 1.000000
3 57 1.000000
3 58 0.999010
3 59 0.838911
3 60 0.999998
3 61 0.999989
3 62 0.060180
3 63 0.999963
3 64 0.999997
3 65 0.014763
3 66 0.999530
3 67 0.751865
3 68 0.999967
3 69 0.472229
3 70 0.029925
3 71 0.999992
3 72 0.999996
3 73 0.999340
3 74 0.687189
3 75 0.987390
3 76 0.999995
3 77 0.999999
3 78 1.000000
3 79 0.999992
3 80 0.997363
3 81 0.762833
3 82 0.995252
3 83 0.002681
3 84 0.999998
3 85 0.005177
3 86 1.000000
3 87 1.000000
3 88 1.000000
3 89 0.999977
3 90 0.066931
3 91 1.000000
3 92 0.999864
3 93 0.999258
3 94 0.999722
3 95 0.999849
3 96 0.002681
3 97 0.999971
3 98 1.000000
3 99 1.000000
4 0 0.999986
4 1 0.999987
4 2 1.000000
4 3 1.000000
4 4 0.000000
4 5 1.000000
4 6 0.999961
4 7 0.999990
4 8 0.999992
4 9 0.999934
4 10 0.999944
4 11 0.995252
4 12 0.999629
4 13 0.942378
4 14 0.999851
4 15 0.999996
4 16 1.000000
4 17 0.999998
4 18 0.981645
4 19 0.999837
4 20 0.999961
4 21 1.000000
4 22 0.909313
4 23 0.999972
4 24 0.915921
4 25 0.011782
4 26 0.886639
4 27 1.000000
4 28 1.000000
4 29 0.999913
4 30 0.999999
4 31 0.998353
4 32 0.826851
4 33 0.999876
4 34 0.999560
4 35 0.999996
4 36 0.998330
4 37 0.999073
4 38 0.999965
4 39 0.936253
4 40 1.000000
4 41 0.713187
4 42 0.999997
4 43 0.999998
4 44 1.000000
4 45 1.000000
4 46 1.000000
4 47 0.697012
4 48 0.999974
4 49 0.999749
4 50 0.999923
4 51 0.105308
4 52 0.999931
4 53 0.999498
4 54 0.687190
4 55 0.999969
4 56 0.999996
4 57 0.999998
4 58 1.000000
4 59 1.000000
4 60 0.453650
4 61 0.999997
4 62 0.999999
4 63 0.019299
4 64 0.999753
4 65 0.263461
4 66 1.000000
4 67 1.000000
4 68 0.990528
4 69 1.000000
4 70 0.071949
4 71 0.019299
4 72 0.029925
4 73 0.999994
4 74 0.999756
4 75 0.060180
4 76 0.999530
4 77 0.029925
4 78 1.000000
4 79 1.000000
4 80 1.000000
4 81 1.000000
4 82 0.999961
4 83 0.005177
4 84 0.889496
4 85 0.999749
4 86 0.082237
4 87 0.996875
4 88 0.999984
4 89 0.826851
4 90 0.999972
4 91 0.999997
4 92 0.042353
4 93 1.000000
4 94 0.999207
4 95 0.997034
4 96 0.999707
4 97 0.997496
4 98 0.999996
4 99 0.999992
5 0 0.999991
5 1 0.999703
5 2 0.135231
5 3 0.999997
5 4 1.000000
5 5 0.000000
5 6 0.999913
5 7 0.980147
5 8 0.999997
5 9 1.000000
5 10 0.999998
5 11 0.992002
5 12 0.006763
5 13 0.999560
5 14 0.999930
5 15 0.978283
5 16 1.000000
5 17 0.999109
5 18 0.999994
5 19 0.004818
5 20 0.910477
5 21 0.999999
5 22 0.999756
5 23 0.939390
5 24 1.000000
5 25 0.023583
5 26 0.999883
5 27 0.997184
5 28 0.999687
5 29 0.029925
5 30 0.998241
5 31 0.999961
5 32 0.996485
5 33 0.894801
5 34 0.029925
5 35 0.999896
5 36 0.992109
5 37 0.448785
5 38 0.826850
5 39 0.093360
5 40 0.108547
5 41 1.000000
5 42 0.005177
5 43 0.999996
5 44 0.995554
5 45 1.000000
5 46 0.102123
5 47 0.019299
5 48 1.000000
5 49 0.999997
5 50 0.999993
5 51 0.999996
5 52 1.000000
5 53 1.000000
5 54 0.014763
5 55 0.189109
5 56 0.069412
5 57 0.002681
5 58 0.997804
5 59 1.000000
5 60 0.999930
5 61 0.999988
5 62 0.999718
5 63 0.999743
5 64 0.005177
5 65 0.367737
5 66 0.999996
5 67 0.993760
5 68 0.999986
5 69 0.042353
5 70 1.000000
5 71 0.035762
5 72 1.000000
5 73 0.867101
5 74 0.999988
5 75 0.999999
5 76 0.972225
5 77 0.999974
5 78 0.999988
5 79 0.240658
5 80 0.999554
5 81 0.001279
5 82 0.931183
5 83 1.000000
5 84 0.765619
5 85 0.011782
5 86 0.999998
5 87 0.003622
5 88 0.999851
5 89 0.005177
5 90 0.999981
5 91 0.740481
5 92 0.999999
5 93 0.029925
5 94 0.622014
5 95 0.999996
5 96 0.569659
5 97 0.999505
5 98 1.000000
5 99 1.000000
6 0 0.999609
6 1 1.000000
6 2 0.999963
6 3 0.999996
6 4 0.999961
6 5 0.999913
6 6 0.000000
6 7 0.999498
6 8 0.999582
6 9 0.963627
6 10 0.018287
6 11 0.999979
6 12 0.999998
6 13 0.999997
6 14 0.999998
6 15 0.844504
6 16 0.999999
6 17 0.999998
6 18 0.807431
6 19 0.999984
6 20 1.000000
6 21 0.999176
6 22 0.991576
6 23 0.999814
6 24 1.000000
6 25 1.000000
6 26 0.754757
6 27 0.023583
6 28 1.000000
6 29 0.998902
6 30 1.000000
6 31 0.999258
6 32 0.999999
6 33 0.023583
6 34 0.996789
6 35 0.999896
6 36 0.019299
6 37 0.996298
6 38 0.985272
6 39 1.000000
6 40 0.999999
6 41 0.999295
6 42 1.000000
6 43 0.006763
6 44 0.909313
6 45 0.999993
6 46 0.999995
6 47 0.999777
6 48 1.000000
6 49 1.000000
6 50 0.999768
6 51 0.999907
6 52 0.573990
6 53 0.005177
6 54 0.999954
6 55 0.999999
6 56 0.999907
6 57 0.999969
6 58 0.019299
6 59 0.051779
6 60 0.999959
6 61 0.997530
6 62 1.000000
6 63 0.999874
6 64 0.999982
6 65 0.990655
6 66 0.135231
6 67 0.991461
6 68 0.082237
6 69 0.999999
6 70 0.999980
6 71 0.999991
6 72 0.005177
6 73 0.999996
6 74 0.999978
6 75 1.000000
6 76 0.000139
6 77 0.700406
6 78 0.992508
6 79 0.999876
6 80 0.999999
6 81 0.999991
6 82 0.999996
6 83 1.000000
6 84 1.000000
6 85 1.000000
6 86 0.005177
6 87 0.999972
6 88 0.915921
6 89 0.014763
6 90 0.990157
6 91 0.998887
6 92 0.999996
6 93 0.060180
6 94 0.997496
6 95 0.999768
6 96 0.669913
6 97 0.999996
6 98 0.999999
6 99 0.005177
7 0 0.923918
7 1 0.002681
7 2 0.999999
7 3 0.999992
7 4 0.999990
7 5 0.980147
7 6 0.999498
7 7 0.000000
7 8 1.000000
7 9 0.999791
7 10 0.999999
7 11 0.999992
7 12 1.000000
7 13 0.999907
7 14 0.999995
7 15 0.994661
7 16 0.029925
7 17 0.051779
7 18 0.992508
7 19 1.000000
7 20 0.999998
7 21 0.999996
7 22 0.999964
7 23 0.999811
7 24 0.999994
7 25 1.000000
7 26 0.999999
7 27 0.999989
7 28 0.008716
7 29 0.999998
7 30 0.999985
7 31 0.999912
7 32 0.893445
7 33 0.999999
7 34 0.999718
7 35 0.999374
7 36 0.999984
7 37 0.011782
7 38 0.005177
7 39 0.002681
7 40 1.000000
7 41 1.000000
7 42 0.999981
7 43 0.958076
7 44 0.108547
7 45 0.999165
7 46 0.999996
7 47 0.999479
7 48 1.000000
7 49 0.999998
7 50 0.999980
7 51 1.000000
7 52 0.998591
7 53 0.999963
7 54 0.999967
7 55 0.023583
7 56 0.999998
7 57 0.867102
7 58 0.002681
7 59 1.000000
7 60 0.005177
7 61 0.999530
7 62 0.051779
7 63 0.999990
7 64 0.999996
7 65 0.999853
7 66 0.999132
7 67 0.999992
7 68 0.999980
7 69 1.000000
7 70 0.641070
7 71 0.999944
7 72 0.999996
7 73 0.999972
7 74 0.035762
7 75 0.999883
7 76 0.999971
7 77 0.999992
7 78 0.999609
7 79 0.997034
7 80 0.999999
7 81 0.999912
7 82 0.002681
7 83 0.999990
7 84 0.993844
7 85 0.997184
7 86 0.999979
7 87 0.035762
7 88 0.999258
7 89 0.999768
7 90 0.006763
7 91 0.999814
7 92 0.999995
7 93 0.011782
7 94 0.999999
7 95 0.999524
7 96 0.998516
7 97 0.998436
7 98 1.000000
7 99 0.997774
8 0 0.999999
8 1 0.999999
8 2 0.999889
8 3 0.573990
8 4 0.999992
8 5 0.999997
8 6 0.999582
8 7 1.000000
8 8 0.000000
8 9 0.999988
8 10 0.999983
8 11 0.372722
8 12 0.999999
8 13 0.937778
8 14 0.622014
8 15 1.000000
8 16 0.042353
8 17 0.006763
8 18 0.998827
8 19 0.999986
8 20 0.914824
8 21 1.000000
8 22 1.000000
8 23 0.999951
8 24 0.002681
8 25 0.999985
8 26 0.999997
8 27 0.999999
8 28 0.999990
8 29 0.011782
8 30 0.999931
8 31 0.035762
8 32 1.000000
8 33 0.005177
8 34 0.999994
8 35 1.000000
8 36 0.999986
8 37 1.000000
8 38 0.960688
8 39 0.999997
8 40 0.999999
8 41 0.999989
8 42 0.996247
8 43 0.999938
8 44 1.000000
8 45 0.999998
8 46 0.997530
8 47 0.999998
8 48 0.993338
8 49 0.999843
8 50 1.000000
8 51 0.901145
8 52 0.998957
8 53 0.983446
8 54 0.998241
8 55 0.999983
8 56 1.000000
8 57 0.999988
8 58 0.999929
8 59 0.999999
8 60 0.999883
8 61 0.999989
8 62 0.999405
8 63 0.011782
8 64 0.999486
8 65 1.000000
8 66 0.014763
8 67 0.999749
8 68 0.999988
8 69 0.069412
8 70 0.757621
8 71 0.990528
8 72 0.948613
8 73 0.999999
8 74 0.999824
8 75 0.999999
8 76 1.000000
8 77 0.011782
8 78 0.029925
8 79 0.999997
8 80 0.999999
8 81 0.005177
8 82 0.999999
8 83 0.002681
8 84 1.000000
8 85 0.999993
8 86 0.999972
8 87 0.999305
8 88 0.999954
8 89 1.000000
8 90 0.996875
8 91 0.011782
8 92 0.002681
8 93 0.019299
8 94 1.000000
8 95 0.201407
8 96 1.000000
8 97 0.999993
8 98 0.999990
8 99 0.999560
9 0 0.936253
9 1 0.999471
9 2 0.999990
9 3 0.737453
9 4 0.999934
9 5 1.000000
9 6 0.963627
9 7 0.999791
9 8 0.999988
9 9 0.000000
9 10 0.999870
9 11 0.999722
9 12 0.999108
9 13 0.071949
9 14 0.999996
9 15 0.999994
9 16 0.935413
9 17 0.961206
9 18 0.999868
9 19 1.000000
9 20 0.263461
9 21 0.999999
9 22 0.999998
9 23 0.999478
9 24 0.999918
9 25 0.305549
9 26 0.999959
9 27 0.951799
9 28 0.999165
9 29 0.999998
9 30 0.999996
9 31 0.999930
9 32 0.999930
9 33 0.999977
9 34 0.999765
9 35 0.071949
9 36 0.011782
9 37 0.999536
9 38 1.000000
9 39 0.862254
9 40 1.000000
9 41 0.999944
9 42 0.999634
9 43 0.999993
9 44 0.968808
9 45 0.051779
9 46 0.011782
9 47 0.999926
9 48 1.000000
9 49 0.990024
9 50 0.999993
9 51 0.610510
9 52 0.999901
9 53 0.998536
9 54 1.000000
9 55 0.999722
9 56 0.999990
9 57 0.999814
9 58 1.000000
9 59 0.994732
9 60 1.000000
9 61 0.999979
9 62 0.999999
9 63 0.945222
9 64 0.999505
9 65 0.035762
9 66 0.999935
9 67 0.999576
9 68 0.812062
9 69 1.000000
9 70 0.999861
9 71 1.000000
9 72 1.000000
9 73 0.999999
9 74 0.008716
9 75 0.999999
9 76 0.011782
9 77 1.000000
9 78 1.000000
9 79 0.999985
9 80 1.000000
9 81 0.996875
9 82 0.999944
9 83 0.999998
9 84 0.997623
9 85 1.000000
9 86 0.999777
9 87 0.999999
9 88 0.999938
9 89 0.999999
9 90 1.000000
9 91 0.999870
9 92 0.999999
9 93 0.999999
9 94 0.014763
9 95 0.894801
9 96 0.999976
9 97 0.999999
9 98 0.994076
9 99 0.990157
10 0 0.999707
10 1 0.999992
10 2 1.000000
10 3 0.035762
10 4 0.999944
10 5 0.999998
10 6 0.018287
10 7 0.999999
10 8 0.999983
10 9 0.999870
10 10 0.000000
10 11 0.985272
10 12 0.999978
10 13 0.999984
10 14 1.000000
10 15 0.011782
10 16 0.006763
10 17 1.000000
10 18 0.005177
10 19 0.999940
10 20 0.999443
10 21 0.006763
10 22 0.999999
10 23 0.999996
10 24 0.999977
10 25 0.999843
10 26 0.989493
10 27 0.011782
10 28 0.999990
10 29 0.002681
10 30 0.999010
10 31 0.560919
10 32 0.999896
10 33 0.999998
10 34 0.998681
10 35 0.999988
10 36 1.000000
10 37 0.999976
10 38 0.999890
10 39 0.999443
10 40 0.999999
10 41 0.999997
10 42 0.998747
10 43 1.000000
10 44 0.999814
10 45 0.011782
10 46 1.000000
10 47 1.000000
10 48 0.003354
10 49 1.000000
10 50 0.999652
10 51 0.984281
10 52 0.999989
10 53 0.997034
10 54 1.000000
10 55 0.999999
10 56 0.019299
10 57 1.000000
10 58 0.999996
10 59 0.005177
10 60 1.000000
10 61 0.999998
10 62 0.999780
10 63 0.999961
10 64 0.999998
10 65 1.000000
10 66 0.003622
10 67 1.000000
10 68 0.999999
10 69 0.999908
10 70 0.836903
10 71 0.993338
10 72 0.994732
10 73 0.999505
10 74 0.999749
10 75 0.999648
10 76 0.118059
10 77 0.477022
10 78 0.999405
10 79 0.788678
10 80 0.626001
10 81 0.898571
10 82 0.999624
10 83 1.000000
10 84 0.791202
10 85 1.000000
10 86 0.999938
10 87 0.999987
10 88 0.998021
10 89 0.999934
10 90 0.860512
10 91 0.999978
10 92 0.999989
10 93 0.995613
10 94 0.999752
10 95 0.998591
10 96 0.998415
10 97 0.014763
10 98 0.999963
10 99 1.000000
11 0 0.019299
11 1 1.000000
11 2 0.999768
11 3 0.011782
11 4 0.995252
11 5 0.992002
11 6 0.999979
11 7 0.999992
11 8 0.372722
11 9 0.999722
11 10 0.985272
11 11 0.000000
11 12 0.998217
11 13 0.999967
11 14 0.995316
11 15 0.999609
11 16 0.019299
11 17 0.999382
11 18 0.999999
11 19 0.997398
11 20 1.000000
11 21 0.977693
11 22 0.999736
11 23 0.060180
11 24 0.000372
11 25 0.999824
11 26 0.005177
11 27 0.999768
11 28 0.999997
11 29 0.999997
11 30 0.994732
11 31 0.023583
11 32 1.000000
11 33 0.999634
11 34 0.991689
11 35 0.983446
11 36 1.000000
11 37 0.999934
11 38 0.002681
11 39 0.999883
11 40 1.000000
11 41 0.945939
11 42 0.999981
11 43 0.999987
11 44 0.999994
11 45 0.999977
11 46 0.762834
11 47 0.999994
11 48 0.999912
11 49 1.000000
11 50 0.999999
11 51 0.998943
11 52 1.000000
11 53 0.959174
11 54 0.999978
11 55 0.999983
11 56 1.000000
11 57 1.000000
11 58 1.000000
11 59 0.999634
11 60 0.999974
11 61 0.999940
11 62 0.999998
11 63 0.372722
11 64 0.999998
11 65 0.999999
11 66 0.911627
11 67 0.999999
11 68 0.019299
11 69 1.000000
11 70 0.135231
11 71 0.994661
11 72 0.999911
11 73 0.999994
11 74 0.999997
11 75 0.983447
11 76 0.999998
11 77 1.000000
11 78 0.999984
11 79 0.999999
11 80 0.227550
11 81 0.999978
11 82 0.011782
11 83 1.000000
11 84 0.042353
11 85 0.999961
11 86 1.000000
11 87 0.910477
11 88 0.999963
11 89 0.999996
11 90 0.051779
11 91 0.999987
11 92 1.000000
11 93 1.000000
11 94 0.999956
11 95 0.999812
11 96 0.999165
11 97 0.005177
11 98 0.004480
11 99 0.997916
12 0 1.000000
12 1 0.999998
12 2 0.999974
12 3 0.999980
12 4 0.999629
12 5 0.006763
12 6 0.999998
12 7 1.000000
12 8 0.999999
12 9 0.999108
12 10 0.999978
12 11 0.998217
12 12 0.000000
12 13 0.999986
12 14 1.000000
12 15 0.999999
12 16 0.999961
12 17 0.999995
12 18 0.999995
12 19 0.999996
12 20 0.999777
12 21 0.999998
12 22 0.999981
12 23 0.999999
12 24 0.005177
12 25 0.999524
12 26 0.999999
12 27 0.999972
12 28 0.071949
12 29 0.999965
12 30 0.969221
12 31 0.997804
12 32 1.000000
12 33 1.000000
12 34 1.000000
12 35 0.999999
12 36 1.000000
12 37 0.205798
12 38 0.999976
12 39 0.999073
12 40 0.999950
12 41 0.565302
12 42 0.999999
12 43 0.626001
12 44 0.999901
12 45 0.029925
12 46 0.659444
12 47 0.999991
12 48 1.000000
12 49 0.263461
12 50 0.999994
12 51 0.999951
12 52 0.977392
12 53 0.999998
12 54 0.798244
12 55 1.000000
12 56 0.999471
12 57 0.999997
12 58 0.019299
12 59 0.892072
12 60 0.019299
12 61 0.998997
12 62 0.019299
12 63 0.914824
12 64 1.000000
12 65 0.999843
12 66 0.743482
12 67 0.999998
12 68 0.999972
12 69 0.051779
12 70 0.970368
12 71 0.999995
12 72 0.999999
12 73 0.453650
12 74 0.622014
12 75 0.999990
12 76 0.999884
12 77 0.995780
12 78 0.999629
12 79 0.011782
12 80 0.812062
12 81 0.999736
12 82 0.991800
12 83 0.999954
12 84 0.019299
12 85 1.000000
12 86 0.999647
12 87 0.999958
12 88 0.999999
12 89 0.993995
12 90 1.000000
12 91 0.029925
12 92 0.005177
12 93 0.999670
12 94 0.019299
12 95 0.005177
12 96 0.005177
12 97 0.096388
12 98 1.000000
12 99 0.992002
13 0 0.993338
13 1 0.999991
13 2 0.548313
13 3 0.999997
13 4 0.942378
13 5 0.999560
13 6 0.999997
13 7 0.999907
13 8 0.937778
13 9 0.071949
13 10 0.999984
13 11 0.999967
13 12 0.999986
13 13 0.000000
13 14 1.000000
13 15 0.986720
13 16 0.999479
13 17 0.028526
13 18 0.999862
13 19 0.082237
13 20 0.019299
13 21 0.999992
13 22 0.999120
13 23 0.999917
13 24 1.000000
13 25 1.000000
13 26 0.513285
13 27 0.051779
13 28 0.999560
13 29 0.998330
13 30 1.000000
13 31 0.281925
13 32 0.999994
13 33 1.000000
13 34 0.999505
13 35 0.999807
13 36 0.999994
13 37 0.999996
13 38 0.138922
13 39 0.999996
13 40 1.000000
13 41 1.000000
13 42 0.429955
13 43 0.999990
13 44 0.999982
13 45 0.999505
13 46 0.999835
13 47 0.999997
13 48 0.999010
13 49 1.000000
13 50 0.996663
13 51 0.035762
13 52 0.999988
13 53 0.999739
13 54 0.019299
13 55 0.740480
13 56 0.999999
13 57 0.180652
13 58 0.019299
13 59 1.000000
13 60 1.000000
13 61 0.999999
13 62 0.999944
13 63 1.000000
13 64 1.000000
13 65 0.938590
13 66 0.978814
13 67 0.477022
13 68 0.071949
13 69 0.999966
13 70 1.000000
13 71 0.999944
13 72 0.999987
13 73 0.999165
13 74 0.999817
13 75 0.999996
13 76 1.000000
13 77 0.999999
13 78 1.000000
13 79 0.999804
13 80 0.051779
13 81 0.999648
13 82 0.999999
13 83 0.999931
13 84 0.999977
13 85 0.870414
13 86 0.011782
13 87 0.999931
13 88 0.999994
13 89 0.999960
13 90 0.999912
13 91 0.999985
13 92 0.988784
13 93 0.999996
13 94 0.999010
13 95 0.999443
13 96 0.999629
13 97 0.959174
13 98 0.999802
13 99 0.996995
14 0 0.999978
14 1 0.999930
14 2 0.999963
14 3 1.000000
14 4 0.999851
14 5 0.999930
14 6 0.999998
14 7 0.999995
14 8 0.622014
14 9 0.999996
14 10 1.000000
14 11 0.995316
14 12 1.000000
14 13 1.000000
14 14 0.000000
14 15 1.000000
14 16 0.999736
14 17 1.000000
14 18 0.003622
14 19 1.000000
14 20 0.999609
14 21 0.999736
14 22 0.981645
14 23 0.005177
14 24 0.999802
14 25 0.999975
14 26 0.999995
14 27 0.999722
14 28 0.324511
14 29 0.964510
14 30 1.000000
14 31 1.000000
14 32 1.000000
14 33 0.999999
14 34 0.997655
14 35 0.999997
14 36 0.999999
14 37 0.999901
14 38 0.927638
14 39 0.042353
14 40 0.998147
14 41 1.000000
14 42 0.023583
14 43 0.999999
14 44 0.999997
14 45 0.019299
14 46 1.000000
14 47 0.999999
14 48 1.000000
14 49 0.999999
14 50 0.999971
14 51 1.000000
14 52 0.999997
14 53 0.999997
14 54 1.000000
14 55 0.035762
14 56 0.999964
14 57 0.999994
14 58 0.999995
14 59 0.997184
14 60 1.000000
14 61 0.205798
14 62 0.005177
14 63 0.153568
14 64 0.999999
14 65 0.999890
14 66 0.999988
14 67 0.999851
14 68 0.008716
14 69 0.300647
14 70 0.996047
14 71 0.005177
14 72 0.943131
14 73 0.999999
14 74 0.999994
14 75 1.000000
14 76 0.042353
14 77 0.002681
14 78 0.995316
14 79 0.999999
14 80 0.051779
14 81 0.999984
14 82 1.000000
14 83 0.870414
14 84 0.999999
14 85 0.999471
14 86 0.998353
14 87 0.809758
14 88 0.019299
14 89 0.998811
14 90 1.000000
14 91 1.000000
14 92 1.000000
14 93 0.406015
14 94 0.011782
14 95 0.372722
14 96 0.999991
14 97 1.000000
14 98 0.006763
14 99 0.586172
15 0 0.999889
15 1 0.093360
15 2 0.999965
15 3 0.999999
15 4 0.999996
15 5 0.978283
15 6 0.844504
15 7 0.994661
15 8 1.000000
15 9 0.999994
15 10 0.011782
15 11 0.999609
15 12 0.999999
15 13 0.986720
15 14 1.000000
15 15 0.000000
15 16 0.951157
15 17 0.999930
15 18 0.951157
15 19 0.019299
15 20 0.999985
15 21 0.999825
15 22 1.000000
15 23 0.999927
15 24 0.999975
15 25 0.343597
15 26 1.000000
15 27 0.996437
15 28 0.011782
15 29 0.205798
15 30 0.999983
15 31 0.005177
15 32 0.999652
15 33 0.966727
15 34 0.687190
15 35 1.000000
15 36 1.000000
15 37 0.851783
15 38 0.172989
15 39 0.999983
15 40 0.641070
15 41 0.999897
15 42 0.005177
15 43 0.985073
15 44 0.999999
15 45 1.000000
15 46 0.042353
15 47 0.999802
15 48 0.996832
15 49 0.999967
15 50 0.526399
15 51 0.999896
15 52 0.999990
15 53 0.957037
15 54 0.958629
15 55 0.999999
15 56 0.999999
15 57 0.983223
15 58 0.999989
15 59 0.999776
15 60 0.992215
15 61 1.000000
15 62 0.999703
15 63 0.999206
15 64 0.999997
15 65 1.000000
15 66 0.138922
15 67 0.999999
15 68 0.999247
15 69 0.999868
15 70 0.999373
15 71 0.999993
15 72 0.131588
15 73 0.999912
15 74 0.999687
15 75 0.051779
15 76 0.000556
15 77 0.999443
15 78 0.999972
15 79 0.999998
15 80 0.998147
15 81 0.998413
15 82 1.000000
15 83 0.999999
15 84 0.138922
15 85 0.999979
15 86 0.999998
15 87 0.992508
15 88 1.000000
15 89 1.000000
15 90 0.999993
15 91 0.018287
15 92 0.993675
15 93 1.000000
15 94 0.998748
15 95 1.000000
15 96 0.999963
15 97 0.999817
15 98 0.999997
15 99 0.205798
16 0 0.999725
16 1 0.019299
16 2 0.999999
16 3 1.000000
16 4 1.000000
16 5 1.000000
16 6 0.999999
16 7 0.029925
16 8 0.042353
16 9 0.935413
16 10 0.006763
16 11 0.019299
16 12 0.999961
16 13 0.999479
16 14 0.999736
16 15 0.951157
16 16 0.000000
16 17 0.999951
16 18 1.000000
16 19 0.019299
16 20 0.914824
16 21 1.000000
16 22 0.999835
16 23 0.999691
16 24 1.000000
16 25 0.019299
16 26 0.999948
16 27 1.000000
16 28 0.999994
16 29 0.999963
16 30 0.999993
16 31 0.999843
16 32 0.999875
16 33 1.000000
16 34 0.997887
16 35 0.329464
16 36 1.000000
16 37 0.002681
16 38 0.573990
16 39 0.999997
16 40 1.000000
16 41 0.973617
16 42 0.168897
16 43 0.955884
16 44 1.000000
16 45 1.000000
16 46 1.000000
16 47 0.035762
16 48 1.000000
16 49 1.000000
16 50 0.999998
16 51 1.000000
16 52 0.999994
16 53 0.874996
16 54 0.999948
16 55 0.999998
16 56 0.586172
16 57 0.082237
16 58 0.014763
16 59 0.999948
16 60 0.002681
16 61 1.000000
16 62 0.999997
16 63 0.999987
16 64 0.999934
16 65 0.953579
16 66 0.348574
16 67 0.999917
16 68 0.999505
16 69 0.999969
16 70 1.000000
16 71 0.994076
16 72 0.999996
16 73 0.964978
16 74 0.999998
16 75 0.999941
16 76 0.998971
16 77 0.999629
16 78 0.999971
16 79 0.999980
16 80 0.995779
16 81 0.999883
16 82 1.000000
16 83 0.999929
16 84 0.958076
16 85 0.999992
16 86 0.999971
16 87 0.994732
16 88 0.029925
16 89 0.999996
16 90 0.984068
16 91 0.998747
16 92 0.014763
16 93 0.999991
16 94 0.999998
16 95 0.999405
16 96 0.999959
16 97 0.999888
16 98 0.108547
16 99 0.019299
17 0 0.999996
17 1 1.000000
17 2 1.000000
17 3 0.999999
17 4 0.999998
17 5 0.999109
17 6 0.999998
17 7 0.051779
17 8 0.006763
17 9 0.961206
17 10 1.000000
17 11 0.999382
17 12 0.999995
17 13 0.028526
17 14 1.000000
17 15 0.999930
17 16 0.999951
17 17 0.000000
17 18 0.999999
17 19 0.999505
17 20 0.999995
17 21 0.997624
17 22 0.999997
17 23 0.999958
17 24 0.543834
17 25 0.001794
17 26 0.998021
17 27 0.999499
17 28 0.914824
17 29 0.999999
17 30 0.999997
17 31 0.997623
17 32 0.983447
17 33 0.999999
17 34 0.999983
17 35 0.006317
17 36 0.082237
17 37 0.995836
17 38 0.999648
17 39 0.994732
17 40 1.000000
17 41 0.999999
17 42 0.999999
17 43 0.999997
17 44 0.495294
17 45 1.000000
17 46 0.999999
17 47 0.977693
17 48 0.999999
17 49 0.999995
17 50 0.002681
17 51 0.453650
17 52 0.999999
17 53 1.000000
17 54 0.999996
17 55 0.992708
17 56 1.000000
17 57 0.791203
17 58 0.999938
17 59 0.999999
17 60 0.999999
17 61 0.999996
17 62 0.999405
17 63 1.000000
17 64 0.954189
17 65 0.999999
17 66 0.998495
17 67 0.019299
17 68 0.999994
17 69 0.999305
17 70 0.023583
17 71 0.976514
17 72 0.051779
17 73 0.999883
17 74 0.999073
17 75 0.999971
17 76 0.641070
17 77 0.999993
17 78 0.999976
17 79 0.994995
17 80 0.999996
17 81 0.980147
17 82 1.000000
17 83 0.029925
17 84 0.999861
17 85 0.029925
17 86 0.029925
17 87 0.999926
17 88 0.999165
17 89 0.904700
17 90 0.005177
17 91 1.000000
17 92 0.979096
17 93 0.999258
17 94 0.999965
17 95 1.000000
17 96 1.000000
17 97 0.860512
17 98 1.000000
17 99 0.189109
18 0 0.999993
18 1 0.975273
18 2 0.999609
18 3 0.999974
18 4 0.981645
18 5 0.999994
18 6 0.807431
18 7 0.992508
18 8 0.998827
18 9 0.999868
18 10 0.005177
18 11 0.999999
18 12 0.999995
18 13 0.999862
18 14 0.003622
18 15 0.951157
18 16 1.000000
18 17 0.999999
18 18 0.000000
18 19 1.000000
18 20 0.999990
18 21 0.999999
18 22 0.999981
18 23 0.997916
18 24 1.000000
18 25 0.108547
18 26 0.999988
18 27 0.998943
18 28 0.818482
18 29 1.000000
18 30 0.011782
18 31 1.000000
18 32 0.999923
18 33 0.069412
18 34 0.535509
18 35 0.977693
18 36 0.999853
18 37 0.988784
18 38 0.999963
18 39 0.005177
18 40 0.999258
18 41 0.983447
18 42 0.998331
18 43 0.999996
18 44 0.999997
18 45 0.999944
18 46 0.999824
18 47 0.535509
18 48 0.999999
18 49 0.999749
18 50 0.979096
18 51 0.999060
18 52 0.999997
18 53 0.999989
18 54 0.999833
18 55 1.000000
18 56 0.999961
18 57 0.979096
18 58 0.999902
18 59 0.071949
18 60 0.999999
18 61 1.000000
18 62 1.000000
18 63 0.999868
18 64 0.999722
18 65 0.888076
18 66 0.942378
18 67 1.000000
18 68 0.999505
18 69 0.996665
18 70 0.051779
18 71 0.011782
18 72 0.999876
18 73 0.999996
18 74 0.997623
18 75 1.000000
18 76 0.999990
18 77 0.999295
18 78 0.953579
18 79 1.000000
18 80 0.999967
18 81 0.999888
18 82 0.999991
18 83 0.027175
18 84 0.011782
18 85 0.999736
18 86 0.999995
18 87 0.005177
18 88 0.994734
18 89 0.999876
18 90 0.999512
18 91 1.000000
18 92 1.000000
18 93 0.999987
18 94 0.999995
18 95 1.000000
18 96 0.999992
18 97 0.011782
18 98 1.000000
18 99 1.000000
19 0 1.000000
19 1 0.999629
19 2 0.145866
19 3 0.003622
19 4 0.999837
19 5 0.004818
19 6 0.999984
19 7 1.000000
19 8 0.999986
19 9 1.000000
19 10 0.999940
19 11 0.997398
19 12 0.999996
19 13 0.082237
19 14 1.000000
19 15 0.019299
19 16 0.019299
19 17 0.999505
19 18 1.000000
19 19 0.000000
19 20 0.999997
19 21 0.996298
19 22 0.999843
19 23 0.999958
19 24 0.477022
19 25 0.999996
19 26 0.999988
19 27 0.999868
19 28 0.999954
19 29 0.035762
19 30 0.999985
19 31 1.000000
19 32 0.988631
19 33 1.000000
19 34 0.986898
19 35 0.999985
19 36 1.000000
19 37 0.999967
19 38 0.999833
19 39 0.495294
19 40 0.999999
19 41 1.000000
19 42 0.011782
19 43 0.999965
19 44 0.999999
19 45 0.999931
19 46 0.999998
19 47 1.000000
19 48 0.987073
19 49 0.999977
19 50 0.988027
19 51 1.000000
19 52 0.205798
19 53 0.108547
19 54 0.227550
19 55 0.999938
19 56 1.000000
19 57 1.000000
19 58 1.000000
19 59 1.000000
19 60 1.000000
19 61 0.999963
19 62 0.076783
19 63 0.999998
19 64 0.999802
19 65 0.999443
19 66 1.000000
19 67 0.999985
19 68 0.999498
19 69 0.999861
19 70 0.999999
19 71 1.000000
19 72 0.023583
19 73 1.000000
19 74 0.999998
19 75 0.961718
19 76 0.999999
19 77 0.005177
19 78 0.918969
19 79 0.999907
19 80 0.999998
19 81 0.999921
19 82 0.820692
19 83 0.998021
19 84 0.898572
19 85 0.999896
19 86 0.014763
19 87 0.019299
19 88 0.928576
19 89 0.005177
19 90 0.023583
19 91 0.035762
19 92 0.051779
19 93 0.000372
19 94 0.557193
19 95 0.977392
19 96 0.998591
19 97 0.980411
19 98 0.029925
19 99 1.000000
20 0 0.999998
20 1 0.118059
20 2 0.999817
20 3 0.082237
20 4 0.999961
20 5 0.910477
20 6 1.000000
20 7 0.999998
20 8 0.914824
20 9 0.263461
20 10 0.999443
20 11 1.000000
20 12 0.999777
20 13 0.019299
20 14 0.999609
20 15 0.999985
20 16 0.914824
20 17 0.999995
20 18 0.999990
20 19 0.999997
20 20 0.000000
20 21 0.999934
20 22 0.999912
20 23 0.014763
20 24 0.995836
20 25 0.954189
20 26 0.999998
20 27 0.023583
20 28 0.999912
20 29 0.999999
20 30 1.000000
20 31 0.998747
20 32 1.000000
20 33 0.051779
20 34 0.914824
20 35 0.011782
20 36 0.999999
20 37 1.000000
20 38 0.999505
20 39 0.029925
20 40 1.000000
20 41 0.999997
20 42 1.000000
20 43 0.999987
20 44 0.999999
20 45 0.999998
20 46 0.999959
20 47 0.740481
20 48 0.005177
20 49 0.999934
20 50 0.028526
20 51 1.000000
20 52 0.051779
20 53 0.999722
20 54 0.999989
20 55 1.000000
20 56 0.991462
20 57 1.000000
20 58 1.000000
20 59 1.000000
20 60 0.999997
20 61 1.000000
20 62 1.000000
20 63 0.999999
20 64 0.998495
20 65 0.034173
20 66 0.071949
20 67 0.999974
20 68 0.035762
20 69 0.999997
20 70 0.999998
20 71 0.517913
20 72 0.999996
20 73 0.999983
20 74 0.138922
20 75 0.999165
20 76 0.999986
20 77 0.997398
20 78 0.005177
20 79 0.003622
20 80 0.029925
20 81 0.023583
20 82 0.005177
20 83 0.999997
20 84 0.986720
20 85 0.999995
20 86 0.999997
20 87 0.999703
20 88 0.962646
20 89 0.999736
20 90 0.999988
20 91 1.000000
20 92 0.060180
20 93 0.999999
20 94 0.005177
20 95 0.999851
20 96 0.999999
20 97 0.999752
20 98 1.000000
20 99 0.999999
21 0 0.999971
21 1 1.000000
21 2 0.999888
21 3 0.999010
21 4 1.000000
21 5 0.999999
21 6 0.999176
21 7 0.999996
21 8 1.000000
21 9 0.999999
21 10 0.006763
21 11 0.977693
21 12 0.999998
21 13 0.999992
21 14 0.999736
21 15 0.999825
21 16 1.000000
21 17 0.997624
21 18 0.999999
21 19 0.996298
21 20 0.999934
21 21 0.000000
21 22 0.999991
21 23 0.999845
21 24 0.999812
21 25 0.999436
21 26 1.000000
21 27 0.999987
21 28 1.000000
21 29 0.999999
21 30 0.999999
21 31 0.472230
21 32 0.999974
21 33 0.999988
21 34 0.003622
21 35 1.000000
21 36 0.999999
21 37 0.888076
21 38 0.002681
21 39 0.051779
21 40 0.996298
21 41 0.029925
21 42 0.999988
21 43 0.997994
21 44 0.108547
21 45 0.019299
21 46 0.999930
21 47 0.999996
21 48 1.000000
21 49 0.999999
21 50 0.993247
21 51 0.999010
21 52 0.999995
21 53 0.999993
21 54 1.000000
21 55 0.800669
21 56 0.999902
21 57 0.071949
21 58 0.999791
21 59 0.999972
21 60 1.000000
21 61 0.997184
21 62 0.882454
21 63 0.138922
21 64 0.011782
21 65 0.992215
21 66 0.999340
21 67 0.135231
21 68 1.000000
21 69 0.998021
21 70 0.258710
21 71 1.000000
21 72 0.029925
21 73 0.994999
21 74 0.949849
21 75 0.999505
21 76 1.000000
21 77 0.894801
21 78 0.999990
21 79 1.000000
21 80 0.999977
21 81 0.999999
21 82 1.000000
21 83 0.994999
21 84 0.005177
21 85 0.992109
21 86 0.999024
21 87 1.000000
21 88 0.938590
21 89 0.999999
21 90 1.000000
21 91 0.990157
21 92 1.000000
21 93 0.513285
21 94 0.999997
21 95 1.000000
21 96 0.999999
21 97 0.999987
21 98 1.000000
21 99 0.999997
22 0 0.999951
22 1 0.999739
22 2 1.000000
22 3 1.000000
22 4 0.909313
22 5 0.999756
22 6 0.991576
22 7 0.999964
22 8 1.000000
22 9 0.999998
22 10 0.999999
22 11 0.999736
22 12 0.999981
22 13 0.999120
22 14 0.981645
22 15 1.000000
22 16 0.999835
22 17 0.999997
22 18 0.999981
22 19 0.999843
22 20 0.999912
22 21 0.999991
22 22 0.000000
22 23 0.999882
22 24 0.999999
22 25 0.999989
22 26 0.998241
22 27 0.999999
22 28 0.153568
22 29 0.011782
22 30 1.000000
22 31 1.000000
22 32 0.999999
22 33 0.999967
22 34 0.999853
22 35 0.999588
22 36 0.999999
22 37 0.999953
22 38 0.998241
22 39 0.998021
22 40 0.999944
22 41 0.998827
22 42 0.893445
22 43 0.999925
22 44 0.999207
22 45 0.971852
22 46 1.000000
22 47 0.391878
22 48 0.999722
22 49 0.992508
22 50 0.023583
22 51 0.999999
22 52 0.999609
22 53 0.998681
22 54 0.999999
22 55 0.999060
22 56 0.998827
22 57 1.000000
22 58 1.000000
22 59 0.999997
22 60 0.997655
22 61 0.014763
22 62 0.867102
22 63 0.997989
22 64 0.999977
22 65 1.000000
22 66 0.035762
22 67 0.999851
22 68 0.981397
22 69 0.974940
22 70 0.035762
22 71 0.999996
22 72 0.999624
22 73 0.999999
22 74 0.999997
22 75 1.000000
22 76 0.998122
22 77 0.999998
22 78 1.000000
22 79 0.999994
22 80 0.999972
22 81 0.995066
22 82 0.153568
22 83 1.000000
22 84 0.999934
22 85 0.998681
22 86 0.999948
22 87 1.000000
22 88 0.999998
22 89 1.000000
22 90 0.965441
22 91 1.000000
22 92 0.999995
22 93 0.996486
22 94 1.000000
22 95 0.999851
22 96 0.999992
22 97 0.069412
22 98 0.999999
22 99 0.988784
23 0 0.999997
23 1 0.999670
23 2 1.000000
23 3 0.035762
23 4 0.999972
23 5 0.939390
23 6 0.999814
23 7 0.999811
23 8 0.999951
23 9 0.999478
23 10 0.999996
23 11 0.060180
23 12 0.999999
23 13 0.999917
23 14 0.005177
23 15 0.999927
23 16 0.999691
23 17 0.999958
23 18 0.997916
23 19 0.999958
23 20 0.014763
23 21 0.999845
23 22 0.999882
23 23 0.000000
23 24 0.999991
23 25 0.993675
23 26 0.935413
23 27 0.006763
23 28 1.000000
23 29 0.019299
23 30 1.000000
23 31 0.999911
23 32 0.995493
23 33 0.999999
23 34 1.000000
23 35 0.999777
23 36 1.000000
23 37 0.992983
23 38 1.000000
23 39 0.999983
23 40 1.000000
23 41 0.993760
23 42 0.999969
23 43 0.998781
23 44 0.240658
23 45 0.035762
23 46 0.981645
23 47 0.999998
23 48 0.999999
23 49 0.002681
23 50 1.000000
23 51 1.000000
23 52 0.999916
23 53 0.999983
23 54 0.999984
23 55 0.999997
23 56 0.998997
23 57 0.994661
23 58 0.999995
23 59 0.999707
23 60 0.145868
23 61 0.956464
23 62 0.999982
23 63 1.000000
23 64 0.999888
23 65 0.998218
23 66 0.999982
23 67 0.569659
23 68 1.000000
23 69 0.999997
23 70 0.999987
23 71 0.991574
23 72 0.999979
23 73 1.000000
23 74 1.000000
23 75 0.999604
23 76 0.999999
23 77 1.000000
23 78 0.980411
23 79 1.000000
23 80 0.999917
23 81 0.999992
23 82 0.999978
23 83 0.997496
23 84 0.006763
23 85 1.000000
23 86 0.999963
23 87 0.998591
23 88 0.924902
23 89 0.838911
23 90 0.367737
23 91 0.999073
23 92 0.999967
23 93 0.999863
23 94 0.999749
23 95 0.082237
23 96 0.999999
23 97 0.945222
23 98 0.586172
23 99 0.028526
24 0 1.000000
24 1 0.923918
24 2 0.999824
24 3 0.999997
24 4 0.915921
24 5 1.000000
24 6 1.000000
24 7 0.999994
24 8 0.002681
24 9 0.999918
24 10 0.999977
24 11 0.000372
24 12 0.005177
24 13 1.000000
24 14 0.999802
24 15 0.999975
24 16 1.000000
24 17 0.543834
24 18 1.000000
24 19 0.477022
24 20 0.995836
24 21 0.999812
24 22 0.999999
24 23 0.999991
24 24 0.000000
24 25 0.975602
24 26 0.999471
24 27 1.000000
24 28 0.035762
24 29 1.000000
24 30 0.999153
24 31 1.000000
24 32 0.999992
24 33 0.999984
24 34 0.999999
24 35 0.002681
24 36 0.415919
24 37 0.993675
24 38 0.999935
24 39 0.987559
24 40 0.999926
24 41 0.999989
24 42 0.999998
24 43 0.996247
24 44 0.999980
24 45 0.002681
24 46 1.000000
24 47 0.967602
24 48 0.005177
24 49 0.999826
24 50 0.993760
24 51 0.992609
24 52 1.000000
24 53 0.999703
24 54 0.011782
24 55 0.999998
24 56 0.999999
24 57 0.005177
24 58 0.974940
24 59 1.000000
24 60 0.348574
24 61 0.999982
24 62 0.999999
24 63 0.999994
24 64 0.999752
24 65 0.999986
24 66 1.000000
24 67 1.000000
24 68 0.853624
24 69 0.999725
24 70 1.000000
24 71 0.172989
24 72 0.029925
24 73 0.999554
24 74 0.999932
24 75 1.000000
24 76 1.000000
24 77 0.000372
24 78 0.035762
24 79 0.985825
24 80 0.828969
24 81 0.149692
24 82 0.999207
24 83 0.082237
24 84 0.999999
24 85 0.180652
24 86 0.019299
24 87 0.996993
24 88 0.992406
24 89 1.000000
24 90 0.999902
24 91 0.999814
24 92 0.019299
24 93 0.998265
24 94 0.999736
24 95 0.999505
24 96 0.999913
24 97 1.000000
24 98 0.999207
24 99 0.999971
25 0 0.999997
25 1 0.999931
25 2 0.996485
25 3 0.999661
25 4 0.011782
25 5 0.023583
25 6 1.000000
25 7 1.000000
25 8 0.999985
25 9 0.305549
25 10 0.999843
25 11 0.999824
25 12 0.999524
25 13 1.000000
25 14 0.999975
25 15 0.343597
25 16 0.019299
25 17 0.001794
25 18 0.108547
25 19 0.999996
25 20 0.954189
25 21 0.999436
25 22 0.999989
25 23 0.993675
25 24 0.975602
25 25 0.000000
25 26 0.961206
25 27 0.999996
25 28 0.014763
25 29 0.011782
25 30 1.000000
25 31 0.999999
25 32 0.999883
25 33 0.999999
25 34 0.189109
25 35 0.999998
25 36 0.197055
25 37 0.970761
25 38 0.999978
25 39 0.011782
25 40 0.999901
25 41 0.999971
25 42 0.999996
25 43 0.138922
25 44 0.999505
25 45 0.006763
25 46 0.999996
25 47 0.999995
25 48 0.002681
25 49 0.999998
25 50 0.999967
25 51 1.000000
25 52 0.029925
25 53 0.999967
25 54 0.913714
25 55 0.999992
25 56 0.014763
25 57 0.006763
25 58 0.002681
25 59 0.999996
25 60 0.999998
25 61 1.000000
25 62 0.999930
25 63 0.023583
25 64 1.000000
25 65 0.999996
25 66 0.998414
25 67 1.000000
25 68 0.999958
25 69 1.000000
25 70 0.019299
25 71 0.005177
25 72 0.999945
25 73 0.999995
25 74 0.999930
25 75 0.006763
25 76 0.005177
25 77 0.999972
25 78 0.999990
25 79 0.035762
25 80 0.999973
25 81 0.029925
25 82 0.998887
25 83 0.999999
25 84 0.999999
25 85 0.069412
25 86 0.999998
25 87 1.000000
25 88 1.000000
25 89 0.035762
25 90 0.131588
25 91 1.000000
25 92 0.999992
25 93 0.999996
25 94 0.999999
25 95 0.997994
25 96 0.999972
25 97 0.999998
25 98 0.973967
25 99 1.000000
26 0 0.999982
26 1 1.000000
26 2 0.986720
26 3 0.999777
26 4 0.886639
26 5 0.999883
26 6 0.754757
26 7 0.999999
26 8 0.999997
26 9 0.999959
26 10 0.989493
26 11 0.005177
26 12 0.999999
26 13 0.513285
26 14 0.999995
26 15 1.000000
26 16 0.999948
26 17 0.998021
26 18 0.999988
26 19 0.999988
26 20 0.999998
26 21 1.000000
26 22 0.998241
26 23 0.935413
26 24 0.999471
26 25 0.961206
26 26 0.000000
26 27 0.927638
26 28 0.999961
26 29 0.005177
26 30 0.999995
26 31 0.999956
26 32 0.997887
26 33 0.999791
26 34 0.999998
26 35 0.051779
26 36 0.999986
26 37 1.000000
26 38 0.999990
26 39 0.108547
26 40 0.990655
26 41 0.018287
26 42 0.153568
26 43 0.999994
26 44 0.961718
26 45 0.989633
26 46 1.000000
26 47 0.999604
26 48 0.999956
26 49 0.999998
26 50 1.000000
26 51 1.000000
26 52 0.999908
26 53 0.005177
26 54 0.999951
26 55 1.000000
26 56 1.000000
26 57 0.263461
26 58 0.999997
26 59 0.999258
26 60 0.060180
26 61 0.999967
26 62 0.019299
26 63 0.999997
26 64 0.999999
26 65 0.999990
26 66 0.976826
26 67 0.035762
26 68 0.999247
26 69 0.472229
26 70 0.035762
26 71 1.000000
26 72 0.999967
26 73 0.999987
26 74 1.000000
26 75 0.765619
26 76 0.999998
26 77 0.999987
26 78 0.999999
26 79 0.008716
26 80 1.000000
26 81 0.999582
26 82 0.998764
26 83 0.002681
26 84 0.999999
26 85 1.000000
26 86 0.999987
26 87 0.019299
26 88 0.205798
26 89 0.999997
26 90 0.818483
26 91 0.999582
26 92 0.999913
26 93 0.999995
26 94 0.240658
26 95 0.999999
26 96 1.000000
26 97 0.999988
26 98 0.051779
26 99 0.999218
27 0 0.999999
27 1 0.999998
27 2 0.998122
27 3 0.999971
27 4 1.000000
27 5 0.997184
27 6 0.023583
27 7 0.999989
27 8 0.999999
27 9 0.951799
27 10 0.011782
27 11 0.999768
27 12 0.999972
27 13 0.051779
27 14 0.999722
27 15 0.996437
27 16 1.000000
27 17 0.999499
27 18 0.998943
27 19 0.999868
27 20 0.023583
27 21 0.999987
27 22 0.999999
27 23 0.006763
27 24 1.000000
27 25 0.999996
27 26 0.927638
27 27 0.000000
27 28 0.938589
27 29 0.985072
27 30 0.997363
27 31 0.999919
27 32 0.976514
27 33 0.586172
27 34 0.999061
27 35 0.998747
27 36 1.000000
27 37 0.999916
27 38 0.006763
27 39 0.003622
27 40 0.011782
27 41 0.999988
27 42 0.999989
27 43 0.999582
27 44 0.014763
27 45 0.019299
27 46 0.153568
27 47 1.000000
27 48 1.000000
27 49 0.633263
27 50 1.000000
27 51 0.999996
