0 0 0.000000
0 1 0.415919
0 2 0.138922
0 3 0.981890
0 4 0.812062
0 5 0.952432
0 6 0.227550
0 7 0.719662
0 8 0.883941
0 9 0.172989
0 10 0.746454
0 11 0.310464
0 12 0.997433
0 13 0.719662
0 14 0.984698
0 15 0.855444
0 16 0.896141
0 17 0.517913
0 18 0.870414
0 19 0.999639
0 20 0.994873
0 21 0.883941
0 22 0.415919
0 23 0.994234
0 24 0.999277
0 25 0.434867
0 26 0.984698
0 27 0.831064
0 28 0.911627
0 29 0.644918
0 30 0.610510
0 31 0.535509
0 32 0.210224
0 33 0.959712
0 34 0.992319
0 35 0.984698
0 36 0.781351
0 37 0.999358
0 38 0.096388
0 39 0.029925
0 40 0.911627
0 41 0.972958
0 42 0.029925
0 43 0.932960
0 44 0.997259
0 45 0.988501
0 46 0.967601
0 47 0.071949
0 48 0.268234
0 49 0.415919
0 50 0.071949
0 51 0.210224
0 52 0.703771
0 53 0.889496
0 54 0.901145
0 55 0.138922
0 56 0.972958
0 57 0.071949
0 58 0.011782
0 59 0.995133
0 60 0.096388
0 61 0.517913
0 62 0.172989
0 63 0.434867
0 64 0.848329
0 65 0.310464
0 66 0.988501
0 67 0.096388
0 68 0.987073
0 69 0.996917
0 70 0.999277
0 71 0.822878
0 72 0.999277
0 73 0.626001
0 74 0.029925
0 75 0.831065
0 76 0.310464
0 77 0.172989
0 78 0.965899
0 79 0.310464
0 80 0.719662
0 81 0.517913
0 82 0.954792
0 83 0.329464
0 84 0.855444
0 85 0.991363
0 86 0.998172
0 87 0.557193
0 88 0.310464
0 89 0.965899
0 90 0.644918
0 91 0.172989
0 92 0.997433
0 93 0.415919
0 94 0.690668
0 95 0.999572
0 96 0.883941
0 97 0.000372
0 98 0.029925
0 99 0.096388
1 0 0.415919
1 1 0.000000
1 2 0.911627
1 3 0.210224
1 4 0.996753
1 5 0.959712
1 6 0.989082
1 7 0.172989
1 8 0.477022
1 9 0.977134
1 10 0.996152
1 11 0.982801
1 12 0.974313
1 13 0.911627
1 14 0.415919
1 15 0.172989
1 16 0.071949
1 17 0.883941
1 18 0.310464
1 19 0.870414
1 20 0.329464
1 21 0.991363
1 22 0.719662
1 23 0.210224
1 24 0.495294
1 25 0.268234
1 26 0.982801
1 27 0.932960
1 28 0.883941
1 29 0.372722
1 30 0.982801
1 31 0.096388
1 32 0.690668
1 33 0.988501
1 34 0.719662
1 35 0.921048
1 36 0.268234
1 37 0.096388
1 38 0.998916
1 39 0.573990
1 40 0.096388
1 41 0.096388
1 42 0.153568
1 43 0.268234
1 44 0.746454
1 45 0.972958
1 46 0.991363
1 47 0.896141
1 48 0.138922
1 49 0.096388
1 50 0.952432
1 51 0.997113
1 52 0.071949
1 53 0.822878
1 54 0.573990
1 55 0.883941
1 56 0.677128
1 57 0.227550
1 58 0.372722
1 59 0.937084
1 60 0.329464
1 61 0.310464
1 62 0.929503
1 63 0.999144
1 64 0.138922
1 65 0.921048
1 66 0.921048
1 67 0.517913
1 68 0.703771
1 69 0.988501
1 70 0.870414
1 71 0.997113
1 72 0.172989
1 73 0.557193
1 74 0.889495
1 75 0.940181
1 76 0.921048
1 77 0.965899
1 78 0.996753
1 79 0.946647
1 80 0.997834
1 81 0.029925
1 82 0.172989
1 83 0.989772
1 84 0.846427
1 85 0.921048
1 86 0.019299
1 87 0.477023
1 88 0.959712
1 89 0.965898
1 90 0.138922
1 91 0.901145
1 92 0.268234
1 93 0.969629
1 94 0.883941
1 95 0.477022
1 96 0.610510
1 97 0.210224
1 98 0.138922
1 99 0.993515
2 0 0.138922
2 1 0.911627
2 2 0.000000
2 3 0.980672
2 4 0.690668
2 5 0.310464
2 6 0.946647
2 7 0.644918
2 8 0.997259
2 9 0.977134
2 10 0.995672
2 11 0.746454
2 12 0.896141
2 13 0.227550
2 14 0.977135
2 15 0.994234
2 16 0.984698
2 17 0.961718
2 18 0.517913
2 19 0.172989
2 20 0.071949
2 21 0.949286
2 22 0.998716
2 23 0.999277
2 24 0.940181
2 25 0.286770
2 26 0.986386
2 27 0.986386
2 28 0.985469
2 29 0.989772
2 30 0.977135
2 31 0.138922
2 32 0.557193
2 33 0.954792
2 34 0.995441
2 35 0.940181
2 36 0.310464
2 37 0.911627
2 38 0.992708
2 39 0.415919
2 40 0.974313
2 41 0.929503
2 42 0.999920
2 43 0.517913
2 44 0.535509
2 45 0.870414
2 46 0.964107
2 47 0.999920
2 48 0.997718
2 49 0.999572
2 50 0.172989
2 51 0.210224
2 52 0.172989
2 53 0.138922
2 54 0.940181
2 55 0.210224
2 56 0.994234
2 57 0.896141
2 58 0.719662
2 59 0.907126
2 60 0.998629
2 61 0.972958
2 62 0.644918
2 63 0.172989
2 64 0.210224
2 65 0.999572
2 66 0.096388
2 67 0.746454
2 68 0.969629
2 69 0.415919
2 70 0.996959
2 71 0.863976
2 72 0.996152
2 73 0.932960
2 74 0.995133
2 75 0.999786
2 76 0.997433
2 77 0.946647
2 78 0.921048
2 79 0.901145
2 80 0.984698
2 81 0.986386
2 82 0.896141
2 83 0.644918
2 84 0.535509
2 85 0.415919
2 86 0.921048
2 87 0.029925
2 88 0.644918
2 89 0.172989
2 90 0.996347
2 91 0.959712
2 92 0.921048
2 93 0.994873
2 94 0.998716
2 95 0.999518
2 96 0.969629
2 97 0.172989
2 98 0.573990
2 99 0.477022
3 0 0.981890
3 1 0.210224
3 2 0.980672
3 3 0.000000
3 4 0.996347
3 5 0.992708
3 6 0.917004
3 7 0.997433
3 8 0.096388
3 9 0.757621
3 10 0.227550
3 11 0.415919
3 12 0.644918
3 13 0.557193
3 14 0.987073
3 15 0.997113
3 16 0.999955
3 17 0.929503
3 18 0.984698
3 19 0.415919
3 20 0.210224
3 21 0.757621
3 22 0.982801
3 23 0.415919
3 24 0.990289
3 25 0.974313
3 26 0.961719
3 27 0.989772
3 28 0.172989
3 29 0.781351
3 30 0.096388
3 31 0.831065
3 32 0.096388
3 33 0.883941
3 34 0.707107
3 35 0.999639
3 36 0.172989
3 37 0.946647
3 38 0.831064
3 39 0.901145
3 40 0.557193
3 41 0.870414
3 42 0.477022
3 43 0.517913
3 44 0.989772
3 45 0.096388
3 46 0.907126
3 47 0.959712
3 48 0.896141
3 49 0.999864
3 50 0.690668
3 51 0.954792
3 52 0.019299
3 53 0.978283
3 54 0.690668
3 55 0.957038
3 56 0.999880
3 57 0.996579
3 58 0.517913
3 59 0.172989
3 60 0.757621
3 61 0.940181
3 62 0.029925
3 63 0.979649
3 64 0.848329
3 65 0.434867
3 66 0.932960
3 67 0.268234
3 68 0.988501
3 69 0.096388
3 70 0.096388
3 71 0.517913
3 72 0.990289
3 73 0.998375
3 74 0.268234
3 75 0.978283
3 76 0.989772
3 77 0.781351
3 78 0.999144
3 79 0.980672
3 80 0.517913
3 81 0.961718
3 82 0.535509
3 83 0.172989
3 84 0.310464
3 85 0.096388
3 86 0.940181
3 87 0.999729
3 88 0.954792
3 89 0.946647
3 90 0.517913
3 91 0.997433
3 92 0.985469
3 93 0.690668
3 94 0.972958
3 95 0.610510
3 96 0.019299
3 97 0.690668
3 98 0.994234
3 99 0.911627
4 0 0.812062
4 1 0.996753
4 2 0.690668
4 3 0.996347
4 4 0.000000
4 5 0.969629
4 6 0.954792
4 7 0.998288
4 8 0.372722
4 9 0.477022
4 10 0.995133
4 11 0.848329
4 12 0.831064
4 13 0.329464
4 14 0.883941
4 15 0.974313
4 16 0.998781
4 17 0.517913
4 18 0.071949
4 19 0.310464
4 20 0.610510
4 21 0.984698
4 22 0.329464
4 23 0.971149
4 24 0.210224
4 25 0.268234
4 26 0.227550
4 27 0.969629
4 28 0.974313
4 29 0.517913
4 30 0.831064
4 31 0.153568
4 32 0.677128
4 33 0.071949
4 34 0.372722
4 35 0.998265
4 36 0.848329
4 37 0.029925
4 38 0.848329
4 39 0.172989
4 40 0.929503
4 41 0.812062
4 42 0.972958
4 43 0.453650
4 44 0.719662
4 45 0.988501
4 46 0.999429
4 47 0.535510
4 48 0.940181
4 49 0.974313
4 50 0.310464
4 51 0.659444
4 52 0.996579
4 53 0.992319
4 54 0.848329
4 55 0.644918
4 56 0.848329
4 57 0.988501
4 58 0.999037
4 59 0.999458
4 60 0.138922
4 61 0.992319
4 62 0.957038
4 63 0.071949
4 64 0.896140
4 65 0.329464
4 66 0.999759
4 67 0.969629
4 68 0.988501
4 69 0.994234
4 70 0.096388
4 71 0.071949
4 72 0.029925
4 73 0.757621
4 74 0.096388
4 75 0.172989
4 76 0.372722
4 77 0.029925
4 78 0.848329
4 79 0.998781
4 80 0.999593
4 81 0.998074
4 82 0.995133
4 83 0.005177
4 84 0.096388
4 85 0.889496
4 86 0.096388
4 87 0.557193
4 88 0.415919
4 89 0.434867
4 90 0.987073
4 91 0.901145
4 92 0.227550
4 93 0.981890
4 94 0.985469
4 95 0.644918
4 96 0.911627
4 97 0.975926
4 98 0.977135
4 99 0.992708
5 0 0.952432
5 1 0.959712
5 2 0.310464
5 3 0.992708
5 4 0.969629
5 5 0.000000
5 6 0.310464
5 7 0.921048
5 8 0.996152
5 9 0.997433
5 10 0.969629
5 11 0.932960
5 12 0.557193
5 13 0.746454
5 14 0.781351
5 15 0.096388
5 16 0.990289
5 17 0.999679
5 18 0.940181
5 19 0.659444
5 20 0.803068
5 21 0.096388
5 22 0.863976
5 23 0.434867
5 24 0.831065
5 25 0.353553
5 26 0.965899
5 27 0.848329
5 28 0.999358
5 29 0.029925
5 30 0.677128
5 31 0.757621
5 32 0.096388
5 33 0.458502
5 34 0.096388
5 35 0.932960
5 36 0.172989
5 37 0.876571
5 38 0.415919
5 39 0.096388
5 40 0.415919
5 41 0.980672
5 42 0.096388
5 43 0.870414
5 44 0.803068
5 45 0.949287
5 46 0.746454
5 47 0.029925
5 48 0.974313
5 49 0.096388
5 50 0.998375
5 51 0.998265
5 52 0.988501
5 53 0.959712
5 54 0.803068
5 55 0.268234
5 56 0.096388
5 57 0.096388
5 58 0.108547
5 59 0.995441
5 60 0.477022
5 61 0.989772
5 62 0.994873
5 63 0.268234
5 64 0.005177
5 65 0.644918
5 66 0.517913
5 67 0.719662
5 68 0.848329
5 69 0.573990
5 70 0.999759
5 71 0.108547
5 72 0.989772
5 73 0.610510
5 74 0.803068
5 75 0.959712
5 76 0.210224
5 77 0.929503
5 78 0.870414
5 79 0.848329
5 80 0.965899
5 81 0.138922
5 82 0.659444
5 83 0.961718
5 84 0.138922
5 85 0.268234
5 86 0.889496
5 87 0.517913
5 88 0.870414
5 89 0.029925
5 90 0.883941
5 91 0.590402
5 92 0.961718
5 93 0.029925
5 94 0.310464
5 95 0.996579
5 96 0.310464
5 97 0.954792
5 98 0.997971
5 99 0.982801
6 0 0.227550
6 1 0.989082
6 2 0.946647
6 3 0.917004
6 4 0.954792
6 5 0.310464
6 6 0.000000
6 7 0.974313
6 8 0.988501
6 9 0.477022
6 10 0.781351
6 11 0.988501
6 12 0.096388
6 13 0.954792
6 14 0.870414
6 15 0.517913
6 16 0.992319
6 17 0.659444
6 18 0.781351
6 19 0.610510
6 20 0.943131
6 21 0.071949
6 22 0.954792
6 23 0.946647
6 24 0.997433
6 25 0.998916
6 26 0.719662
6 27 0.138922
6 28 0.997113
6 29 0.310464
6 30 0.998074
6 31 0.477022
6 32 0.535509
6 33 0.268234
6 34 0.995672
6 35 0.901145
6 36 0.029925
6 37 0.210224
6 38 0.096388
6 39 0.999946
6 40 0.982801
6 41 0.911627
6 42 0.992319
6 43 0.108547
6 44 0.937084
6 45 0.924902
6 46 0.138922
6 47 0.590401
6 48 0.993170
6 49 0.954792
6 50 0.746454
6 51 0.434867
6 52 0.071949
6 53 0.029925
6 54 0.911627
6 55 0.980672
6 56 0.929503
6 57 0.644918
6 58 0.019299
6 59 0.310464
6 60 0.610510
6 61 0.771105
6 62 0.959712
6 63 0.977134
6 64 0.870414
6 65 0.138922
6 66 0.286770
6 67 0.982801
6 68 0.557193
6 69 0.995133
6 70 0.984698
6 71 0.781351
6 72 0.096388
6 73 0.993516
6 74 0.458502
6 75 0.987073
6 76 0.019299
6 77 0.096388
6 78 0.677128
6 79 0.932960
6 80 0.977135
6 81 0.929503
6 82 0.994873
6 83 0.992319
6 84 0.210224
6 85 0.988501
6 86 0.029925
6 87 0.969629
6 88 0.071949
6 89 0.189109
6 90 0.573990
6 91 0.286770
6 92 0.391878
6 93 0.108547
6 94 0.901145
6 95 0.210224
6 96 0.286770
6 97 0.803068
6 98 0.329464
6 99 0.096388
7 0 0.719662
7 1 0.172989
7 2 0.644918
7 3 0.997433
7 4 0.998288
7 5 0.921048
7 6 0.974313
7 7 0.000000
7 8 0.993516
7 9 0.961718
7 10 0.993170
7 11 0.848329
7 12 0.990903
7 13 0.781351
7 14 0.954792
7 15 0.932960
7 16 0.096388
7 17 0.096388
7 18 0.911627
7 19 0.987073
7 20 0.863976
7 21 0.954792
7 22 0.096388
7 23 0.986386
7 24 0.268234
7 25 0.996753
7 26 0.937084
7 27 0.659444
7 28 0.781351
7 29 0.746454
7 30 0.019299
7 31 0.993170
7 32 0.517913
7 33 0.905921
7 34 0.940181
7 35 0.803068
7 36 0.974313
7 37 0.268234
7 38 0.029925
7 39 0.172989
7 40 0.434867
7 41 0.988501
7 42 0.911627
7 43 0.943131
7 44 0.415919
7 45 0.969629
7 46 0.372722
7 47 0.822878
7 48 0.949286
7 49 0.995441
7 50 0.986386
7 51 0.993170
7 52 0.989772
7 53 0.227550
7 54 0.883941
7 55 0.189109
7 56 0.901145
7 57 0.227550
7 58 0.071949
7 59 0.998074
7 60 0.029925
7 61 0.557193
7 62 0.071949
7 63 0.997834
7 64 0.999639
7 65 0.972958
7 66 0.415919
7 67 0.517913
7 68 0.975602
7 69 0.949286
7 70 0.172989
7 71 0.995133
7 72 0.995133
7 73 0.372722
7 74 0.310464
7 75 0.924902
7 76 0.980672
7 77 0.984698
7 78 0.757621
7 79 0.940181
7 80 0.999277
7 81 0.997113
7 82 0.019299
7 83 0.921048
7 84 0.557193
7 85 0.434867
7 86 0.889495
7 87 0.227550
7 88 0.227550
7 89 0.803068
7 90 0.108547
7 91 0.969629
7 92 0.946647
7 93 0.051779
7 94 0.977135
7 95 0.990289
7 96 0.946647
7 97 0.210224
7 98 0.731785
7 99 0.911627
8 0 0.883941
8 1 0.477022
8 2 0.997259
8 3 0.096388
8 4 0.372722
8 5 0.996152
8 6 0.988501
8 7 0.993516
8 8 0.000000
8 9 0.822878
8 10 0.946647
8 11 0.310464
8 12 0.997834
8 13 0.961718
8 14 0.690668
8 15 0.977135
8 16 0.005177
8 17 0.372722
8 18 0.210224
8 19 0.108547
8 20 0.870414
8 21 0.969629
8 22 0.993516
8 23 0.803068
8 24 0.071949
8 25 0.848329
8 26 0.517913
8 27 0.993516
8 28 0.990289
8 29 0.415919
8 30 0.690668
8 31 0.415919
8 32 0.999518
8 33 0.029925
8 34 0.803068
8 35 0.996579
8 36 0.896141
8 37 0.822878
8 38 0.781351
8 39 0.954792
8 40 0.991363
8 41 0.972958
8 42 0.138922
8 43 0.959712
8 44 0.984698
8 45 0.986386
8 46 0.172989
8 47 0.997718
8 48 0.517913
8 49 0.954792
8 50 0.883941
8 51 0.138922
8 52 0.415919
8 53 0.372722
8 54 0.477022
8 55 0.883941
8 56 0.940181
8 57 0.108547
8 58 0.997113
8 59 0.984698
8 60 0.889496
8 61 0.932960
8 62 0.965899
8 63 0.138922
8 64 0.310464
8 65 0.959712
8 66 0.517913
8 67 0.997113
8 68 0.644918
8 69 0.719662
8 70 0.029925
8 71 0.990289
8 72 0.227550
8 73 0.998074
8 74 0.989772
8 75 0.997563
8 76 0.997834
8 77 0.051779
8 78 0.096388
8 79 0.998916
8 80 0.719662
8 81 0.096388
8 82 0.979649
8 83 0.029925
8 84 0.977134
8 85 0.391878
8 86 0.994873
8 87 0.557193
8 88 0.310464
8 89 0.984698
8 90 0.965899
8 91 0.172989
8 92 0.019299
8 93 0.172989
8 94 0.999144
8 95 0.911627
8 96 0.999864
8 97 0.831064
8 98 0.999187
8 99 0.981890
9 0 0.172989
9 1 0.977134
9 2 0.977134
9 3 0.757621
9 4 0.477022
9 5 0.997433
9 6 0.477022
9 7 0.961718
9 8 0.822878
9 9 0.000000
9 10 0.979649
9 11 0.911627
9 12 0.961718
9 13 0.029925
9 14 0.998916
9 15 0.911627
9 16 0.594604
9 17 0.138922
9 18 0.998916
9 19 0.991363
9 20 0.781351
9 21 0.987890
9 22 0.883941
9 23 0.719662
9 24 0.984698
9 25 0.096388
9 26 0.644918
9 27 0.415919
9 28 0.977134
9 29 0.999358
9 30 0.940181
9 31 0.921048
9 32 0.848329
9 33 0.896140
9 34 0.949286
9 35 0.096388
9 36 0.268234
9 37 0.310464
9 38 0.954792
9 39 0.096388
9 40 0.990289
9 41 0.997718
9 42 0.029925
9 43 0.974313
9 44 0.986386
9 45 0.557193
9 46 0.172989
9 47 0.989772
9 48 0.959712
9 49 0.690668
9 50 0.991363
9 51 0.096388
9 52 0.988501
9 53 0.210224
9 54 0.838911
9 55 0.803068
9 56 0.954792
9 57 0.980672
9 58 0.972958
9 59 0.959712
9 60 0.984698
9 61 0.517913
9 62 0.994873
9 63 0.952432
9 64 0.477022
9 65 0.172989
9 66 0.458502
9 67 0.982801
9 68 0.029925
9 69 0.994234
9 70 0.901145
9 71 0.096388
9 72 0.946647
9 73 0.989772
9 74 0.434867
9 75 0.998555
9 76 0.310464
9 77 0.911627
9 78 0.848329
9 79 0.573990
9 80 0.998074
9 81 0.268234
9 82 0.573990
9 83 0.535509
9 84 0.477022
9 85 0.997113
9 86 0.690668
9 87 0.883941
9 88 0.999759
9 89 0.883941
9 90 0.994234
9 91 0.610510
9 92 0.991363
9 93 0.610510
9 94 0.644918
9 95 0.415919
9 96 0.943131
9 97 0.959712
9 98 0.831064
9 99 0.517913
10 0 0.746454
10 1 0.996152
10 2 0.995672
10 3 0.227550
10 4 0.995133
10 5 0.969629
10 6 0.781351
10 7 0.993170
10 8 0.946647
10 9 0.979649
10 10 0.000000
10 11 0.029925
10 12 0.071949
10 13 0.999819
10 14 0.997834
10 15 0.051779
10 16 0.458502
10 17 0.972958
10 18 0.096388
10 19 0.943131
10 20 0.883941
10 21 0.108547
10 22 0.310464
10 23 0.172989
10 24 0.924902
10 25 0.189109
10 26 0.757621
10 27 0.011782
10 28 0.415919
10 29 0.210224
10 30 0.573990
10 31 0.911627
10 32 0.883941
10 33 0.863976
10 34 0.517913
10 35 0.415919
10 36 0.997113
10 37 0.517913
10 38 0.096388
10 39 0.477022
10 40 0.993926
10 41 0.998555
10 42 0.870415
10 43 0.999786
10 44 0.831064
10 45 0.310464
10 46 0.971149
10 47 0.731785
10 48 0.848329
10 49 0.984698
10 50 0.329464
10 51 0.921048
10 52 0.372722
10 53 0.932960
10 54 0.996579
10 55 0.863976
10 56 0.019299
10 57 0.921048
10 58 0.982801
10 59 0.096388
10 60 0.977134
10 61 0.988501
10 62 0.477022
10 63 0.883941
10 64 0.896141
10 65 0.972958
10 66 0.227550
10 67 0.999943
10 68 0.959712
10 69 0.096388
10 70 0.803068
10 71 0.329464
10 72 0.517913
10 73 0.972958
10 74 0.982801
10 75 0.982801
10 76 0.803068
10 77 0.071949
10 78 0.911627
10 79 0.644918
10 80 0.138922
10 81 0.535509
10 82 0.990289
10 83 0.996752
10 84 0.210224
10 85 0.997113
10 86 0.517913
10 87 0.477022
10 88 0.227550
10 89 0.961718
10 90 0.477022
10 91 0.883941
10 92 0.977134
10 93 0.458502
10 94 0.981890
10 95 0.996752
10 96 0.812062
10 97 0.690668
10 98 0.999865
10 99 0.989772
11 0 0.310464
11 1 0.982801
11 2 0.746454
11 3 0.415919
11 4 0.848329
11 5 0.932960
11 6 0.988501
11 7 0.848329
11 8 0.310464
11 9 0.911627
11 10 0.029925
11 11 0.000000
11 12 0.946647
11 13 0.964107
11 14 0.415919
11 15 0.870414
11 16 0.310464
11 17 0.557193
11 18 0.997113
11 19 0.268234
11 20 0.848329
11 21 0.911627
11 22 0.812062
11 23 0.268234
11 24 0.029925
11 25 0.557193
11 26 0.029925
11 27 0.372722
11 28 0.771105
11 29 0.911627
11 30 0.372722
11 31 0.268234
11 32 0.998074
11 33 0.108547
11 34 0.329464
11 35 0.959712
11 36 0.911627
11 37 0.988501
11 38 0.019299
11 39 0.959712
11 40 0.990903
11 41 0.310464
11 42 0.434867
11 43 0.757621
11 44 0.883941
11 45 0.998172
11 46 0.901145
11 47 0.986386
11 48 0.659444
11 49 0.477022
11 50 0.719662
11 51 0.911627
11 52 0.517913
11 53 0.172989
11 54 0.998375
11 55 0.434867
11 56 0.971149
11 57 0.999639
11 58 0.781351
11 59 0.557193
11 60 0.329464
11 61 0.901145
11 62 0.999187
11 63 0.096388
11 64 0.946647
11 65 0.964107
11 66 0.051779
11 67 0.870414
11 68 0.071949
11 69 0.995672
11 70 0.719662
11 71 0.995672
11 72 0.985469
11 73 0.992319
11 74 0.517913
11 75 0.883941
11 76 0.812062
11 77 0.954792
11 78 0.996152
11 79 0.974313
11 80 0.172989
11 81 0.610510
11 82 0.096388
11 83 0.921048
11 84 0.172989
11 85 0.959712
11 86 0.517913
11 87 0.719662
11 88 0.415919
11 89 0.954792
11 90 0.268234
11 91 0.876570
11 92 0.999037
11 93 0.997834
11 94 0.477022
11 95 0.901145
11 96 0.329464
11 97 0.005177
11 98 0.855444
11 99 0.210224
12 0 0.997433
12 1 0.974313
12 2 0.896141
12 3 0.644918
12 4 0.831064
12 5 0.557193
12 6 0.096388
12 7 0.990903
12 8 0.997834
12 9 0.961718
12 10 0.071949
12 11 0.946647
12 12 0.000000
12 13 0.372722
12 14 0.994873
12 15 0.974313
12 16 0.999358
12 17 0.415919
12 18 0.883941
12 19 0.781351
12 20 0.951799
12 21 0.991363
12 22 0.746454
12 23 0.932960
12 24 0.005177
12 25 0.870414
12 26 0.820692
12 27 0.911627
12 28 0.029925
12 29 0.896141
12 30 0.210224
12 31 0.268234
12 32 0.998478
12 33 0.998074
12 34 0.999968
12 35 0.967602
12 36 0.992708
12 37 0.172989
12 38 0.495294
12 39 0.108547
12 40 0.889495
12 41 0.901145
12 42 0.969629
12 43 0.019299
12 44 0.921048
12 45 0.029925
12 46 0.138922
12 47 0.964107
12 48 0.994873
12 49 0.153568
12 50 0.999949
12 51 0.557193
12 52 0.911627
12 53 0.975926
12 54 0.172989
12 55 0.997563
12 56 0.535510
12 57 0.929503
12 58 0.071949
12 59 0.977134
12 60 0.071949
12 61 0.901145
12 62 0.310464
12 63 0.172989
12 64 0.987073
12 65 0.108547
12 66 0.051779
12 67 0.610510
12 68 0.969629
12 69 0.172989
12 70 0.803068
12 71 0.996579
12 72 0.986386
12 73 0.172989
12 74 0.051779
12 75 0.372722
12 76 0.210224
12 77 0.757621
12 78 0.372722
12 79 0.310464
12 80 0.096388
12 81 0.535509
12 82 0.677128
12 83 0.329464
12 84 0.071949
12 85 0.999949
12 86 0.949286
12 87 0.986386
12 88 0.987890
12 89 0.989772
12 90 0.998555
12 91 0.029925
12 92 0.029925
12 93 0.969629
12 94 0.071949
12 95 0.005177
12 96 0.096388
12 97 0.210224
12 98 0.896141
12 99 0.965899
13 0 0.719662
13 1 0.911627
13 2 0.227550
13 3 0.557193
13 4 0.329464
13 5 0.746454
13 6 0.954792
13 7 0.781351
13 8 0.961718
13 9 0.029925
13 10 0.999819
13 11 0.964107
13 12 0.372722
13 13 0.000000
13 14 0.999639
13 15 0.969629
13 16 0.458502
13 17 0.310464
13 18 0.986386
13 19 0.108547
13 20 0.071949
13 21 0.557193
13 22 0.477022
13 23 0.831064
13 24 0.997113
13 25 0.994234
13 26 0.535509
13 27 0.210224
13 28 0.573990
13 29 0.863976
13 30 0.998172
13 31 0.746454
13 32 0.999839
13 33 0.999277
13 34 0.210224
13 35 0.172989
13 36 0.978283
13 37 0.984698
13 38 0.071949
13 39 0.979649
13 40 0.993170
13 41 0.994234
13 42 0.172989
13 43 0.896141
13 44 0.477022
13 45 0.940181
13 46 0.965899
13 47 0.848329
13 48 0.415919
13 49 0.999349
13 50 0.954792
13 51 0.172989
13 52 0.644918
13 53 0.517913
13 54 0.210224
13 55 0.029925
13 56 0.896141
13 57 0.535509
13 58 0.071949
13 59 0.952432
13 60 0.998971
13 61 0.911627
13 62 0.994234
13 63 0.659444
13 64 0.991910
13 65 0.415919
13 66 0.855444
13 67 0.071949
13 68 0.029925
13 69 0.848329
13 70 0.959712
13 71 0.932960
13 72 0.988501
13 73 0.831064
13 74 0.557193
13 75 0.477022
13 76 0.977135
13 77 0.989772
13 78 0.994873
13 79 0.644918
13 80 0.210224
13 81 0.372722
13 82 0.372722
13 83 0.911627
13 84 0.999518
13 85 0.172989
13 86 0.268234
13 87 0.071949
13 88 0.986386
13 89 0.969629
13 90 0.995133
13 91 0.690668
13 92 0.210224
13 93 0.959712
13 94 0.998478
13 95 0.659444
13 96 0.972958
13 97 0.210224
13 98 0.940181
13 99 0.994873
14 0 0.984698
14 1 0.415919
14 2 0.977135
14 3 0.987073
14 4 0.883941
14 5 0.781351
14 6 0.870414
14 7 0.954792
14 8 0.690668
14 9 0.998916
14 10 0.997834
14 11 0.415919
14 12 0.994873
14 13 0.999639
14 14 0.000000
14 15 0.994234
14 16 0.998074
14 17 0.999037
14 18 0.138922
14 19 0.940181
14 20 0.781351
14 21 0.993170
14 22 0.172989
14 23 0.029925
14 24 0.979649
14 25 0.929503
14 26 0.986386
14 27 0.998074
14 28 0.517913
14 29 0.991363
14 30 0.997113
14 31 0.929503
14 32 0.659444
14 33 0.940181
14 34 0.731785
14 35 0.848329
14 36 0.870414
14 37 0.994234
14 38 0.746454
14 39 0.557193
14 40 0.477022
14 41 0.996152
14 42 0.082237
14 43 0.999940
14 44 0.982801
14 45 0.071949
14 46 0.997718
14 47 0.987073
14 48 0.644918
14 49 0.979649
14 50 0.929503
14 51 0.965899
14 52 0.889496
14 53 0.998375
14 54 0.310464
14 55 0.227550
14 56 0.993170
14 57 0.989772
14 58 0.946647
14 59 0.781351
14 60 0.996579
14 61 0.108547
14 62 0.029925
14 63 0.557193
14 64 0.855444
14 65 0.959712
14 66 0.803068
14 67 0.896141
14 68 0.781351
14 69 0.731785
14 70 0.889496
14 71 0.096388
14 72 0.415919
14 73 0.986386
14 74 0.863976
14 75 0.959712
14 76 0.329464
14 77 0.071949
14 78 0.108547
14 79 0.977134
14 80 0.051779
14 81 0.975926
14 82 0.946647
14 83 0.096388
14 84 0.999144
14 85 0.071949
14 86 0.268234
14 87 0.096388
14 88 0.096388
14 89 0.954792
14 90 0.803068
14 91 0.803068
14 92 0.822878
14 93 0.517913
14 94 0.138922
14 95 0.210224
14 96 0.719662
14 97 0.959712
14 98 0.644918
14 99 0.644918
15 0 0.855444
15 1 0.172989
15 2 0.994234
15 3 0.997113
15 4 0.974313
15 5 0.096388
15 6 0.517913
15 7 0.932960
15 8 0.977135
15 9 0.911627
15 10 0.051779
15 11 0.870414
15 12 0.974313
15 13 0.969629
15 14 0.994234
15 15 0.000000
15 16 0.659445
15 17 0.932960
15 18 0.644918
15 19 0.071949
15 20 0.901145
15 21 0.921048
15 22 0.993170
15 23 0.310464
15 24 0.985469
15 25 0.803068
15 26 0.946647
15 27 0.959712
15 28 0.051779
15 29 0.051779
15 30 0.610510
15 31 0.096388
15 32 0.937084
15 33 0.965899
15 34 0.096388
15 35 0.954792
15 36 0.999759
15 37 0.781351
15 38 0.210224
15 39 0.557193
15 40 0.594604
15 41 0.746454
15 42 0.029925
15 43 0.946647
15 44 0.943131
15 45 0.573990
15 46 0.803068
15 47 0.954792
15 48 0.988501
15 49 0.372722
15 50 0.329464
15 51 0.757621
15 52 0.172989
15 53 0.096388
15 54 0.964107
15 55 0.998716
15 56 0.929503
15 57 0.921048
15 58 0.610510
15 59 0.998716
15 60 0.372722
15 61 0.477022
15 62 0.940181
15 63 0.644918
15 64 0.911627
15 65 0.992319
15 66 0.029925
15 67 0.994234
15 68 0.995672
15 69 0.999429
15 70 0.610510
15 71 0.999572
15 72 0.096388
15 73 0.969629
15 74 0.946647
15 75 0.310464
15 76 0.227550
15 77 0.690668
15 78 0.757621
15 79 0.353553
15 80 0.096388
15 81 0.746454
15 82 0.990289
15 83 0.992319
15 84 0.096388
15 85 0.781351
15 86 0.907126
15 87 0.959712
15 88 0.189109
15 89 0.993516
15 90 0.959712
15 91 0.781351
15 92 0.992319
15 93 0.915921
15 94 0.227550
15 95 0.535510
15 96 0.889496
15 97 0.071949
15 98 0.986386
15 99 0.329464
16 0 0.896141
16 1 0.071949
16 2 0.984698
16 3 0.999955
16 4 0.998781
16 5 0.990289
16 6 0.992319
16 7 0.096388
16 8 0.005177
16 9 0.594604
16 10 0.458502
16 11 0.310464
16 12 0.999358
16 13 0.458502
16 14 0.998074
16 15 0.659445
16 16 0.000000
16 17 0.138922
16 18 0.690668
16 19 0.310464
16 20 0.096388
16 21 0.932960
16 22 0.831064
16 23 0.848329
16 24 0.990903
16 25 0.071949
16 26 0.310464
16 27 0.310464
16 28 0.848329
16 29 0.870414
16 30 0.690668
16 31 0.803068
16 32 0.855444
16 33 0.980672
16 34 0.940181
16 35 0.096388
16 36 0.998555
16 37 0.071949
16 38 0.172989
16 39 0.771105
16 40 0.995133
16 41 0.310464
16 42 0.415919
16 43 0.703771
16 44 0.997113
16 45 0.831064
16 46 0.889496
16 47 0.415919
16 48 0.948613
16 49 0.995947
16 50 0.954792
16 51 0.999037
16 52 0.969629
16 53 0.557193
16 54 0.731785
16 55 0.831064
16 56 0.557193
16 57 0.071949
16 58 0.153568
16 59 0.870414
16 60 0.071949
16 61 0.996347
16 62 0.719662
16 63 0.993515
16 64 0.573990
16 65 0.946647
16 66 0.803068
16 67 0.990903
16 68 0.286770
16 69 0.477022
16 70 0.984698
16 71 0.848329
16 72 0.329464
16 73 0.108547
16 74 0.936253
16 75 0.979649
16 76 0.096388
16 77 0.949286
16 78 0.998716
16 79 0.998555
16 80 0.870414
16 81 0.989772
16 82 0.996152
16 83 0.999037
16 84 0.965899
16 85 0.517913
16 86 0.210224
16 87 0.172989
16 88 0.029925
16 89 0.989082
16 90 0.921048
16 91 0.989772
16 92 0.138922
16 93 0.986386
16 94 0.996152
16 95 0.949286
16 96 0.677128
16 97 0.644918
16 98 0.210224
16 99 0.071949
17 0 0.517913
17 1 0.883941
17 2 0.961718
17 3 0.929503
17 4 0.517913
17 5 0.999679
17 6 0.659444
17 7 0.096388
17 8 0.372722
17 9 0.138922
17 10 0.972958
17 11 0.557193
17 12 0.415919
17 13 0.310464
17 14 0.999037
17 15 0.932960
17 16 0.138922
17 17 0.000000
17 18 0.659445
17 19 0.803068
17 20 0.965898
17 21 0.986386
17 22 0.659444
17 23 0.991363
17 24 0.911627
17 25 0.644918
17 26 0.495294
17 27 0.981890
17 28 0.172989
17 29 0.946647
17 30 0.921048
17 31 0.992319
17 32 0.189109
17 33 0.984698
17 34 0.954792
17 35 0.791203
17 36 0.108547
17 37 0.172989
17 38 0.757621
17 39 0.848329
17 40 0.996579
17 41 0.983668
17 42 0.831064
17 43 0.974313
17 44 0.082237
17 45 0.781351
17 46 0.863976
17 47 0.557193
17 48 0.855444
17 49 0.969629
17 50 0.096388
17 51 0.310464
17 52 0.415919
17 53 0.870414
17 54 0.967602
17 55 0.029925
17 56 0.977134
17 57 0.029925
17 58 0.172989
17 59 0.975602
17 60 0.988501
17 61 0.831064
17 62 0.803068
17 63 0.977135
17 64 0.610510
17 65 0.986386
17 66 0.994234
17 67 0.019299
17 68 0.986386
17 69 0.172989
17 70 0.477022
17 71 0.831065
17 72 0.353553
17 73 0.719662
17 74 0.415919
17 75 0.172989
17 76 0.172989
17 77 0.995441
17 78 0.644918
17 79 0.310464
17 80 0.757621
17 81 0.951799
17 82 0.969629
17 83 0.210224
17 84 0.929503
17 85 0.029925
17 86 0.096388
17 87 0.997834
17 88 0.979649
17 89 0.610510
17 90 0.096388
17 91 0.969629
17 92 0.310464
17 93 0.803068
17 94 0.988501
17 95 0.993516
17 96 0.372722
17 97 0.329464
17 98 0.911627
17 99 0.210224
18 0 0.870414
18 1 0.310464
18 2 0.517913
18 3 0.984698
18 4 0.071949
18 5 0.940181
18 6 0.781351
18 7 0.911627
18 8 0.210224
18 9 0.998916
18 10 0.096388
18 11 0.997113
18 12 0.883941
18 13 0.986386
18 14 0.138922
18 15 0.644918
18 16 0.690668
18 17 0.659445
18 18 0.000000
18 19 0.988501
18 20 0.719662
18 21 0.969629
18 22 0.992708
18 23 0.268234
18 24 0.990289
18 25 0.051779
18 26 0.994873
18 27 0.993516
18 28 0.477022
18 29 0.803068
18 30 0.138922
18 31 0.997113
18 32 0.557193
18 33 0.644918
18 34 0.071949
18 35 0.659444
18 36 0.989772
18 37 0.932960
18 38 0.831064
18 39 0.029925
18 40 0.993515
18 41 0.329464
18 42 0.969629
18 43 0.883941
18 44 0.998074
18 45 0.883941
18 46 0.907126
18 47 0.138922
18 48 0.848329
18 49 0.999037
18 50 0.477022
18 51 0.848329
18 52 0.907126
18 53 0.889496
18 54 0.995133
18 55 0.965898
18 56 0.096388
18 57 0.803068
18 58 0.921048
18 59 0.172989
18 60 0.996752
18 61 0.992319
18 62 0.907126
18 63 0.995441
18 64 0.831065
18 65 0.268234
18 66 0.071949
18 67 0.940181
18 68 0.863976
18 69 0.946647
18 70 0.268234
18 71 0.096388
18 72 0.896141
18 73 0.991363
18 74 0.477022
18 75 0.999819
18 76 0.996152
18 77 0.477022
18 78 0.644918
18 79 0.999714
18 80 0.984698
18 81 0.972958
18 82 0.610509
18 83 0.870414
18 84 0.268234
18 85 0.996347
18 86 0.952432
18 87 0.096388
18 88 0.557193
18 89 0.883941
18 90 0.594604
18 91 0.981890
18 92 0.985469
18 93 0.911627
18 94 0.977135
18 95 0.172989
18 96 0.848329
18 97 0.138922
18 98 0.929503
18 99 0.984698
19 0 0.999639
19 1 0.870414
19 2 0.172989
19 3 0.415919
19 4 0.310464
19 5 0.659444
19 6 0.610510
19 7 0.987073
19 8 0.108547
19 9 0.991363
19 10 0.943131
19 11 0.268234
19 12 0.781351
19 13 0.108547
19 14 0.940181
19 15 0.071949
19 16 0.310464
19 17 0.803068
19 18 0.988501
19 19 0.000000
19 20 0.768376
19 21 0.172989
19 22 0.870414
19 23 0.954792
19 24 0.096388
19 25 0.372722
19 26 0.477022
19 27 0.999187
19 28 0.954792
19 29 0.138922
19 30 0.477022
19 31 0.997563
19 32 0.924902
19 33 0.965899
19 34 0.029925
19 35 0.883941
19 36 0.993170
19 37 0.971149
19 38 0.998288
19 39 0.096388
19 40 0.982801
19 41 0.999037
19 42 0.210224
19 43 0.974313
19 44 0.889495
19 45 0.996152
19 46 0.870414
19 47 0.997113
19 48 0.029925
19 49 0.984698
19 50 0.590401
19 51 0.961719
19 52 0.557193
19 53 0.096388
19 54 0.172989
19 55 0.771105
19 56 0.994234
19 57 0.969629
19 58 0.998375
19 59 0.999679
19 60 0.993516
19 61 0.982801
19 62 0.659444
19 63 0.831064
19 64 0.746454
19 65 0.535510
19 66 0.999429
19 67 0.477022
19 68 0.757621
19 69 0.863976
19 70 0.998555
19 71 0.999277
19 72 0.310464
19 73 0.988501
19 74 0.999614
19 75 0.172989
19 76 0.954792
19 77 0.029925
19 78 0.138922
19 79 0.172989
19 80 0.969629
19 81 0.998555
19 82 0.557193
19 83 0.781351
19 84 0.477022
19 85 0.781351
19 86 0.573990
19 87 0.096388
19 88 0.372722
19 89 0.029925
19 90 0.071949
19 91 0.310464
19 92 0.071949
19 93 0.029925
19 94 0.096388
19 95 0.883941
19 96 0.883941
19 97 0.517913
19 98 0.210224
19 99 0.965899
20 0 0.994873
20 1 0.329464
20 2 0.071949
20 3 0.210224
20 4 0.610510
20 5 0.803068
20 6 0.943131
20 7 0.863976
20 8 0.870414
20 9 0.781351
20 10 0.883941
20 11 0.848329
20 12 0.951799
20 13 0.071949
20 14 0.781351
20 15 0.901145
20 16 0.096388
20 17 0.965898
20 18 0.719662
20 19 0.768376
20 20 0.000000
20 21 0.974313
20 22 0.268234
20 23 0.189109
20 24 0.210224
20 25 0.108547
20 26 0.993170
20 27 0.517913
20 28 0.959712
20 29 0.965899
20 30 0.896141
20 31 0.138922
20 32 0.984698
20 33 0.096388
20 34 0.329464
20 35 0.210224
20 36 0.997113
20 37 0.998843
20 38 0.746454
20 39 0.029925
20 40 0.954792
20 41 0.310464
20 42 0.757621
20 43 0.946647
20 44 0.977134
20 45 0.998288
20 46 0.644918
20 47 0.870414
20 48 0.096388
20 49 0.998916
20 50 0.138922
20 51 0.719662
20 52 0.138922
20 53 0.901145
20 54 0.911627
20 55 0.986386
20 56 0.994873
20 57 0.993516
20 58 0.848329
20 59 0.992319
20 60 0.990903
20 61 0.929503
20 62 0.998074
20 63 0.991363
20 64 0.889495
20 65 0.495294
20 66 0.071949
20 67 0.995133
20 68 0.310464
20 69 0.963627
20 70 0.870414
20 71 0.029925
20 72 0.985469
20 73 0.610510
20 74 0.029925
20 75 0.831064
20 76 0.781351
20 77 0.172989
20 78 0.029925
20 79 0.517913
20 80 0.096388
20 81 0.415919
20 82 0.005177
20 83 0.982801
20 84 0.329464
20 85 0.990903
20 86 0.138922
20 87 0.998858
20 88 0.883941
20 89 0.573990
20 90 0.535509
20 91 0.999037
20 92 0.803068
20 93 0.999572
20 94 0.029925
20 95 0.990289
20 96 0.982801
20 97 0.731785
20 98 0.954792
20 99 0.848329
21 0 0.883941
21 1 0.991363
21 2 0.949286
21 3 0.757621
21 4 0.984698
21 5 0.096388
21 6 0.071949
21 7 0.954792
21 8 0.969629
21 9 0.987890
21 10 0.108547
21 11 0.911627
21 12 0.991363
21 13 0.557193
21 14 0.993170
21 15 0.921048
21 16 0.932960
21 17 0.986386
21 18 0.969629
21 19 0.172989
21 20 0.974313
21 21 0.000000
21 22 0.965899
21 23 0.719662
21 24 0.329464
21 25 0.974313
21 26 0.995672
21 27 0.940181
21 28 0.984698
21 29 0.992319
21 30 0.848329
21 31 0.286771
21 32 0.937084
21 33 0.954792
21 34 0.477022
21 35 0.999679
21 36 0.977134
21 37 0.921048
21 38 0.172989
21 39 0.096388
21 40 0.096388
21 41 0.096388
21 42 0.999458
21 43 0.994234
21 44 0.071949
21 45 0.096388
21 46 0.848329
21 47 0.965898
21 48 0.985469
21 49 0.310464
21 50 0.855444
21 51 0.803068
21 52 0.990289
21 53 0.979649
21 54 0.969629
21 55 0.029925
21 56 0.746454
21 57 0.096388
21 58 0.965899
21 59 0.946647
21 60 0.949287
21 61 0.972958
21 62 0.517913
21 63 0.172989
21 64 0.051779
21 65 0.096388
21 66 0.746454
21 67 0.353553
21 68 0.999144
21 69 0.310464
21 70 0.883941
21 71 0.996959
21 72 0.096388
21 73 0.831065
21 74 0.987073
21 75 0.803068
21 76 0.896141
21 77 0.372722
21 78 0.993170
21 79 0.838910
21 80 0.965899
21 81 0.989772
21 82 0.812062
21 83 0.557193
21 84 0.096388
21 85 0.434867
21 86 0.719662
21 87 0.961718
21 88 0.929503
21 89 0.964107
21 90 0.979649
21 91 0.863976
21 92 0.415919
21 93 0.477022
21 94 0.999572
21 95 0.990289
21 96 0.557193
21 97 0.959712
21 98 0.992319
21 99 0.977134
22 0 0.415919
22 1 0.719662
22 2 0.998716
22 3 0.982801
22 4 0.329464
22 5 0.863976
22 6 0.954792
22 7 0.096388
22 8 0.993516
22 9 0.883941
22 10 0.310464
22 11 0.812062
22 12 0.746454
22 13 0.477022
22 14 0.172989
22 15 0.993170
22 16 0.831064
22 17 0.659444
22 18 0.992708
22 19 0.870414
22 20 0.268234
22 21 0.965899
22 22 0.000000
22 23 0.990903
22 24 0.998288
22 25 0.959712
22 26 0.677128
22 27 0.677128
22 28 0.138922
22 29 0.557193
22 30 0.932960
22 31 0.757621
22 32 0.781351
22 33 0.610510
22 34 0.911627
22 35 0.979649
22 36 0.993170
22 37 0.954792
22 38 0.372722
22 39 0.573990
22 40 0.996152
22 41 0.415919
22 42 0.458502
22 43 0.940181
22 44 0.812062
22 45 0.757621
22 46 0.997687
22 47 0.071949
22 48 0.831064
22 49 0.984698
22 50 0.329464
22 51 0.901145
22 52 0.896141
22 53 0.690668
22 54 0.980672
22 55 0.863976
22 56 0.659444
22 57 0.983886
22 58 0.310464
22 59 0.964107
22 60 0.831064
22 61 0.434867
22 62 0.979649
22 63 0.997113
22 64 0.994873
22 65 0.965898
22 66 0.096388
22 67 0.855444
22 68 0.946647
22 69 0.954792
22 70 0.268234
22 71 0.940181
22 72 0.991363
22 73 0.988501
22 74 0.896141
22 75 0.954792
22 76 0.477022
22 77 0.883941
22 78 0.969629
22 79 0.977135
22 80 0.977134
22 81 0.573990
22 82 0.372722
22 83 0.998074
22 84 0.932960
22 85 0.883941
22 86 0.929503
22 87 0.993515
22 88 0.994873
22 89 0.981890
22 90 0.310464
22 91 0.994873
22 92 0.883941
22 93 0.990903
22 94 0.996579
22 95 0.911627
22 96 0.972958
22 97 0.372722
22 98 0.989772
22 99 0.415919
23 0 0.994234
23 1 0.210224
23 2 0.999277
23 3 0.415919
23 4 0.971149
23 5 0.434867
23 6 0.946647
23 7 0.986386
23 8 0.803068
23 9 0.719662
23 10 0.172989
23 11 0.268234
23 12 0.932960
23 13 0.831064
23 14 0.029925
23 15 0.310464
23 16 0.848329
23 17 0.991363
23 18 0.268234
23 19 0.954792
23 20 0.189109
23 21 0.719662
23 22 0.990903
23 23 0.000000
23 24 0.995672
23 25 0.870414
23 26 0.458502
23 27 0.415919
23 28 0.921048
23 29 0.096388
23 30 0.995672
23 31 0.999037
23 32 0.984698
23 33 0.999940
23 34 0.989772
23 35 0.731785
23 36 0.870414
23 37 0.310464
23 38 0.883941
23 39 0.932960
23 40 0.992319
23 41 0.677128
23 42 0.781351
23 43 0.096388
23 44 0.673535
23 45 0.268234
23 46 0.210224
23 47 0.982801
23 48 0.517913
23 49 0.029925
23 50 0.988501
23 51 0.996152
23 52 0.831064
23 53 0.996579
23 54 0.921048
23 55 0.848329
23 56 0.690668
23 57 0.980672
23 58 0.791203
23 59 0.172989
23 60 0.998555
23 61 0.803068
23 62 0.644918
23 63 0.838911
23 64 0.995133
23 65 0.610510
23 66 0.372722
23 67 0.557193
23 68 0.803068
23 69 0.746454
23 70 0.961718
23 71 0.943131
23 72 0.372722
23 73 0.946647
23 74 0.999187
23 75 0.477022
23 76 0.994234
23 77 0.998172
23 78 0.434867
23 79 0.644918
23 80 0.610510
23 81 0.974313
23 82 0.172989
23 83 0.969629
23 84 0.138922
23 85 0.901145
23 86 0.999518
23 87 0.901145
23 88 0.268234
23 89 0.172989
23 90 0.848329
23 91 0.517913
23 92 0.415919
23 93 0.557193
23 94 0.965899
23 95 0.029925
23 96 0.993844
23 97 0.855444
23 98 0.268234
23 99 0.329464
24 0 0.999277
24 1 0.495294
24 2 0.940181
24 3 0.990289
24 4 0.210224
24 5 0.831065
24 6 0.997433
24 7 0.268234
24 8 0.071949
24 9 0.984698
24 10 0.924902
24 11 0.029925
24 12 0.005177
24 13 0.997113
24 14 0.979649
24 15 0.985469
24 16 0.990903
24 17 0.911627
24 18 0.990289
24 19 0.096388
24 20 0.210224
24 21 0.329464
24 22 0.998288
24 23 0.995672
24 24 0.000000
24 25 0.557193
24 26 0.991363
24 27 0.998555
24 28 0.415919
24 29 0.999910
24 30 0.949286
24 31 0.954792
24 32 0.940181
24 33 0.848329
24 34 0.997944
24 35 0.071949
24 36 0.210224
24 37 0.883941
24 38 0.172989
24 39 0.096388
24 40 0.972958
24 41 0.372722
24 42 0.268234
24 43 0.959712
24 44 0.781351
24 45 0.096388
24 46 0.999893
24 47 0.096388
24 48 0.029925
24 49 0.803068
24 50 0.227550
24 51 0.172989
24 52 0.999920
24 53 0.940181
24 54 0.415919
24 55 0.986386
24 56 0.932960
24 57 0.096388
24 58 0.977135
24 59 0.372722
24 60 0.172989
24 61 0.992319
24 62 0.781351
24 63 0.929503
24 64 0.979649
24 65 0.626001
24 66 0.994873
24 67 0.992319
24 68 0.415919
24 69 0.557193
24 70 0.996959
24 71 0.210224
24 72 0.096388
24 73 0.992708
24 74 0.969629
24 75 0.999593
24 76 0.997563
24 77 0.005177
24 78 0.138922
24 79 0.610510
24 80 0.138922
24 81 0.954792
24 82 0.971149
24 83 0.096388
24 84 0.997834
24 85 0.969629
24 86 0.310464
24 87 0.996152
24 88 0.998629
24 89 0.946647
24 90 0.415919
24 91 0.138922
24 92 0.210224
24 93 0.210224
24 94 0.870414
24 95 0.477022
24 96 0.310464
24 97 0.889496
24 98 0.644918
24 99 0.415919
25 0 0.434867
25 1 0.268234
25 2 0.286770
25 3 0.974313
25 4 0.268234
25 5 0.353553
25 6 0.998916
25 7 0.996753
25 8 0.848329
25 9 0.096388
25 10 0.189109
25 11 0.557193
25 12 0.870414
25 13 0.994234
25 14 0.929503
25 15 0.803068
25 16 0.071949
25 17 0.644918
25 18 0.051779
25 19 0.372722
25 20 0.108547
25 21 0.974313
25 22 0.959712
25 23 0.870414
25 24 0.557193
25 25 0.000000
25 26 0.372722
25 27 0.999679
25 28 0.172989
25 29 0.051779
25 30 0.994234
25 31 0.610510
25 32 0.988501
25 33 0.980672
25 34 0.096388
25 35 0.268234
25 36 0.757621
25 37 0.245316
25 38 0.458502
25 39 0.138922
25 40 0.731785
25 41 0.812062
25 42 0.946647
25 43 0.071949
25 44 0.946647
25 45 0.138922
25 46 0.889496
25 47 0.746454
25 48 0.096388
25 49 0.999037
25 50 0.731785
25 51 0.969629
25 52 0.029925
25 53 0.979649
25 54 0.644918
25 55 0.999593
25 56 0.372722
25 57 0.310464
25 58 0.310464
25 59 0.719662
25 60 0.988501
25 61 0.999037
25 62 0.690668
25 63 0.096388
25 64 0.982801
25 65 0.557193
25 66 0.848329
25 67 0.999679
25 68 0.999960
25 69 0.995672
25 70 0.310464
25 71 0.029925
25 72 0.268234
25 73 0.883941
25 74 0.921048
25 75 0.372722
25 76 0.096388
25 77 0.988501
25 78 0.855444
25 79 0.029925
25 80 0.997563
25 81 0.029925
25 82 0.781351
25 83 0.989082
25 84 0.812062
25 85 0.644918
25 86 0.987073
25 87 0.999983
25 88 0.993926
25 89 0.268234
25 90 0.415919
25 91 0.997433
25 92 0.690668
25 93 0.988501
25 94 0.870414
25 95 0.911627
25 96 0.731785
25 97 0.932960
25 98 0.071949
25 99 0.999857
26 0 0.984698
26 1 0.982801
26 2 0.986386
26 3 0.961719
26 4 0.227550
26 5 0.965899
26 6 0.719662
26 7 0.937084
26 8 0.517913
26 9 0.644918
26 10 0.757621
26 11 0.029925
26 12 0.820692
26 13 0.535509
26 14 0.986386
26 15 0.946647
26 16 0.310464
26 17 0.495294
26 18 0.994873
26 19 0.477022
26 20 0.993170
26 21 0.995672
26 22 0.677128
26 23 0.458502
26 24 0.991363
26 25 0.372722
26 26 0.000000
26 27 0.746454
26 28 0.477022
26 29 0.096388
26 30 0.971149
26 31 0.965899
26 32 0.940181
26 33 0.746454
26 34 0.822878
26 35 0.172989
26 36 0.138922
26 37 0.984698
26 38 0.992319
26 39 0.172989
26 40 0.310464
26 41 0.172989
26 42 0.071949
26 43 0.921048
26 44 0.310464
26 45 0.458502
26 46 0.999037
26 47 0.992319
26 48 0.812062
26 49 0.940181
26 50 0.994873
26 51 0.972958
26 52 0.172989
26 53 0.096388
26 54 0.719662
26 55 0.965899
26 56 0.993170
26 57 0.719662
26 58 0.961718
26 59 0.911627
26 60 0.172989
26 61 0.984698
26 62 0.096388
26 63 0.995672
26 64 0.573990
26 65 0.992319
26 66 0.517913
26 67 0.172989
26 68 0.954792
26 69 0.746454
26 70 0.096388
26 71 0.982801
26 72 0.791203
26 73 0.883941
26 74 0.999390
26 75 0.108547
26 76 0.998781
26 77 0.969629
26 78 0.989772
26 79 0.659444
26 80 0.831064
26 81 0.921048
26 82 0.310464
26 83 0.071949
26 84 0.990903
26 85 0.997718
26 86 0.974313
26 87 0.096388
26 88 0.172989
26 89 0.986386
26 90 0.108547
26 91 0.901145
26 92 0.172989
26 93 0.972958
26 94 0.610510
26 95 0.940181
26 96 0.996347
26 97 0.883941
26 98 0.172989
26 99 0.329464
27 0 0.831064
27 1 0.932960
27 2 0.986386
27 3 0.989772
27 4 0.969629
27 5 0.848329
27 6 0.138922
27 7 0.659444
27 8 0.993516
27 9 0.415919
27 10 0.011782
27 11 0.372722
27 12 0.911627
27 13 0.210224
27 14 0.998074
27 15 0.959712
27 16 0.310464
27 17 0.981890
27 18 0.993516
27 19 0.999187
27 20 0.517913
27 21 0.940181
27 22 0.677128
27 23 0.415919
27 24 0.998555
27 25 0.999679
27 26 0.746454
27 27 0.000000
27 28 0.757621
27 29 0.883941
27 30 0.644918
27 31 0.677128
27 32 0.096388
27 33 0.517913
27 34 0.848329
27 35 0.690668
27 36 0.991363
27 37 0.995672
27 38 0.035762
27 39 0.108547
27 40 0.051779
27 41 0.822878
27 42 0.848329
27 43 0.781351
27 44 0.310464
27 45 0.172989
27 46 0.210224
27 47 0.996152
27 48 0.932960
27 49 0.870414
27 50 0.757621
27 51 0.989082
