0 0 0.000000
0 1 0.778725
0 2 0.999768
0 3 0.071949
0 4 0.999711
0 5 0.999968
0 6 0.999928
0 7 0.999349
0 8 0.997530
0 9 0.108547
0 10 0.990780
0 11 0.999451
0 12 0.768376
0 13 0.637193
0 14 0.999995
0 15 0.987073
0 16 0.975272
0 17 0.988934
0 18 0.999948
0 19 0.153568
0 20 0.894801
0 21 0.999939
0 22 0.997363
0 23 0.999961
0 24 0.999999
0 25 0.974313
0 26 0.530967
0 27 0.035762
0 28 0.992215
0 29 0.997398
0 30 0.348574
0 31 0.082237
0 32 0.999695
0 33 0.999756
0 34 0.977134
0 35 0.999986
0 36 0.999996
0 37 0.082237
0 38 0.999992
0 39 0.999999
0 40 0.999878
0 41 0.999884
0 42 0.972225
0 43 0.329464
0 44 0.939390
0 45 0.986898
0 46 0.997804
0 47 0.999176
0 48 0.999997
0 49 0.999971
0 50 0.999978
0 51 0.082237
0 52 0.986898
0 53 0.999997
0 54 0.006763
0 55 0.329464
0 56 0.637194
0 57 0.005177
0 58 0.035762
0 59 0.938589
0 60 0.999908
0 61 0.999691
0 62 0.659444
0 63 0.005177
0 64 0.999479
0 65 0.970761
0 66 0.517913
0 67 0.876570
0 68 0.999995
0 69 0.000372
0 70 0.982569
0 71 0.999421
0 72 0.999073
0 73 0.999980
0 74 0.999992
0 75 0.999956
0 76 0.051779
0 77 0.029925
0 78 0.999995
0 79 0.993427
0 80 0.999995
0 81 0.305550
0 82 0.954189
0 83 0.999086
0 84 0.998902
0 85 0.002681
0 86 0.996298
0 87 0.329464
0 88 0.998843
0 89 0.970762
0 90 0.999652
0 91 0.999988
0 92 0.999725
0 93 0.812062
0 94 0.051779
0 95 0.894801
0 96 0.999024
0 97 0.999919
0 98 0.844504
0 99 0.971149
1 0 0.778725
1 1 0.000000
1 2 0.994076
1 3 0.999969
1 4 0.999998
1 5 0.391878
1 6 0.138922
1 7 0.324511
1 8 0.932077
1 9 0.535509
1 10 0.999972
1 11 0.999295
1 12 0.655709
1 13 0.998610
1 14 0.626001
1 15 0.999846
1 16 0.918970
1 17 0.606414
1 18 0.996485
1 19 0.999986
1 20 0.626001
1 21 0.999981
1 22 0.049729
1 23 0.552765
1 24 0.999966
1 25 0.999919
1 26 0.999897
1 27 0.019299
1 28 0.998172
1 29 0.051779
1 30 0.999998
1 31 0.973617
1 32 0.904700
1 33 0.743482
1 34 0.189109
1 35 0.987559
1 36 0.995316
1 37 0.998241
1 38 0.999995
1 39 0.999942
1 40 0.999996
1 41 0.998048
1 42 0.205798
1 43 0.051779
1 44 0.472230
1 45 0.731785
1 46 0.999024
1 47 0.998843
1 48 0.988345
1 49 0.999982
1 50 0.986202
1 51 0.000218
1 52 0.999904
1 53 0.002681
1 54 0.998536
1 55 0.998048
1 56 0.992215
1 57 0.391878
1 58 0.999996
1 59 0.999993
1 60 0.348574
1 61 0.410971
1 62 0.999997
1 63 0.082237
1 64 0.138922
1 65 0.683681
1 66 0.999964
1 67 0.999999
1 68 0.876571
1 69 0.935412
1 70 0.999931
1 71 0.998698
1 72 0.006763
1 73 0.923918
1 74 0.029925
1 75 0.029925
1 76 0.005177
1 77 0.997073
1 78 0.999305
1 79 0.019299
1 80 0.911627
1 81 0.019299
1 82 0.999743
1 83 0.999998
1 84 0.967167
1 85 0.999992
1 86 0.172989
1 87 0.999998
1 88 0.992609
1 89 0.999691
1 90 0.998375
1 91 0.019299
1 92 0.051779
1 93 0.999942
1 94 0.005177
1 95 0.999998
1 96 0.965442
1 97 0.999218
1 98 0.019299
1 99 0.945939
2 0 0.999768
2 1 0.994076
2 2 0.000000
2 3 0.999943
2 4 0.999504
2 5 0.994732
2 6 0.006763
2 7 0.982569
2 8 0.998241
2 9 0.051779
2 10 0.987559
2 11 0.999768
2 12 0.995066
2 13 0.812062
2 14 0.999768
2 15 0.999998
2 16 0.997530
2 17 0.998629
2 18 0.999305
2 19 0.023583
2 20 0.999997
2 21 0.999652
2 22 0.998048
2 23 0.999756
2 24 0.998698
2 25 0.999971
2 26 0.999382
2 27 0.954189
2 28 0.998610
2 29 0.781351
2 30 0.051779
2 31 0.999739
2 32 0.005177
2 33 0.999996
2 34 0.034173
2 35 0.999995
2 36 0.899866
2 37 0.434867
2 38 0.453650
2 39 0.019299
2 40 0.998265
2 41 0.999990
2 42 0.071949
2 43 0.263461
2 44 0.999998
2 45 0.019299
2 46 0.999983
2 47 0.995379
2 48 0.999382
2 49 0.996532
2 50 0.999768
2 51 0.227550
2 52 0.019299
2 53 0.985272
2 54 0.993427
2 55 0.999994
2 56 0.992983
2 57 0.987559
2 58 0.082237
2 59 0.991246
2 60 0.998764
2 61 0.991689
2 62 0.051779
2 63 0.999871
2 64 0.999711
2 65 0.927638
2 66 0.999971
2 67 0.071949
2 68 0.590401
2 69 0.999997
2 70 0.998048
2 71 0.993077
2 72 0.940181
2 73 0.932077
2 74 0.999982
2 75 0.999985
2 76 0.006763
2 77 0.998843
2 78 0.999954
2 79 0.998827
2 80 0.227550
2 81 0.999998
2 82 0.999959
2 83 0.820692
2 84 0.992708
2 85 0.999711
2 86 0.000372
2 87 0.998436
2 88 0.060180
2 89 0.999845
2 90 0.999999
2 91 0.999999
2 92 0.998902
2 93 0.002681
2 94 0.051779
2 95 0.999969
2 96 0.999413
2 97 0.999634
2 98 0.939390
2 99 0.999968
3 0 0.071949
3 1 0.999969
3 2 0.999943
3 3 0.000000
3 4 0.999983
3 5 0.999936
3 6 0.997073
3 7 0.994076
3 8 0.434867
3 9 0.997687
3 10 0.590401
3 11 0.999995
3 12 0.019299
3 13 0.060180
3 14 0.069412
3 15 0.011782
3 16 0.999073
3 17 0.082237
3 18 0.999609
3 19 0.051779
3 20 0.996347
3 21 0.019299
3 22 0.977693
3 23 0.992319
3 24 0.999902
3 25 0.005177
3 26 0.915921
3 27 0.999946
3 28 0.940181
3 29 0.970761
3 30 0.082237
3 31 0.029925
3 32 0.977990
3 33 0.999451
3 34 0.998353
3 35 0.999998
3 36 0.999443
3 37 0.999073
3 38 0.997916
3 39 0.996100
3 40 0.610510
3 41 0.988934
3 42 0.831064
3 43 0.999413
3 44 0.971149
3 45 0.999870
3 46 0.999995
3 47 0.999995
3 48 0.999512
3 49 0.999999
3 50 0.999588
3 51 0.999994
3 52 0.998353
3 53 0.999914
3 54 0.071949
3 55 0.904700
3 56 0.999588
3 57 0.999349
3 58 0.005177
3 59 0.071949
3 60 0.999845
3 61 0.945939
3 62 0.999999
3 63 0.999966
3 64 0.002681
3 65 0.019299
3 66 0.920015
3 67 0.999979
3 68 0.800669
3 69 0.517913
3 70 0.999998
3 71 0.999997
3 72 0.999917
3 73 0.996100
3 74 0.999990
3 75 0.069412
3 76 0.999999
3 77 0.108547
3 78 0.051779
3 79 0.372722
3 80 0.996875
3 81 0.999997
3 82 0.415919
3 83 0.999988
3 84 0.999993
3 85 0.023583
3 86 0.999923
3 87 0.993844
3 88 0.980411
3 89 0.999994
3 90 0.995066
3 91 0.029925
3 92 0.029925
3 93 0.495294
3 94 0.029925
3 95 0.973967
3 96 0.093361
3 97 0.999931
3 98 0.719662
3 99 0.969222
4 0 0.999711
4 1 0.999998
4 2 0.999504
4 3 0.999983
4 4 0.000000
4 5 0.992609
4 6 0.932076
4 7 0.999999
4 8 0.999794
4 9 0.993760
4 10 0.713187
4 11 0.987725
4 12 0.999614
4 13 0.932077
4 14 0.495294
4 15 0.991246
4 16 0.569659
4 17 0.997074
4 18 0.809759
4 19 0.893445
4 20 0.999931
4 21 0.999817
4 22 0.268234
4 23 0.019299
4 24 0.894801
4 25 0.108547
4 26 0.477022
4 27 0.999993
4 28 0.973968
4 29 0.029925
4 30 0.986202
4 31 0.108547
4 32 0.999999
4 33 0.999908
4 34 0.999954
4 35 0.997804
4 36 0.998957
4 37 0.093360
4 38 0.245316
4 39 0.999725
4 40 0.996100
4 41 0.014763
4 42 0.987559
4 43 0.029925
4 44 0.923918
4 45 0.019299
4 46 0.998781
4 47 0.973967
4 48 0.999268
4 49 0.963627
4 50 0.999956
4 51 0.999451
4 52 0.005177
4 53 0.999986
4 54 0.999999
4 55 0.029925
4 56 0.205798
4 57 0.999845
4 58 0.042353
4 59 0.998681
4 60 0.994803
4 61 0.019299
4 62 0.970762
4 63 0.999739
4 64 0.999994
4 65 0.153568
4 66 0.987725
4 67 0.957038
4 68 0.029925
4 69 0.967167
4 70 0.901145
4 71 0.071949
4 72 0.999987
4 73 0.961207
4 74 0.999984
4 75 0.982333
4 76 0.051779
4 77 0.999725
4 78 0.227550
4 79 0.994451
4 80 0.998764
4 81 0.999969
4 82 0.998698
4 83 0.999817
4 84 0.791202
4 85 0.189109
4 86 0.990780
4 87 0.998048
4 88 0.999817
4 89 0.901145
4 90 0.999998
4 91 0.999536
4 92 0.985469
4 93 0.998048
4 94 0.999132
4 95 0.999995
4 96 0.999807
4 97 0.979374
4 98 0.977990
4 99 0.939390
5 0 0.999968
5 1 0.391878
5 2 0.994732
5 3 0.999936
5 4 0.992609
5 5 0.000000
5 6 0.999935
5 7 0.999949
5 8 0.998048
5 9 0.999998
5 10 0.071949
5 11 0.999228
5 12 0.993077
5 13 0.023583
5 14 0.999999
5 15 0.999614
5 16 0.999588
5 17 0.622015
5 18 0.999451
5 19 0.975602
5 20 0.939390
5 21 0.008716
5 22 0.999998
5 23 0.434867
5 24 0.910477
5 25 0.997563
5 26 0.060180
5 27 0.997398
5 28 0.999855
5 29 0.029925
5 30 0.999743
5 31 0.999891
5 32 0.994732
5 33 0.999989
5 34 0.945939
5 35 0.011782
5 36 0.719662
5 37 0.924902
5 38 0.005177
5 39 0.999998
5 40 0.096388
5 41 0.990158
5 42 0.812062
5 43 0.410971
5 44 0.999961
5 45 0.108547
5 46 0.999674
5 47 0.999897
5 48 0.703771
5 49 0.019299
5 50 0.997530
5 51 0.986898
5 52 0.029925
5 53 0.999218
5 54 0.999989
5 55 0.999305
5 56 0.071949
5 57 0.189109
5 58 0.979374
5 59 0.999989
5 60 0.995613
5 61 0.999976
5 62 0.999913
5 63 0.951157
5 64 0.848329
5 65 0.909313
5 66 0.999961
5 67 0.999780
5 68 0.999961
5 69 0.914824
5 70 0.999923
5 71 0.172989
5 72 0.999897
5 73 0.999994
5 74 0.999382
5 75 0.996532
5 76 0.958625
5 77 0.999512
5 78 0.999974
5 79 0.999783
5 80 0.999176
5 81 0.994803
5 82 0.977990
5 83 0.993427
5 84 0.989082
5 85 0.999794
5 86 0.932077
5 87 0.992319
5 88 0.029925
5 89 0.999923
5 90 0.985272
5 91 0.963626
5 92 0.894801
5 93 0.999609
5 94 0.995316
5 95 0.999961
5 96 0.846427
5 97 0.993844
5 98 0.996753
5 99 0.995836
6 0 0.999928
6 1 0.138922
6 2 0.006763
6 3 0.997073
6 4 0.932076
6 5 0.999935
6 6 0.000000
6 7 0.844504
6 8 0.999995
6 9 0.029925
6 10 0.999421
6 11 0.999995
6 12 0.986202
6 13 0.999945
6 14 0.610510
6 15 0.999845
6 16 0.961207
6 17 0.999804
6 18 0.999993
6 19 0.999674
6 20 0.975273
6 21 0.991246
6 22 0.989493
6 23 0.876570
6 24 0.999995
6 25 0.998147
6 26 0.051779
6 27 0.028526
6 28 0.019299
6 29 0.999969
6 30 0.245316
6 31 0.998375
6 32 0.998971
6 33 0.999653
6 34 0.999996
6 35 0.999486
6 36 0.754757
6 37 0.999566
6 38 0.999314
6 39 0.988345
6 40 0.967602
6 41 0.981397
6 42 0.227550
6 43 0.999512
6 44 0.995836
6 45 0.042353
6 46 0.286770
6 47 0.999783
6 48 0.998048
6 49 0.071949
6 50 0.828969
6 51 0.986898
6 52 0.999756
6 53 0.999992
6 54 0.108547
6 55 0.999956
6 56 0.999919
6 57 0.071949
6 58 0.999886
6 59 0.019299
6 60 0.002681
6 61 0.959174
6 62 0.855444
6 63 0.999966
6 64 0.996100
6 65 0.942378
6 66 0.035762
6 67 0.138922
6 68 0.999652
6 69 0.999780
6 70 0.071949
6 71 0.986898
6 72 0.999566
6 73 0.240658
6 74 0.096388
6 75 0.999997
6 76 0.071949
6 77 0.992609
6 78 0.999983
6 79 0.951799
6 80 0.999995
6 81 0.991246
6 82 0.999999
6 83 0.978283
6 84 0.999588
6 85 0.961206
6 86 0.082237
6 87 0.999634
6 88 0.019299
6 89 0.268234
6 90 0.978283
6 91 0.999946
6 92 0.029925
6 93 0.998765
6 94 0.999948
6 95 0.986202
6 96 0.999966
6 97 0.071949
6 98 0.998764
6 99 0.999995
7 0 0.999349
7 1 0.324511
7 2 0.982569
7 3 0.994076
7 4 0.999999
7 5 0.999949
7 6 0.844504
7 7 0.000000
7 8 0.997363
7 9 0.999998
7 10 0.924902
7 11 0.391878
7 12 0.263461
7 13 0.992983
7 14 0.981645
7 15 0.997687
7 16 0.982801
7 17 0.329464
7 18 0.915921
7 19 0.965441
7 20 0.205798
7 21 0.029925
7 22 0.410971
7 23 0.998457
7 24 0.998436
7 25 0.977990
7 26 0.029925
7 27 0.977990
7 28 0.999711
7 29 0.410971
7 30 0.071949
7 31 0.051779
7 32 0.999382
7 33 0.051779
7 34 0.999892
7 35 0.999512
7 36 0.998265
7 37 0.999917
7 38 0.999997
7 39 0.838911
7 40 0.999995
7 41 0.019299
7 42 0.999964
7 43 0.999451
7 44 0.096388
7 45 0.002681
7 46 0.998457
7 47 0.998764
7 48 0.999536
7 49 0.029925
7 50 0.999413
7 51 0.999657
7 52 0.108547
7 53 0.999996
7 54 0.997804
7 55 0.552765
7 56 0.999998
7 57 0.999817
7 58 0.888076
7 59 0.530967
7 60 0.999675
7 61 0.999998
7 62 0.997804
7 63 0.023583
7 64 0.997363
7 65 0.990157
7 66 0.999998
7 67 0.999863
7 68 0.622012
7 69 0.995066
7 70 0.886638
7 71 0.434867
7 72 0.757621
7 73 0.999995
7 74 0.999998
7 75 0.005177
7 76 0.999966
7 77 0.999996
7 78 0.051779
7 79 0.994733
7 80 0.996100
7 81 0.998536
7 82 0.999946
7 83 0.023583
7 84 0.999853
7 85 0.990655
7 86 0.991800
7 87 0.998764
7 88 0.006763
7 89 0.996874
7 90 0.999687
7 91 0.999974
7 92 0.980411
7 93 0.997073
7 94 0.998241
7 95 0.999807
7 96 0.372722
7 97 0.995613
7 98 0.999986
7 99 0.999923
8 0 0.997530
8 1 0.932077
8 2 0.998241
8 3 0.434867
8 4 0.999794
8 5 0.998048
8 6 0.999995
8 7 0.997363
8 8 0.000000
8 9 0.006763
8 10 0.999954
8 11 0.999878
8 12 0.991689
8 13 0.982569
8 14 0.029925
8 15 0.205798
8 16 0.108547
8 17 0.999794
8 18 0.998353
8 19 0.716439
8 20 0.240658
8 21 0.992609
8 22 0.999942
8 23 0.999991
8 24 0.998971
8 25 0.996100
8 26 0.051779
8 27 0.999954
8 28 0.989082
8 29 0.071949
8 30 0.998957
8 31 0.999991
8 32 0.999946
8 33 0.798244
8 34 0.999826
8 35 0.993427
8 36 0.205798
8 37 0.999451
8 38 0.477022
8 39 0.999980
8 40 0.999996
8 41 0.972594
8 42 0.999593
8 43 0.868768
8 44 0.999994
8 45 0.999942
8 46 0.999652
8 47 0.999984
8 48 0.071949
8 49 0.993077
8 50 0.999954
8 51 0.999949
8 52 0.005177
8 53 0.999268
8 54 0.932077
8 55 0.999674
8 56 0.189109
8 57 0.019299
8 58 0.999946
8 59 0.006763
8 60 0.019299
8 61 0.999939
8 62 0.778725
8 63 0.391878
8 64 0.998698
8 65 0.999913
8 66 0.999998
8 67 0.329464
8 68 0.019299
8 69 0.051779
8 70 0.999382
8 71 0.809759
8 72 0.999994
8 73 0.999919
8 74 0.838911
8 75 0.108547
8 76 0.626001
8 77 0.996047
8 78 0.993077
8 79 0.999588
8 80 0.999987
8 81 0.096388
8 82 0.999952
8 83 0.005177
8 84 0.999268
8 85 0.997804
8 86 0.998971
8 87 0.999942
8 88 0.998629
8 89 0.998147
8 90 0.994155
8 91 0.011782
8 92 0.998698
8 93 0.999817
8 94 0.999609
8 95 0.999382
8 96 0.838911
8 97 0.999999
8 98 0.999451
8 99 0.999891
9 0 0.108547
9 1 0.535509
9 2 0.051779
9 3 0.997687
9 4 0.993760
9 5 0.999998
9 6 0.029925
9 7 0.999998
9 8 0.006763
9 9 0.000000
9 10 0.986898
9 11 0.999634
9 12 0.911627
9 13 0.998971
9 14 0.998827
9 15 0.990780
9 16 0.535509
9 17 0.138922
9 18 0.999268
9 19 0.994803
9 20 0.743482
9 21 0.999988
9 22 0.999935
9 23 0.999985
9 24 0.998629
9 25 0.999928
9 26 0.990655
9 27 0.014763
9 28 0.961206
9 29 0.997398
9 30 0.999739
9 31 0.974313
9 32 0.687190
9 33 0.999807
9 34 0.997774
9 35 0.019299
9 36 0.862254
9 37 0.999998
9 38 0.920015
9 39 0.999996
9 40 0.915921
9 41 0.019299
9 42 0.005177
9 43 0.976826
9 44 0.999992
9 45 0.958628
9 46 0.998536
9 47 0.999999
9 48 0.915921
9 49 0.999997
9 50 0.999305
9 51 0.923918
9 52 0.999902
9 53 0.999884
9 54 0.069412
9 55 0.993427
9 56 0.999870
9 57 0.920015
9 58 0.998764
9 59 0.991246
9 60 0.994452
9 61 0.029925
9 62 0.051779
9 63 0.573990
9 64 0.014763
9 65 0.996708
9 66 0.999413
9 67 0.998353
9 68 0.999176
9 69 0.945939
9 70 0.367737
9 71 0.999997
9 72 0.028526
9 73 0.329464
9 74 0.999652
9 75 0.999897
9 76 0.999086
9 77 0.998353
9 78 0.999923
9 79 0.994452
9 80 0.980411
9 81 0.870414
9 82 0.998048
9 83 0.923918
9 84 0.999998
9 85 0.999614
9 86 0.999305
9 87 0.999588
9 88 0.998827
9 89 0.999998
9 90 0.781351
9 91 0.999968
9 92 0.434867
9 93 0.999997
9 94 0.999998
9 95 0.999998
9 96 0.286770
9 97 0.920015
9 98 0.996875
9 99 0.999024
10 0 0.990780
10 1 0.999972
10 2 0.987559
10 3 0.590401
10 4 0.713187
10 5 0.071949
10 6 0.999421
10 7 0.924902
10 8 0.999954
10 9 0.986898
10 10 0.000000
10 11 0.011782
10 12 0.999878
10 13 0.999855
10 14 0.972225
10 15 0.999023
10 16 0.939390
10 17 0.060180
10 18 0.999382
10 19 0.300645
10 20 0.996708
10 21 0.999855
10 22 0.029925
10 23 0.967167
10 24 0.987559
10 25 0.975602
10 26 0.967167
10 27 0.939390
10 28 0.410971
10 29 0.999975
10 30 0.391878
10 31 0.993077
10 32 0.999995
10 33 0.999853
10 34 0.051779
10 35 0.019299
10 36 0.690668
10 37 0.999413
10 38 0.999382
10 39 0.999884
10 40 0.138922
10 41 0.429954
10 42 0.999768
10 43 0.997530
10 44 0.883941
10 45 0.034173
10 46 0.690668
10 47 0.999998
10 48 0.999969
10 49 0.999931
10 50 0.096388
10 51 0.999010
10 52 0.999725
10 53 0.040565
10 54 0.996917
10 55 0.999996
10 56 0.999479
10 57 0.999990
10 58 0.029925
10 59 0.998122
10 60 0.227550
10 61 0.999691
10 62 0.999566
10 63 0.982801
10 64 0.999165
10 65 0.998971
10 66 0.644918
10 67 0.999988
10 68 0.980411
10 69 0.999951
10 70 0.978283
10 71 0.042353
10 72 0.348574
10 73 0.986202
10 74 0.999826
10 75 0.329464
10 76 0.967602
10 77 0.999999
10 78 0.999927
10 79 0.999863
10 80 0.999953
10 81 0.035762
10 82 0.999990
10 83 0.990780
10 84 0.999963
10 85 0.997916
10 86 0.985272
10 87 0.035762
10 88 0.999913
10 89 0.999132
10 90 0.391878
10 91 0.997259
10 92 0.969222
10 93 0.348574
10 94 0.999826
10 95 0.998843
10 96 0.995066
10 97 0.391878
10 98 0.011782
10 99 0.329464
11 0 0.999451
11 1 0.999295
11 2 0.999768
11 3 0.999995
11 4 0.987725
11 5 0.999228
11 6 0.999995
11 7 0.391878
11 8 0.999878
11 9 0.999634
11 10 0.011782
11 11 0.000000
11 12 0.011782
11 13 0.994803
11 14 0.042353
11 15 0.999942
11 16 0.999992
11 17 0.687190
11 18 0.997398
11 19 0.999997
11 20 0.963627
11 21 0.993077
11 22 0.999817
11 23 0.997944
11 24 0.999897
11 25 0.994451
11 26 0.071949
11 27 0.994451
11 28 0.999983
11 29 0.998971
11 30 0.992609
11 31 0.988345
11 32 0.999485
11 33 0.999314
11 34 0.329464
11 35 0.029925
11 36 0.082237
11 37 0.005177
11 38 0.999691
11 39 0.976826
11 40 0.996100
11 41 0.991246
11 42 0.014763
11 43 0.999073
11 44 0.999969
11 45 0.999817
11 46 0.980672
11 47 0.995066
11 48 0.999995
11 49 0.994803
11 50 0.999980
11 51 0.622014
11 52 0.082237
11 53 0.999935
11 54 0.995067
11 55 0.999939
11 56 0.999997
11 57 0.999996
11 58 0.719662
11 59 0.999826
11 60 0.999870
11 61 0.998048
11 62 0.071949
11 63 0.999794
11 64 0.936253
11 65 0.999996
11 66 0.999987
11 67 0.999817
11 68 0.082237
11 69 0.999073
11 70 0.153568
11 71 0.846427
11 72 0.999997
11 73 0.305550
11 74 0.372722
11 75 0.998436
11 76 0.999884
11 77 0.997074
11 78 0.999768
11 79 0.263461
11 80 0.993760
11 81 0.999998
11 82 0.999768
11 83 0.999998
11 84 0.989493
11 85 0.981645
11 86 0.999998
11 87 0.874997
11 88 0.997804
11 89 0.999967
11 90 0.998609
11 91 0.999837
11 92 0.999421
11 93 0.263461
11 94 0.051779
11 95 0.999939
11 96 0.920015
11 97 0.051779
11 98 0.205798
11 99 0.035762
12 0 0.768376
12 1 0.655709
12 2 0.995066
12 3 0.019299
12 4 0.999614
12 5 0.993077
12 6 0.986202
12 7 0.263461
12 8 0.991689
12 9 0.911627
12 10 0.999878
12 11 0.011782
12 12 0.000000
12 13 0.999886
12 14 0.876570
12 15 0.956464
12 16 0.035762
12 17 0.999804
12 18 0.994155
12 19 0.999997
12 20 0.223000
12 21 0.999948
12 22 0.999964
12 23 0.029925
12 24 0.019299
12 25 0.999974
12 26 0.999176
12 27 0.716439
12 28 0.019299
12 29 0.945939
12 30 0.999756
12 31 0.992708
12 32 0.999725
12 33 0.986202
12 34 0.798244
12 35 0.999780
12 36 0.998827
12 37 0.108547
12 38 0.997222
12 39 0.227550
12 40 0.986202
12 41 0.999845
12 42 0.999268
12 43 0.997944
12 44 0.981393
12 45 0.997944
12 46 0.999566
12 47 0.999691
12 48 0.996100
12 49 0.999954
12 50 0.999919
12 51 0.590401
12 52 0.995554
12 53 0.999691
12 54 0.992983
12 55 0.999990
12 56 0.924902
12 57 0.082237
12 58 0.477022
12 59 0.868767
12 60 0.019299
12 61 0.999998
12 62 0.999995
12 63 0.986898
12 64 0.997834
12 65 0.019299
12 66 0.999985
12 67 0.991689
12 68 0.999994
12 69 0.019299
12 70 0.992215
12 71 0.999989
12 72 0.963627
12 73 0.998048
12 74 0.999609
12 75 0.189109
12 76 0.006763
12 77 0.889496
12 78 0.993428
12 79 0.687190
12 80 0.994526
12 81 0.999845
12 82 0.991246
12 83 0.999942
12 84 0.005177
12 85 0.453650
12 86 0.998353
12 87 0.999998
12 88 0.999941
12 89 0.227550
12 90 0.979095
12 91 0.999870
12 92 0.999971
12 93 0.996485
12 94 0.999891
12 95 0.999998
12 96 0.999997
12 97 0.999973
12 98 0.999964
12 99 0.286770
13 0 0.637193
13 1 0.998610
13 2 0.812062
13 3 0.060180
13 4 0.932077
13 5 0.023583
13 6 0.999945
13 7 0.992983
13 8 0.982569
13 9 0.998971
13 10 0.999855
13 11 0.994803
13 12 0.999886
13 13 0.000000
13 14 0.999992
13 15 0.997222
13 16 0.998536
13 17 0.641070
13 18 0.999923
13 19 0.999971
13 20 0.999486
13 21 0.945939
13 22 0.889496
13 23 0.999845
13 24 0.998610
13 25 0.999990
13 26 0.999132
13 27 0.999998
13 28 0.988345
13 29 0.999952
13 30 0.999657
13 31 0.999996
13 32 0.965441
13 33 0.846427
13 34 0.999971
13 35 0.996917
13 36 0.992319
13 37 0.985469
13 38 0.998610
13 39 0.976826
13 40 0.971149
13 41 0.372722
13 42 0.791202
13 43 0.974313
13 44 0.999566
13 45 0.997916
13 46 0.999986
13 47 0.999588
13 48 0.998901
13 49 0.997398
13 50 0.996752
13 51 0.998827
13 52 0.998610
13 53 0.997530
13 54 0.999258
13 55 0.999674
13 56 0.999956
13 57 0.005177
13 58 0.703771
13 59 0.980672
13 60 0.998536
13 61 0.999768
13 62 0.973967
13 63 0.924902
13 64 0.949286
13 65 0.035762
13 66 0.535509
13 67 0.999935
13 68 0.988345
13 69 0.999964
13 70 0.999878
13 71 0.391878
13 72 0.121504
13 73 0.999959
13 74 0.999588
13 75 0.655709
13 76 0.051779
13 77 0.974313
13 78 0.999990
13 79 0.997222
13 80 0.999969
13 81 0.999966
13 82 0.410971
13 83 0.606413
13 84 0.991246
13 85 0.998843
13 86 0.999998
13 87 0.999961
13 88 0.329464
13 89 0.019299
13 90 0.999780
13 91 0.948613
13 92 0.999739
13 93 0.998843
13 94 0.002681
13 95 0.999991
13 96 0.999994
13 97 0.728674
13 98 0.899866
13 99 0.999725
14 0 0.999995
14 1 0.626001
14 2 0.999768
14 3 0.069412
14 4 0.495294
14 5 0.999999
14 6 0.610510
14 7 0.981645
14 8 0.029925
14 9 0.998827
14 10 0.972225
14 11 0.042353
14 12 0.876570
14 13 0.999992
14 14 0.000000
14 15 0.999974
14 16 0.172989
14 17 0.874994
14 18 0.998698
14 19 0.999566
14 20 0.999997
14 21 0.071949
14 22 0.999768
14 23 0.189109
14 24 0.029925
14 25 0.719662
14 26 0.914824
14 27 0.999997
14 28 0.999997
14 29 0.988345
14 30 0.999258
14 31 0.060180
14 32 0.006763
14 33 0.860513
14 34 0.999783
14 35 0.495294
14 36 0.983447
14 37 0.920015
14 38 0.999993
14 39 0.391878
14 40 0.999997
14 41 0.995892
14 42 0.227550
14 43 0.992215
14 44 0.910477
14 45 0.999998
14 46 0.082237
14 47 0.999382
14 48 0.999998
14 49 0.999886
14 50 0.999902
14 51 0.990157
14 52 0.138922
14 53 0.999794
14 54 0.967167
14 55 0.999983
14 56 0.060180
14 57 0.305549
14 58 0.984491
14 59 0.999998
14 60 0.999959
14 61 0.942378
14 62 0.999942
14 63 0.999826
14 64 0.999978
14 65 0.910477
14 66 0.999870
14 67 0.135231
14 68 0.281925
14 69 0.997944
14 70 0.999382
14 71 0.998147
14 72 0.999989
14 73 0.999995
14 74 0.976826
14 75 0.999994
14 76 0.995836
14 77 0.939391
14 78 0.999966
14 79 0.999997
14 80 0.029925
14 81 0.999998
14 82 0.108547
14 83 0.071949
14 84 0.988345
14 85 0.910477
14 86 0.975272
14 87 0.655709
14 88 0.153568
14 89 0.168897
14 90 0.999560
14 91 0.060180
14 92 0.990780
14 93 0.999024
14 94 0.999518
14 95 0.980411
14 96 0.978283
14 97 0.999998
14 98 0.153568
14 99 0.987559
15 0 0.987073
15 1 0.999846
15 2 0.999998
15 3 0.011782
15 4 0.991246
15 5 0.999614
15 6 0.999845
15 7 0.997687
15 8 0.205798
15 9 0.990780
15 10 0.999023
15 11 0.999942
15 12 0.956464
15 13 0.997222
15 14 0.999974
15 15 0.000000
15 16 0.959174
15 17 0.999923
15 18 0.703771
15 19 0.999997
15 20 0.999897
15 21 0.999536
15 22 0.999998
15 23 0.999382
15 24 0.993844
15 25 0.990157
15 26 0.051779
15 27 0.716439
15 28 0.051779
15 29 0.996485
15 30 0.999996
15 31 0.999978
15 32 0.999998
15 33 0.999955
15 34 0.205798
15 35 0.305549
15 36 0.963140
15 37 0.517913
15 38 0.998048
15 39 0.999817
15 40 0.870414
15 41 0.963141
15 42 0.998147
15 43 0.999870
15 44 0.846427
15 45 0.029925
15 46 0.999977
15 47 0.999997
15 48 0.855444
15 49 0.995613
15 50 0.014763
15 51 0.998265
15 52 0.999996
15 53 0.573990
15 54 0.071949
15 55 0.982569
15 56 0.778726
15 57 0.999997
15 58 0.997656
15 59 0.855444
15 60 0.995613
15 61 0.997687
15 62 0.905921
15 63 0.996875
15 64 0.999995
15 65 0.999963
15 66 0.029925
15 67 0.999817
15 68 0.121504
15 69 0.005177
15 70 0.999871
15 71 0.999829
15 72 0.882454
15 73 0.999756
15 74 0.999996
15 75 0.477022
15 76 0.002681
15 77 0.071949
15 78 0.005177
15 79 0.998827
15 80 0.981397
15 81 0.994451
15 82 0.993428
15 83 0.019299
15 84 0.999989
15 85 0.227550
15 86 0.996708
15 87 0.994526
15 88 0.999998
15 89 0.999943
15 90 0.988934
15 91 0.999992
15 92 0.999997
15 93 0.754758
15 94 0.999986
15 95 0.996298
15 96 0.791202
15 97 0.999871
15 98 0.329464
15 99 0.999995
16 0 0.975272
16 1 0.918970
16 2 0.997530
16 3 0.999073
16 4 0.569659
16 5 0.999588
16 6 0.961207
16 7 0.982801
16 8 0.108547
16 9 0.535509
16 10 0.939390
16 11 0.999992
16 12 0.035762
16 13 0.998536
16 14 0.172989
16 15 0.959174
16 16 0.000000
16 17 0.994076
16 18 0.999073
16 19 0.999999
16 20 0.019299
16 21 0.984491
16 22 0.999314
16 23 0.999817
16 24 0.965441
16 25 0.999991
16 26 0.035762
16 27 0.995892
16 28 0.003622
16 29 0.999855
16 30 0.965441
16 31 0.060180
16 32 0.071949
16 33 0.999999
16 34 0.172989
16 35 0.979374
16 36 0.999966
16 37 0.999998
16 38 0.999314
16 39 0.999999
16 40 0.999390
16 41 0.999994
16 42 0.998536
16 43 0.051779
16 44 0.999956
16 45 0.281925
16 46 0.999725
16 47 0.993077
16 48 0.999073
16 49 0.999998
16 50 0.818482
16 51 0.999536
16 52 0.999995
16 53 0.999998
16 54 0.957037
16 55 0.992109
16 56 0.999990
16 57 0.997073
16 58 0.029925
16 59 0.984281
16 60 0.945939
16 61 0.999999
16 62 0.999588
16 63 0.999977
16 64 0.969221
16 65 0.980412
16 66 0.986202
16 67 0.754757
16 68 0.391878
16 69 0.985272
16 70 0.000372
16 71 0.029925
16 72 0.999954
16 73 0.999349
16 74 0.082237
16 75 0.999995
16 76 0.980672
16 77 0.999725
16 78 0.495294
16 79 0.391878
16 80 0.590401
16 81 0.999995
16 82 0.121504
16 83 0.999954
16 84 0.999942
16 85 0.999939
16 86 0.029925
16 87 0.992215
16 88 0.999996
16 89 0.999983
16 90 0.999691
16 91 0.011782
16 92 0.809759
16 93 0.997915
16 94 0.986202
16 95 0.999707
16 96 0.996709
16 97 0.019299
16 98 0.989633
16 99 0.003622
17 0 0.988934
17 1 0.606414
17 2 0.998629
17 3 0.082237
17 4 0.997074
17 5 0.622015
17 6 0.999804
17 7 0.329464
17 8 0.999794
17 9 0.138922
17 10 0.060180
17 11 0.687190
17 12 0.999804
17 13 0.641070
17 14 0.874994
17 15 0.999923
17 16 0.994076
17 17 0.000000
17 18 0.172989
17 19 0.999939
17 20 0.999991
17 21 0.876570
17 22 0.998765
17 23 0.999633
17 24 0.998353
17 25 0.367737
17 26 0.035762
17 27 0.996298
17 28 0.943131
17 29 0.999991
17 30 0.029925
17 31 0.286770
17 32 0.001279
17 33 0.367737
17 34 0.991127
17 35 0.999512
17 36 0.935412
17 37 0.999991
17 38 0.976826
17 39 0.082237
17 40 0.999998
17 41 0.914824
17 42 0.999978
17 43 0.071949
17 44 0.791202
17 45 0.372722
17 46 0.153568
17 47 0.991800
17 48 0.999897
17 49 0.958629
17 50 0.999024
17 51 0.019299
17 52 0.995066
17 53 0.973967
17 54 0.992609
17 55 0.999985
17 56 0.999974
17 57 0.999804
17 58 0.999908
17 59 0.901145
17 60 0.997073
17 61 0.911627
17 62 0.999566
17 63 0.999695
17 64 0.535509
17 65 0.998764
17 66 0.920015
17 67 0.999999
17 68 0.993760
17 69 0.622015
17 70 0.641070
17 71 0.999010
17 72 0.988934
17 73 0.828969
17 74 0.999964
17 75 0.880950
17 76 0.999908
17 77 0.042353
17 78 0.997073
17 79 0.994732
17 80 0.999614
17 81 0.999983
17 82 0.995836
17 83 0.991800
17 84 0.983668
17 85 0.999837
17 86 0.951799
17 87 0.999783
17 88 0.071949
17 89 0.999966
17 90 0.743482
17 91 0.999978
17 92 0.954792
17 93 0.051779
17 94 0.999997
17 95 0.920015
17 96 0.999998
17 97 0.999999
17 98 0.993077
17 99 0.999942
18 0 0.999948
18 1 0.996485
18 2 0.999305
18 3 0.999609
18 4 0.809759
18 5 0.999451
18 6 0.999993
18 7 0.915921
18 8 0.998353
18 9 0.999268
18 10 0.999382
18 11 0.997398
18 12 0.994155
18 13 0.999923
18 14 0.998698
18 15 0.703771
18 16 0.999073
18 17 0.172989
18 18 0.000000
18 19 0.973967
18 20 0.988345
18 21 0.800668
18 22 0.999691
18 23 0.973967
18 24 0.999891
18 25 0.029925
18 26 0.999998
18 27 0.999998
18 28 0.999725
18 29 0.999817
18 30 0.005177
18 31 0.999998
18 32 0.991246
18 33 0.997687
18 34 0.999023
18 35 0.029925
18 36 0.996532
18 37 0.828969
18 38 0.019299
18 39 0.069412
18 40 0.999981
18 41 0.936253
18 42 0.999990
18 43 0.703771
18 44 0.999999
18 45 0.836903
18 46 0.976826
18 47 0.700408
18 48 0.019299
18 49 0.995613
18 50 0.999695
18 51 0.999768
18 52 0.999964
18 53 0.995065
18 54 0.999305
18 55 0.029925
18 56 0.999998
18 57 0.999837
18 58 0.963139
18 59 0.976826
18 60 0.999891
18 61 0.999855
18 62 0.999971
18 63 0.999931
18 64 0.963627
18 65 0.135231
18 66 0.997363
18 67 0.999817
18 68 0.999994
18 69 0.367737
18 70 0.999863
18 71 0.999998
18 72 0.999984
18 73 0.996347
18 74 0.999931
18 75 0.940181
18 76 0.071949
18 77 0.951799
18 78 0.987559
18 79 0.997916
18 80 0.999957
18 81 0.999691
18 82 0.993427
18 83 0.986898
18 84 0.610510
18 85 0.932960
18 86 0.051779
18 87 0.999479
18 88 0.138922
18 89 0.999932
18 90 0.019299
18 91 0.998353
18 92 0.245316
18 93 0.998438
18 94 0.957037
18 95 0.961718
18 96 0.999998
18 97 0.994803
18 98 0.263461
18 99 0.991800
19 0 0.153568
19 1 0.999986
19 2 0.023583
19 3 0.051779
19 4 0.893445
19 5 0.975602
19 6 0.999674
19 7 0.965441
19 8 0.716439
19 9 0.994803
19 10 0.300645
19 11 0.999997
19 12 0.999997
19 13 0.999971
19 14 0.999566
19 15 0.999997
19 16 0.999999
19 17 0.999939
19 18 0.973967
19 19 0.000000
19 20 0.939389
19 21 0.999990
19 22 0.035762
19 23 0.932960
19 24 0.071949
19 25 0.999904
19 26 0.963627
19 27 0.948613
19 28 0.999998
19 29 0.999132
19 30 0.189109
19 31 0.673535
19 32 0.999966
19 33 0.990289
19 34 0.051779
19 35 0.972225
19 36 0.051779
19 37 0.993077
19 38 0.999988
19 39 0.999961
19 40 0.965441
19 41 0.999997
19 42 0.999969
19 43 0.999969
19 44 0.997034
19 45 0.093360
19 46 0.999023
19 47 0.997259
19 48 0.998610
19 49 0.999994
19 50 0.970761
19 51 0.999961
19 52 0.999132
19 53 0.999989
19 54 0.626001
19 55 0.999674
19 56 0.573990
19 57 0.967602
19 58 0.999998
19 59 0.990780
19 60 0.997073
19 61 0.999305
19 62 0.999512
19 63 0.961205
19 64 0.997687
19 65 0.932077
19 66 0.959174
19 67 0.991689
19 68 0.954189
19 69 0.999674
19 70 0.971149
19 71 0.995613
19 72 0.997222
19 73 0.999674
19 74 0.005177
19 75 0.999992
19 76 0.108547
19 77 0.071949
19 78 0.011782
19 79 0.999997
19 80 0.029925
19 81 0.982801
19 82 0.991246
19 83 0.999863
19 84 0.019299
19 85 0.286770
19 86 0.999998
19 87 0.999997
19 88 0.999794
19 89 0.999176
19 90 0.999566
19 91 0.994732
19 92 0.999991
19 93 0.893445
19 94 0.029925
19 95 0.999871
19 96 0.096388
19 97 0.019299
19 98 0.999998
19 99 0.999268
20 0 0.894801
20 1 0.626001
20 2 0.999997
20 3 0.996347
20 4 0.999931
20 5 0.939390
20 6 0.975273
20 7 0.205798
20 8 0.240658
20 9 0.743482
20 10 0.996708
20 11 0.963627
20 12 0.223000
20 13 0.999486
20 14 0.999997
20 15 0.999897
20 16 0.019299
20 17 0.999991
20 18 0.988345
20 19 0.939389
20 20 0.000000
20 21 0.205798
20 22 0.029925
20 23 0.874996
20 24 0.999756
20 25 0.999978
20 26 0.985272
20 27 0.011782
20 28 0.999909
20 29 0.998958
20 30 0.071949
20 31 0.999971
20 32 0.990780
20 33 0.999998
20 34 0.535509
20 35 0.999073
20 36 0.998902
20 37 0.995613
20 38 0.983447
20 39 0.986898
20 40 0.999997
20 41 0.996708
20 42 0.286770
20 43 0.348574
20 44 0.023583
20 45 0.999783
20 46 0.988934
20 47 0.011782
20 48 0.999707
20 49 0.108547
20 50 0.999999
20 51 0.995613
20 52 0.999939
20 53 0.889496
20 54 0.994155
20 55 0.019299
20 56 0.999927
20 57 0.999536
20 58 0.004818
20 59 0.999995
20 60 0.999973
20 61 0.029925
20 62 0.765619
20 63 0.029925
20 64 0.042353
20 65 0.051779
20 66 0.882454
20 67 0.997944
20 68 0.999804
20 69 0.997073
20 70 0.999974
20 71 0.019299
20 72 0.999997
20 73 0.999987
20 74 0.082237
20 75 0.924902
20 76 0.999999
20 77 0.973967
20 78 0.975602
20 79 0.928576
20 80 0.005177
20 81 0.993428
20 82 0.855444
20 83 0.980672
20 84 0.997656
20 85 0.348574
20 86 0.999826
20 87 0.999228
20 88 0.915921
20 89 0.999024
20 90 0.121504
20 91 0.002681
20 92 0.999863
20 93 0.828969
20 94 0.035762
20 95 0.996917
20 96 0.700406
20 97 0.914824
20 98 0.019299
20 99 0.996100
21 0 0.999939
21 1 0.999981
21 2 0.999652
21 3 0.019299
21 4 0.999817
21 5 0.008716
21 6 0.991246
21 7 0.029925
21 8 0.992609
21 9 0.999988
21 10 0.999855
21 11 0.993077
21 12 0.999948
21 13 0.945939
21 14 0.071949
21 15 0.999536
21 16 0.984491
21 17 0.876570
21 18 0.800668
21 19 0.999990
21 20 0.205798
21 21 0.000000
21 22 0.791202
21 23 0.999998
21 24 0.999997
21 25 0.999919
21 26 0.999987
21 27 0.996917
21 28 0.995066
21 29 0.999908
21 30 0.986014
21 31 0.999132
21 32 0.990655
21 33 0.980412
21 34 0.011782
21 35 0.999218
21 36 0.005177
21 37 0.999807
21 38 0.999997
21 39 0.781351
21 40 0.999998
21 41 0.999991
21 42 0.894801
21 43 0.999588
21 44 0.998436
21 45 0.994452
21 46 0.968808
21 47 0.348574
21 48 0.999999
21 49 0.882454
21 50 0.999963
21 51 0.838911
21 52 0.998048
21 53 0.999826
21 54 0.743482
21 55 0.998536
21 56 0.005177
21 57 0.999995
21 58 0.999918
21 59 0.932960
21 60 0.999132
21 61 0.998902
21 62 0.999992
21 63 0.999996
21 64 0.969222
21 65 0.994733
21 66 0.888076
21 67 0.963140
21 68 0.690668
21 69 0.989633
21 70 0.472229
21 71 0.999512
21 72 0.023583
21 73 0.999268
21 74 0.999711
21 75 0.005177
21 76 0.011782
21 77 0.999674
21 78 0.999980
21 79 0.005177
21 80 0.998241
21 81 0.991800
21 82 0.951797
21 83 0.108547
21 84 0.999996
21 85 0.999998
21 86 0.999935
21 87 0.999010
21 88 0.994451
21 89 0.999998
21 90 0.932077
21 91 0.014763
21 92 0.999988
21 93 0.999973
21 94 0.019299
21 95 0.189109
21 96 0.982569
21 97 0.959174
21 98 0.035762
21 99 0.985272
22 0 0.997363
22 1 0.049729
22 2 0.998048
22 3 0.977693
22 4 0.268234
22 5 0.999998
22 6 0.989493
22 7 0.410971
22 8 0.999942
22 9 0.999935
22 10 0.029925
22 11 0.999817
22 12 0.999964
22 13 0.889496
22 14 0.999768
22 15 0.999998
22 16 0.999314
22 17 0.998765
22 18 0.999691
22 19 0.035762
22 20 0.029925
22 21 0.791202
22 22 0.000000
22 23 0.998957
22 24 0.005177
22 25 0.999988
22 26 0.996875
22 27 0.994803
22 28 0.548313
22 29 0.051779
22 30 0.996347
22 31 0.999891
22 32 0.205798
22 33 0.999998
22 34 0.998147
22 35 0.005177
22 36 0.999993
22 37 0.853621
22 38 0.999998
22 39 0.019299
22 40 0.051779
22 41 0.999073
22 42 0.999652
22 43 0.999566
22 44 0.655709
22 45 0.999908
22 46 0.969222
22 47 0.999768
22 48 0.998536
22 49 0.552765
22 50 0.998536
22 51 0.999268
22 52 0.987726
22 53 0.999904
22 54 0.999691
22 55 0.999268
22 56 0.999390
22 57 0.874996
22 58 0.999634
22 59 0.948613
22 60 0.999996
22 61 0.999902
22 62 0.168897
22 63 0.051779
22 64 0.999267
22 65 0.029925
22 66 0.998147
22 67 0.993516
22 68 0.999817
22 69 0.999998
22 70 0.999999
22 71 0.999969
22 72 0.999985
22 73 0.977990
22 74 0.868768
22 75 0.035762
22 76 0.999966
22 77 0.999946
22 78 0.999973
22 79 0.999928
22 80 0.987559
22 81 0.904700
22 82 0.999904
22 83 0.999981
22 84 0.023583
22 85 0.999990
22 86 0.993077
22 87 0.029925
22 88 0.999985
22 89 0.999794
22 90 0.999073
22 91 0.999218
22 92 0.172989
22 93 0.992215
22 94 0.999998
22 95 0.997944
22 96 0.990655
22 97 0.999845
22 98 0.999973
22 99 0.982569
23 0 0.999961
23 1 0.552765
23 2 0.999756
23 3 0.992319
23 4 0.019299
23 5 0.434867
23 6 0.876570
23 7 0.998457
23 8 0.999991
23 9 0.999985
23 10 0.967167
23 11 0.997944
23 12 0.029925
23 13 0.999845
23 14 0.189109
23 15 0.999382
23 16 0.999817
23 17 0.999633
23 18 0.973967
23 19 0.932960
23 20 0.874996
23 21 0.999998
23 22 0.998957
23 23 0.000000
23 24 0.108547
23 25 0.983668
23 26 0.999897
23 27 0.975602
23 28 0.988345
23 29 0.999845
23 30 0.999997
23 31 0.997804
23 32 0.855444
23 33 0.998242
23 34 0.996708
23 35 0.972225
23 36 0.998765
23 37 0.999993
23 38 0.019299
23 39 0.998048
23 40 0.999997
23 41 0.005177
23 42 0.927638
23 43 0.976514
23 44 0.011782
23 45 0.999756
23 46 0.348574
23 47 0.781351
23 48 0.184861
23 49 0.999674
23 50 0.029925
23 51 0.999923
23 52 0.999995
23 53 0.998827
23 54 0.999923
23 55 0.994803
23 56 0.011782
23 57 0.329464
23 58 0.999942
23 59 0.002681
23 60 0.973967
23 61 0.997530
23 62 0.071949
23 63 0.997530
23 64 0.998457
23 65 0.622014
23 66 0.998764
23 67 0.999691
23 68 0.876570
23 69 0.999979
23 70 0.071949
23 71 0.999966
23 72 0.001794
23 73 0.989634
23 74 0.997944
23 75 0.969629
23 76 0.994451
23 77 0.945223
23 78 0.019299
23 79 0.245316
23 80 0.019299
23 81 0.999997
23 82 0.082237
23 83 0.976826
23 84 0.951799
23 85 0.999794
23 86 0.999992
23 87 0.999897
23 88 0.988345
23 89 0.999992
23 90 0.391878
23 91 0.372722
23 92 0.999268
23 93 0.060180
23 94 0.993760
23 95 0.957037
23 96 0.991800
23 97 0.999845
23 98 0.981397
23 99 0.901145
24 0 0.999999
24 1 0.999966
24 2 0.998698
24 3 0.999902
24 4 0.894801
24 5 0.910477
24 6 0.999995
24 7 0.998436
24 8 0.998971
24 9 0.998629
24 10 0.987559
24 11 0.999897
24 12 0.019299
24 13 0.998610
24 14 0.029925
24 15 0.993844
24 16 0.965441
24 17 0.998353
24 18 0.999891
24 19 0.071949
24 20 0.999756
24 21 0.999997
24 22 0.005177
24 23 0.108547
24 24 0.000000
24 25 0.999268
24 26 0.939390
24 27 0.999998
24 28 0.846427
24 29 0.998610
24 30 0.999218
24 31 0.069412
24 32 0.184861
24 33 0.997222
24 34 0.999954
24 35 0.011782
24 36 0.997259
24 37 0.998971
24 38 0.969222
24 39 0.999826
24 40 0.999609
24 41 0.029925
24 42 0.731785
24 43 0.996100
24 44 0.969221
24 45 0.999996
24 46 0.997944
24 47 0.606413
24 48 0.999691
24 49 0.999997
24 50 0.999853
24 51 0.948613
24 52 0.108547
24 53 0.011782
24 54 0.874996
24 55 0.005177
24 56 0.928576
24 57 0.019299
24 58 0.949286
24 59 0.051779
24 60 0.995133
24 61 0.981645
24 62 0.876570
24 63 0.999897
24 64 0.999725
24 65 0.798244
24 66 0.999176
24 67 0.999652
24 68 0.996100
24 69 0.172989
24 70 0.999451
24 71 0.999837
24 72 0.082237
24 73 0.996917
24 74 0.999973
24 75 0.019299
24 76 0.329464
24 77 0.673535
24 78 0.996298
24 79 0.999010
24 80 0.999997
24 81 0.999691
24 82 0.305549
24 83 0.999382
24 84 0.999995
24 85 0.324511
24 86 0.999588
24 87 0.135231
24 88 0.800668
24 89 0.998048
24 90 0.189109
24 91 0.979374
24 92 0.590401
24 93 0.153568
24 94 0.999985
24 95 0.999961
24 96 0.286770
24 97 0.998353
24 98 0.972594
24 99 0.999884
25 0 0.974313
25 1 0.999919
25 2 0.999971
25 3 0.005177
25 4 0.108547
25 5 0.997563
25 6 0.998147
25 7 0.977990
25 8 0.996100
25 9 0.999928
25 10 0.975602
25 11 0.994451
25 12 0.999974
25 13 0.999990
25 14 0.719662
25 15 0.990157
25 16 0.999991
25 17 0.367737
25 18 0.029925
25 19 0.999904
25 20 0.999978
25 21 0.999919
25 22 0.999988
25 23 0.983668
25 24 0.999268
25 25 0.000000
25 26 0.820692
25 27 0.999999
25 28 0.999986
25 29 0.999971
25 30 0.687190
25 31 0.994452
25 32 0.998172
25 33 0.082237
25 34 0.999963
25 35 0.391878
25 36 0.029925
25 37 0.590401
25 38 0.386901
25 39 0.995613
25 40 0.051779
25 41 0.999837
25 42 0.448784
25 43 0.338617
25 44 0.051779
25 45 0.669914
25 46 0.410971
25 47 0.978283
25 48 0.993516
25 49 0.168897
25 50 0.329464
25 51 0.980411
25 52 0.999989
25 53 0.999743
25 54 0.999218
25 55 0.996297
25 56 0.999969
25 57 0.999982
25 58 0.776073
25 59 0.960688
25 60 0.367737
25 61 0.018287
25 62 0.999982
25 63 0.999987
25 64 0.999837
25 65 0.999268
25 66 0.071949
25 67 0.862254
25 68 0.003622
25 69 0.997222
25 70 0.999451
25 71 0.049729
25 72 0.606413
25 73 0.731785
25 74 0.153568
25 75 0.011782
25 76 0.535509
25 77 0.138922
25 78 0.998957
25 79 0.999948
25 80 0.876570
25 81 0.731785
25 82 0.071949
25 83 0.981397
25 84 0.997073
25 85 0.999974
25 86 0.096388
25 87 0.985272
25 88 0.999891
25 89 0.994803
25 90 0.035762
25 91 0.999691
25 92 0.996486
25 93 0.994732
25 94 0.868768
25 95 0.011782
25 96 0.573990
25 97 0.985272
25 98 0.989633
25 99 0.999999
26 0 0.530967
26 1 0.999897
26 2 0.999382
26 3 0.915921
26 4 0.477022
26 5 0.060180
26 6 0.051779
26 7 0.029925
26 8 0.051779
26 9 0.990655
26 10 0.967167
26 11 0.071949
26 12 0.999176
26 13 0.999132
26 14 0.914824
26 15 0.051779
26 16 0.035762
26 17 0.035762
26 18 0.999998
26 19 0.963627
26 20 0.985272
26 21 0.999987
26 22 0.996875
26 23 0.999897
26 24 0.939390
26 25 0.820692
26 26 0.000000
26 27 0.999218
26 28 0.998901
26 29 0.999707
26 30 0.205798
26 31 0.998536
26 32 0.979374
26 33 0.999451
26 34 0.989493
26 35 0.997656
26 36 0.999652
26 37 0.999997
26 38 0.994076
26 39 0.029925
26 40 0.923918
26 41 0.893445
26 42 0.999479
26 43 0.569658
26 44 0.999997
26 45 0.999614
26 46 0.019299
26 47 0.999936
26 48 0.042353
26 49 0.184861
26 50 0.029925
26 51 0.999768
26 52 0.924902
26 53 0.998698
26 54 0.867102
26 55 0.011782
26 56 0.999845
26 57 0.060180
26 58 0.998698
26 59 0.979096
26 60 0.029925
26 61 0.991246
26 62 0.999936
26 63 0.999998
26 64 0.932077
26 65 0.999998
26 66 0.961206
26 67 0.862254
26 68 0.999996
26 69 0.999990
26 70 0.999985
26 71 0.071949
26 72 0.970760
26 73 0.998353
26 74 0.999536
26 75 0.986015
26 76 0.060180
26 77 0.999931
26 78 0.942378
26 79 0.005177
26 80 0.976826
26 81 0.029925
26 82 0.029925
26 83 0.005177
26 84 0.999537
26 85 0.998764
26 86 0.999997
26 87 0.963140
26 88 0.990157
26 89 0.996100
26 90 0.999951
26 91 0.019299
26 92 0.999998
26 93 0.135231
26 94 0.996247
26 95 0.988934
26 96 0.999956
26 97 0.982801
26 98 0.768376
26 99 0.876571
27 0 0.035762
27 1 0.019299
27 2 0.954189
27 3 0.999946
27 4 0.999993
27 5 0.997398
27 6 0.028526
27 7 0.977990
27 8 0.999954
27 9 0.014763
27 10 0.939390
27 11 0.994451
27 12 0.716439
27 13 0.999998
27 14 0.999997
27 15 0.716439
27 16 0.995892
27 17 0.996298
27 18 0.999998
27 19 0.948613
27 20 0.011782
27 21 0.996917
27 22 0.994803
27 23 0.975602
27 24 0.999998
27 25 0.999999
27 26 0.999218
27 27 0.000000
27 28 0.391878
27 29 0.082237
27 30 0.995836
27 31 0.391878
27 32 0.999804
27 33 0.998536
27 34 0.999536
27 35 0.999997
27 36 0.985272
27 37 0.778725
27 38 0.956464
27 39 0.994451
27 40 0.820692
27 41 0.999990
27 42 0.999691
27 43 0.939390
27 44 0.019299
27 45 0.999966
27 46 0.999954
27 47 0.029925
27 48 0.999946
27 49 0.998902
27 50 0.999987
27 51 0.096388
