0 0 0.000000
0 1 0.386901
0 2 0.999707
0 3 0.071949
0 4 0.999998
0 5 0.999997
0 6 0.999987
0 7 0.999817
0 8 0.996047
0 9 0.108547
0 10 0.984491
0 11 0.999963
0 12 0.700406
0 13 0.362752
0 14 0.999997
0 15 0.981645
0 16 0.997034
0 17 0.994732
0 18 0.999956
0 19 0.153568
0 20 0.997074
0 21 0.999993
0 22 0.999687
0 23 0.999999
0 24 0.999997
0 25 0.997259
0 26 0.586173
0 27 0.035762
0 28 0.977990
0 29 0.999382
0 30 0.862254
0 31 0.023583
0 32 0.999982
0 33 0.999897
0 34 0.995133
0 35 0.999990
0 36 0.999998
0 37 0.023583
0 38 0.999989
0 39 0.999998
0 40 0.999981
0 41 0.999963
0 42 0.992109
0 43 0.153568
0 44 0.942378
0 45 0.996485
0 46 0.999739
0 47 0.999536
0 48 0.999998
0 49 0.999907
0 50 0.999969
0 51 0.082237
0 52 0.996485
0 53 0.999998
0 54 0.006763
0 55 0.434867
0 56 0.953579
0 57 0.005177
0 58 0.153568
0 59 0.737452
0 60 0.999991
0 61 0.999935
0 62 0.590401
0 63 0.005177
0 64 0.999959
0 65 0.945222
0 66 0.954792
0 67 0.969222
0 68 0.999986
0 69 0.000372
0 70 0.996875
0 71 0.999939
0 72 0.999902
0 73 0.999993
0 74 0.999998
0 75 0.999998
0 76 0.051779
0 77 0.005177
0 78 0.999997
0 79 0.995316
0 80 0.999988
0 81 0.069412
0 82 0.999794
0 83 0.998843
0 84 0.998827
0 85 0.002681
0 86 0.999902
0 87 0.410971
0 88 0.999725
0 89 0.996875
0 90 0.999890
0 91 0.999995
0 92 0.999884
0 93 0.957037
0 94 0.051779
0 95 0.973967
0 96 0.999949
0 97 0.999794
0 98 0.997184
0 99 0.928576
1 0 0.386901
1 1 0.000000
1 2 0.971853
1 3 0.999999
1 4 0.999997
1 5 0.121504
1 6 0.227550
1 7 0.149692
1 8 0.998764
1 9 0.876570
1 10 0.999997
1 11 0.999703
1 12 0.942378
1 13 0.999982
1 14 0.093360
1 15 0.999997
1 16 0.953579
1 17 0.386902
1 18 0.999258
1 19 0.999998
1 20 0.800668
1 21 0.999998
1 22 0.223001
1 23 0.992215
1 24 0.999373
1 25 0.999996
1 26 0.999780
1 27 0.019299
1 28 0.999566
1 29 0.051779
1 30 0.999998
1 31 0.992508
1 32 0.958629
1 33 0.223001
1 34 0.855444
1 35 0.953578
1 36 0.999120
1 37 0.999165
1 38 0.999996
1 39 0.999861
1 40 0.999999
1 41 0.997530
1 42 0.093360
1 43 0.011782
1 44 0.899866
1 45 0.862254
1 46 0.999073
1 47 0.999837
1 48 0.988934
1 49 0.999999
1 50 0.998764
1 51 0.000218
1 52 0.999998
1 53 0.002681
1 54 0.999897
1 55 0.999884
1 56 0.995613
1 57 0.205798
1 58 0.999998
1 59 0.999997
1 60 0.093360
1 61 0.948613
1 62 0.999998
1 63 0.153568
1 64 0.227550
1 65 0.941615
1 66 0.999997
1 67 0.999988
1 68 0.993844
1 69 0.994732
1 70 0.999988
1 71 0.999923
1 72 0.006763
1 73 0.999305
1 74 0.029925
1 75 0.029925
1 76 0.005177
1 77 0.999974
1 78 0.999938
1 79 0.690668
1 80 0.590401
1 81 0.002681
1 82 0.999992
1 83 0.999996
1 84 0.617999
1 85 0.999996
1 86 0.071949
1 87 0.999995
1 88 0.993760
1 89 0.999976
1 90 0.999743
1 91 0.019299
1 92 0.108547
1 93 0.999902
1 94 0.005177
1 95 0.999997
1 96 0.970761
1 97 0.997184
1 98 0.138922
1 99 0.700407
2 0 0.999707
2 1 0.971853
2 2 0.000000
2 3 0.999988
2 4 0.999373
2 5 0.993338
2 6 0.006763
2 7 0.997916
2 8 0.999530
2 9 0.051779
2 10 0.996047
2 11 0.999976
2 12 0.998680
2 13 0.992708
2 14 0.999977
2 15 0.999998
2 16 0.999739
2 17 0.999711
2 18 0.999670
2 19 0.023583
2 20 0.999998
2 21 0.999979
2 22 0.999536
2 23 0.999992
2 24 0.999908
2 25 0.999988
2 26 0.999982
2 27 0.975273
2 28 0.999853
2 29 0.961718
2 30 0.051779
2 31 0.999995
2 32 0.005177
2 33 0.999997
2 34 0.034173
2 35 0.999998
2 36 0.970761
2 37 0.495294
2 38 0.920015
2 39 0.002681
2 40 0.996708
2 41 0.999995
2 42 0.071949
2 43 0.324511
2 44 0.999996
2 45 0.019299
2 46 0.999978
2 47 0.999817
2 48 0.999913
2 49 0.970760
2 50 0.999902
2 51 0.035762
2 52 0.019299
2 53 0.998957
2 54 0.996875
2 55 0.999999
2 56 0.999876
2 57 0.999670
2 58 0.286770
2 59 0.995067
2 60 0.999870
2 61 0.999010
2 62 0.477022
2 63 0.999995
2 64 0.999863
2 65 0.996047
2 66 0.999997
2 67 0.051779
2 68 0.168897
2 69 0.999998
2 70 0.999863
2 71 0.998147
2 72 0.996347
2 73 0.992609
2 74 0.999949
2 75 0.999998
2 76 0.006763
2 77 0.999566
2 78 0.999967
2 79 0.999938
2 80 0.690668
2 81 0.999999
2 82 0.999971
2 83 0.882454
2 84 0.996100
2 85 0.999863
2 86 0.000372
2 87 0.998330
2 88 0.060180
2 89 0.999967
2 90 0.999998
2 91 0.999998
2 92 0.999913
2 93 0.002681
2 94 0.011782
2 95 0.999993
2 96 0.998887
2 97 0.999974
2 98 0.980411
2 99 0.999969
3 0 0.071949
3 1 0.999999
3 2 0.999988
3 3 0.000000
3 4 0.999999
3 5 0.999986
3 6 0.999588
3 7 0.996833
3 8 0.453650
3 9 0.999768
3 10 0.552765
3 11 0.999998
3 12 0.002681
3 13 0.060180
3 14 0.367737
3 15 0.011782
3 16 0.999951
3 17 0.082237
3 18 0.999835
3 19 0.227550
3 20 0.999349
3 21 0.019299
3 22 0.996437
3 23 0.999932
3 24 0.999907
3 25 0.005177
3 26 0.367737
3 27 0.999983
3 28 0.990289
3 29 0.995836
3 30 0.082237
3 31 0.029925
3 32 0.989493
3 33 0.999984
3 34 0.998241
3 35 0.999994
3 36 0.999956
3 37 0.999902
3 38 0.999876
3 39 0.999768
3 40 0.434867
3 41 0.989493
3 42 0.995672
3 43 0.999948
3 44 0.997259
3 45 0.999992
3 46 0.999998
3 47 0.999997
3 48 0.999652
3 49 0.999998
3 50 0.999413
3 51 0.999998
3 52 0.999165
3 53 0.999973
3 54 0.019299
3 55 0.986720
3 56 0.996875
3 57 0.999948
3 58 0.005177
3 59 0.071949
3 60 0.995554
3 61 0.997074
3 62 0.999996
3 63 0.999978
3 64 0.002681
3 65 0.019299
3 66 0.923918
3 67 0.999998
3 68 0.910477
3 69 0.932960
3 70 0.999997
3 71 0.999997
3 72 0.999993
3 73 0.999725
3 74 0.999997
3 75 0.263461
3 76 0.999999
3 77 0.812062
3 78 0.189109
3 79 0.573990
3 80 0.999413
3 81 0.999997
3 82 0.644918
3 83 0.999984
3 84 0.999997
3 85 0.023583
3 86 0.999997
3 87 0.999349
3 88 0.972225
3 89 0.999998
3 90 0.994732
3 91 0.005177
3 92 0.268234
3 93 0.915921
3 94 0.029925
3 95 0.999218
3 96 0.093361
3 97 0.999999
3 98 0.954792
3 99 0.997530
4 0 0.999998
4 1 0.999997
4 2 0.999373
4 3 0.999999
4 4 0.000000
4 5 0.999826
4 6 0.990157
4 7 0.999996
4 8 0.997774
4 9 0.999835
4 10 0.725534
4 11 0.999421
4 12 0.999837
4 13 0.988934
4 14 0.168897
4 15 0.986015
4 16 0.149692
4 17 0.999536
4 18 0.983447
4 19 0.941615
4 20 0.999951
4 21 0.999977
4 22 0.719662
4 23 0.002681
4 24 0.954189
4 25 0.108547
4 26 0.911627
4 27 0.999995
4 28 0.977990
4 29 0.029925
4 30 0.995066
4 31 0.108547
4 32 0.999999
4 33 0.999974
4 34 0.999998
4 35 0.998957
4 36 0.999120
4 37 0.168897
4 38 0.453650
4 39 0.998436
4 40 0.997916
4 41 0.014763
4 42 0.999010
4 43 0.005177
4 44 0.977990
4 45 0.019299
4 46 0.999971
4 47 0.998147
4 48 0.999913
4 49 0.954189
4 50 0.999972
4 51 0.999966
4 52 0.005177
4 53 0.999995
4 54 0.999998
4 55 0.029925
4 56 0.093360
4 57 0.999997
4 58 0.042353
4 59 0.999896
4 60 0.999588
4 61 0.019299
4 62 0.990655
4 63 0.999927
4 64 0.999998
4 65 0.014763
4 66 0.997073
4 67 0.828969
4 68 0.005177
4 69 0.992983
4 70 0.967602
4 71 0.071949
4 72 0.999998
4 73 0.967167
4 74 0.999998
4 75 0.996833
4 76 0.227550
4 77 0.999768
4 78 0.108547
4 79 0.998436
4 80 0.999609
4 81 0.999985
4 82 0.999536
4 83 0.999948
4 84 0.928576
4 85 0.286770
4 86 0.965442
4 87 0.995836
4 88 0.999990
4 89 0.894801
4 90 0.999997
4 91 0.999986
4 92 0.996917
4 93 0.999268
4 94 0.999479
4 95 0.999998
4 96 0.999451
4 97 0.999588
4 98 0.999707
4 99 0.990157
5 0 0.999997
5 1 0.121504
5 2 0.993338
5 3 0.999986
5 4 0.999826
5 5 0.000000
5 6 0.999998
5 7 0.999999
5 8 0.999897
5 9 0.999995
5 10 0.372722
5 11 0.986898
5 12 0.996708
5 13 0.023583
5 14 0.999997
5 15 0.999959
5 16 0.999998
5 17 0.860513
5 18 0.999652
5 19 0.988345
5 20 0.888076
5 21 0.008716
5 22 0.999998
5 23 0.535509
5 24 0.998147
5 25 0.999486
5 26 0.014763
5 27 0.999268
5 28 0.999878
5 29 0.029925
5 30 0.999997
5 31 0.997916
5 32 0.999443
5 33 0.999999
5 34 0.999176
5 35 0.011782
5 36 0.932960
5 37 0.971149
5 38 0.005177
5 39 0.999999
5 40 0.644918
5 41 0.984281
5 42 0.626001
5 43 0.606413
5 44 0.999963
5 45 0.035762
5 46 0.997528
5 47 0.999993
5 48 0.820692
5 49 0.019299
5 50 0.998827
5 51 0.998147
5 52 0.005177
5 53 0.999938
5 54 0.999999
5 55 0.997655
5 56 0.071949
5 57 0.434867
5 58 0.993427
5 59 0.999996
5 60 0.998957
5 61 0.999991
5 62 0.999997
5 63 0.651944
5 64 0.994234
5 65 0.996247
5 66 0.999998
5 67 0.999930
5 68 0.999998
5 69 0.975273
5 70 0.999986
5 71 0.071949
5 72 0.999951
5 73 0.999998
5 74 0.999505
5 75 0.999634
5 76 0.973615
5 77 0.999479
5 78 0.999982
5 79 0.999977
5 80 0.999413
5 81 0.997804
5 82 0.994732
5 83 0.998436
5 84 0.999783
5 85 0.999984
5 86 0.999073
5 87 0.999729
5 88 0.029925
5 89 0.999982
5 90 0.999340
5 91 0.997804
5 92 0.998265
5 93 0.999670
5 94 0.964978
5 95 0.999992
5 96 0.970761
5 97 0.999891
5 98 0.999314
5 99 0.999218
6 0 0.999987
6 1 0.227550
6 2 0.006763
6 3 0.999588
6 4 0.990157
6 5 0.999998
6 6 0.000000
6 7 0.807431
6 8 0.999923
6 9 0.029925
6 10 0.999725
6 11 0.999998
6 12 0.996100
6 13 0.999930
6 14 0.673535
6 15 0.999739
6 16 0.993760
6 17 0.999843
6 18 0.999991
6 19 0.999931
6 20 0.997363
6 21 0.999588
6 22 0.999948
6 23 0.995379
6 24 0.999997
6 25 0.998827
6 26 0.011782
6 27 0.028526
6 28 0.019299
6 29 0.999998
6 30 0.552765
6 31 0.997259
6 32 0.998536
6 33 0.999927
6 34 0.999996
6 35 0.999998
6 36 0.836903
6 37 0.999451
6 38 0.999983
6 39 0.999305
6 40 0.994803
6 41 0.998021
6 42 0.690668
6 43 0.999794
6 44 0.994732
6 45 0.042353
6 46 0.286770
6 47 0.999884
6 48 0.999826
6 49 0.071949
6 50 0.942378
6 51 0.972225
6 52 0.999479
6 53 0.999990
6 54 0.035762
6 55 0.999982
6 56 0.999997
6 57 0.071949
6 58 0.999980
6 59 0.002681
6 60 0.002681
6 61 0.948612
6 62 0.978283
6 63 0.999998
6 64 0.996708
6 65 0.998436
6 66 0.189109
6 67 0.690668
6 68 0.999976
6 69 0.999530
6 70 0.071949
6 71 0.989493
6 72 0.999980
6 73 0.240658
6 74 0.096388
6 75 0.999998
6 76 0.071949
6 77 0.993760
6 78 0.999963
6 79 0.993077
6 80 0.999998
6 81 0.998827
6 82 0.999998
6 83 0.992215
6 84 0.999967
6 85 0.990655
6 86 0.391878
6 87 0.999948
6 88 0.019299
6 89 0.731785
6 90 0.992215
6 91 0.999961
6 92 0.029925
6 93 0.999963
6 94 0.999998
6 95 0.996708
6 96 0.999999
6 97 0.071949
6 98 0.999804
6 99 0.999989
7 0 0.999817
7 1 0.149692
7 2 0.997916
7 3 0.996833
7 4 0.999996
7 5 0.999999
7 6 0.807431
7 7 0.000000
7 8 0.999687
7 9 0.999998
7 10 0.997944
7 11 0.590401
7 12 0.429954
7 13 0.997497
7 14 0.899866
7 15 0.999451
7 16 0.928576
7 17 0.286770
7 18 0.905921
7 19 0.993760
7 20 0.093360
7 21 0.029925
7 22 0.472229
7 23 0.999990
7 24 0.999505
7 25 0.984281
7 26 0.005177
7 27 0.963140
7 28 0.999994
7 29 0.049729
7 30 0.071949
7 31 0.051779
7 32 0.999609
7 33 0.434867
7 34 0.999995
7 35 0.999588
7 36 0.999794
7 37 0.999896
7 38 0.999998
7 39 0.754758
7 40 0.999999
7 41 0.019299
7 42 0.999998
7 43 0.999305
7 44 0.096388
7 45 0.002681
7 46 0.999959
7 47 0.999739
7 48 0.999994
7 49 0.029925
7 50 0.997496
7 51 0.999878
7 52 0.329464
7 53 0.999998
7 54 0.999804
7 55 0.513285
7 56 0.999997
7 57 0.999826
7 58 0.860513
7 59 0.993760
7 60 0.999826
7 61 0.999992
7 62 0.999413
7 63 0.023583
7 64 0.998516
7 65 0.997363
7 66 0.999999
7 67 0.999992
7 68 0.997916
7 69 0.999951
7 70 0.795792
7 71 0.153568
7 72 0.995133
7 73 0.999998
7 74 0.999998
7 75 0.005177
7 76 0.999992
7 77 0.999998
7 78 0.477022
7 79 0.997497
7 80 0.999588
7 81 0.998436
7 82 0.999884
7 83 0.003622
7 84 0.999996
7 85 0.998680
7 86 0.989633
7 87 0.999479
7 88 0.006763
7 89 0.997362
7 90 0.999975
7 91 0.999989
7 92 0.963139
7 93 0.999382
7 94 0.996663
7 95 0.999939
7 96 0.153568
7 97 0.999768
7 98 0.999998
7 99 0.999998
8 0 0.996047
8 1 0.998764
8 2 0.999530
8 3 0.453650
8 4 0.997774
8 5 0.999897
8 6 0.999923
8 7 0.999687
8 8 0.000000
8 9 0.006763
8 10 0.999884
8 11 0.999997
8 12 0.994732
8 13 0.985272
8 14 0.029925
8 15 0.920015
8 16 0.189109
8 17 0.999609
8 18 0.999826
8 19 0.606413
8 20 0.008170
8 21 0.999218
8 22 0.999996
8 23 0.999993
8 24 0.999918
8 25 0.999691
8 26 0.757621
8 27 0.999984
8 28 0.999936
8 29 0.051779
8 30 0.999972
8 31 0.999992
8 32 0.999954
8 33 0.880950
8 34 0.999902
8 35 0.995316
8 36 0.205798
8 37 0.999961
8 38 0.812062
8 39 0.999902
8 40 0.999998
8 41 0.991246
8 42 0.999485
8 43 0.985272
8 44 0.999998
8 45 0.999998
8 46 0.999945
8 47 0.999998
8 48 0.071949
8 49 0.999725
8 50 0.999989
8 51 0.999978
8 52 0.005177
8 53 0.999768
8 54 0.990157
8 55 0.999073
8 56 0.189109
8 57 0.019299
8 58 0.999954
8 59 0.006763
8 60 0.019299
8 61 0.999998
8 62 0.569659
8 63 0.348574
8 64 0.999536
8 65 0.999976
8 66 0.999996
8 67 0.757621
8 68 0.019299
8 69 0.011782
8 70 0.996047
8 71 0.904700
8 72 0.999997
8 73 0.999983
8 74 0.986202
8 75 0.082237
8 76 0.905921
8 77 0.992508
8 78 0.992609
8 79 0.999913
8 80 0.999995
8 81 0.096388
8 82 0.999992
8 83 0.005177
8 84 0.997655
8 85 0.997221
8 86 0.999928
8 87 0.999998
8 88 0.999837
8 89 0.991127
8 90 0.998241
8 91 0.011782
8 92 0.999817
8 93 0.999995
8 94 0.999814
8 95 0.999010
8 96 0.983668
8 97 0.999997
8 98 0.999479
8 99 0.999923
9 0 0.108547
9 1 0.876570
9 2 0.051779
9 3 0.999768
9 4 0.999835
9 5 0.999995
9 6 0.029925
9 7 0.999998
9 8 0.006763
9 9 0.000000
9 10 0.996875
9 11 0.999652
9 12 0.943131
9 13 0.999952
9 14 0.999907
9 15 0.992215
9 16 0.391878
9 17 0.051779
9 18 0.998827
9 19 0.997222
9 20 0.939390
9 21 0.999998
9 22 0.999998
9 23 0.999998
9 24 0.999973
9 25 0.999994
9 26 0.993338
9 27 0.014763
9 28 0.975273
9 29 0.999451
9 30 0.999988
9 31 0.997944
9 32 0.948613
9 33 0.999990
9 34 0.999941
9 35 0.019299
9 36 0.655709
9 37 0.999999
9 38 0.973967
9 39 0.999991
9 40 0.997944
9 41 0.051779
9 42 0.005177
9 43 0.999942
9 44 0.999998
9 45 0.997034
9 46 0.999826
9 47 0.999998
9 48 0.800669
9 49 0.999999
9 50 0.999011
9 51 0.927638
9 52 0.999945
9 53 0.999959
9 54 0.069412
9 55 0.999942
9 56 0.999752
9 57 0.948613
9 58 0.999884
9 59 0.999863
9 60 0.999609
9 61 0.029925
9 62 0.051779
9 63 0.932960
9 64 0.014763
9 65 0.987559
9 66 0.999835
9 67 0.999942
9 68 0.999902
9 69 0.874996
9 70 0.324511
9 71 0.999997
9 72 0.028526
9 73 0.329464
9 74 0.999951
9 75 0.999985
9 76 0.999969
9 77 0.995836
9 78 0.999927
9 79 0.968809
9 80 0.995836
9 81 0.703771
9 82 0.999073
9 83 0.637194
9 84 0.999998
9 85 0.999725
9 86 0.999959
9 87 0.999804
9 88 0.999843
9 89 0.999997
9 90 0.999797
9 91 0.999980
9 92 0.391878
9 93 0.999997
9 94 0.999999
9 95 0.999998
9 96 0.153568
9 97 0.868768
9 98 0.999629
9 99 0.999176
10 0 0.984491
10 1 0.999997
10 2 0.996047
10 3 0.552765
10 4 0.725534
10 5 0.372722
10 6 0.999725
10 7 0.997944
10 8 0.999884
10 9 0.996875
10 10 0.000000
10 11 0.011782
10 12 0.999987
10 13 0.999837
10 14 0.988187
10 15 0.999382
10 16 0.999176
10 17 0.060180
10 18 0.998436
10 19 0.066930
10 20 0.999884
10 21 0.999845
10 22 0.005177
10 23 0.996485
10 24 0.999670
10 25 0.999904
10 26 0.984281
10 27 0.991246
10 28 0.367737
10 29 0.999996
10 30 0.905921
10 31 0.998902
10 32 0.999990
10 33 0.999948
10 34 0.690668
10 35 0.019299
10 36 0.812062
10 37 0.999993
10 38 0.999999
10 39 0.999996
10 40 0.051779
10 41 0.490569
10 42 0.999998
10 43 0.998827
10 44 0.987073
10 45 0.006317
10 46 0.949286
10 47 0.999998
10 48 0.999978
10 49 0.999935
10 50 0.310464
10 51 0.998122
10 52 0.999609
10 53 0.090389
10 54 0.994803
10 55 0.999998
10 56 0.999835
10 57 0.999999
10 58 0.029925
10 59 0.976197
10 60 0.477022
10 61 0.999876
10 62 0.999980
10 63 0.983668
10 64 0.989349
10 65 0.998698
10 66 0.883941
10 67 0.999997
10 68 0.987559
10 69 0.999938
10 70 0.984491
10 71 0.042353
10 72 0.305550
10 73 0.996100
10 74 0.999972
10 75 0.082237
10 76 0.992215
10 77 0.999998
10 78 0.999977
10 79 0.999780
10 80 0.999983
10 81 0.035762
10 82 0.999992
10 83 0.998048
10 84 0.999986
10 85 0.999629
10 86 0.953579
10 87 0.035762
10 88 0.999907
10 89 0.999725
10 90 0.495294
10 91 0.999914
10 92 0.998147
10 93 0.641070
10 94 0.997774
10 95 0.999966
10 96 0.997916
10 97 0.951799
10 98 0.011782
10 99 0.573990
11 0 0.999963
11 1 0.999703
11 2 0.999976
11 3 0.999998
11 4 0.999421
11 5 0.986898
11 6 0.999998
11 7 0.590401
11 8 0.999997
11 9 0.999652
11 10 0.011782
11 11 0.000000
11 12 0.011782
11 13 0.999451
11 14 0.042353
11 15 0.999963
11 16 0.999998
11 17 0.809759
11 18 0.999756
11 19 0.999997
11 20 0.973967
11 21 0.999268
11 22 0.999942
11 23 0.999855
11 24 0.999935
11 25 0.999935
11 26 0.138922
11 27 0.999413
11 28 0.999997
11 29 0.999891
11 30 0.972225
11 31 0.987559
11 32 0.999980
11 33 0.999711
11 34 0.659444
11 35 0.029925
11 36 0.590401
11 37 0.005177
11 38 0.999913
11 39 0.995066
11 40 0.999863
11 41 0.967167
11 42 0.014763
11 43 0.999998
11 44 0.999981
11 45 0.999479
11 46 0.996917
11 47 0.999845
11 48 0.999987
11 49 0.995613
11 50 0.999913
11 51 0.448784
11 52 0.023583
11 53 0.999995
11 54 0.999560
11 55 0.999995
11 56 0.999996
11 57 0.999988
11 58 0.812062
11 59 0.999997
11 60 0.999995
11 61 0.999845
11 62 0.138922
11 63 0.999890
11 64 0.999132
11 65 0.999998
11 66 0.999998
11 67 0.999998
11 68 0.023583
11 69 0.999010
11 70 0.153568
11 71 0.989633
11 72 0.999995
11 73 0.168897
11 74 0.757621
11 75 0.999443
11 76 0.999907
11 77 0.992609
11 78 0.999835
11 79 0.135231
11 80 0.999010
11 81 0.999998
11 82 0.999907
11 83 0.999996
11 84 0.997496
11 85 0.965441
11 86 0.999998
11 87 0.798244
11 88 0.998957
11 89 0.999997
11 90 0.999996
11 91 0.999996
11 92 0.999931
11 93 0.606413
11 94 0.051779
11 95 0.999994
11 96 0.980411
11 97 0.051779
11 98 0.018287
11 99 0.035762
12 0 0.700406
12 1 0.942378
12 2 0.998680
12 3 0.002681
12 4 0.999837
12 5 0.996708
12 6 0.996100
12 7 0.429954
12 8 0.994732
12 9 0.943131
12 10 0.999987
12 11 0.011782
12 12 0.000000
12 13 0.999871
12 14 0.945939
12 15 0.996047
12 16 0.035762
12 17 0.999986
12 18 0.999073
12 19 0.999998
12 20 0.105307
12 21 0.999998
12 22 0.999997
12 23 0.029925
12 24 0.019299
12 25 0.999995
12 26 0.998681
12 27 0.429954
12 28 0.019299
12 29 0.998265
12 30 0.999948
12 31 0.991246
12 32 0.999739
12 33 0.991246
12 34 0.986720
12 35 0.999954
12 36 0.998887
12 37 0.035762
12 38 0.999120
12 39 0.690668
12 40 0.995613
12 41 0.999853
12 42 0.999691
12 43 0.999928
12 44 0.988184
12 45 0.999756
12 46 0.998957
12 47 0.999652
12 48 0.981397
12 49 0.999991
12 50 0.999991
12 51 0.991246
12 52 0.999765
12 53 0.999973
12 54 0.999965
12 55 0.999998
12 56 0.967602
12 57 0.082237
12 58 0.974313
12 59 0.853624
12 60 0.019299
12 61 0.999998
12 62 0.999998
12 63 0.993760
12 64 0.998781
12 65 0.019299
12 66 0.999999
12 67 0.998021
12 68 0.999988
12 69 0.019299
12 70 0.994732
12 71 0.999997
12 72 0.932077
12 73 0.999739
12 74 0.999505
12 75 0.023583
12 76 0.006763
12 77 0.981645
12 78 0.988934
12 79 0.569659
12 80 0.994803
12 81 0.999978
12 82 0.983447
12 83 0.999976
12 84 0.005177
12 85 0.981645
12 86 0.999985
12 87 0.999997
12 88 0.999953
12 89 0.227550
12 90 0.990023
12 91 0.999965
12 92 0.999982
12 93 0.999258
12 94 0.999959
12 95 0.999996
12 96 0.999999
12 97 0.999997
12 98 0.999826
12 99 0.153568
13 0 0.362752
13 1 0.999982
13 2 0.992708
13 3 0.060180
13 4 0.988934
13 5 0.023583
13 6 0.999930
13 7 0.997497
13 8 0.985272
13 9 0.999952
13 10 0.999837
13 11 0.999451
13 12 0.999871
13 13 0.000000
13 14 0.999989
13 15 0.999992
13 16 0.999176
13 17 0.800668
13 18 0.999984
13 19 0.999972
13 20 0.999999
13 21 0.980411
13 22 0.987725
13 23 0.999995
13 24 0.998241
13 25 0.999998
13 26 0.999382
13 27 0.999997
13 28 0.998353
13 29 0.999986
13 30 0.999997
13 31 0.999996
13 32 0.990157
13 33 0.984491
13 34 0.999979
13 35 0.996100
13 36 0.998375
13 37 0.992215
13 38 0.999413
13 39 0.999073
13 40 0.959174
13 41 0.889496
13 42 0.673535
13 43 0.987726
13 44 0.999977
13 45 0.999927
13 46 0.999998
13 47 0.999913
13 48 0.999073
13 49 0.999382
13 50 0.999390
13 51 0.999959
13 52 0.999722
13 53 0.999010
13 54 0.999883
13 55 0.999997
13 56 0.999902
13 57 0.005177
13 58 0.963627
13 59 0.975602
13 60 0.999691
13 61 0.999982
13 62 0.975273
13 63 0.994526
13 64 0.997563
13 65 0.006763
13 66 0.961718
13 67 0.999983
13 68 0.998147
13 69 0.999998
13 70 0.999998
13 71 0.453650
13 72 0.042353
13 73 0.999998
13 74 0.999652
13 75 0.961206
13 76 0.051779
13 77 0.987725
13 78 0.999998
13 79 0.998021
13 80 0.999994
13 81 0.999985
13 82 0.939390
13 83 0.998353
13 84 0.992109
13 85 0.999512
13 86 0.999991
13 87 0.999995
13 88 0.434867
13 89 0.019299
13 90 0.999971
13 91 0.927638
13 92 0.999907
13 93 0.999817
13 94 0.002681
13 95 0.999971
13 96 0.999998
13 97 0.586172
13 98 0.669914
13 99 0.999609
14 0 0.999997
14 1 0.093360
14 2 0.999977
14 3 0.367737
14 4 0.168897
14 5 0.999997
14 6 0.673535
14 7 0.899866
14 8 0.029925
14 9 0.999907
14 10 0.988187
14 11 0.042353
14 12 0.945939
14 13 0.999989
14 14 0.000000
14 15 0.999994
14 16 0.019299
14 17 0.927637
14 18 0.997222
14 19 0.999794
14 20 0.999996
14 21 0.071949
14 22 0.999945
14 23 0.153568
14 24 0.029925
14 25 0.901145
14 26 0.984281
14 27 0.999998
14 28 0.999998
14 29 0.999902
14 30 0.999736
14 31 0.245316
14 32 0.006763
14 33 0.425032
14 34 0.999998
14 35 0.305549
14 36 0.953581
14 37 0.991246
14 38 0.999999
14 39 0.768376
14 40 0.999998
14 41 0.999268
14 42 0.932960
14 43 0.998436
14 44 0.990157
14 45 0.999996
14 46 0.082237
14 47 0.999609
14 48 0.999993
14 49 0.999992
14 50 0.999994
14 51 0.992983
14 52 0.329464
14 53 0.999961
14 54 0.998681
14 55 0.999967
14 56 0.060180
14 57 0.982569
14 58 0.995836
14 59 0.999999
14 60 0.999609
14 61 0.972225
14 62 0.999977
14 63 0.999927
14 64 0.999996
14 65 0.853624
14 66 0.999835
14 67 0.367737
14 68 0.386901
14 69 0.999132
14 70 0.997363
14 71 0.998021
14 72 0.999974
14 73 0.999988
14 74 0.970761
14 75 0.999995
14 76 0.989493
14 77 0.999451
14 78 0.999961
14 79 0.999998
14 80 0.029925
14 81 0.999997
14 82 0.035762
14 83 0.071949
14 84 0.993760
14 85 0.977990
14 86 0.998827
14 87 0.240658
14 88 0.060180
14 89 0.263461
14 90 0.999765
14 91 0.060180
14 92 0.997073
14 93 0.999985
14 94 0.999594
14 95 0.995836
14 96 0.993844
14 97 0.999998
14 98 0.495294
14 99 0.922920
15 0 0.981645
15 1 0.999997
15 2 0.999998
15 3 0.011782
15 4 0.986015
15 5 0.999959
15 6 0.999739
15 7 0.999451
15 8 0.920015
15 9 0.992215
15 10 0.999382
15 11 0.999963
15 12 0.996047
15 13 0.999992
15 14 0.999994
15 15 0.000000
15 16 0.996708
15 17 0.999963
15 18 0.641070
15 19 0.999998
15 20 0.999959
15 21 0.999257
15 22 0.999998
15 23 0.998241
15 24 0.994155
15 25 0.998610
15 26 0.051779
15 27 0.991246
15 28 0.051779
15 29 0.999165
15 30 0.999999
15 31 0.999998
15 32 0.999997
15 33 0.999741
15 34 0.205798
15 35 0.606413
15 36 0.999843
15 37 0.977135
15 38 0.999939
15 39 0.999897
15 40 0.820692
15 41 0.991127
15 42 0.999218
15 43 0.999990
15 44 0.973967
15 45 0.029925
15 46 0.999992
15 47 0.999998
15 48 0.945939
15 49 0.993760
15 50 0.121504
15 51 0.997530
15 52 0.999998
15 53 0.348574
15 54 0.019299
15 55 0.996708
15 56 0.923918
15 57 0.999997
15 58 0.997363
15 59 0.800668
15 60 0.999305
15 61 0.999268
15 62 0.979374
15 63 0.999629
15 64 0.999997
15 65 0.999965
15 66 0.029925
15 67 0.999945
15 68 0.348574
15 69 0.005177
15 70 0.999995
15 71 0.999959
15 72 0.836902
15 73 0.999479
15 74 0.999998
15 75 0.082237
15 76 0.002681
15 77 0.071949
15 78 0.005177
15 79 0.999861
15 80 0.909313
15 81 0.999670
15 82 0.993760
15 83 0.002681
15 84 0.999999
15 85 0.227550
15 86 0.998610
15 87 0.999711
15 88 0.999997
15 89 0.999997
15 90 0.999890
15 91 0.999998
15 92 0.999998
15 93 0.860512
15 94 0.999997
15 95 0.998957
15 96 0.876570
15 97 0.999995
15 98 0.082237
15 99 0.999985
16 0 0.997034
16 1 0.953579
16 2 0.999739
16 3 0.999951
16 4 0.149692
16 5 0.999998
16 6 0.993760
16 7 0.928576
16 8 0.189109
16 9 0.391878
16 10 0.999176
16 11 0.999998
16 12 0.035762
16 13 0.999176
16 14 0.019299
16 15 0.996708
16 16 0.000000
16 17 0.998943
16 18 0.999609
16 19 0.999997
16 20 0.019299
16 21 0.997222
16 22 0.999952
16 23 0.998610
16 24 0.995066
16 25 0.999998
16 26 0.006763
16 27 0.948611
16 28 0.003622
16 29 0.999949
16 30 0.985272
16 31 0.348574
16 32 0.019299
16 33 0.999998
16 34 0.138922
16 35 0.999691
16 36 0.999927
16 37 0.999996
16 38 0.999982
16 39 0.999998
16 40 0.999964
16 41 0.999999
16 42 0.998764
16 43 0.051779
16 44 0.999998
16 45 0.490569
16 46 0.999890
16 47 0.996708
16 48 0.999870
16 49 0.999994
16 50 0.880949
16 51 0.997363
16 52 0.999997
16 53 0.999997
16 54 0.999024
16 55 0.998811
16 56 0.999998
16 57 0.999652
16 58 0.029925
16 59 0.995554
16 60 0.932077
16 61 0.999999
16 62 0.999780
16 63 0.999993
16 64 0.993427
16 65 0.990655
16 66 0.999024
16 67 0.977990
16 68 0.495294
16 69 0.998241
16 70 0.000372
16 71 0.029925
16 72 0.999984
16 73 0.999512
16 74 0.153568
16 75 0.999998
16 76 0.975602
16 77 0.999978
16 78 0.205798
16 79 0.957037
16 80 0.951799
16 81 0.999998
16 82 0.042353
16 83 0.999998
16 84 0.999989
16 85 0.999870
16 86 0.029925
16 87 0.999176
16 88 0.999998
16 89 0.999984
16 90 0.999971
16 91 0.011782
16 92 0.765619
16 93 0.999120
16 94 0.976826
16 95 0.999861
16 96 0.989494
16 97 0.019299
16 98 0.998902
16 99 0.003622
17 0 0.994732
17 1 0.386902
17 2 0.999711
17 3 0.082237
17 4 0.999536
17 5 0.860513
17 6 0.999843
17 7 0.286770
17 8 0.999609
17 9 0.051779
17 10 0.060180
17 11 0.809759
17 12 0.999986
17 13 0.800668
17 14 0.927637
17 15 0.999963
17 16 0.998943
17 17 0.000000
17 18 0.959712
17 19 0.999971
17 20 0.999998
17 21 0.989633
17 22 0.999935
17 23 0.999608
17 24 0.999961
17 25 0.754757
17 26 0.035762
17 27 0.999629
17 28 0.986202
17 29 0.999998
17 30 0.029925
17 31 0.978283
17 32 0.001279
17 33 0.367737
17 34 0.998415
17 35 0.999994
17 36 0.909313
17 37 0.999902
17 38 0.961207
17 39 0.082237
17 40 0.999998
17 41 0.945222
17 42 0.999998
17 43 0.019299
17 44 0.641070
17 45 0.477022
17 46 0.060180
17 47 0.999349
17 48 0.999992
17 49 0.993338
17 50 0.997222
17 51 0.019299
17 52 0.998680
17 53 0.997530
17 54 0.998610
17 55 0.999990
17 56 0.999996
17 57 0.999972
17 58 0.999987
17 59 0.862254
17 60 0.998957
17 61 0.997834
17 62 0.999268
17 63 0.999993
17 64 0.768376
17 65 0.999120
17 66 0.977990
17 67 0.999981
17 68 0.999876
17 69 0.765619
17 70 0.954189
17 71 0.997887
17 72 0.996485
17 73 0.622014
17 74 0.999897
17 75 0.993338
17 76 0.999998
17 77 0.042353
17 78 0.999305
17 79 0.997184
17 80 0.999982
17 81 0.999998
17 82 0.999560
17 83 0.788675
17 84 0.999711
17 85 0.999971
17 86 0.984491
17 87 0.999997
17 88 0.690668
17 89 0.999998
17 90 0.655709
17 91 0.999998
17 92 0.990289
17 93 0.011782
17 94 0.999998
17 95 0.996298
17 96 0.999999
17 97 0.999999
17 98 0.893444
17 99 0.999890
18 0 0.999956
18 1 0.999258
18 2 0.999670
18 3 0.999835
18 4 0.983447
18 5 0.999652
18 6 0.999991
18 7 0.905921
18 8 0.999826
18 9 0.998827
18 10 0.998436
18 11 0.999756
18 12 0.999073
18 13 0.999984
18 14 0.997222
18 15 0.641070
18 16 0.999609
18 17 0.959712
18 18 0.000000
18 19 0.983447
18 20 0.999652
18 21 0.939390
18 22 0.999935
18 23 0.999073
18 24 0.999998
18 25 0.029925
18 26 0.999998
18 27 0.999998
18 28 0.999845
18 29 0.999987
18 30 0.005177
18 31 0.999996
18 32 0.987559
18 33 0.999989
18 34 0.999305
18 35 0.029925
18 36 0.999268
18 37 0.997530
18 38 0.019299
18 39 0.069412
18 40 0.999995
18 41 0.910477
18 42 0.999998
18 43 0.894801
18 44 0.999999
18 45 0.918969
18 46 0.999073
18 47 0.918969
18 48 0.019299
18 49 0.998610
18 50 0.999855
18 51 0.999977
18 52 0.999994
18 53 0.996296
18 54 0.999752
18 55 0.029925
18 56 0.999993
18 57 0.999862
18 58 0.947930
18 59 0.999382
18 60 0.999931
18 61 0.999983
18 62 0.999998
18 63 0.999707
18 64 0.988345
18 65 0.569659
18 66 0.999883
18 67 0.999897
18 68 0.999998
18 69 0.472229
18 70 0.999902
18 71 0.999999
18 72 0.999998
18 73 0.999421
18 74 0.999992
18 75 0.971149
18 76 0.071949
18 77 0.956464
18 78 0.998516
18 79 0.999629
18 80 0.999988
18 81 0.999413
18 82 0.999536
18 83 0.998957
18 84 0.731785
18 85 0.997834
18 86 0.011782
18 87 0.995554
18 88 0.227550
18 89 0.999989
18 90 0.019299
18 91 0.999739
18 92 0.121504
18 93 0.998024
18 94 0.993844
18 95 0.997687
18 96 0.999996
18 97 0.999794
18 98 0.223001
18 99 0.993077
19 0 0.153568
19 1 0.999998
19 2 0.023583
19 3 0.227550
19 4 0.941615
19 5 0.988345
19 6 0.999931
19 7 0.993760
19 8 0.606413
19 9 0.997222
19 10 0.066930
19 11 0.999997
19 12 0.999998
19 13 0.999972
19 14 0.999794
19 15 0.999998
19 16 0.999997
19 17 0.999971
19 18 0.983447
19 19 0.000000
19 20 0.836900
19 21 0.999997
19 22 0.035762
19 23 0.985469
19 24 0.781351
19 25 0.999817
19 26 0.976826
19 27 0.997222
19 28 0.999997
19 29 0.998610
19 30 0.189109
19 31 0.996532
19 32 0.999935
19 33 0.981645
19 34 0.051779
19 35 0.941615
19 36 0.051779
19 37 0.999959
19 38 0.999986
19 39 0.999927
19 40 0.998764
19 41 0.999997
19 42 0.999998
19 43 0.999981
19 44 0.990528
19 45 0.135231
19 46 0.998610
19 47 0.992215
19 48 0.999560
19 49 0.999999
19 50 0.975273
19 51 0.999995
19 52 0.999073
19 53 0.999996
19 54 0.923918
19 55 0.999983
19 56 0.838911
19 57 0.998698
19 58 0.999997
19 59 0.999756
19 60 0.999382
19 61 0.999976
19 62 0.999478
19 63 0.979095
19 64 0.999349
19 65 0.942378
19 66 0.788678
19 67 0.964978
19 68 0.990655
19 69 0.999961
19 70 0.999086
19 71 0.999536
19 72 0.999804
19 73 0.999382
19 74 0.005177
19 75 0.999998
19 76 0.108547
19 77 0.071949
19 78 0.011782
19 79 0.999996
19 80 0.029925
19 81 0.990289
19 82 0.997530
19 83 0.999993
19 84 0.019299
19 85 0.348574
19 86 0.999997
19 87 0.999998
19 88 0.999967
19 89 0.998610
19 90 0.999992
19 91 0.998516
19 92 0.999997
19 93 0.992109
19 94 0.005177
19 95 0.999997
19 96 0.096388
19 97 0.019299
19 98 0.999998
19 99 0.999863
20 0 0.997074
20 1 0.800668
20 2 0.999998
20 3 0.999349
20 4 0.999951
20 5 0.888076
20 6 0.997363
20 7 0.093360
20 8 0.008170
20 9 0.939390
20 10 0.999884
20 11 0.973967
20 12 0.105307
20 13 0.999999
20 14 0.999996
20 15 0.999959
20 16 0.019299
20 17 0.999998
20 18 0.999652
20 19 0.836900
20 20 0.000000
20 21 0.205798
20 22 0.005177
20 23 0.981397
20 24 0.999951
20 25 0.999959
20 26 0.945222
20 27 0.001279
20 28 0.999981
20 29 0.998887
20 30 0.477022
20 31 0.999998
20 32 0.999176
20 33 0.999997
20 34 0.980672
20 35 0.999853
20 36 0.999305
20 37 0.998764
20 38 0.998241
20 39 0.968809
20 40 0.999999
20 41 0.998147
20 42 0.014763
20 43 0.743482
20 44 0.003622
20 45 0.999691
20 46 0.964979
20 47 0.011782
20 48 0.999791
20 49 0.153568
20 50 0.999998
20 51 0.998610
20 52 0.999978
20 53 0.997687
20 54 0.999382
20 55 0.019299
20 56 0.999969
20 57 0.999988
20 58 0.004818
20 59 0.999999
20 60 0.999948
20 61 0.029925
20 62 0.997655
20 63 0.029925
20 64 0.042353
20 65 0.051779
20 66 0.888076
20 67 0.979096
20 68 0.999861
20 69 0.999536
20 70 0.999876
20 71 0.019299
20 72 0.999998
20 73 0.999997
20 74 0.153568
20 75 0.920015
20 76 0.999998
20 77 0.977990
20 78 0.923918
20 79 0.998843
20 80 0.005177
20 81 0.999218
20 82 0.989082
20 83 0.992215
20 84 0.991127
20 85 0.513285
20 86 0.999998
20 87 0.999969
20 88 0.223001
20 89 0.999923
20 90 0.042353
20 91 0.002681
20 92 0.999913
20 93 0.809758
20 94 0.082237
20 95 0.999948
20 96 0.963140
20 97 0.984281
20 98 0.019299
20 99 0.996298
21 0 0.999993
21 1 0.999998
21 2 0.999979
21 3 0.019299
21 4 0.999977
21 5 0.008716
21 6 0.999588
21 7 0.029925
21 8 0.999218
21 9 0.999998
21 10 0.999845
21 11 0.999268
21 12 0.999998
21 13 0.980411
21 14 0.071949
21 15 0.999257
21 16 0.997222
21 17 0.989633
21 18 0.939390
21 19 0.999997
21 20 0.205798
21 21 0.000000
21 22 0.951798
21 23 0.999994
21 24 0.999998
21 25 0.999985
21 26 0.999998
21 27 0.999566
21 28 0.995316
21 29 0.999923
21 30 0.991127
21 31 0.998610
21 32 0.976514
21 33 0.999218
21 34 0.011782
21 35 0.999010
21 36 0.005177
21 37 0.999928
21 38 0.999995
21 39 0.924902
21 40 0.999995
21 41 0.999999
21 42 0.965441
21 43 0.999120
21 44 0.999373
21 45 0.999938
21 46 0.993338
21 47 0.263461
21 48 0.999997
21 49 0.622014
21 50 0.999987
21 51 0.963627
21 52 0.998764
21 53 0.999917
21 54 0.472229
21 55 0.999305
21 56 0.005177
21 57 0.999991
21 58 0.999975
21 59 0.967602
21 60 0.999908
21 61 0.999967
21 62 0.999998
21 63 0.999996
21 64 0.995066
21 65 0.955885
21 66 0.992983
21 67 0.968808
21 68 0.659444
21 69 0.998764
21 70 0.429954
21 71 0.999961
21 72 0.023583
21 73 0.999588
21 74 0.999985
21 75 0.005177
21 76 0.001279
21 77 0.999993
21 78 0.999998
21 79 0.005177
21 80 0.998516
21 81 0.997398
21 82 0.998048
21 83 0.035762
21 84 0.999998
21 85 0.999998
21 86 0.999979
21 87 0.998748
21 88 0.998436
21 89 0.999999
21 90 0.988934
21 91 0.014763
21 92 0.999999
21 93 0.999993
21 94 0.019299
21 95 0.023583
21 96 0.951157
21 97 0.961206
21 98 0.006763
21 99 0.953579
22 0 0.999687
22 1 0.223001
22 2 0.999536
22 3 0.996437
22 4 0.719662
22 5 0.999998
22 6 0.999948
22 7 0.472229
22 8 0.999996
22 9 0.999998
22 10 0.005177
22 11 0.999942
22 12 0.999997
22 13 0.987725
22 14 0.999945
22 15 0.999998
22 16 0.999952
22 17 0.999935
22 18 0.999935
22 19 0.035762
22 20 0.005177
22 21 0.951798
22 22 0.000000
22 23 0.999707
22 24 0.005177
22 25 0.999980
22 26 0.999670
22 27 0.988934
22 28 0.467421
22 29 0.051779
22 30 0.999711
22 31 0.999996
22 32 0.028526
22 33 0.999998
22 34 0.994733
22 35 0.005177
22 36 0.999973
22 37 0.448775
22 38 0.999995
22 39 0.019299
22 40 0.051779
22 41 0.994730
22 42 0.999752
22 43 0.999908
22 44 0.836903
22 45 0.999870
22 46 0.998353
22 47 0.999988
22 48 0.998764
22 49 0.513285
22 50 0.999931
22 51 0.999845
22 52 0.853624
22 53 0.999974
22 54 0.999804
22 55 0.999948
22 56 0.998265
22 57 0.996485
22 58 0.998436
22 59 0.994452
22 60 0.999963
22 61 0.999998
22 62 0.069412
22 63 0.051779
22 64 0.995835
22 65 0.071949
22 66 0.998147
22 67 0.998265
22 68 0.999923
22 69 0.999993
22 70 0.999998
22 71 0.999978
22 72 0.999999
22 73 0.998827
22 74 0.935413
22 75 0.035762
22 76 0.999997
22 77 0.999897
22 78 0.999999
22 79 0.999977
22 80 0.998330
22 81 0.834872
22 82 0.999993
22 83 0.999997
22 84 0.023583
22 85 0.999996
22 86 0.994155
22 87 0.005177
22 88 0.999999
22 89 0.999992
22 90 0.998516
22 91 0.999010
22 92 0.848329
22 93 0.951157
22 94 0.999994
22 95 0.997073
22 96 0.995554
22 97 0.999985
22 98 0.999997
22 99 0.990655
23 0 0.999999
23 1 0.992215
23 2 0.999992
23 3 0.999932
23 4 0.002681
23 5 0.535509
23 6 0.995379
23 7 0.999990
23 8 0.999993
23 9 0.999998
23 10 0.996485
23 11 0.999855
23 12 0.029925
23 13 0.999995
23 14 0.153568
23 15 0.998241
23 16 0.998610
23 17 0.999608
23 18 0.999073
23 19 0.985469
23 20 0.981397
23 21 0.999994
23 22 0.999707
23 23 0.000000
23 24 0.035762
23 25 0.999132
23 26 0.999976
23 27 0.997073
23 28 0.999305
23 29 0.999876
23 30 0.999996
23 31 0.998147
23 32 0.996347
23 33 0.999443
23 34 0.999652
23 35 0.984281
23 36 0.999707
23 37 0.999994
23 38 0.019299
23 39 0.999923
23 40 0.999998
23 41 0.005177
23 42 0.931183
23 43 0.977693
23 44 0.011782
23 45 0.999990
23 46 0.205798
23 47 0.988501
23 48 0.429955
23 49 0.999954
23 50 0.029925
23 51 0.999967
23 52 0.999998
23 53 0.999707
23 54 0.999977
23 55 0.995836
23 56 0.011782
23 57 0.286770
23 58 0.999963
23 59 0.002681
23 60 0.990655
23 61 0.997916
23 62 0.071949
23 63 0.998021
23 64 0.999711
23 65 0.998827
23 66 0.998147
23 67 0.999413
23 68 0.998971
23 69 0.999971
23 70 0.848329
23 71 0.999984
23 72 0.001794
23 73 0.999897
23 74 0.999566
23 75 0.915921
23 76 0.996664
23 77 0.986720
23 78 0.019299
23 79 0.641070
23 80 0.002681
23 81 0.999997
23 82 0.023583
23 83 0.970761
23 84 0.999024
23 85 0.999992
23 86 0.999998
23 87 0.999927
23 88 0.938589
23 89 0.999992
23 90 0.205798
23 91 0.812062
23 92 0.999990
23 93 0.014763
23 94 0.995317
23 95 0.998265
23 96 0.996100
23 97 0.999998
23 98 0.992109
23 99 0.768376
24 0 0.999997
24 1 0.999373
24 2 0.999908
24 3 0.999907
24 4 0.954189
24 5 0.998147
24 6 0.999997
24 7 0.999505
24 8 0.999918
24 9 0.999973
24 10 0.999670
24 11 0.999935
24 12 0.019299
24 13 0.998241
24 14 0.029925
24 15 0.994155
24 16 0.995066
24 17 0.999961
24 18 0.999998
24 19 0.781351
24 20 0.999951
24 21 0.999998
24 22 0.005177
24 23 0.035762
24 24 0.000000
24 25 0.997916
24 26 0.992609
24 27 0.999998
24 28 0.982569
24 29 0.999976
24 30 0.999752
24 31 0.018287
24 32 0.728674
24 33 0.999927
24 34 0.999999
24 35 0.011782
24 36 0.997687
24 37 0.999946
24 38 0.993427
24 39 0.999991
24 40 0.999505
24 41 0.029925
24 42 0.820692
24 43 0.998957
24 44 0.996708
24 45 0.999997
24 46 0.999928
24 47 0.324511
24 48 0.999853
24 49 0.999999
24 50 0.999938
24 51 0.945222
24 52 0.035762
24 53 0.011782
24 54 0.467420
24 55 0.005177
24 56 0.995613
24 57 0.019299
24 58 0.800669
24 59 0.051779
24 60 0.999421
24 61 0.991246
24 62 0.981645
24 63 0.999957
24 64 0.999994
24 65 0.651944
24 66 0.999609
24 67 0.999997
24 68 0.994451
24 69 0.071949
24 70 0.999478
24 71 0.999691
24 72 0.023583
24 73 0.999176
24 74 0.999987
24 75 0.002681
24 76 0.189109
24 77 0.263461
24 78 0.999870
24 79 0.997184
24 80 0.999994
24 81 0.999989
24 82 0.552765
24 83 0.999670
24 84 0.999992
24 85 0.942378
24 86 0.999739
24 87 0.105307
24 88 0.948613
24 89 0.999794
24 90 0.731785
24 91 0.977990
24 92 0.168897
24 93 0.153568
24 94 0.999997
24 95 0.999979
24 96 0.626001
24 97 0.999479
24 98 0.991246
24 99 0.999995
25 0 0.997259
25 1 0.999996
25 2 0.999988
25 3 0.005177
25 4 0.108547
25 5 0.999486
25 6 0.998827
25 7 0.984281
25 8 0.999691
25 9 0.999994
25 10 0.999904
25 11 0.999935
25 12 0.999995
25 13 0.999998
25 14 0.901145
25 15 0.998610
25 16 0.999998
25 17 0.754757
25 18 0.029925
25 19 0.999817
25 20 0.999959
25 21 0.999985
25 22 0.999980
25 23 0.999132
25 24 0.997916
25 25 0.000000
25 26 0.429954
25 27 0.999995
25 28 0.999977
25 29 0.999997
25 30 0.201407
25 31 0.998021
25 32 0.999566
25 33 0.082237
25 34 0.999997
25 35 0.673535
25 36 0.005177
25 37 0.606413
25 38 0.343598
25 39 0.999218
25 40 0.791203
25 41 0.999999
25 42 0.602289
25 43 0.160836
25 44 0.051779
25 45 0.508636
25 46 0.687189
25 47 0.828969
25 48 0.997687
25 49 0.135231
25 50 0.957038
25 51 0.997363
25 52 0.999988
25 53 0.999897
25 54 0.999258
25 55 0.999804
25 56 0.999901
25 57 0.999999
25 58 0.834872
25 59 0.962647
25 60 0.367737
25 61 0.018287
25 62 0.999995
25 63 0.999998
25 64 0.999923
25 65 0.999845
25 66 0.071949
25 67 0.910477
25 68 0.003622
25 69 0.998241
25 70 0.999935
25 71 0.049729
25 72 0.914824
25 73 0.743482
25 74 0.245316
25 75 0.011782
25 76 0.391878
25 77 0.372722
25 78 0.999938
25 79 0.999995
25 80 0.988345
25 81 0.800669
25 82 0.071949
25 83 0.998241
25 84 0.999073
25 85 0.999996
25 86 0.029925
25 87 0.951157
25 88 0.999986
25 89 0.991689
25 90 0.035762
25 91 0.999560
25 92 0.973620
25 93 0.999979
25 94 0.765619
25 95 0.011782
25 96 0.936253
25 97 0.988187
25 98 0.998957
25 99 0.999986
26 0 0.586173
26 1 0.999780
26 2 0.999982
26 3 0.367737
26 4 0.911627
26 5 0.014763
26 6 0.011782
26 7 0.005177
26 8 0.757621
26 9 0.993338
26 10 0.984281
26 11 0.138922
26 12 0.998681
26 13 0.999382
26 14 0.984281
26 15 0.051779
26 16 0.006763
26 17 0.035762
26 18 0.999998
26 19 0.976826
26 20 0.945222
26 21 0.999998
26 22 0.999670
26 23 0.999976
26 24 0.992609
26 25 0.429954
26 26 0.000000
26 27 0.999340
26 28 0.999935
26 29 0.999930
26 30 0.093360
26 31 0.997222
26 32 0.999634
26 33 0.999971
26 34 0.990024
26 35 0.996663
26 36 0.999853
26 37 0.999995
26 38 0.997184
26 39 0.005177
26 40 0.874997
26 41 0.851783
26 42 0.999907
26 43 0.281924
26 44 0.999998
26 45 0.999536
26 46 0.019299
26 47 0.999998
26 48 0.042353
26 49 0.079482
26 50 0.029925
26 51 0.999257
26 52 0.905921
26 53 0.999073
26 54 0.934561
26 55 0.189109
26 56 0.999927
26 57 0.060180
26 58 0.999768
26 59 0.999907
26 60 0.029925
26 61 0.999884
26 62 0.999588
26 63 0.999999
26 64 0.586172
26 65 0.999998
26 66 0.844504
26 67 0.868768
26 68 0.999989
26 69 0.999989
26 70 0.999998
26 71 0.071949
26 72 0.922918
26 73 0.999479
26 74 0.999413
26 75 0.999258
26 76 0.060180
26 77 0.999902
26 78 0.683682
26 79 0.000372
26 80 0.935412
26 81 0.029925
26 82 0.029925
26 83 0.005177
26 84 0.999978
26 85 0.999218
26 86 0.999982
26 87 0.964978
26 88 0.999780
26 89 0.997222
26 90 0.999876
26 91 0.000139
26 92 0.999998
26 93 0.049729
26 94 0.999979
26 95 0.999870
26 96 0.999998
26 97 0.999957
26 98 0.981645
26 99 0.998843
27 0 0.035762
27 1 0.019299
27 2 0.975273
27 3 0.999983
27 4 0.999995
27 5 0.999268
27 6 0.028526
27 7 0.963140
27 8 0.999984
27 9 0.014763
27 10 0.991246
27 11 0.999413
27 12 0.429954
27 13 0.999997
27 14 0.999998
27 15 0.991246
27 16 0.948611
27 17 0.999629
27 18 0.999998
27 19 0.997222
27 20 0.001279
27 21 0.999566
27 22 0.988934
27 23 0.997073
27 24 0.999998
27 25 0.999995
27 26 0.999340
27 27 0.000000
27 28 0.791202
27 29 0.286770
27 30 0.999753
27 31 0.348574
27 32 0.999969
27 33 0.999768
27 34 0.999998
27 35 0.999997
27 36 0.979096
27 37 0.754757
27 38 0.938589
27 39 0.998436
27 40 0.992215
27 41 0.999982
27 42 0.999997
27 43 0.988934
27 44 0.019299
27 45 0.999951
27 46 0.999990
27 47 0.029925
27 48 0.999992
27 49 0.999609
27 50 0.999997
27 51 0.096388
