0 0 0.000000
0 1 0.240658
0 2 0.999945
0 3 0.071949
0 4 0.999994
0 5 0.999997
0 6 0.999997
0 7 0.999794
0 8 0.999814
0 9 0.108547
0 10 0.995613
0 11 0.999995
0 12 0.880950
0 13 0.362752
0 14 0.999999
0 15 0.984490
0 16 0.998747
0 17 0.988187
0 18 0.999935
0 19 0.060180
0 20 0.996708
0 21 0.999995
0 22 0.999802
0 23 0.999998
0 24 0.999998
0 25 0.996917
0 26 0.669914
0 27 0.035762
0 28 0.990655
0 29 0.998827
0 30 0.995379
0 31 0.023583
0 32 0.999995
0 33 0.999978
0 34 0.998971
0 35 0.999992
0 36 0.999996
0 37 0.003622
0 38 0.999998
0 39 0.999996
0 40 0.999995
0 41 0.999996
0 42 0.994076
0 43 0.153568
0 44 0.508636
0 45 0.998021
0 46 0.999902
0 47 0.999218
0 48 0.999999
0 49 0.999823
0 50 0.999843
0 51 0.082237
0 52 0.999752
0 53 0.999988
0 54 0.006763
0 55 0.434867
0 56 0.886639
0 57 0.005177
0 58 0.153568
0 59 0.633287
0 60 0.999997
0 61 0.999963
0 62 0.967602
0 63 0.005177
0 64 0.999988
0 65 0.958628
0 66 0.791203
0 67 0.961206
0 68 0.999976
0 69 0.000372
0 70 0.999853
0 71 0.999954
0 72 0.999918
0 73 0.999993
0 74 0.999996
0 75 0.999996
0 76 0.051779
0 77 0.005177
0 78 0.999959
0 79 0.999413
0 80 0.999995
0 81 0.069412
0 82 0.999967
0 83 0.997804
0 84 0.999954
0 85 0.002681
0 86 0.999780
0 87 0.410971
0 88 0.999691
0 89 0.994076
0 90 0.999977
0 91 0.999997
0 92 0.999982
0 93 0.990780
0 94 0.051779
0 95 0.993427
0 96 0.999974
0 97 0.999884
0 98 0.999868
0 99 0.992215
1 0 0.240658
1 1 0.000000
1 2 0.994661
1 3 0.999997
1 4 0.999999
1 5 0.348574
1 6 0.227550
1 7 0.149692
1 8 0.999826
1 9 0.846427
1 10 0.999997
1 11 0.999916
1 12 0.927638
1 13 0.999930
1 14 0.093360
1 15 0.999997
1 16 0.991127
1 17 0.240658
1 18 0.999861
1 19 0.999998
1 20 0.939390
1 21 0.999998
1 22 0.105307
1 23 0.997073
1 24 0.999944
1 25 0.999994
1 26 0.999938
1 27 0.019299
1 28 0.999634
1 29 0.051779
1 30 0.999984
1 31 0.997184
1 32 0.991127
1 33 0.034174
1 34 0.961718
1 35 0.960686
1 36 0.999753
1 37 0.999703
1 38 0.999995
1 39 0.999983
1 40 0.999997
1 41 0.998957
1 42 0.093360
1 43 0.011782
1 44 0.923918
1 45 0.846427
1 46 0.999913
1 47 0.999987
1 48 0.995316
1 49 0.999999
1 50 0.999768
1 51 0.000218
1 52 0.999998
1 53 0.002681
1 54 0.999913
1 55 0.999963
1 56 0.999382
1 57 0.205798
1 58 0.999999
1 59 0.999997
1 60 0.028526
1 61 0.904700
1 62 0.999998
1 63 0.153568
1 64 0.189109
1 65 0.993675
1 66 0.999997
1 67 0.999997
1 68 0.999132
1 69 0.999582
1 70 0.999984
1 71 0.999804
1 72 0.006763
1 73 0.998957
1 74 0.029925
1 75 0.029925
1 76 0.005177
1 77 0.999981
1 78 0.999996
1 79 0.153568
1 80 0.936253
1 81 0.002681
1 82 0.999988
1 83 0.999982
1 84 0.666264
1 85 0.999995
1 86 0.071949
1 87 0.999998
1 88 0.989493
1 89 0.999969
1 90 0.999928
1 91 0.019299
1 92 0.108547
1 93 0.999951
1 94 0.005177
1 95 0.999998
1 96 0.972225
1 97 0.996437
1 98 0.610510
1 99 0.818483
2 0 0.999945
2 1 0.994661
2 2 0.000000
2 3 0.999997
2 4 0.999882
2 5 0.999060
2 6 0.006763
2 7 0.998241
2 8 0.999765
2 9 0.051779
2 10 0.997774
2 11 0.999959
2 12 0.999582
2 13 0.999228
2 14 0.999997
2 15 0.999999
2 16 0.999853
2 17 0.999939
2 18 0.999791
2 19 0.023583
2 20 0.999998
2 21 0.999983
2 22 0.998681
2 23 0.999998
2 24 0.999961
2 25 0.999977
2 26 0.999998
2 27 0.958629
2 28 0.999969
2 29 0.961718
2 30 0.051779
2 31 0.999998
2 32 0.005177
2 33 0.999999
2 34 0.006317
2 35 0.999991
2 36 0.987559
2 37 0.348574
2 38 0.932077
2 39 0.002681
2 40 0.999768
2 41 0.999996
2 42 0.019299
2 43 0.386901
2 44 0.999998
2 45 0.019299
2 46 0.999986
2 47 0.999991
2 48 0.999935
2 49 0.860507
2 50 0.999687
2 51 0.006763
2 52 0.019299
2 53 0.999739
2 54 0.994076
2 55 0.999998
2 56 0.999991
2 57 0.999969
2 58 0.153568
2 59 0.997916
2 60 0.999963
2 61 0.997496
2 62 0.477022
2 63 0.999997
2 64 0.999948
2 65 0.998887
2 66 0.999999
2 67 0.051779
2 68 0.168897
2 69 0.999998
2 70 0.999961
2 71 0.999826
2 72 0.999828
2 73 0.998436
2 74 0.999974
2 75 0.999997
2 76 0.006763
2 77 0.999588
2 78 0.999945
2 79 0.999983
2 80 0.757621
2 81 0.999999
2 82 0.999989
2 83 0.991246
2 84 0.999588
2 85 0.999974
2 86 0.000372
2 87 0.999530
2 88 0.060180
2 89 0.999973
2 90 0.999995
2 91 0.999996
2 92 0.999951
2 93 0.002681
2 94 0.011782
2 95 0.999990
2 96 0.994376
2 97 0.999990
2 98 0.997222
2 99 0.999996
3 0 0.071949
3 1 0.999997
3 2 0.999997
3 3 0.000000
3 4 0.999998
3 5 0.999986
3 6 0.996875
3 7 0.998217
3 8 0.800668
3 9 0.999998
3 10 0.716439
3 11 0.999995
3 12 0.002681
3 13 0.060180
3 14 0.367737
3 15 0.011782
3 16 0.999995
3 17 0.153568
3 18 0.999722
3 19 0.329464
3 20 0.999794
3 21 0.019299
3 22 0.999624
3 23 0.999999
3 24 0.999883
3 25 0.005177
3 26 0.687190
3 27 0.999967
3 28 0.989082
3 29 0.999609
3 30 0.082237
3 31 0.029925
3 32 0.996663
3 33 0.999986
3 34 0.997774
3 35 0.999997
3 36 0.999988
3 37 0.999982
3 38 0.999603
3 39 0.999739
3 40 0.731785
3 41 0.995554
3 42 0.997563
3 43 0.999983
3 44 0.998971
3 45 0.999999
3 46 0.999998
3 47 0.999997
3 48 0.999951
3 49 0.999997
3 50 0.999927
3 51 0.999998
3 52 0.997887
3 53 0.999997
3 54 0.019299
3 55 0.993338
3 56 0.999413
3 57 0.999804
3 58 0.005177
3 59 0.071949
3 60 0.994999
3 61 0.999588
3 62 0.999992
3 63 0.999963
3 64 0.002681
3 65 0.019299
3 66 0.923918
3 67 0.999998
3 68 0.914824
3 69 0.949286
3 70 0.999998
3 71 0.999998
3 72 0.999997
3 73 0.999845
3 74 0.999997
3 75 0.513285
3 76 0.999999
3 77 0.985469
3 78 0.286770
3 79 0.949286
3 80 0.999505
3 81 0.999998
3 82 0.610510
3 83 0.999955
3 84 0.999998
3 85 0.003622
3 86 0.999998
3 87 0.999634
3 88 0.979096
3 89 0.999998
3 90 0.999670
3 91 0.005177
3 92 0.372722
3 93 0.905921
3 94 0.029925
3 95 0.999917
3 96 0.093361
3 97 0.999998
3 98 0.943131
3 99 0.997222
4 0 0.999994
4 1 0.999999
4 2 0.999882
4 3 0.999998
4 4 0.000000
4 5 0.999951
4 6 0.994451
4 7 0.999997
4 8 0.999061
4 9 0.999938
4 10 0.443905
4 11 0.998901
4 12 0.999988
4 13 0.997222
4 14 0.410971
4 15 0.999560
4 16 0.149692
4 17 0.999804
4 18 0.972225
4 19 0.737452
4 20 0.999995
4 21 0.999991
4 22 0.883941
4 23 0.002681
4 24 0.914824
4 25 0.189109
4 26 0.965899
4 27 0.999998
4 28 0.975273
4 29 0.029925
4 30 0.993760
4 31 0.108547
4 32 0.999998
4 33 0.999995
4 34 0.999999
4 35 0.998681
4 36 0.999876
4 37 0.410971
4 38 0.743482
4 39 0.999927
4 40 0.998241
4 41 0.014763
4 42 0.999814
4 43 0.005177
4 44 0.992983
4 45 0.019299
4 46 0.999989
4 47 0.986015
4 48 0.999780
4 49 0.899866
4 50 0.999961
4 51 0.999989
4 52 0.005177
4 53 0.999998
4 54 0.999998
4 55 0.029925
4 56 0.305549
4 57 0.999997
4 58 0.042353
4 59 0.999990
4 60 0.999536
4 61 0.019299
4 62 0.989493
4 63 0.999992
4 64 0.999997
4 65 0.014763
4 66 0.998536
4 67 0.788679
4 68 0.005177
4 69 0.973617
4 70 0.920015
4 71 0.071949
4 72 0.999995
4 73 0.963140
4 74 0.999998
4 75 0.989350
4 76 0.189109
4 77 0.999826
4 78 0.108547
4 79 0.998241
4 80 0.999258
4 81 0.999992
4 82 0.999609
4 83 0.999995
4 84 0.959174
4 85 0.245316
4 86 0.942378
4 87 0.999917
4 88 0.999996
4 89 0.996708
4 90 0.999998
4 91 0.999985
4 92 0.999614
4 93 0.999845
4 94 0.998827
4 95 0.999997
4 96 0.999691
4 97 0.999382
4 98 0.999959
4 99 0.992609
5 0 0.999997
5 1 0.348574
5 2 0.999060
5 3 0.999986
5 4 0.999951
5 5 0.000000
5 6 0.999996
5 7 0.999998
5 8 0.999870
5 9 0.999987
5 10 0.329464
5 11 0.992609
5 12 0.996298
5 13 0.023583
5 14 0.999995
5 15 0.999991
5 16 0.999997
5 17 0.844505
5 18 0.999804
5 19 0.996708
5 20 0.904700
5 21 0.305550
5 22 0.999998
5 23 0.626001
5 24 0.998957
5 25 0.999807
5 26 0.014763
5 27 0.999691
5 28 0.999908
5 29 0.029925
5 30 0.999997
5 31 0.998827
5 32 0.999930
5 33 0.999998
5 34 0.998147
5 35 0.011782
5 36 0.974313
5 37 0.967602
5 38 0.005177
5 39 0.999999
5 40 0.610510
5 41 0.973618
5 42 0.495294
5 43 0.932077
5 44 0.999993
5 45 0.006763
5 46 0.998609
5 47 0.999997
5 48 0.846427
5 49 0.019299
5 50 0.999670
5 51 0.998957
5 52 0.005177
5 53 0.999965
5 54 0.999995
5 55 0.998680
5 56 0.071949
5 57 0.535509
5 58 0.985272
5 59 0.999997
5 60 0.999780
5 61 0.999996
5 62 0.999998
5 63 0.973617
5 64 0.998172
5 65 0.999471
5 66 0.999997
5 67 0.999824
5 68 0.999996
5 69 0.989493
5 70 0.999990
5 71 0.019299
5 72 0.999951
5 73 0.999998
5 74 0.999582
5 75 0.999588
5 76 0.950504
5 77 0.999340
5 78 0.999990
5 79 0.999999
5 80 0.999340
5 81 0.999451
5 82 0.998516
5 83 0.996485
5 84 0.999878
5 85 0.999938
5 86 0.999478
5 87 0.999543
5 88 0.029925
5 89 0.999998
5 90 0.999258
5 91 0.999382
5 92 0.996100
5 93 0.999876
5 94 0.986720
5 95 0.999998
5 96 0.988934
5 97 0.999954
5 98 0.999486
5 99 0.999876
6 0 0.999997
6 1 0.227550
6 2 0.006763
6 3 0.996875
6 4 0.994451
6 5 0.999996
6 6 0.000000
6 7 0.725535
6 8 0.999984
6 9 0.029925
6 10 0.999826
6 11 0.999999
6 12 0.999451
6 13 0.999941
6 14 0.552765
6 15 0.999890
6 16 0.999340
6 17 0.999956
6 18 0.999997
6 19 0.999997
6 20 0.999258
6 21 0.999961
6 22 0.999912
6 23 0.998048
6 24 0.999993
6 25 0.999560
6 26 0.011782
6 27 0.028526
6 28 0.019299
6 29 0.999999
6 30 0.410971
6 31 0.999807
6 32 0.995067
6 33 0.999983
6 34 0.999999
6 35 0.999998
6 36 0.904700
6 37 0.999739
6 38 0.999997
6 39 0.999804
6 40 0.991246
6 41 0.999443
6 42 0.932960
6 43 0.999913
6 44 0.999505
6 45 0.042353
6 46 0.855444
6 47 0.999870
6 48 0.999991
6 49 0.071949
6 50 0.991689
6 51 0.988187
6 52 0.999413
6 53 0.999999
6 54 0.035762
6 55 0.999998
6 56 0.999995
6 57 0.019299
6 58 0.999977
6 59 0.002681
6 60 0.002681
6 61 0.942377
6 62 0.981645
6 63 0.999998
6 64 0.987559
6 65 0.999413
6 66 0.153568
6 67 0.703771
6 68 0.999996
6 69 0.999296
6 70 0.268234
6 71 0.996663
6 72 0.999948
6 73 0.201407
6 74 0.096388
6 75 0.999998
6 76 0.071949
6 77 0.992983
6 78 0.999999
6 79 0.994155
6 80 0.999996
6 81 0.999927
6 82 0.999997
6 83 0.999451
6 84 0.999997
6 85 0.999707
6 86 0.791203
6 87 0.999998
6 88 0.019299
6 89 0.978283
6 90 0.999268
6 91 0.999999
6 92 0.029925
6 93 0.999876
6 94 0.999999
6 95 0.998764
6 96 0.999997
6 97 0.372722
6 98 0.999890
6 99 0.999997
7 0 0.999794
7 1 0.149692
7 2 0.998241
7 3 0.998217
7 4 0.999997
7 5 0.999998
7 6 0.725535
7 7 0.000000
7 8 0.999207
7 9 0.999998
7 10 0.999614
7 11 0.820692
7 12 0.655709
7 13 0.999956
7 14 0.888076
7 15 0.999794
7 16 0.981645
7 17 0.153568
7 18 0.963627
7 19 0.999804
7 20 0.168897
7 21 0.029925
7 22 0.472229
7 23 0.999997
7 24 0.998330
7 25 0.999258
7 26 0.005177
7 27 0.994076
7 28 0.999995
7 29 0.049729
7 30 0.071949
7 31 0.051779
7 32 0.999959
7 33 0.153568
7 34 0.999997
7 35 0.999652
7 36 0.999942
7 37 0.999956
7 38 0.999998
7 39 0.868768
7 40 0.999994
7 41 0.019299
7 42 0.999997
7 43 0.998827
7 44 0.096388
7 45 0.002681
7 46 0.999949
7 47 0.999951
7 48 0.999991
7 49 0.029925
7 50 0.999471
7 51 0.999897
7 52 0.329464
7 53 0.999987
7 54 0.999890
7 55 0.606413
7 56 0.999997
7 57 0.999902
7 58 0.860513
7 59 0.999340
7 60 0.999976
7 61 0.999990
7 62 0.998887
7 63 0.023583
7 64 0.999922
7 65 0.999752
7 66 0.999996
7 67 0.999998
7 68 0.998827
7 69 0.999938
7 70 0.917909
7 71 0.348574
7 72 0.996347
7 73 0.999999
7 74 0.999994
7 75 0.005177
7 76 0.999994
7 77 0.999998
7 78 0.189109
7 79 0.998943
7 80 0.999305
7 81 0.999120
7 82 0.999853
7 83 0.003622
7 84 0.999999
7 85 0.999907
7 86 0.994803
7 87 0.999927
7 88 0.006763
7 89 0.992507
7 90 0.999990
7 91 0.999998
7 92 0.963139
7 93 0.999884
7 94 0.998747
7 95 0.999983
7 96 0.060180
7 97 0.999609
7 98 0.999994
7 99 0.999999
8 0 0.999814
8 1 0.999826
8 2 0.999765
8 3 0.800668
8 4 0.999061
8 5 0.999870
8 6 0.999984
8 7 0.999207
8 8 0.000000
8 9 0.006763
8 10 0.999995
8 11 0.999997
8 12 0.986720
8 13 0.992609
8 14 0.029925
8 15 0.976826
8 16 0.901145
8 17 0.999258
8 18 0.999956
8 19 0.754757
8 20 0.008170
8 21 0.998827
8 22 0.999993
8 23 0.999999
8 24 0.999845
8 25 0.999942
8 26 0.901145
8 27 0.999994
8 28 0.999992
8 29 0.051779
8 30 0.999990
8 31 0.999993
8 32 0.999997
8 33 0.995554
8 34 0.999982
8 35 0.994732
8 36 0.093360
8 37 0.999902
8 38 0.626001
8 39 0.999969
8 40 0.999999
8 41 0.999451
8 42 0.996100
8 43 0.999218
8 44 0.999993
8 45 0.999994
8 46 0.999876
8 47 0.999998
8 48 0.019299
8 49 0.999794
8 50 0.999988
8 51 0.999993
8 52 0.005177
8 53 0.999804
8 54 0.999560
8 55 0.999218
8 56 0.082237
8 57 0.019299
8 58 0.999996
8 59 0.006763
8 60 0.019299
8 61 0.999998
8 62 0.149693
8 63 0.205798
8 64 0.999413
8 65 0.999990
8 66 0.999970
8 67 0.855444
8 68 0.019299
8 69 0.035762
8 70 0.997497
8 71 0.992983
8 72 0.999994
8 73 0.999999
8 74 0.988345
8 75 0.082237
8 76 0.778725
8 77 0.989350
8 78 0.995836
8 79 0.999165
8 80 0.999973
8 81 0.096388
8 82 0.999994
8 83 0.005177
8 84 0.998680
8 85 0.999739
8 86 0.999973
8 87 0.999998
8 88 0.999652
8 89 0.990024
8 90 0.999258
8 91 0.011782
8 92 0.999897
8 93 0.999997
8 94 0.999991
8 95 0.999752
8 96 0.996917
8 97 0.999999
8 98 0.998516
8 99 0.999996
9 0 0.108547
9 1 0.846427
9 2 0.051779
9 3 0.999998
9 4 0.999938
9 5 0.999987
9 6 0.029925
9 7 0.999998
9 8 0.006763
9 9 0.000000
9 10 0.999413
9 11 0.999989
9 12 0.905921
9 13 0.999939
9 14 0.999971
9 15 0.997073
9 16 0.348574
9 17 0.051779
9 18 0.997034
9 19 0.990655
9 20 0.961206
9 21 0.999999
9 22 0.999998
9 23 0.999998
9 24 0.999862
9 25 0.999998
9 26 0.962646
9 27 0.014763
9 28 0.995316
9 29 0.999305
9 30 0.999990
9 31 0.998698
9 32 0.988934
9 33 0.999994
9 34 0.999998
9 35 0.019299
9 36 0.988934
9 37 0.999998
9 38 0.975273
9 39 0.999996
9 40 0.999132
9 41 0.011782
9 42 0.005177
9 43 0.999976
9 44 0.999998
9 45 0.983223
9 46 0.999959
9 47 0.999999
9 48 0.910477
9 49 0.999994
9 50 0.999258
9 51 0.986015
9 52 0.999991
9 53 0.999987
9 54 0.069412
9 55 0.999984
9 56 0.999930
9 57 0.987559
9 58 0.999609
9 59 0.999768
9 60 0.999988
9 61 0.029925
9 62 0.051779
9 63 0.915921
9 64 0.014763
9 65 0.999218
9 66 0.999938
9 67 0.999935
9 68 0.999890
9 69 0.975273
9 70 0.429954
9 71 0.999998
9 72 0.028526
9 73 0.189109
9 74 0.999972
9 75 0.999992
9 76 0.999994
9 77 0.986015
9 78 0.999876
9 79 0.986721
9 80 0.986015
9 81 0.703771
9 82 0.998436
9 83 0.602290
9 84 0.999998
9 85 0.999961
9 86 0.999988
9 87 0.999927
9 88 0.999985
9 89 0.999997
9 90 0.999903
9 91 0.999996
9 92 0.391878
9 93 0.999999
9 94 0.999998
9 95 0.999998
9 96 0.791202
9 97 0.622015
9 98 0.999648
9 99 0.999609
10 0 0.995613
10 1 0.999997
10 2 0.997774
10 3 0.716439
10 4 0.443905
10 5 0.329464
10 6 0.999826
10 7 0.999614
10 8 0.999995
10 9 0.999413
10 10 0.000000
10 11 0.011782
10 12 0.999995
10 13 0.999939
10 14 0.980147
10 15 0.999961
10 16 0.999479
10 17 0.060180
10 18 0.999804
10 19 0.066930
10 20 0.999804
10 21 0.999978
10 22 0.005177
10 23 0.997363
10 24 0.999060
10 25 0.999964
10 26 0.666262
10 27 0.995613
10 28 0.367737
10 29 0.999998
10 30 0.716439
10 31 0.999691
10 32 0.999999
10 33 0.999934
10 34 0.812062
10 35 0.019299
10 36 0.838911
10 37 0.999996
10 38 0.999999
10 39 0.999999
10 40 0.051779
10 41 0.448784
10 42 0.999998
10 43 0.997363
10 44 0.978283
10 45 0.006317
10 46 0.992708
10 47 0.999996
10 48 0.999997
10 49 0.999945
10 50 0.848329
10 51 0.997623
10 52 0.999780
10 53 0.090389
10 54 0.998536
10 55 0.999997
10 56 0.999941
10 57 0.999996
10 58 0.029925
10 59 0.964509
10 60 0.286770
10 61 0.999582
10 62 0.999985
10 63 0.993844
10 64 0.998495
10 65 0.999756
10 66 0.870414
10 67 0.999996
10 68 0.996485
10 69 0.999907
10 70 0.982569
10 71 0.042353
10 72 0.168897
10 73 0.999268
10 74 0.999930
10 75 0.286770
10 76 0.988345
10 77 0.999997
10 78 0.999993
10 79 0.999979
10 80 0.999993
10 81 0.035762
10 82 0.999991
10 83 0.999845
10 84 0.999998
10 85 0.999907
10 86 0.973617
10 87 0.035762
10 88 0.999687
10 89 0.999739
10 90 0.768376
10 91 0.999952
10 92 0.999768
10 93 0.882454
10 94 0.998122
10 95 0.999826
10 96 0.999804
10 97 0.951799
10 98 0.011782
10 99 0.659444
11 0 0.999995
11 1 0.999916
11 2 0.999959
11 3 0.999995
11 4 0.998901
11 5 0.992609
11 6 0.999999
11 7 0.820692
11 8 0.999997
11 9 0.999989
11 10 0.011782
11 11 0.000000
11 12 0.011782
11 13 0.999884
11 14 0.042353
11 15 0.999991
11 16 0.999998
11 17 0.961206
11 18 0.999691
11 19 0.999999
11 20 0.995066
11 21 0.999073
11 22 0.999951
11 23 0.999939
11 24 0.999780
11 25 0.999976
11 26 0.138922
11 27 0.999165
11 28 0.999998
11 29 0.999725
11 30 0.984280
11 31 0.968808
11 32 0.999983
11 33 0.999993
11 34 0.731785
11 35 0.029925
11 36 0.876570
11 37 0.005177
11 38 0.999998
11 39 0.999218
11 40 0.999942
11 41 0.997916
11 42 0.121504
11 43 0.999999
11 44 0.999999
11 45 0.999010
11 46 0.999614
11 47 0.999870
11 48 0.999997
11 49 0.999691
11 50 0.999989
11 51 0.669913
11 52 0.495294
11 53 0.999999
11 54 0.999505
11 55 0.999999
11 56 0.999997
11 57 0.999990
11 58 0.961718
11 59 0.999997
11 60 0.999995
11 61 0.999884
11 62 0.227550
11 63 0.999907
11 64 0.999674
11 65 0.999999
11 66 0.999999
11 67 0.999997
11 68 0.023583
11 69 0.999977
11 70 0.626001
11 71 0.965441
11 72 0.999998
11 73 0.800669
11 74 0.961718
11 75 0.999295
11 76 0.999948
11 77 0.997222
11 78 0.999876
11 79 0.367737
11 80 0.999687
11 81 0.999986
11 82 0.999970
11 83 0.999996
11 84 0.999530
11 85 0.923918
11 86 0.999998
11 87 0.467421
11 88 0.999707
11 89 0.999998
11 90 0.999999
11 91 0.999996
11 92 0.999923
11 93 0.655709
11 94 0.011782
11 95 0.999989
11 96 0.988934
11 97 0.051779
11 98 0.018287
11 99 0.006763
12 0 0.880950
12 1 0.927638
12 2 0.999582
12 3 0.002681
12 4 0.999988
12 5 0.996298
12 6 0.999451
12 7 0.655709
12 8 0.986720
12 9 0.905921
12 10 0.999995
12 11 0.011782
12 12 0.000000
12 13 0.999928
12 14 0.939390
12 15 0.996247
12 16 0.035762
12 17 0.999998
12 18 0.999479
12 19 0.999998
12 20 0.184860
12 21 0.999993
12 22 0.999998
12 23 0.415919
12 24 0.019299
12 25 0.999994
12 26 0.999752
12 27 0.281925
12 28 0.019299
12 29 0.998698
12 30 0.999913
12 31 0.996297
12 32 0.999963
12 33 0.988934
12 34 0.991576
12 35 0.999896
12 36 0.999060
12 37 0.035762
12 38 0.999752
12 39 0.731785
12 40 0.996708
12 41 0.999835
12 42 0.998957
12 43 0.999959
12 44 0.995553
12 45 0.999450
12 46 0.996663
12 47 0.999913
12 48 0.996047
12 49 0.999997
12 50 0.999995
12 51 0.985272
12 52 0.999648
12 53 0.999973
12 54 0.999912
12 55 0.999998
12 56 0.986202
12 57 0.082237
12 58 0.996347
12 59 0.904700
12 60 0.019299
12 61 0.999998
12 62 0.999999
12 63 0.996875
12 64 0.999229
12 65 0.002681
12 66 0.999998
12 67 0.998330
12 68 0.999993
12 69 0.019299
12 70 0.993338
12 71 0.999998
12 72 0.899866
12 73 0.999629
12 74 0.999907
12 75 0.023583
12 76 0.006763
12 77 0.998048
12 78 0.995836
12 79 0.932077
12 80 0.994803
12 81 0.999986
12 82 0.984281
12 83 0.999908
12 84 0.005177
12 85 0.999512
12 86 0.999998
12 87 0.999996
12 88 0.999960
12 89 0.035762
12 90 0.998591
12 91 0.999961
12 92 0.999977
12 93 0.999896
12 94 0.999997
12 95 0.999998
12 96 0.999995
12 97 0.999999
12 98 0.999991
12 99 0.121504
13 0 0.362752
13 1 0.999930
13 2 0.999228
13 3 0.060180
13 4 0.997222
13 5 0.023583
13 6 0.999941
13 7 0.999956
13 8 0.992609
13 9 0.999939
13 10 0.999939
13 11 0.999884
13 12 0.999928
13 13 0.000000
13 14 0.999993
13 15 0.999998
13 16 0.997916
13 17 0.972594
13 18 0.999997
13 19 0.999969
13 20 0.999999
13 21 0.995836
13 22 0.992215
13 23 0.999994
13 24 0.997033
13 25 0.999996
13 26 0.998827
13 27 0.999999
13 28 0.997916
13 29 0.999992
13 30 0.999998
13 31 0.999996
13 32 0.990655
13 33 0.992215
13 34 0.999983
13 35 0.997804
13 36 0.996917
13 37 0.998764
13 38 0.999780
13 39 0.998610
13 40 0.989633
13 41 0.673535
13 42 0.743482
13 43 0.989634
13 44 0.999995
13 45 0.999835
13 46 0.999995
13 47 0.999890
13 48 0.999739
13 49 0.999413
13 50 0.999943
13 51 0.999992
13 52 0.999687
13 53 0.999582
13 54 0.999956
13 55 0.999999
13 56 0.999902
13 57 0.005177
13 58 0.972594
13 59 0.972594
13 60 0.999942
13 61 0.999953
13 62 0.987559
13 63 0.995892
13 64 0.994526
13 65 0.006763
13 66 0.915921
13 67 0.999934
13 68 0.998241
13 69 0.999999
13 70 0.999997
13 71 0.820692
13 72 0.042353
13 73 0.999997
13 74 0.999853
13 75 0.983447
13 76 0.051779
13 77 0.979374
13 78 0.999999
13 79 0.990023
13 80 0.999996
13 81 0.999994
13 82 0.973967
13 83 0.999073
13 84 0.995554
13 85 0.999725
13 86 0.999995
13 87 0.999980
13 88 0.434867
13 89 0.019299
13 90 0.999986
13 91 0.751867
13 92 0.999868
13 93 0.999863
13 94 0.002681
13 95 0.999992
13 96 0.999997
13 97 0.669914
13 98 0.945222
13 99 0.999707
14 0 0.999999
14 1 0.093360
14 2 0.999997
14 3 0.367737
14 4 0.410971
14 5 0.999995
14 6 0.552765
14 7 0.888076
14 8 0.029925
14 9 0.999971
14 10 0.980147
14 11 0.042353
14 12 0.939390
14 13 0.999993
14 14 0.000000
14 15 0.999995
14 16 0.019299
14 17 0.988187
14 18 0.998437
14 19 0.999768
14 20 0.999998
14 21 0.019299
14 22 0.999998
14 23 0.245316
14 24 0.029925
14 25 0.987073
14 26 0.941615
14 27 0.999998
14 28 0.999996
14 29 0.999752
14 30 0.999331
14 31 0.495294
14 32 0.006763
14 33 0.960688
14 34 0.999997
14 35 0.069412
14 36 0.976515
14 37 0.997222
14 38 0.999998
14 39 0.862254
14 40 0.999999
14 41 0.997916
14 42 0.978283
14 43 0.994076
14 44 0.996298
14 45 0.999998
14 46 0.082237
14 47 0.999890
14 48 0.999988
14 49 0.999991
14 50 0.999998
14 51 0.998021
14 52 0.329464
14 53 0.999998
14 54 0.999670
14 55 0.999991
14 56 0.060180
14 57 0.977990
14 58 0.999218
14 59 0.999995
14 60 0.999707
14 61 0.976514
14 62 0.999987
14 63 0.999997
14 64 0.999995
14 65 0.914824
14 66 0.999907
14 67 0.367737
14 68 0.118059
14 69 0.999878
14 70 0.986720
14 71 0.996663
14 72 0.999978
14 73 0.999990
14 74 0.975273
14 75 0.999995
14 76 0.984281
14 77 0.996875
14 78 0.999988
14 79 0.999998
14 80 0.029925
14 81 0.999996
14 82 0.434867
14 83 0.071949
14 84 0.989493
14 85 0.986015
14 86 0.999560
14 87 0.118059
14 88 0.060180
14 89 0.263461
14 90 0.999868
14 91 0.060180
14 92 0.999634
14 93 0.999995
14 94 0.999086
14 95 0.996485
14 96 0.982569
14 97 0.999998
14 98 0.703771
14 99 0.955883
15 0 0.984490
15 1 0.999997
15 2 0.999999
15 3 0.011782
15 4 0.999560
15 5 0.999991
15 6 0.999890
15 7 0.999794
15 8 0.976826
15 9 0.997073
15 10 0.999961
15 11 0.999991
15 12 0.996247
15 13 0.999998
15 14 0.999995
15 15 0.000000
15 16 0.999739
15 17 0.999997
15 18 0.606413
15 19 0.999999
15 20 0.999907
15 21 0.999907
15 22 0.999998
15 23 0.998331
15 24 0.990157
15 25 0.997655
15 26 0.051779
15 27 0.998902
15 28 0.011782
15 29 0.999207
15 30 0.999996
15 31 0.999998
15 32 0.999991
15 33 0.999563
15 34 0.905921
15 35 0.324511
15 36 0.999802
15 37 0.985469
15 38 0.999988
15 39 0.999942
15 40 0.981645
15 41 0.966728
15 42 0.999218
15 43 0.999997
15 44 0.998353
15 45 0.029925
15 46 0.999994
15 47 0.999998
15 48 0.954189
15 49 0.998241
15 50 0.042353
15 51 0.999305
15 52 0.999999
15 53 0.348574
15 54 0.227550
15 55 0.999305
15 56 0.994452
15 57 0.999998
15 58 0.999687
15 59 0.910477
15 60 0.999340
15 61 0.996298
15 62 0.992215
15 63 0.999373
15 64 0.999998
15 65 0.999985
15 66 0.029925
15 67 0.999861
15 68 0.743482
15 69 0.005177
15 70 0.999998
15 71 0.999977
15 72 0.508635
15 73 0.999560
15 74 0.999998
15 75 0.082237
15 76 0.002681
15 77 0.268234
15 78 0.005177
15 79 0.999922
15 80 0.986720
15 81 0.999876
15 82 0.996485
15 83 0.002681
15 84 0.999998
15 85 0.108547
15 86 0.998957
15 87 0.999973
15 88 0.999998
15 89 0.999998
15 90 0.999938
15 91 0.999998
15 92 0.999998
15 93 0.751866
15 94 0.999997
15 95 0.999560
15 96 0.641070
15 97 0.999999
15 98 0.023583
15 99 0.999991
16 0 0.998747
16 1 0.991127
16 2 0.999853
16 3 0.999995
16 4 0.149692
16 5 0.999997
16 6 0.999340
16 7 0.981645
16 8 0.901145
16 9 0.348574
16 10 0.999479
16 11 0.999998
16 12 0.035762
16 13 0.997916
16 14 0.019299
16 15 0.999739
16 16 0.000000
16 17 0.996437
16 18 0.999979
16 19 0.999998
16 20 0.019299
16 21 0.995836
16 22 0.999954
16 23 0.998681
16 24 0.968808
16 25 0.999988
16 26 0.006763
16 27 0.669905
16 28 0.003622
16 29 0.999935
16 30 0.986015
16 31 0.820692
16 32 0.002681
16 33 0.999994
16 34 0.138922
16 35 0.999479
16 36 0.999954
16 37 0.999997
16 38 0.999939
16 39 0.999998
16 40 0.999908
16 41 0.999999
16 42 0.998610
16 43 0.051779
16 44 0.999999
16 45 0.700406
16 46 0.999791
16 47 0.998353
16 48 0.999951
16 49 0.999999
16 50 0.931183
16 51 0.998516
16 52 0.999997
16 53 0.999998
16 54 0.998957
16 55 0.999665
16 56 0.999998
16 57 0.999972
16 58 0.029925
16 59 0.996833
16 60 0.986898
16 61 0.999998
16 62 0.999753
16 63 0.999988
16 64 0.997222
16 65 0.989493
16 66 0.999176
16 67 0.991689
16 68 0.305549
16 69 0.999340
16 70 0.000372
16 71 0.029925
16 72 0.999998
16 73 0.999817
16 74 0.153568
16 75 0.999998
16 76 0.976826
16 77 0.999973
16 78 0.093360
16 79 0.894801
16 80 0.979374
16 81 0.999996
16 82 0.042353
16 83 0.999997
16 84 0.999995
16 85 0.999972
16 86 0.029925
16 87 0.999073
16 88 0.999998
16 89 0.999982
16 90 0.999853
16 91 0.011782
16 92 0.860512
16 93 0.997774
16 94 0.985272
16 95 0.999912
16 96 0.999165
16 97 0.019299
16 98 0.998147
16 99 0.003622
17 0 0.988187
17 1 0.240658
17 2 0.999939
17 3 0.153568
17 4 0.999804
17 5 0.844505
17 6 0.999956
17 7 0.153568
17 8 0.999258
17 9 0.051779
17 10 0.060180
17 11 0.961206
17 12 0.999998
17 13 0.972594
17 14 0.988187
17 15 0.999997
17 16 0.996437
17 17 0.000000
17 18 0.911627
17 19 0.999951
17 20 0.999997
17 21 0.942378
17 22 0.999986
17 23 0.999972
17 24 0.999985
17 25 0.923918
17 26 0.035762
17 27 0.999922
17 28 0.999349
17 29 0.999998
17 30 0.029925
17 31 0.969221
17 32 0.001279
17 33 0.105308
17 34 0.999554
17 35 0.999998
17 36 0.947930
17 37 0.999977
17 38 0.993760
17 39 0.082237
17 40 0.999999
17 41 0.867102
17 42 0.999995
17 43 0.138922
17 44 0.984490
17 45 0.477022
17 46 0.060180
17 47 0.999725
17 48 0.999993
17 49 0.997497
17 50 0.999870
17 51 0.019299
17 52 0.995554
17 53 0.999707
17 54 0.999935
17 55 0.999994
17 56 0.999992
17 57 0.999986
17 58 0.999996
17 59 0.939390
17 60 0.996047
17 61 0.999086
17 62 0.999931
17 63 0.999998
17 64 0.820692
17 65 0.999876
17 66 0.983447
17 67 0.999996
17 68 0.999977
17 69 0.860513
17 70 0.991246
17 71 0.998663
17 72 0.998330
17 73 0.888076
17 74 0.999942
17 75 0.994999
17 76 0.999998
17 77 0.008716
17 78 0.997656
17 79 0.999648
17 80 0.999991
17 81 0.999999
17 82 0.999814
17 83 0.956464
17 84 0.999908
17 85 0.999998
17 86 0.986898
17 87 0.999999
17 88 0.924902
17 89 0.999998
17 90 0.530966
17 91 0.999998
17 92 0.998457
17 93 0.108547
17 94 0.999998
17 95 0.993760
17 96 0.999997
17 97 0.999998
17 98 0.953579
17 99 0.999876
18 0 0.999935
18 1 0.999861
18 2 0.999791
18 3 0.999722
18 4 0.972225
18 5 0.999804
18 6 0.999997
18 7 0.963627
18 8 0.999956
18 9 0.997034
18 10 0.999804
18 11 0.999691
18 12 0.999479
18 13 0.999997
18 14 0.998437
18 15 0.606413
18 16 0.999979
18 17 0.911627
18 18 0.000000
18 19 0.979096
18 20 0.999853
18 21 0.996708
18 22 0.999992
18 23 0.999870
18 24 0.999994
18 25 0.029925
18 26 0.999998
18 27 0.999994
18 28 0.999951
18 29 0.999976
18 30 0.005177
18 31 0.999998
18 32 0.989493
18 33 0.999942
18 34 0.999804
18 35 0.005177
18 36 0.998610
18 37 0.999218
18 38 0.019299
18 39 0.069412
18 40 0.999996
18 41 0.992609
18 42 0.999997
18 43 0.778725
18 44 0.999996
18 45 0.931183
18 46 0.999853
18 47 0.982333
18 48 0.019299
18 49 0.999967
18 50 0.999969
18 51 0.999983
18 52 0.999995
18 53 0.996045
18 54 0.999965
18 55 0.029925
18 56 0.999994
18 57 0.999974
18 58 0.990024
18 59 0.999923
18 60 0.999995
18 61 0.999961
18 62 0.999998
18 63 0.999917
18 64 0.998902
18 65 0.868768
18 66 0.999934
18 67 0.999870
18 68 0.999997
18 69 0.868768
18 70 0.999982
18 71 0.999998
18 72 0.999999
18 73 0.999566
18 74 0.999999
18 75 0.986202
18 76 0.019299
18 77 0.994451
18 78 0.999165
18 79 0.999907
18 80 0.999999
18 81 0.999120
18 82 0.999951
18 83 0.999010
18 84 0.889496
18 85 0.998375
18 86 0.011782
18 87 0.988783
18 88 0.108547
18 89 0.999993
18 90 0.019299
18 91 0.998021
18 92 0.042353
18 93 0.992516
18 94 0.995379
18 95 0.999512
18 96 0.999998
18 97 0.999978
18 98 0.569659
18 99 0.998048
19 0 0.060180
19 1 0.999998
19 2 0.023583
19 3 0.329464
19 4 0.737452
19 5 0.996708
19 6 0.999997
19 7 0.999804
19 8 0.754757
19 9 0.990655
19 10 0.066930
19 11 0.999999
19 12 0.999998
19 13 0.999969
19 14 0.999768
19 15 0.999999
19 16 0.999998
19 17 0.999951
19 18 0.979096
19 19 0.000000
19 20 0.935411
19 21 0.999999
19 22 0.035762
19 23 0.998172
19 24 0.659444
19 25 0.999923
19 26 0.986898
19 27 0.986015
19 28 0.999998
19 29 0.998957
19 30 0.535509
19 31 0.998048
19 32 0.999945
19 33 0.994803
19 34 0.051779
19 35 0.934561
19 36 0.051779
19 37 0.999983
19 38 0.999948
19 39 0.999997
19 40 0.998436
19 41 0.999998
19 42 0.999998
19 43 0.999996
19 44 0.992888
19 45 0.049729
19 46 0.999609
19 47 0.999451
19 48 0.999814
19 49 0.999997
19 50 0.987559
19 51 0.999994
19 52 0.999942
19 53 0.999998
19 54 0.988934
19 55 0.999971
19 56 0.936253
19 57 0.999817
19 58 0.999998
19 59 0.999997
19 60 0.999826
19 61 0.999996
19 62 0.998680
19 63 0.998021
19 64 0.999966
19 65 0.967167
19 66 0.700406
19 67 0.982333
19 68 0.996047
19 69 0.999998
19 70 0.998971
19 71 0.998241
19 72 0.999938
19 73 0.999923
19 74 0.005177
19 75 0.999997
19 76 0.006763
19 77 0.071949
19 78 0.011782
19 79 0.999992
19 80 0.029925
19 81 0.995892
19 82 0.996298
19 83 0.999993
19 84 0.019299
19 85 0.673535
19 86 0.999996
19 87 0.999999
19 88 0.999994
19 89 0.999609
19 90 0.999998
19 91 0.998747
19 92 0.999994
19 93 0.997034
19 94 0.005177
19 95 0.999998
19 96 0.096388
19 97 0.019299
19 98 0.999998
19 99 0.999768
20 0 0.996708
20 1 0.939390
20 2 0.999998
20 3 0.999794
20 4 0.999995
20 5 0.904700
20 6 0.999258
20 7 0.168897
20 8 0.008170
20 9 0.961206
20 10 0.999804
20 11 0.995066
20 12 0.184860
20 13 0.999999
20 14 0.999998
20 15 0.999907
20 16 0.019299
20 17 0.999997
20 18 0.999853
20 19 0.935411
20 20 0.000000
20 21 0.093360
20 22 0.005177
20 23 0.984280
20 24 0.999979
20 25 0.999997
20 26 0.931183
20 27 0.001279
20 28 0.999995
20 29 0.999791
20 30 0.690668
20 31 0.999998
20 32 0.999884
20 33 0.999997
20 34 0.987725
20 35 0.999890
20 36 0.999218
20 37 0.999560
20 38 0.999917
20 39 0.973617
20 40 0.999998
20 41 0.968810
20 42 0.014763
20 43 0.945939
20 44 0.003622
20 45 0.998241
20 46 0.941617
20 47 0.011782
20 48 0.999978
20 49 0.060180
20 50 0.999998
20 51 0.999560
20 52 0.999876
20 53 0.997074
20 54 0.998610
20 55 0.019299
20 56 0.999991
20 57 0.999997
20 58 0.004818
20 59 0.999997
20 60 0.999984
20 61 0.029925
20 62 0.999340
20 63 0.415919
20 64 0.042353
20 65 0.051779
20 66 0.935412
20 67 0.964978
20 68 0.999987
20 69 0.999218
20 70 0.999686
20 71 0.019299
20 72 0.999998
20 73 0.999998
20 74 0.014763
20 75 0.994803
20 76 0.999998
20 77 0.997916
20 78 0.942378
20 79 0.999946
20 80 0.005177
20 81 0.999560
20 82 0.998971
20 83 0.996298
20 84 0.996247
20 85 0.969221
20 86 0.999998
20 87 0.999987
20 88 0.105308
20 89 0.999998
20 90 0.042353
20 91 0.002681
20 92 0.999994
20 93 0.888076
20 94 0.023583
20 95 0.999609
20 96 0.989493
20 97 0.997774
20 98 0.019299
20 99 0.998957
21 0 0.999995
21 1 0.999998
21 2 0.999983
21 3 0.019299
21 4 0.999991
21 5 0.305550
21 6 0.999961
21 7 0.029925
21 8 0.998827
21 9 0.999999
21 10 0.999978
21 11 0.999073
21 12 0.999993
21 13 0.995836
21 14 0.019299
21 15 0.999907
21 16 0.995836
21 17 0.942378
21 18 0.996708
21 19 0.999999
21 20 0.093360
21 21 0.000000
21 22 0.975602
21 23 0.999996
21 24 0.999998
21 25 0.999984
21 26 0.999995
21 27 0.999986
21 28 0.992109
21 29 0.999984
21 30 0.990023
21 31 0.998436
21 32 0.988784
21 33 0.999670
21 34 0.011782
21 35 0.996664
21 36 0.005177
21 37 0.999837
21 38 0.999991
21 39 0.943131
21 40 0.999998
21 41 0.999997
21 42 0.942378
21 43 0.999443
21 44 0.999868
21 45 0.999977
21 46 0.999765
21 47 0.754757
21 48 0.999999
21 49 0.788679
21 50 0.999998
21 51 0.910477
21 52 0.999913
21 53 0.999985
21 54 0.910477
21 55 0.998957
21 56 0.005177
21 57 0.999992
21 58 0.999979
21 59 0.981645
21 60 0.999305
21 61 0.999963
21 62 0.999994
21 63 0.999998
21 64 0.999382
21 65 0.995779
21 66 0.999010
21 67 0.992508
21 68 0.703771
21 69 0.999826
21 70 0.530966
21 71 0.999942
21 72 0.023583
21 73 0.999073
21 74 0.999999
21 75 0.005177
21 76 0.001279
21 77 0.999995
21 78 0.999999
21 79 0.005177
21 80 0.998122
21 81 0.997804
21 82 0.999268
21 83 0.035762
21 84 0.999996
21 85 0.999996
21 86 0.999987
21 87 0.999061
21 88 0.999917
21 89 0.999996
21 90 0.998241
21 91 0.014763
21 92 0.999996
21 93 0.999997
21 94 0.019299
21 95 0.023583
21 96 0.998827
21 97 0.963139
21 98 0.006763
21 99 0.994999
22 0 0.999802
22 1 0.105307
22 2 0.998681
22 3 0.999624
22 4 0.883941
22 5 0.999998
22 6 0.999912
22 7 0.472229
22 8 0.999993
22 9 0.999998
22 10 0.005177
22 11 0.999951
22 12 0.999998
22 13 0.992215
22 14 0.999998
22 15 0.999998
22 16 0.999954
22 17 0.999986
22 18 0.999992
22 19 0.035762
22 20 0.005177
22 21 0.975602
22 22 0.000000
22 23 0.999986
22 24 0.005177
22 25 0.999989
22 26 0.998748
22 27 0.997655
22 28 0.319567
22 29 0.051779
22 30 0.999878
22 31 0.999997
22 32 0.028526
22 33 0.999997
22 34 0.997774
22 35 0.005177
22 36 0.999998
22 37 0.448775
22 38 0.999998
22 39 0.019299
22 40 0.051779
22 41 0.993335
22 42 0.999980
22 43 0.999971
22 44 0.967167
22 45 0.999945
22 46 0.999382
22 47 0.999999
22 48 0.999536
22 49 0.716439
22 50 0.999870
22 51 0.999951
22 52 0.935412
22 53 0.999989
22 54 0.999505
22 55 0.999967
22 56 0.998698
22 57 0.997034
22 58 0.997655
22 59 0.999218
22 60 0.999876
22 61 0.999994
22 62 0.018287
22 63 0.051779
22 64 0.997655
22 65 0.071949
22 66 0.998957
22 67 0.999919
22 68 0.999967
22 69 0.999998
22 70 0.999998
22 71 0.999995
22 72 0.999999
22 73 0.998241
22 74 0.986015
22 75 0.035762
22 76 0.999999
22 77 0.999768
22 78 0.999996
22 79 0.999998
22 80 0.999530
22 81 0.962646
22 82 0.999989
22 83 0.999995
22 84 0.023583
22 85 0.999999
22 86 0.986898
22 87 0.005177
22 88 0.999998
22 89 0.999997
22 90 0.996247
22 91 0.999907
22 92 0.969629
22 93 0.918969
22 94 0.999998
22 95 0.999451
22 96 0.994999
22 97 0.999984
22 98 0.999997
22 99 0.996047
23 0 0.999998
23 1 0.997073
23 2 0.999998
23 3 0.999999
23 4 0.002681
23 5 0.626001
23 6 0.998048
23 7 0.999997
23 8 0.999999
23 9 0.999998
23 10 0.997363
23 11 0.999939
23 12 0.415919
23 13 0.999994
23 14 0.245316
23 15 0.998331
23 16 0.998681
23 17 0.999972
23 18 0.999870
23 19 0.998172
23 20 0.984280
23 21 0.999996
23 22 0.999986
23 23 0.000000
23 24 0.035762
23 25 0.999973
23 26 0.999990
23 27 0.994451
23 28 0.996485
23 29 0.999983
23 30 0.999997
23 31 0.998957
23 32 0.986202
23 33 0.999530
23 34 0.999707
23 35 0.973617
23 36 0.999835
23 37 0.999988
23 38 0.019299
23 39 0.999981
23 40 0.999997
23 41 0.005177
23 42 0.996247
23 43 0.983223
23 44 0.011782
23 45 0.999994
23 46 0.093360
23 47 0.999771
23 48 0.240658
23 49 0.999949
23 50 0.172989
23 51 0.999995
23 52 0.999997
23 53 0.999835
23 54 0.999974
23 55 0.999963
23 56 0.011782
23 57 0.153568
23 58 0.999993
23 59 0.002681
23 60 0.984280
23 61 0.999413
23 62 0.071949
23 63 0.996663
23 64 0.999634
23 65 0.999340
23 66 0.996875
23 67 0.999890
23 68 0.999132
23 69 0.999994
23 70 0.781351
23 71 0.999982
23 72 0.001794
23 73 0.999853
23 74 0.999977
23 75 0.945939
23 76 0.998591
23 77 0.999165
23 78 0.019299
23 79 0.513285
23 80 0.002681
23 81 0.999995
23 82 0.023583
23 83 0.956464
23 84 0.998902
23 85 0.999998
23 86 0.999998
23 87 0.999876
23 88 0.998887
23 89 0.999998
23 90 0.093360
23 91 0.838911
23 92 0.999997
23 93 0.014763
23 94 0.999890
23 95 0.998902
23 96 0.999588
23 97 0.999997
23 98 0.997034
23 99 0.846427
24 0 0.999998
24 1 0.999944
24 2 0.999961
24 3 0.999883
24 4 0.914824
24 5 0.998957
24 6 0.999993
24 7 0.998330
24 8 0.999845
24 9 0.999862
24 10 0.999060
24 11 0.999780
24 12 0.019299
24 13 0.997033
24 14 0.029925
24 15 0.990157
24 16 0.968808
24 17 0.999985
24 18 0.999994
24 19 0.659444
24 20 0.999979
24 21 0.999998
24 22 0.005177
24 23 0.035762
24 24 0.000000
24 25 0.999707
24 26 0.999305
24 27 0.999998
24 28 0.874996
24 29 0.999959
24 30 0.999861
24 31 0.018287
24 32 0.967167
24 33 0.999959
24 34 0.999995
24 35 0.011782
24 36 0.999566
24 37 0.999969
24 38 0.999073
24 39 0.999998
24 40 0.999974
24 41 0.029925
24 42 0.862254
24 43 0.991127
24 44 0.998147
24 45 0.999990
24 46 0.999959
24 47 0.655709
24 48 0.999972
24 49 0.999999
24 50 0.999948
24 51 0.984281
24 52 0.035762
24 53 0.011782
24 54 0.319566
24 55 0.005177
24 56 0.999176
24 57 0.019299
24 58 0.868768
24 59 0.011782
24 60 0.999891
24 61 0.935412
24 62 0.994803
24 63 0.999927
24 64 0.999998
24 65 0.786128
24 66 0.999972
24 67 0.999996
24 68 0.990655
24 69 0.071949
24 70 0.999120
24 71 0.999826
24 72 0.023583
24 73 0.999305
24 74 0.999997
24 75 0.002681
24 76 0.082237
24 77 0.135231
24 78 0.999752
24 79 0.998415
24 80 0.999995
24 81 0.999945
24 82 0.606413
24 83 0.999918
24 84 0.999999
24 85 0.963140
24 86 0.999991
24 87 0.105307
24 88 0.997222
24 89 0.999670
24 90 0.889496
24 91 0.981397
24 92 0.367737
24 93 0.153568
24 94 0.999998
24 95 0.999974
24 96 0.838911
24 97 0.994076
24 98 0.983447
24 99 0.999996
25 0 0.996917
25 1 0.999994
25 2 0.999977
25 3 0.005177
25 4 0.189109
25 5 0.999807
25 6 0.999560
25 7 0.999258
25 8 0.999942
25 9 0.999998
25 10 0.999964
25 11 0.999976
25 12 0.999994
25 13 0.999996
25 14 0.987073
25 15 0.997655
25 16 0.999988
25 17 0.923918
25 18 0.029925
25 19 0.999923
25 20 0.999997
25 21 0.999984
25 22 0.999989
25 23 0.999973
25 24 0.999707
25 25 0.000000
25 26 0.530966
25 27 0.999931
25 28 0.999993
25 29 0.999992
25 30 0.448784
25 31 0.999752
25 32 0.999588
25 33 0.023583
25 34 0.999998
25 35 0.716439
25 36 0.005177
25 37 0.853624
25 38 0.343598
25 39 0.999560
25 40 0.453650
25 41 0.999998
25 42 0.526400
25 43 0.064502
25 44 0.108547
25 45 0.713187
25 46 0.655709
25 47 0.899866
25 48 0.999024
25 49 0.135231
25 50 0.983668
25 51 0.999505
25 52 0.999987
25 53 0.999976
25 54 0.998747
25 55 0.999907
25 56 0.999958
25 57 0.999997
25 58 0.816249
25 59 0.917911
25 60 0.606413
25 61 0.018287
25 62 0.999998
25 63 0.999996
25 64 0.999984
25 65 0.999902
25 66 0.268234
25 67 0.586172
25 68 0.003622
25 69 0.997034
25 70 0.999945
25 71 0.049729
25 72 0.967167
25 73 0.472229
25 74 0.245316
25 75 0.011782
25 76 0.768376
25 77 0.610510
25 78 0.999988
25 79 0.999996
25 80 0.998353
25 81 0.972594
25 82 0.071949
25 83 0.999340
25 84 0.999218
25 85 0.999998
25 86 0.029925
25 87 0.995316
25 88 0.999997
25 89 0.996875
25 90 0.035762
25 91 0.999876
25 92 0.988785
25 93 0.999996
25 94 0.893445
25 95 0.011782
25 96 0.945939
25 97 0.995554
25 98 0.999560
25 99 0.999992
26 0 0.669914
26 1 0.999938
26 2 0.999998
26 3 0.687190
26 4 0.965899
26 5 0.014763
26 6 0.011782
26 7 0.005177
26 8 0.901145
26 9 0.962646
26 10 0.666262
26 11 0.138922
26 12 0.999752
26 13 0.998827
26 14 0.941615
26 15 0.051779
26 16 0.006763
26 17 0.035762
26 18 0.999998
26 19 0.986898
26 20 0.931183
26 21 0.999995
26 22 0.998748
26 23 0.999990
26 24 0.999305
26 25 0.530966
26 26 0.000000
26 27 0.999876
26 28 0.999853
26 29 0.999961
26 30 0.093360
26 31 0.999479
26 32 0.999884
26 33 0.999996
26 34 0.998591
26 35 0.996832
26 36 0.999969
26 37 0.999999
26 38 0.998811
26 39 0.005177
26 40 0.844504
26 41 0.960688
26 42 0.999907
26 43 0.057916
26 44 0.999993
26 45 0.999945
26 46 0.019299
26 47 0.999997
26 48 0.042353
26 49 0.079482
26 50 0.029925
26 51 0.999974
26 52 0.945939
26 53 0.999304
26 54 0.962646
26 55 0.189109
26 56 0.999977
26 57 0.060180
26 58 0.999739
26 59 0.999647
26 60 0.029925
26 61 0.999560
26 62 0.998611
26 63 0.999998
26 64 0.300647
26 65 0.999995
26 66 0.953579
26 67 0.622014
26 68 0.999997
26 69 0.999984
26 70 0.999997
26 71 0.019299
26 72 0.977692
26 73 0.999969
26 74 0.999977
26 75 0.999896
26 76 0.060180
26 77 0.999963
26 78 0.931183
26 79 0.000372
26 80 0.986015
26 81 0.029925
26 82 0.005177
26 83 0.005177
26 84 0.999996
26 85 0.999670
26 86 0.999998
26 87 0.913714
26 88 0.999505
26 89 0.998827
26 90 0.999974
26 91 0.000139
26 92 0.999999
26 93 0.011090
26 94 0.999921
26 95 0.999993
26 96 0.999997
26 97 0.999919
26 98 0.996100
26 99 0.999837
27 0 0.035762
27 1 0.019299
27 2 0.958629
27 3 0.999967
27 4 0.999998
27 5 0.999691
27 6 0.028526
27 7 0.994076
27 8 0.999994
27 9 0.014763
27 10 0.995613
27 11 0.999165
27 12 0.281925
27 13 0.999999
27 14 0.999998
27 15 0.998902
27 16 0.669905
27 17 0.999922
27 18 0.999994
27 19 0.986015
27 20 0.001279
27 21 0.999986
27 22 0.997655
27 23 0.994451
27 24 0.999998
27 25 0.999931
27 26 0.999876
27 27 0.000000
27 28 0.978283
27 29 0.391878
27 30 0.999994
27 31 0.205798
27 32 0.999974
27 33 0.999927
27 34 0.999998
27 35 0.999998
27 36 0.980147
27 37 0.490568
27 38 0.988187
27 39 0.999609
27 40 0.997073
27 41 0.999993
27 42 0.999998
27 43 0.994451
27 44 0.019299
27 45 0.999930
27 46 0.999996
27 47 0.029925
27 48 0.999998
27 49 0.999972
27 50 0.999999
27 51 0.172989
