0 0 0.000000
0 1 0.240658
0 2 0.999995
0 3 0.071949
0 4 0.999996
0 5 0.999998
0 6 0.999998
0 7 0.999942
0 8 0.999995
0 9 0.035762
0 10 0.994452
0 11 0.999998
0 12 0.725535
0 13 0.218482
0 14 0.999998
0 15 0.997804
0 16 0.997887
0 17 0.999060
0 18 0.999973
0 19 0.060180
0 20 0.999536
0 21 0.999998
0 22 0.999833
0 23 0.999997
0 24 0.999998
0 25 0.997398
0 26 0.981397
0 27 0.035762
0 28 0.994732
0 29 0.998887
0 30 0.986898
0 31 0.023583
0 32 0.999994
0 33 0.999998
0 34 0.999566
0 35 0.999998
0 36 0.999997
0 37 0.003622
0 38 0.999996
0 39 0.999998
0 40 0.999988
0 41 0.999996
0 42 0.985073
0 43 0.153568
0 44 0.602290
0 45 0.977693
0 46 0.999995
0 47 0.999959
0 48 0.999998
0 49 0.999735
0 50 0.999993
0 51 0.153568
0 52 0.999907
0 53 0.999999
0 54 0.006763
0 55 0.838911
0 56 0.926688
0 57 0.005177
0 58 0.391878
0 59 0.773393
0 60 0.999995
0 61 0.999979
0 62 0.990780
0 63 0.005177
0 64 0.999983
0 65 0.999258
0 66 0.876571
0 67 0.935412
0 68 0.999973
0 69 0.000372
0 70 0.999982
0 71 0.999996
0 72 0.999791
0 73 0.999998
0 74 0.999998
0 75 0.999998
0 76 0.051779
0 77 0.005177
0 78 0.999995
0 79 0.999443
0 80 0.999997
0 81 0.069412
0 82 0.999997
0 83 0.999588
0 84 0.999988
0 85 0.002681
0 86 0.999629
0 87 0.472229
0 88 0.998330
0 89 0.997497
0 90 0.999999
0 91 0.999992
0 92 0.999953
0 93 0.995613
0 94 0.051779
0 95 0.999176
0 96 0.999971
0 97 0.999978
0 98 0.999874
0 99 0.996298
1 0 0.240658
1 1 0.000000
1 2 0.998871
1 3 0.999994
1 4 0.999997
1 5 0.590401
1 6 0.286770
1 7 0.149692
1 8 0.999988
1 9 0.429954
1 10 0.999996
1 11 0.999965
1 12 0.931183
1 13 0.999961
1 14 0.093360
1 15 0.999999
1 16 0.996247
1 17 0.343598
1 18 0.999978
1 19 0.999997
1 20 0.923918
1 21 0.999998
1 22 0.105307
1 23 0.998764
1 24 0.999992
1 25 0.999994
1 26 0.999980
1 27 0.019299
1 28 0.999691
1 29 0.051779
1 30 0.999999
1 31 0.998811
1 32 0.993338
1 33 0.034174
1 34 0.992708
1 35 0.934559
1 36 0.999961
1 37 0.999665
1 38 0.999996
1 39 0.999978
1 40 0.999994
1 41 0.999707
1 42 0.028526
1 43 0.011782
1 44 0.985272
1 45 0.954189
1 46 0.999972
1 47 0.999998
1 48 0.996047
1 49 0.999998
1 50 0.999956
1 51 0.000218
1 52 0.999999
1 53 0.002681
1 54 0.999984
1 55 0.999996
1 56 0.999479
1 57 0.205798
1 58 0.999997
1 59 0.999996
1 60 0.028526
1 61 0.976514
1 62 0.999999
1 63 0.121504
1 64 0.189109
1 65 0.993995
1 66 0.999997
1 67 0.999994
1 68 0.999878
1 69 0.999983
1 70 0.999996
1 71 0.999959
1 72 0.006763
1 73 0.999560
1 74 0.029925
1 75 0.005177
1 76 0.005177
1 77 0.999989
1 78 0.999999
1 79 0.060180
1 80 0.998265
1 81 0.002681
1 82 0.999998
1 83 0.999994
1 84 0.503968
1 85 0.999997
1 86 0.071949
1 87 0.999998
1 88 0.996664
1 89 0.999995
1 90 0.999939
1 91 0.019299
1 92 0.189109
1 93 0.999997
1 94 0.005177
1 95 0.999994
1 96 0.898572
1 97 0.999498
1 98 0.901145
1 99 0.798244
2 0 0.999995
2 1 0.998871
2 2 0.000000
2 3 0.999999
2 4 0.999950
2 5 0.999824
2 6 0.006763
2 7 0.997774
2 8 0.999666
2 9 0.051779
2 10 0.995779
2 11 0.999983
2 12 0.999983
2 13 0.999855
2 14 0.999992
2 15 0.999996
2 16 0.999814
2 17 0.999991
2 18 0.999207
2 19 0.023583
2 20 0.999997
2 21 0.999983
2 22 0.999814
2 23 0.999991
2 24 0.999993
2 25 0.999933
2 26 0.999994
2 27 0.898572
2 28 0.999992
2 29 0.987726
2 30 0.051779
2 31 0.999997
2 32 0.005177
2 33 0.999998
2 34 0.006317
2 35 0.999998
2 36 0.996485
2 37 0.093360
2 38 0.993427
2 39 0.002681
2 40 0.999479
2 41 0.999998
2 42 0.051779
2 43 0.240658
2 44 0.999997
2 45 0.019299
2 46 0.999991
2 47 0.999997
2 48 0.999963
2 49 0.979095
2 50 0.999956
2 51 0.006763
2 52 0.019299
2 53 0.999902
2 54 0.994999
2 55 0.999996
2 56 0.999980
2 57 0.999999
2 58 0.153568
2 59 0.999927
2 60 0.999373
2 61 0.999802
2 62 0.812062
2 63 0.999996
2 64 0.999945
2 65 0.999922
2 66 0.999997
2 67 0.011782
2 68 0.069412
2 69 0.999999
2 70 0.999981
2 71 0.999918
2 72 0.999973
2 73 0.999707
2 74 0.999992
2 75 0.999999
2 76 0.006763
2 77 0.999305
2 78 0.999907
2 79 0.999989
2 80 0.121504
2 81 0.999998
2 82 0.999997
2 83 0.983447
2 84 0.999897
2 85 0.999996
2 86 0.000372
2 87 0.999978
2 88 0.060180
2 89 0.999931
2 90 0.999998
2 91 0.999998
2 92 0.999917
2 93 0.002681
2 94 0.011782
2 95 0.999996
2 96 0.999108
2 97 0.999992
2 98 0.999652
2 99 0.999995
3 0 0.071949
3 1 0.999994
3 2 0.999999
3 3 0.000000
3 4 0.999996
3 5 0.999998
3 6 0.998241
3 7 0.979879
3 8 0.530966
3 9 0.999996
3 10 0.910477
3 11 0.999997
3 12 0.002681
3 13 0.014763
3 14 0.223001
3 15 0.011782
3 16 0.999999
3 17 0.391878
3 18 0.999975
3 19 0.434867
3 20 0.999967
3 21 0.019299
3 22 0.999947
3 23 0.999998
3 24 0.999736
3 25 0.005177
3 26 0.973968
3 27 0.999963
3 28 0.986202
3 29 0.999945
3 30 0.153568
3 31 0.029925
3 32 0.997887
3 33 0.999996
3 34 0.995253
3 35 0.999997
3 36 0.999997
3 37 0.999992
3 38 0.999812
3 39 0.999963
3 40 0.924902
3 41 0.998122
3 42 0.999771
3 43 0.999999
3 44 0.999486
3 45 0.999998
3 46 0.999992
3 47 0.999998
3 48 0.999986
3 49 0.999998
3 50 0.999963
3 51 0.999994
3 52 0.999108
3 53 0.999997
3 54 0.019299
3 55 0.996437
3 56 0.999752
3 57 0.999835
3 58 0.005177
3 59 0.071949
3 60 0.997496
3 61 0.999935
3 62 0.999998
3 63 0.999972
3 64 0.002681
3 65 0.019299
3 66 0.927638
3 67 0.999998
3 68 0.893445
3 69 0.961718
3 70 0.999999
3 71 0.999998
3 72 0.999997
3 73 0.999413
3 74 0.999998
3 75 0.754757
3 76 0.999998
3 77 0.951799
3 78 0.535509
3 79 0.889496
3 80 0.999791
3 81 0.999998
3 82 0.690668
3 83 0.999975
3 84 0.999999
3 85 0.003622
3 86 0.999999
3 87 0.999536
3 88 0.988187
3 89 0.999999
3 90 0.999814
3 91 0.005177
3 92 0.227550
3 93 0.963627
3 94 0.005177
3 95 0.999373
3 96 0.305550
3 97 0.999994
3 98 0.963627
3 99 0.997655
4 0 0.999996
4 1 0.999997
4 2 0.999950
4 3 0.999996
4 4 0.000000
4 5 0.999954
4 6 0.996875
4 7 0.999998
4 8 0.999295
4 9 0.999941
4 10 0.598137
4 11 0.998147
4 12 0.999967
4 13 0.999652
4 14 0.920015
4 15 0.999443
4 16 0.490569
4 17 0.999969
4 18 0.992109
4 19 0.858750
4 20 0.999994
4 21 0.999982
4 22 0.924902
4 23 0.002681
4 24 0.998610
4 25 0.153568
4 26 0.957037
4 27 0.999997
4 28 0.998680
4 29 0.029925
4 30 0.996485
4 31 0.108547
4 32 0.999998
4 33 0.999989
4 34 0.999997
4 35 0.999258
4 36 0.999896
4 37 0.263461
4 38 0.984491
4 39 0.999991
4 40 0.994076
4 41 0.014763
4 42 0.999765
4 43 0.005177
4 44 0.982333
4 45 0.019299
4 46 0.999994
4 47 0.999120
4 48 0.999945
4 49 0.740481
4 50 0.999802
4 51 0.999984
4 52 0.005177
4 53 0.999998
4 54 0.999990
4 55 0.029925
4 56 0.168897
4 57 0.999998
4 58 0.042353
4 59 0.999958
4 60 0.999913
4 61 0.019299
4 62 0.998021
4 63 0.999994
4 64 0.999998
4 65 0.014763
4 66 0.999451
4 67 0.164849
4 68 0.005177
4 69 0.903465
4 70 0.899866
4 71 0.071949
4 72 0.999994
4 73 0.992109
4 74 0.999997
4 75 0.995493
4 76 0.189109
4 77 0.999945
4 78 0.035762
4 79 0.999258
4 80 0.999843
4 81 0.999995
4 82 0.999707
4 83 0.999999
4 84 0.984491
4 85 0.121504
4 86 0.945223
4 87 0.999954
4 88 0.999998
4 89 0.997222
4 90 0.999998
4 91 0.999996
4 92 0.999674
4 93 0.999976
4 94 0.998516
4 95 0.999994
4 96 0.999957
4 97 0.999913
4 98 0.999983
4 99 0.958628
5 0 0.999998
5 1 0.590401
5 2 0.999824
5 3 0.999998
5 4 0.999954
5 5 0.000000
5 6 0.999997
5 7 0.999998
5 8 0.999994
5 9 0.999986
5 10 0.659444
5 11 0.996485
5 12 0.999413
5 13 0.023583
5 14 0.999996
5 15 0.999999
5 16 0.999998
5 17 0.984281
5 18 0.999945
5 19 0.999942
5 20 0.986015
5 21 0.305550
5 22 0.999998
5 23 0.915921
5 24 0.999413
5 25 0.999993
5 26 0.014763
5 27 0.999739
5 28 0.999948
5 29 0.029925
5 30 0.999995
5 31 0.999582
5 32 0.999989
5 33 0.999995
5 34 0.999305
5 35 0.011782
5 36 0.980672
5 37 0.569658
5 38 0.005177
5 39 0.999995
5 40 0.831064
5 41 0.966728
5 42 0.820692
5 43 0.973967
5 44 0.999996
5 45 0.006763
5 46 0.999706
5 47 0.999998
5 48 0.868768
5 49 0.019299
5 50 0.997497
5 51 0.999120
5 52 0.005177
5 53 0.999941
5 54 0.999999
5 55 0.999010
5 56 0.071949
5 57 0.121504
5 58 0.972226
5 59 0.999997
5 60 0.999938
5 61 0.999996
5 62 0.999998
5 63 0.997496
5 64 0.996532
5 65 0.999604
5 66 0.999997
5 67 0.999665
5 68 0.999999
5 69 0.993338
5 70 0.999999
5 71 0.002681
5 72 0.999945
5 73 0.999999
5 74 0.998943
5 75 0.999305
5 76 0.992887
5 77 0.999165
5 78 0.999997
5 79 0.999999
5 80 0.999896
5 81 0.999073
5 82 0.998330
5 83 0.998887
5 84 0.999966
5 85 0.999948
5 86 0.998021
5 87 0.999711
5 88 0.172989
5 89 0.999997
5 90 0.999443
5 91 0.999305
5 92 0.990157
5 93 0.999965
5 94 0.994999
5 95 0.999996
5 96 0.986015
5 97 0.999897
5 98 0.999891
5 99 0.999373
6 0 0.999998
6 1 0.286770
6 2 0.006763
6 3 0.998241
6 4 0.996875
6 5 0.999997
6 6 0.000000
6 7 0.697012
6 8 0.999969
6 9 0.005177
6 10 0.999982
6 11 0.999994
6 12 0.999981
6 13 0.999950
6 14 0.513285
6 15 0.999979
6 16 0.999258
6 17 0.999975
6 18 0.999998
6 19 0.999997
6 20 0.999373
6 21 0.999967
6 22 0.999996
6 23 0.999908
6 24 0.999992
6 25 0.999876
6 26 0.011782
6 27 0.168897
6 28 0.019299
6 29 0.999997
6 30 0.828969
6 31 0.999512
6 32 0.991689
6 33 0.999995
6 34 0.999999
6 35 0.999998
6 36 0.909313
6 37 0.999917
6 38 0.999998
6 39 0.999997
6 40 0.988934
6 41 0.999604
6 42 0.995133
6 43 0.999814
6 44 0.999165
6 45 0.042353
6 46 0.943131
6 47 0.999959
6 48 0.999992
6 49 0.019299
6 50 0.998241
6 51 0.980147
6 52 0.999340
6 53 0.999998
6 54 0.023583
6 55 0.999996
6 56 0.999998
6 57 0.019299
6 58 0.999981
6 59 0.002681
6 60 0.002681
6 61 0.990655
6 62 0.910477
6 63 0.999998
6 64 0.992983
6 65 0.997774
6 66 0.014763
6 67 0.838911
6 68 0.999998
6 69 0.999967
6 70 0.138922
6 71 0.999941
6 72 0.999967
6 73 0.300646
6 74 0.096388
6 75 0.999998
6 76 0.071949
6 77 0.999010
6 78 0.999991
6 79 0.999268
6 80 0.999997
6 81 0.999938
6 82 0.999997
6 83 0.998957
6 84 0.999998
6 85 0.999853
6 86 0.552765
6 87 0.999999
6 88 0.019299
6 89 0.999486
6 90 0.998957
6 91 0.999996
6 92 0.029925
6 93 0.999977
6 94 0.999998
6 95 0.998436
6 96 0.999998
6 97 0.227550
6 98 0.999992
6 99 0.999995
7 0 0.999942
7 1 0.149692
7 2 0.997774
7 3 0.979879
7 4 0.999998
7 5 0.999998
7 6 0.697012
7 7 0.000000
7 8 0.999944
7 9 0.999983
7 10 0.999817
7 11 0.972594
7 12 0.586172
7 13 0.999983
7 14 0.888076
7 15 0.999984
7 16 0.986202
7 17 0.060180
7 18 0.989633
7 19 0.999876
7 20 0.168897
7 21 0.029925
7 22 0.429954
7 23 0.999999
7 24 0.999295
7 25 0.999980
7 26 0.005177
7 27 0.985073
7 28 0.999999
7 29 0.049729
7 30 0.071949
7 31 0.051779
7 32 0.999996
7 33 0.245316
7 34 0.999997
7 35 0.999890
7 36 0.999992
7 37 0.999994
7 38 0.999999
7 39 0.700406
7 40 0.999995
7 41 0.019299
7 42 0.999997
7 43 0.999861
7 44 0.096388
7 45 0.002681
7 46 0.999961
7 47 0.999972
7 48 0.999991
7 49 0.029925
7 50 0.999802
7 51 0.999957
7 52 0.082237
7 53 0.999990
7 54 0.999992
7 55 0.969221
7 56 0.999994
7 57 0.999976
7 58 0.776074
7 59 0.993675
7 60 0.999993
7 61 0.999993
7 62 0.999295
7 63 0.023583
7 64 0.999994
7 65 0.999843
7 66 0.999998
7 67 0.999997
7 68 0.992508
7 69 0.999974
7 70 0.783550
7 71 0.205798
7 72 0.999314
7 73 0.999997
7 74 0.999998
7 75 0.005177
7 76 0.999989
7 77 0.999992
7 78 0.082237
7 79 0.997995
7 80 0.998516
7 81 0.999340
7 82 0.999963
7 83 0.003622
7 84 0.999998
7 85 0.999907
7 86 0.988345
7 87 0.999907
7 88 0.006763
7 89 0.998943
7 90 0.999987
7 91 0.999999
7 92 0.968808
7 93 0.999995
7 94 0.999331
7 95 0.999993
7 96 0.060180
7 97 0.998887
7 98 0.999989
7 99 0.999999
8 0 0.999995
8 1 0.999988
8 2 0.999666
8 3 0.530966
8 4 0.999295
8 5 0.999994
8 6 0.999969
8 7 0.999944
8 8 0.000000
8 9 0.006763
8 10 0.999995
8 11 0.999998
8 12 0.997497
8 13 0.983447
8 14 0.029925
8 15 0.961206
8 16 0.949286
8 17 0.999061
8 18 0.999982
8 19 0.868768
8 20 0.008170
8 21 0.999979
8 22 0.999999
8 23 0.999998
8 24 0.999608
8 25 0.999945
8 26 0.997563
8 27 0.999996
8 28 0.999980
8 29 0.051779
8 30 0.999994
8 31 0.999998
8 32 0.999994
8 33 0.999374
8 34 0.999995
8 35 0.992508
8 36 0.093360
8 37 0.999991
8 38 0.205798
8 39 0.999997
8 40 0.999998
8 41 0.999931
8 42 0.999451
8 43 0.999010
8 44 0.999997
8 45 0.999998
8 46 0.999765
8 47 0.999997
8 48 0.019299
8 49 0.999884
8 50 0.999999
8 51 0.999993
8 52 0.005177
8 53 0.999257
8 54 0.999670
8 55 0.999835
8 56 0.082237
8 57 0.019299
8 58 0.999995
8 59 0.006763
8 60 0.019299
8 61 0.999995
8 62 0.149693
8 63 0.453650
8 64 0.999010
8 65 0.999997
8 66 0.999992
8 67 0.998172
8 68 0.019299
8 69 0.006763
8 70 0.998591
8 71 0.998681
8 72 0.999996
8 73 0.999998
8 74 0.993427
8 75 0.082237
8 76 0.728674
8 77 0.997994
8 78 0.997363
8 79 0.999295
8 80 0.999985
8 81 0.096388
8 82 0.999998
8 83 0.005177
8 84 0.995553
8 85 0.999927
8 86 0.999991
8 87 0.999998
8 88 0.999560
8 89 0.996832
8 90 0.999530
8 91 0.011782
8 92 0.999935
8 93 0.999999
8 94 0.999993
8 95 0.999843
8 96 0.984490
8 97 0.999998
8 98 0.999061
8 99 0.999998
9 0 0.035762
9 1 0.429954
9 2 0.051779
9 3 0.999996
9 4 0.999941
9 5 0.999986
9 6 0.005177
9 7 0.999983
9 8 0.006763
9 9 0.000000
9 10 0.999752
9 11 0.999984
9 12 0.979374
9 13 0.999981
9 14 0.999934
9 15 0.992609
9 16 0.093360
9 17 0.051779
9 18 0.997184
9 19 0.998021
9 20 0.975273
9 21 0.999997
9 22 0.999999
9 23 0.999998
9 24 0.999739
9 25 0.999998
9 26 0.978814
9 27 0.014763
9 28 0.999340
9 29 0.999609
9 30 0.999977
9 31 0.998536
9 32 0.997655
9 33 0.999996
9 34 0.999997
9 35 0.019299
9 36 0.995836
9 37 0.999999
9 38 0.986015
9 39 0.999999
9 40 0.997804
9 41 0.011782
9 42 0.005177
9 43 0.999996
9 44 0.999996
9 45 0.990528
9 46 0.999977
9 47 0.999998
9 48 0.910477
9 49 0.999998
9 50 0.999296
9 51 0.994076
9 52 0.999992
9 53 0.999975
9 54 0.069412
9 55 0.999995
9 56 0.999996
9 57 0.992983
9 58 0.999340
9 59 0.999927
9 60 0.999998
9 61 0.029925
9 62 0.051779
9 63 0.967602
9 64 0.014763
9 65 0.999972
9 66 0.999977
9 67 0.999972
9 68 0.999945
9 69 0.993760
9 70 0.728674
9 71 0.999999
9 72 0.028526
9 73 0.082237
9 74 0.999948
9 75 0.999971
9 76 0.999998
9 77 0.996047
9 78 0.999983
9 79 0.966727
9 80 0.995554
9 81 0.552765
9 82 0.997363
9 83 0.826851
9 84 0.999998
9 85 0.999994
9 86 0.999999
9 87 0.999948
9 88 0.999998
9 89 0.999998
9 90 0.999939
9 91 0.999998
9 92 0.205798
9 93 0.999996
9 94 0.999997
9 95 0.999997
9 96 0.978283
9 97 0.201409
9 98 0.999868
9 99 0.999340
10 0 0.994452
10 1 0.999996
10 2 0.995779
10 3 0.910477
10 4 0.598137
10 5 0.659444
10 6 0.999982
10 7 0.999817
10 8 0.999995
10 9 0.999752
10 10 0.000000
10 11 0.011782
10 12 0.999995
10 13 0.999981
10 14 0.977693
10 15 0.999988
10 16 0.999917
10 17 0.014763
10 18 0.999969
10 19 0.066930
10 20 0.999938
10 21 0.999992
10 22 0.071949
10 23 0.999752
10 24 0.999471
10 25 0.999980
10 26 0.253981
10 27 0.992609
10 28 0.687189
10 29 0.999997
10 30 0.569659
10 31 0.999218
10 32 0.999998
10 33 0.999718
10 34 0.992708
10 35 0.019299
10 36 0.983668
10 37 0.999996
10 38 0.999997
10 39 0.999991
10 40 0.051779
10 41 0.548313
10 42 0.999995
10 43 0.999010
10 44 0.972594
10 45 0.006317
10 46 0.990780
10 47 0.999998
10 48 0.999993
10 49 0.999969
10 50 0.781351
10 51 0.998997
10 52 0.999954
10 53 0.090389
10 54 0.998901
10 55 0.999998
10 56 0.999926
10 57 0.999998
10 58 0.029925
10 59 0.984871
10 60 0.245316
10 61 0.999941
10 62 0.999999
10 63 0.999349
10 64 0.999788
10 65 0.999450
10 66 0.996347
10 67 0.999990
10 68 0.996047
10 69 0.999998
10 70 0.992609
10 71 0.042353
10 72 0.168897
10 73 0.999176
10 74 0.999997
10 75 0.924902
10 76 0.988934
10 77 0.999993
10 78 0.999998
10 79 0.999994
10 80 0.999998
10 81 0.035762
10 82 0.999980
10 83 0.999984
10 84 0.999997
10 85 0.999791
10 86 0.962646
10 87 0.006763
10 88 0.999934
10 89 0.999959
10 90 0.894801
10 91 0.999946
10 92 0.999902
10 93 0.809759
10 94 0.992888
10 95 0.999707
10 96 0.999982
10 97 0.687190
10 98 0.011782
10 99 0.855444
11 0 0.999998
11 1 0.999965
11 2 0.999983
11 3 0.999997
11 4 0.998147
11 5 0.996485
11 6 0.999994
11 7 0.972594
11 8 0.999998
11 9 0.999984
11 10 0.011782
11 11 0.000000
11 12 0.011782
11 13 0.999853
11 14 0.042353
11 15 0.999999
11 16 0.999996
11 17 0.967167
11 18 0.999826
11 19 0.999992
11 20 0.993760
11 21 0.999826
11 22 0.999982
11 23 0.999991
11 24 0.999791
11 25 0.999997
11 26 0.138922
11 27 0.999990
11 28 0.999998
11 29 0.999948
11 30 0.964977
11 31 0.995554
11 32 0.999990
11 33 0.999923
11 34 0.889496
11 35 0.029925
11 36 0.820692
11 37 0.005177
11 38 0.999999
11 39 0.999629
11 40 0.999963
11 41 0.998021
11 42 0.042353
11 43 0.999998
11 44 0.999996
11 45 0.991578
11 46 0.999817
11 47 0.999780
11 48 0.999998
11 49 0.999956
11 50 0.999995
11 51 0.406015
11 52 0.495294
11 53 0.999995
11 54 0.999629
11 55 0.999998
11 56 0.999998
11 57 0.999996
11 58 0.967602
11 59 0.999985
11 60 0.999994
11 61 0.999978
11 62 0.108547
11 63 0.999961
11 64 0.999959
11 65 0.999998
11 66 0.999999
11 67 0.999999
11 68 0.023583
11 69 0.999941
11 70 0.703771
11 71 0.992609
11 72 0.999994
11 73 0.716439
11 74 0.998781
11 75 0.999934
11 76 0.999998
11 77 0.999609
11 78 0.999978
11 79 0.472229
11 80 0.999647
11 81 0.999982
11 82 0.999888
11 83 0.999999
11 84 0.999207
11 85 0.874996
11 86 0.999998
11 87 0.683682
11 88 0.999972
11 89 0.999995
11 90 0.999996
11 91 0.999997
11 92 0.999870
11 93 0.961206
11 94 0.011782
11 95 0.999998
11 96 0.999967
11 97 0.051779
11 98 0.135231
11 99 0.006763
12 0 0.725535
12 1 0.931183
12 2 0.999983
12 3 0.002681
12 4 0.999967
12 5 0.999413
12 6 0.999981
12 7 0.586172
12 8 0.997497
12 9 0.979374
12 10 0.999995
12 11 0.011782
12 12 0.000000
12 13 0.999919
12 14 0.986898
12 15 0.996832
12 16 0.006763
12 17 0.999998
12 18 0.999707
12 19 0.999990
12 20 0.184860
12 21 0.999991
12 22 0.999998
12 23 0.517913
12 24 0.002681
12 25 0.999988
12 26 0.999977
12 27 0.530966
12 28 0.019299
12 29 0.999837
12 30 0.999780
12 31 0.998610
12 32 0.999988
12 33 0.972226
12 34 0.985825
12 35 0.999995
12 36 0.999604
12 37 0.035762
12 38 0.999971
12 39 0.590401
12 40 0.998957
12 41 0.999985
12 42 0.994733
12 43 0.999966
12 44 0.999687
12 45 0.999884
12 46 0.998747
12 47 0.999982
12 48 0.980147
12 49 0.999998
12 50 0.999998
12 51 0.988934
12 52 0.999983
12 53 0.999977
12 54 0.999975
12 55 0.999999
12 56 0.994803
12 57 0.023583
12 58 0.999228
12 59 0.945222
12 60 0.019299
12 61 0.999997
12 62 0.999998
12 63 0.998021
12 64 0.999421
12 65 0.002681
12 66 0.999995
12 67 0.998943
12 68 0.999991
12 69 0.019299
12 70 0.999922
12 71 0.999996
12 72 0.923918
12 73 0.999207
12 74 0.999987
12 75 0.023583
12 76 0.006763
12 77 0.993427
12 78 0.992109
12 79 0.985272
12 80 0.994155
12 81 0.999994
12 82 0.993338
12 83 0.999981
12 84 0.005177
12 85 0.999939
12 86 0.999997
12 87 0.999997
12 88 0.999992
12 89 0.035762
12 90 0.999802
12 91 0.999989
12 92 0.999998
12 93 0.999802
12 94 0.999998
12 95 0.999997
12 96 0.999994
12 97 0.999997
12 98 0.999985
12 99 0.205798
13 0 0.218482
13 1 0.999961
13 2 0.999855
13 3 0.014763
13 4 0.999652
13 5 0.023583
13 6 0.999950
13 7 0.999983
13 8 0.983447
13 9 0.999981
13 10 0.999981
13 11 0.999853
13 12 0.999919
13 13 0.000000
13 14 0.999997
13 15 0.999999
13 16 0.999340
13 17 0.997398
13 18 0.999997
13 19 0.999965
13 20 0.999997
13 21 0.999804
13 22 0.996298
13 23 0.999995
13 24 0.997496
13 25 0.999999
13 26 0.999340
13 27 0.999998
13 28 0.998681
13 29 0.999996
13 30 0.999999
13 31 0.999998
13 32 0.997363
13 33 0.999268
13 34 0.999983
13 35 0.997916
13 36 0.994155
13 37 0.998610
13 38 0.999505
13 39 0.995316
13 40 0.991246
13 41 0.800669
13 42 0.800668
13 43 0.985273
13 44 0.999998
13 45 0.999814
13 46 0.999999
13 47 0.999876
13 48 0.999927
13 49 0.999670
13 50 0.999986
13 51 0.999998
13 52 0.999703
13 53 0.999471
13 54 0.999956
13 55 0.999996
13 56 0.999752
13 57 0.005177
13 58 0.989633
13 59 0.972594
13 60 0.999890
13 61 0.999895
13 62 0.986015
13 63 0.995379
13 64 0.999314
13 65 0.006763
13 66 0.987725
13 67 0.999788
13 68 0.993338
13 69 0.999998
13 70 0.999997
13 71 0.743482
13 72 0.042353
13 73 0.999998
13 74 0.999443
13 75 0.997363
13 76 0.051779
13 77 0.997804
13 78 0.999996
13 79 0.987390
13 80 0.999998
13 81 0.999998
13 82 0.997222
13 83 0.996485
13 84 0.994999
13 85 0.999942
13 86 0.999998
13 87 0.999998
13 88 0.659444
13 89 0.019299
13 90 0.999997
13 91 0.886639
13 92 0.999937
13 93 0.999913
13 94 0.002681
13 95 0.999998
13 96 0.999997
13 97 0.683682
13 98 0.922921
13 99 0.999835
14 0 0.999998
14 1 0.093360
14 2 0.999992
14 3 0.223001
14 4 0.920015
14 5 0.999996
14 6 0.513285
14 7 0.888076
14 8 0.029925
14 9 0.999934
14 10 0.977693
14 11 0.042353
14 12 0.986898
14 13 0.999997
14 14 0.000000
14 15 0.999994
14 16 0.019299
14 17 0.990023
14 18 0.994733
14 19 0.999870
14 20 0.999995
14 21 0.138922
14 22 0.999998
14 23 0.245316
14 24 0.029925
14 25 0.951799
14 26 0.903465
14 27 0.999999
14 28 0.999990
14 29 0.998591
14 30 0.999788
14 31 0.205798
14 32 0.000013
14 33 0.903465
14 34 0.999997
14 35 0.069412
14 36 0.986721
14 37 0.993760
14 38 0.999996
14 39 0.778725
14 40 0.999999
14 41 0.999218
14 42 0.959174
14 43 0.996664
14 44 0.998436
14 45 0.999998
14 46 0.023583
14 47 0.999979
14 48 0.999980
14 49 0.999996
14 50 0.999996
14 51 0.999582
14 52 0.573990
14 53 0.999998
14 54 0.999165
14 55 0.999998
14 56 0.014763
14 57 0.990655
14 58 0.999340
14 59 0.999997
14 60 0.999972
14 61 0.995554
14 62 0.999994
14 63 0.999993
14 64 0.999999
14 65 0.904700
14 66 0.999868
14 67 0.828969
14 68 0.343597
14 69 0.999739
14 70 0.971852
14 71 0.999896
14 72 0.999997
14 73 0.999994
14 74 0.986015
14 75 0.999995
14 76 0.986720
14 77 0.999010
14 78 0.999998
14 79 0.999994
14 80 0.005177
14 81 0.999995
14 82 0.286770
14 83 0.051779
14 84 0.991127
14 85 0.976514
14 86 0.999780
14 87 0.118059
14 88 0.060180
14 89 0.135231
14 90 0.999981
14 91 0.060180
14 92 0.999768
14 93 0.999995
14 94 0.999943
14 95 0.999120
14 96 0.967167
14 97 0.999997
14 98 0.905921
14 99 0.987390
15 0 0.997804
15 1 0.999999
15 2 0.999996
15 3 0.011782
15 4 0.999443
15 5 0.999999
15 6 0.999979
15 7 0.999984
15 8 0.961206
15 9 0.992609
15 10 0.999988
15 11 0.999999
15 12 0.996832
15 13 0.999999
15 14 0.999994
15 15 0.000000
15 16 0.999890
15 17 0.999993
15 18 0.868768
15 19 0.999998
15 20 0.999941
15 21 0.999843
15 22 0.999999
15 23 0.999061
15 24 0.998610
15 25 0.999670
15 26 0.189109
15 27 0.999691
15 28 0.011782
15 29 0.998663
15 30 0.999997
15 31 0.999998
15 32 0.999925
15 33 0.999672
15 34 0.939390
15 35 0.970761
15 36 0.999958
15 37 0.991800
15 38 0.999990
15 39 0.999780
15 40 0.998265
15 41 0.978815
15 42 0.999963
15 43 0.999995
15 44 0.999691
15 45 0.029925
15 46 0.999998
15 47 0.999999
15 48 0.899866
15 49 0.999814
15 50 0.042353
15 51 0.999707
15 52 0.999997
15 53 0.743482
15 54 0.189109
15 55 0.999826
15 56 0.995836
15 57 0.999998
15 58 0.999736
15 59 0.982569
15 60 0.998887
15 61 0.988187
15 62 0.999268
15 63 0.999802
15 64 0.999999
15 65 0.999944
15 66 0.029925
15 67 0.999961
15 68 0.513285
15 69 0.005177
15 70 0.999998
15 71 0.999998
15 72 0.867102
15 73 0.998887
15 74 0.999999
15 75 0.023583
15 76 0.002681
15 77 0.138922
15 78 0.005177
15 79 0.999912
15 80 0.994999
15 81 0.999977
15 82 0.994732
15 83 0.002681
15 84 0.999999
15 85 0.035762
15 86 0.999739
15 87 0.999991
15 88 0.999998
15 89 0.999995
15 90 0.999983
15 91 0.999997
15 92 0.999996
15 93 0.617998
15 94 0.999997
15 95 0.999930
15 96 0.472229
15 97 0.999998
15 98 0.023583
15 99 0.999996
16 0 0.997887
16 1 0.996247
16 2 0.999814
16 3 0.999999
16 4 0.490569
16 5 0.999998
16 6 0.999258
16 7 0.986202
16 8 0.949286
16 9 0.093360
16 10 0.999917
16 11 0.999996
16 12 0.006763
16 13 0.999340
16 14 0.019299
16 15 0.999890
16 16 0.000000
16 17 0.999749
16 18 0.999896
16 19 0.999992
16 20 0.019299
16 21 0.999218
16 22 0.999845
16 23 0.999582
16 24 0.985073
16 25 0.999995
16 26 0.006763
16 27 0.102116
16 28 0.003622
16 29 0.999996
16 30 0.997034
16 31 0.990780
16 32 0.002681
16 33 0.999997
16 34 0.051779
16 35 0.999707
16 36 0.999991
16 37 0.999998
16 38 0.999981
16 39 0.999998
16 40 0.999884
16 41 0.999997
16 42 0.999652
16 43 0.051779
16 44 0.999997
16 45 0.987559
16 46 0.999989
16 47 0.999691
16 48 0.999982
16 49 0.999998
16 50 0.913713
16 51 0.999582
16 52 0.999998
16 53 0.999998
16 54 0.999835
16 55 0.999965
16 56 0.999997
16 57 0.999992
16 58 0.029925
16 59 0.999554
16 60 0.983447
16 61 0.999998
16 62 0.999961
16 63 0.999982
16 64 0.996875
16 65 0.992508
16 66 0.999845
16 67 0.992109
16 68 0.606413
16 69 0.998747
16 70 0.000372
16 71 0.029925
16 72 0.999998
16 73 0.999768
16 74 0.768376
16 75 0.999998
16 76 0.997804
16 77 0.999987
16 78 0.093360
16 79 0.989633
16 80 0.992215
16 81 0.999998
16 82 0.042353
16 83 0.999996
16 84 0.999996
16 85 0.999959
16 86 0.172989
16 87 0.999413
16 88 0.999998
16 89 0.999996
16 90 0.999972
16 91 0.011782
16 92 0.979096
16 93 0.998591
16 94 0.999073
16 95 0.999975
16 96 0.999843
16 97 0.019299
16 98 0.999413
16 99 0.003622
17 0 0.999060
17 1 0.343598
17 2 0.999991
17 3 0.391878
17 4 0.999969
17 5 0.984281
17 6 0.999975
17 7 0.060180
17 8 0.999061
17 9 0.051779
17 10 0.014763
17 11 0.967167
17 12 0.999998
17 13 0.997398
17 14 0.990023
17 15 0.999993
17 16 0.999749
17 17 0.000000
17 18 0.901145
17 19 0.999907
17 20 0.999998
17 21 0.740482
17 22 0.999988
17 23 0.999895
17 24 0.999926
17 25 0.406015
17 26 0.035762
17 27 0.999912
17 28 0.998901
17 29 0.999996
17 30 0.029925
17 31 0.700406
17 32 0.001279
17 33 0.105308
17 34 0.999875
17 35 0.999997
17 36 0.913713
17 37 0.999912
17 38 0.999560
17 39 0.153568
17 40 0.999996
17 41 0.977693
17 42 0.999996
17 43 0.227550
17 44 0.991246
17 45 0.573990
17 46 0.245316
17 47 0.999794
17 48 0.999998
17 49 0.998591
17 50 0.999853
17 51 0.019299
17 52 0.999896
17 53 0.999340
17 54 0.999992
17 55 0.999998
17 56 0.999986
17 57 0.999992
17 58 0.999991
17 59 0.976826
17 60 0.996663
17 61 0.999314
17 62 0.999923
17 63 0.999992
17 64 0.986202
17 65 0.999912
17 66 0.880950
17 67 0.999998
17 68 0.999922
17 69 0.319568
17 70 0.995066
17 71 0.999788
17 72 0.995253
17 73 0.914824
17 74 0.999670
17 75 0.993675
17 76 0.999998
17 77 0.008716
17 78 0.998681
17 79 0.999802
17 80 0.999998
17 81 0.999998
17 82 0.999896
17 83 0.963139
17 84 0.999998
17 85 0.999995
17 86 0.993427
17 87 0.999995
17 88 0.987725
17 89 0.999998
17 90 0.240658
17 91 0.999998
17 92 0.998843
17 93 0.035762
17 94 0.999998
17 95 0.994733
17 96 0.999998
17 97 0.999997
17 98 0.999165
17 99 0.999983
18 0 0.999973
18 1 0.999978
18 2 0.999207
18 3 0.999975
18 4 0.992109
18 5 0.999945
18 6 0.999998
18 7 0.989633
18 8 0.999982
18 9 0.997184
18 10 0.999969
18 11 0.999826
18 12 0.999707
18 13 0.999997
18 14 0.994733
18 15 0.868768
18 16 0.999896
18 17 0.901145
18 18 0.000000
18 19 0.997034
18 20 0.999972
18 21 0.963140
18 22 0.999982
18 23 0.999935
18 24 0.999996
18 25 0.029925
18 26 0.999999
18 27 0.999997
18 28 0.999988
18 29 0.999985
18 30 0.005177
18 31 0.999999
18 32 0.997034
18 33 0.999902
18 34 0.999835
18 35 0.000372
18 36 0.999804
18 37 0.999752
18 38 0.019299
18 39 0.049729
18 40 0.999997
18 41 0.975273
18 42 0.999978
18 43 0.910477
18 44 0.999997
18 45 0.922921
18 46 0.999876
18 47 0.990024
18 48 0.019299
18 49 0.999986
18 50 0.999997
18 51 0.999998
18 52 0.999998
18 53 0.997496
18 54 0.999950
18 55 0.005177
18 56 0.999998
18 57 0.999978
18 58 0.974940
18 59 0.999951
18 60 0.999988
18 61 0.999986
18 62 0.999996
18 63 0.999985
18 64 0.999588
18 65 0.788679
18 66 0.999916
18 67 0.999861
18 68 0.999997
18 69 0.490569
18 70 0.999954
18 71 0.999997
18 72 0.999998
18 73 0.999756
18 74 0.999996
18 75 0.989634
18 76 0.019299
18 77 0.999218
18 78 0.998217
18 79 0.999997
18 80 0.999999
18 81 0.998887
18 82 0.999999
18 83 0.999722
18 84 0.410971
18 85 0.999314
18 86 0.011782
18 87 0.995252
18 88 0.108547
18 89 0.999988
18 90 0.002681
18 91 0.999876
18 92 0.042353
18 93 0.999824
18 94 0.992215
18 95 0.999451
18 96 0.999996
18 97 0.999982
18 98 0.429954
18 99 0.999634
19 0 0.060180
19 1 0.999997
19 2 0.023583
19 3 0.434867
19 4 0.858750
19 5 0.999942
19 6 0.999997
19 7 0.999876
19 8 0.868768
19 9 0.998021
19 10 0.066930
19 11 0.999992
19 12 0.999990
19 13 0.999965
19 14 0.999870
19 15 0.999998
19 16 0.999992
19 17 0.999907
19 18 0.997034
19 19 0.000000
19 20 0.992983
19 21 0.999999
19 22 0.035762
19 23 0.998457
19 24 0.974313
19 25 0.999870
19 26 0.998957
19 27 0.991127
19 28 0.999995
19 29 0.999670
19 30 0.626001
19 31 0.998353
19 32 0.999992
19 33 0.999268
19 34 0.051779
19 35 0.795793
19 36 0.051779
19 37 0.999996
19 38 0.999867
19 39 0.999990
19 40 0.999413
19 41 0.999997
19 42 0.999999
19 43 0.999990
19 44 0.991007
19 45 0.049729
19 46 0.999951
19 47 0.999691
19 48 0.999896
19 49 0.999999
19 50 0.972225
19 51 0.999997
19 52 0.999988
19 53 0.999999
19 54 0.999505
19 55 0.999995
19 56 0.981645
19 57 0.999794
19 58 0.999999
19 59 0.999994
19 60 0.999963
19 61 0.999997
19 62 0.998121
19 63 0.996663
19 64 0.999948
19 65 0.990655
19 66 0.448784
19 67 0.998591
19 68 0.999165
19 69 0.999999
19 70 0.999936
19 71 0.994076
19 72 0.999896
19 73 0.999951
19 74 0.005177
19 75 0.999998
19 76 0.006763
19 77 0.071949
19 78 0.011782
19 79 0.999998
19 80 0.029925
19 81 0.999228
19 82 0.994732
19 83 0.999992
19 84 0.019299
19 85 0.606413
19 86 0.999998
19 87 0.999998
19 88 0.999992
19 89 0.999890
19 90 0.999996
19 91 0.997623
19 92 0.999989
19 93 0.999922
19 94 0.005177
19 95 0.999998
19 96 0.096388
19 97 0.019299
19 98 0.999990
19 99 0.999739
20 0 0.999536
20 1 0.923918
20 2 0.999997
20 3 0.999967
20 4 0.999994
20 5 0.986015
20 6 0.999373
20 7 0.168897
20 8 0.008170
20 9 0.975273
20 10 0.999938
20 11 0.993760
20 12 0.184860
20 13 0.999997
20 14 0.999995
20 15 0.999941
20 16 0.019299
20 17 0.999998
20 18 0.999972
20 19 0.992983
20 20 0.000000
20 21 0.093360
20 22 0.005177
20 23 0.988187
20 24 0.999999
20 25 0.999993
20 26 0.996663
20 27 0.001279
20 28 0.999998
20 29 0.999922
20 30 0.690668
20 31 0.999998
20 32 0.999972
20 33 0.999997
20 34 0.999228
20 35 0.999814
20 36 0.999560
20 37 0.999753
20 38 0.999996
20 39 0.992508
20 40 0.999998
20 41 0.922926
20 42 0.014763
20 43 0.992215
20 44 0.003622
20 45 0.999629
20 46 0.962647
20 47 0.011782
20 48 0.999991
20 49 0.060180
20 50 0.999998
20 51 0.998887
20 52 0.999582
20 53 0.995836
20 54 0.999218
20 55 0.019299
20 56 0.999997
20 57 0.999999
20 58 0.004818
20 59 0.999995
20 60 0.999995
20 61 0.029925
20 62 0.999896
20 63 0.803068
20 64 0.042353
20 65 0.051779
20 66 0.993760
20 67 0.960687
20 68 0.999983
20 69 0.999010
20 70 0.999294
20 71 0.019299
20 72 0.999998
20 73 0.999995
20 74 0.014763
20 75 0.999691
20 76 0.999998
20 77 0.999120
20 78 0.893445
20 79 0.999977
20 80 0.005177
20 81 0.999443
20 82 0.998698
20 83 0.999536
20 84 0.995252
20 85 0.942378
20 86 0.999998
20 87 0.999997
20 88 0.105308
20 89 0.999998
20 90 0.042353
20 91 0.002681
20 92 0.999984
20 93 0.942378
20 94 0.023583
20 95 0.999876
20 96 0.960688
20 97 0.999965
20 98 0.019299
20 99 0.999707
21 0 0.999998
21 1 0.999998
21 2 0.999983
21 3 0.019299
21 4 0.999982
21 5 0.305550
21 6 0.999967
21 7 0.029925
21 8 0.999979
21 9 0.999997
21 10 0.999992
21 11 0.999826
21 12 0.999991
21 13 0.999804
21 14 0.138922
21 15 0.999843
21 16 0.999218
21 17 0.740482
21 18 0.963140
21 19 0.999999
21 20 0.093360
21 21 0.000000
21 22 0.997398
21 23 0.999982
21 24 0.999995
21 25 0.999998
21 26 0.999997
21 27 0.999954
21 28 0.994999
21 29 0.999998
21 30 0.994376
21 31 0.998241
21 32 0.996833
21 33 0.999965
21 34 0.011782
21 35 0.999582
21 36 0.005177
21 37 0.999935
21 38 0.999998
21 39 0.876571
21 40 0.999997
21 41 0.999999
21 42 0.951157
21 43 0.999373
21 44 0.999916
21 45 0.999974
21 46 0.999901
21 47 0.914824
21 48 0.999998
21 49 0.669914
21 50 0.999997
21 51 0.942378
21 52 0.999753
21 53 0.999978
21 54 0.728674
21 55 0.999753
21 56 0.005177
21 57 0.999999
21 58 0.999974
21 59 0.999024
21 60 0.999780
21 61 0.999959
21 62 0.999976
21 63 0.999996
21 64 0.999993
21 65 0.999405
21 66 0.999791
21 67 0.999295
21 68 0.838911
21 69 0.999959
21 70 0.386901
21 71 0.999902
21 72 0.023583
21 73 0.997656
21 74 0.999981
21 75 0.005177
21 76 0.001279
21 77 0.999998
21 78 0.999999
21 79 0.005177
21 80 0.998415
21 81 0.990654
21 82 0.999176
21 83 0.035762
21 84 0.999992
21 85 0.999998
21 86 0.999984
21 87 0.998811
21 88 0.999896
21 89 0.999999
21 90 0.998021
21 91 0.014763
21 92 0.999997
21 93 0.999998
21 94 0.019299
21 95 0.153568
21 96 0.999340
21 97 0.880949
21 98 0.082237
21 99 0.994376
22 0 0.999833
22 1 0.105307
22 2 0.999814
22 3 0.999947
22 4 0.924902
22 5 0.999998
22 6 0.999996
22 7 0.429954
22 8 0.999999
22 9 0.999999
22 10 0.071949
22 11 0.999982
22 12 0.999998
22 13 0.996298
22 14 0.999998
22 15 0.999999
22 16 0.999845
22 17 0.999988
22 18 0.999982
22 19 0.035762
22 20 0.005177
22 21 0.997398
22 22 0.000000
22 23 0.999998
22 24 0.005177
22 25 0.999973
22 26 0.999961
22 27 0.998680
22 28 0.180652
22 29 0.051779
22 30 0.999998
22 31 0.999998
22 32 0.028526
22 33 0.999998
22 34 0.999165
22 35 0.005177
22 36 0.999999
22 37 0.713181
22 38 0.999996
22 39 0.002681
22 40 0.051779
22 41 0.994997
22 42 0.999983
22 43 0.999988
22 44 0.993760
22 45 0.999988
22 46 0.999998
22 47 0.999999
22 48 0.999951
22 49 0.939390
22 50 0.999959
22 51 0.999969
22 52 0.986015
22 53 0.999972
22 54 0.998886
22 55 0.999861
22 56 0.999588
22 57 0.999582
22 58 0.999120
22 59 0.999780
22 60 0.999930
22 61 0.999996
22 62 0.018287
22 63 0.011782
22 64 0.997033
22 65 0.071949
22 66 0.999835
22 67 0.999863
22 68 0.999992
22 69 0.999997
22 70 0.999998
22 71 0.999990
22 72 0.999998
22 73 0.999010
22 74 0.982333
22 75 0.035762
22 76 0.999999
22 77 0.998241
22 78 0.999999
22 79 0.999998
22 80 0.999824
22 81 0.985825
22 82 0.999993
22 83 0.999996
22 84 0.023583
22 85 0.999998
22 86 0.996298
22 87 0.005177
22 88 0.999993
22 89 0.999998
22 90 0.999471
22 91 0.999930
22 92 0.949286
22 93 0.953579
22 94 0.999995
22 95 0.999942
22 96 0.983222
22 97 0.999998
22 98 0.999998
22 99 0.999722
23 0 0.999997
23 1 0.998764
23 2 0.999991
23 3 0.999998
23 4 0.002681
23 5 0.915921
23 6 0.999908
23 7 0.999999
23 8 0.999998
23 9 0.999998
23 10 0.999752
23 11 0.999991
23 12 0.517913
23 13 0.999995
23 14 0.245316
23 15 0.999061
23 16 0.999582
23 17 0.999895
23 18 0.999935
23 19 0.998457
23 20 0.988187
23 21 0.999982
23 22 0.999998
23 23 0.000000
23 24 0.035762
23 25 0.999974
23 26 0.999998
23 27 0.989493
23 28 0.999835
23 29 0.999998
23 30 0.999998
23 31 0.999707
23 32 0.998048
23 33 0.999926
23 34 0.999752
23 35 0.974940
23 36 0.999930
23 37 0.999998
23 38 0.019299
23 39 0.999996
23 40 0.999999
23 41 0.005177
23 42 0.992002
23 43 0.917910
23 44 0.011782
23 45 0.999993
23 46 0.028526
23 47 0.999421
23 48 0.118060
23 49 0.999984
23 50 0.172989
23 51 0.999998
23 52 0.999998
23 53 0.999922
23 54 0.999971
23 55 0.999995
23 56 0.011782
23 57 0.153568
23 58 0.999999
23 59 0.002681
23 60 0.995554
23 61 0.998887
23 62 0.138922
23 63 0.999765
23 64 0.999974
23 65 0.999896
23 66 0.999753
23 67 0.999835
23 68 0.999566
23 69 0.999997
23 70 0.954792
23 71 0.999997
23 72 0.001794
23 73 0.999629
23 74 0.999996
23 75 0.939390
23 76 0.999901
23 77 0.999060
23 78 0.019299
23 79 0.846427
23 80 0.002681
23 81 0.999998
23 82 0.023583
23 83 0.983447
23 84 0.998610
23 85 0.999998
23 86 0.999998
23 87 0.999965
23 88 0.999922
23 89 0.999998
23 90 0.305549
23 91 0.552765
23 92 0.999995
23 93 0.014763
23 94 0.999986
23 95 0.999794
23 96 0.999923
23 97 0.999996
23 98 0.997497
23 99 0.976826
24 0 0.999998
24 1 0.999992
24 2 0.999993
24 3 0.999736
24 4 0.998610
24 5 0.999413
24 6 0.999992
24 7 0.999295
24 8 0.999608
24 9 0.999739
24 10 0.999471
24 11 0.999791
24 12 0.002681
24 13 0.997496
24 14 0.029925
24 15 0.998610
24 16 0.985073
24 17 0.999926
24 18 0.999996
24 19 0.974313
24 20 0.999999
24 21 0.999995
24 22 0.005177
24 23 0.035762
24 24 0.000000
24 25 0.999853
24 26 0.999413
24 27 0.999998
24 28 0.860512
24 29 0.999994
24 30 0.999967
24 31 0.018287
24 32 0.996485
24 33 0.999977
24 34 0.999988
24 35 0.011782
24 36 0.999634
24 37 0.999987
24 38 0.999804
24 39 0.999997
24 40 0.999996
24 41 0.029925
24 42 0.981645
24 43 0.999443
24 44 0.999218
24 45 0.999998
24 46 0.999994
24 47 0.530966
24 48 0.999996
24 49 0.999992
24 50 0.999994
24 51 0.986720
24 52 0.035762
24 53 0.011782
24 54 0.565302
24 55 0.005177
24 56 0.999942
24 57 0.019299
24 58 0.990157
24 59 0.011782
24 60 0.999931
24 61 0.981397
24 62 0.999959
24 63 0.999977
24 64 0.999999
24 65 0.816249
24 66 0.999996
24 67 0.999998
24 68 0.999670
24 69 0.019299
24 70 0.998021
24 71 0.999951
24 72 0.023583
24 73 0.999305
24 74 0.999998
24 75 0.002681
24 76 0.082237
24 77 0.049729
24 78 0.999954
24 79 0.999944
24 80 0.999997
24 81 0.999997
24 82 0.899866
24 83 0.999814
24 84 0.999994
24 85 0.992109
24 86 0.999994
24 87 0.034173
24 88 0.998436
24 89 0.999814
24 90 0.862254
24 91 0.922921
24 92 0.778725
24 93 0.153568
24 94 0.999989
24 95 0.999997
24 96 0.838911
24 97 0.999722
24 98 0.992983
24 99 0.999997
25 0 0.997398
25 1 0.999994
25 2 0.999933
25 3 0.005177
25 4 0.153568
25 5 0.999993
25 6 0.999876
25 7 0.999980
25 8 0.999945
25 9 0.999998
25 10 0.999980
25 11 0.999997
25 12 0.999988
25 13 0.999999
25 14 0.951799
25 15 0.999670
25 16 0.999995
25 17 0.406015
25 18 0.029925
25 19 0.999870
25 20 0.999993
25 21 0.999998
25 22 0.999973
25 23 0.999974
25 24 0.999853
25 25 0.000000
25 26 0.942378
25 27 0.999971
25 28 0.999998
25 29 0.999987
25 30 0.164848
25 31 0.999882
25 32 0.999870
25 33 0.023583
25 34 0.999997
25 35 0.606413
25 36 0.005177
25 37 0.942378
25 38 0.343598
25 39 0.999814
25 40 0.305549
25 41 0.999998
25 42 0.236026
25 43 0.016382
25 44 0.189109
25 45 0.979096
25 46 0.240658
25 47 0.956464
25 48 0.999073
25 49 0.135231
25 50 0.997398
25 51 0.999843
25 52 0.999950
25 53 0.999996
25 54 0.999971
25 55 0.999961
25 56 0.999982
25 57 0.999999
25 58 0.503965
25 59 0.960163
25 60 0.687190
25 61 0.018287
25 62 0.999990
25 63 0.999994
25 64 0.999996
25 65 0.999753
25 66 0.610510
25 67 0.300647
25 68 0.003622
25 69 0.997774
25 70 0.999843
25 71 0.049729
25 72 0.986015
25 73 0.687190
25 74 0.245316
25 75 0.011782
25 76 0.963627
25 77 0.831064
25 78 0.999950
25 79 0.999987
25 80 0.999588
25 81 0.995613
25 82 0.071949
25 83 0.999629
25 84 0.997774
25 85 0.999997
25 86 0.029925
25 87 0.996485
25 88 0.999998
25 89 0.999707
25 90 0.035762
25 91 0.999901
25 92 0.978816
25 93 0.999998
25 94 0.958629
25 95 0.011782
25 96 0.973967
25 97 0.998330
25 98 0.999752
25 99 0.999996
26 0 0.981397
26 1 0.999980
26 2 0.999994
26 3 0.973968
26 4 0.957037
26 5 0.014763
26 6 0.011782
26 7 0.005177
26 8 0.997563
26 9 0.978814
26 10 0.253981
26 11 0.138922
26 12 0.999977
26 13 0.999340
26 14 0.903465
26 15 0.189109
26 16 0.006763
26 17 0.035762
26 18 0.999999
26 19 0.998957
26 20 0.996663
26 21 0.999997
26 22 0.999961
26 23 0.999998
26 24 0.999413
26 25 0.942378
26 26 0.000000
26 27 0.999965
26 28 0.999990
26 29 0.999912
26 30 0.093360
26 31 0.999609
26 32 0.999984
26 33 0.999995
26 34 0.997623
26 35 0.998217
26 36 0.999985
26 37 0.999999
26 38 0.999888
26 39 0.005177
26 40 0.751866
26 41 0.987391
26 42 0.999922
26 43 0.057916
26 44 0.999997
26 45 0.999999
26 46 0.002681
26 47 0.999999
26 48 0.042353
26 49 0.022408
26 50 0.029925
26 51 0.999998
26 52 0.998698
26 53 0.999804
26 54 0.978814
26 55 0.924902
26 56 0.999991
26 57 0.060180
26 58 0.999890
26 59 0.999554
26 60 0.029925
26 61 0.999258
26 62 0.999902
26 63 0.999997
26 64 0.066931
26 65 0.999992
26 66 0.964978
26 67 0.586172
26 68 0.999996
26 69 0.999991
26 70 0.999999
26 71 0.019299
26 72 0.958075
26 73 0.999896
26 74 0.999989
26 75 0.999993
26 76 0.060180
26 77 0.999999
26 78 0.988784
26 79 0.000372
26 80 0.973617
26 81 0.029925
26 82 0.005177
26 83 0.005177
26 84 0.999997
26 85 0.999907
26 86 0.999997
26 87 0.709906
26 88 0.999443
26 89 0.999917
26 90 0.999967
26 91 0.000139
26 92 0.999998
26 93 0.011090
26 94 0.999992
26 95 0.999998
26 96 0.999997
26 97 0.999977
26 98 0.999794
26 99 0.999961
27 0 0.035762
27 1 0.019299
27 2 0.898572
27 3 0.999963
27 4 0.999997
27 5 0.999739
27 6 0.168897
27 7 0.985073
27 8 0.999996
27 9 0.014763
27 10 0.992609
27 11 0.999990
27 12 0.530966
27 13 0.999998
27 14 0.999999
27 15 0.999691
27 16 0.102116
27 17 0.999912
27 18 0.999997
27 19 0.991127
27 20 0.001279
27 21 0.999954
27 22 0.998680
27 23 0.989493
27 24 0.999998
27 25 0.999971
27 26 0.999965
27 27 0.000000
27 28 0.939390
27 29 0.703771
27 30 0.999997
27 31 0.205798
27 32 0.999993
27 33 0.999965
27 34 0.999999
27 35 0.999996
27 36 0.996247
27 37 0.090388
27 38 0.994999
27 39 0.999876
27 40 0.998147
27 41 0.999974
27 42 0.999996
27 43 0.999413
27 44 0.019299
27 45 0.999997
27 46 0.999996
27 47 0.029925
27 48 0.999999
27 49 0.999988
27 50 0.999999
27 51 0.415919
