0 0 0.000000
0 1 0.118059
0 2 0.999997
0 3 0.719662
0 4 0.999998
0 5 0.999998
0 6 0.999996
0 7 0.999997
0 8 0.999993
0 9 0.035762
0 10 0.999890
0 11 0.999998
0 12 0.971852
0 13 0.145864
0 14 0.999996
0 15 0.999991
0 16 0.999718
0 17 0.999821
0 18 0.999994
0 19 0.060180
0 20 0.999986
0 21 0.999999
0 22 0.998644
0 23 0.999999
0 24 0.999997
0 25 0.999739
0 26 0.981145
0 27 0.035762
0 28 0.999999
0 29 0.999996
0 30 0.999927
0 31 0.153568
0 32 0.999999
0 33 0.999953
0 34 0.999998
0 35 0.999998
0 36 0.999989
0 37 0.003622
0 38 0.999984
0 39 0.999998
0 40 0.999994
0 41 0.999992
0 42 0.999881
0 43 0.920015
0 44 0.180652
0 45 0.994299
0 46 0.999996
0 47 0.999995
0 48 0.999995
0 49 0.999997
0 50 0.999998
0 51 0.093360
0 52 0.999997
0 53 0.999999
0 54 0.006763
0 55 0.998265
0 56 0.998572
0 57 0.005177
0 58 0.972594
0 59 0.142083
0 60 0.999998
0 61 0.999989
0 62 0.999768
0 63 0.005177
0 64 0.999990
0 65 0.999967
0 66 0.997073
0 67 0.443905
0 68 0.999992
0 69 0.000372
0 70 0.999996
0 71 0.999883
0 72 0.999963
0 73 0.999998
0 74 0.999951
0 75 0.999998
0 76 0.051779
0 77 0.005177
0 78 0.999997
0 79 0.999988
0 80 0.999995
0 81 0.069412
0 82 0.999994
0 83 0.999976
0 84 0.999997
0 85 0.002681
0 86 0.999851
0 87 0.995316
0 88 0.999965
0 89 0.999947
0 90 0.999997
0 91 0.999998
0 92 0.999916
0 93 0.999982
0 94 0.329464
0 95 0.999994
0 96 0.999999
0 97 0.999995
0 98 0.999996
0 99 0.999165
1 0 0.118059
1 1 0.000000
1 2 0.999994
1 3 0.999997
1 4 0.999998
1 5 0.959174
1 6 0.979374
1 7 0.057916
1 8 0.999998
1 9 0.240658
1 10 0.999997
1 11 0.999998
1 12 0.968390
1 13 0.999970
1 14 0.093360
1 15 0.999996
1 16 0.998394
1 17 0.508636
1 18 0.999998
1 19 0.999998
1 20 0.651944
1 21 0.999992
1 22 0.281925
1 23 0.999930
1 24 0.999839
1 25 0.999959
1 26 0.999707
1 27 0.019299
1 28 0.999988
1 29 0.108547
1 30 0.999996
1 31 0.999998
1 32 0.998572
1 33 0.034174
1 34 0.999845
1 35 0.999859
1 36 0.999997
1 37 0.999997
1 38 0.999998
1 39 0.999999
1 40 0.999999
1 41 0.999997
1 42 0.606413
1 43 0.011782
1 44 0.999061
1 45 0.913713
1 46 0.999874
1 47 0.999998
1 48 0.999994
1 49 0.999998
1 50 0.999998
1 51 0.000218
1 52 0.999998
1 53 0.002681
1 54 0.999998
1 55 0.999996
1 56 0.999208
1 57 0.049729
1 58 0.999997
1 59 0.999998
1 60 0.004818
1 61 0.998943
1 62 0.999998
1 63 0.042353
1 64 0.978283
1 65 0.999992
1 66 0.999997
1 67 0.999997
1 68 0.999993
1 69 0.999999
1 70 0.999999
1 71 0.999999
1 72 0.006763
1 73 0.999888
1 74 0.719662
1 75 0.005177
1 76 0.005177
1 77 0.999998
1 78 0.999998
1 79 0.001794
1 80 0.996047
1 81 0.002681
1 82 0.999985
1 83 0.999996
1 84 0.680145
1 85 0.999999
1 86 0.019299
1 87 0.999998
1 88 0.999833
1 89 0.999996
1 90 0.999998
1 91 0.019299
1 92 0.703771
1 93 0.999999
1 94 0.005177
1 95 0.999996
1 96 0.999207
1 97 0.999491
1 98 0.999614
1 99 0.997184
2 0 0.999997
2 1 0.999994
2 2 0.000000
2 3 0.999999
2 4 0.999997
2 5 0.999973
2 6 0.006763
2 7 0.999916
2 8 0.999999
2 9 0.051779
2 10 0.999997
2 11 0.999998
2 12 0.999996
2 13 0.999997
2 14 0.999987
2 15 0.999998
2 16 0.999940
2 17 0.999998
2 18 0.999993
2 19 0.003622
2 20 0.999998
2 21 0.999997
2 22 0.999958
2 23 0.999986
2 24 0.999994
2 25 0.999980
2 26 0.999999
2 27 0.357768
2 28 0.999998
2 29 0.999870
2 30 0.011782
2 31 0.999997
2 32 0.005177
2 33 0.999993
2 34 0.006317
2 35 0.999999
2 36 0.999990
2 37 0.028526
2 38 0.999010
2 39 0.002681
2 40 0.999971
2 41 0.999999
2 42 0.286770
2 43 0.448784
2 44 0.999998
2 45 0.051779
2 46 0.999998
2 47 0.999985
2 48 0.999998
2 49 0.984067
2 50 0.999997
2 51 0.023583
2 52 0.019299
2 53 0.999997
2 54 0.999683
2 55 0.999997
2 56 0.999994
2 57 0.999998
2 58 0.800669
2 59 0.999916
2 60 0.999788
2 61 0.999998
2 62 0.410971
2 63 0.999996
2 64 0.999999
2 65 0.999994
2 66 0.999998
2 67 0.035762
2 68 0.049729
2 69 0.999997
2 70 0.999989
2 71 0.999912
2 72 0.999998
2 73 0.999975
2 74 0.999996
2 75 0.999997
2 76 0.006763
2 77 0.999687
2 78 0.999998
2 79 0.999995
2 80 0.093360
2 81 0.999984
2 82 0.999997
2 83 0.999896
2 84 0.999998
2 85 0.999997
2 86 0.000372
2 87 0.999998
2 88 0.060180
2 89 0.999998
2 90 0.999949
2 91 0.999998
2 92 0.999868
2 93 0.002681
2 94 0.011782
2 95 0.999997
2 96 0.999992
2 97 0.999997
2 98 0.999988
2 99 0.999998
3 0 0.719662
3 1 0.999997
3 2 0.999999
3 3 0.000000
3 4 0.999999
3 5 0.999997
3 6 0.999665
3 7 0.997428
3 8 0.998516
3 9 0.999998
3 10 0.993760
3 11 0.999998
3 12 0.002681
3 13 0.121504
3 14 0.079482
3 15 0.011782
3 16 0.999992
3 17 0.923918
3 18 0.999984
3 19 0.014763
3 20 0.999997
3 21 0.019299
3 22 0.999997
3 23 0.999999
3 24 0.999998
3 25 0.005177
3 26 0.993338
3 27 0.999997
3 28 0.999768
3 29 0.999998
3 30 0.060180
3 31 0.029925
3 32 0.999624
3 33 0.999996
3 34 0.999732
3 35 0.999999
3 36 0.999997
3 37 0.999997
3 38 0.999992
3 39 0.999995
3 40 0.988345
3 41 0.998997
3 42 0.999959
3 43 0.999930
3 44 0.999956
3 45 0.999998
3 46 0.999990
3 47 0.999998
3 48 0.999990
3 49 0.999996
3 50 0.999995
3 51 0.999996
3 52 0.999997
3 53 0.999998
3 54 0.019299
3 55 0.999981
3 56 0.999990
3 57 0.999859
3 58 0.000372
3 59 0.019299
3 60 0.999718
3 61 0.999998
3 62 0.999998
3 63 0.999997
3 64 0.002681
3 65 0.138922
3 66 0.996247
3 67 0.999997
3 68 0.988784
3 69 0.999691
3 70 0.999997
3 71 0.999999
3 72 0.999834
3 73 0.971851
3 74 0.999991
3 75 0.999972
3 76 0.999998
3 77 0.956464
3 78 0.989633
3 79 0.999349
3 80 0.999996
3 81 0.999999
3 82 0.998971
3 83 0.999981
3 84 0.999994
3 85 0.003622
3 86 0.999997
3 87 0.999998
3 88 0.462595
3 89 0.999996
3 90 0.999929
3 91 0.005177
3 92 0.920015
3 93 0.998764
3 94 0.005177
3 95 0.999247
3 96 0.846427
3 97 0.999998
3 98 0.961206
3 99 0.995253
4 0 0.999998
4 1 0.999998
4 2 0.999997
4 3 0.999999
4 4 0.000000
4 5 0.999994
4 6 0.996663
4 7 0.999998
4 8 0.999997
4 9 0.999990
4 10 0.156883
4 11 0.999948
4 12 0.999868
4 13 0.999901
4 14 0.918970
4 15 0.999833
4 16 0.947930
4 17 0.999995
4 18 0.996437
4 19 0.993247
4 20 0.999981
4 21 0.999996
4 22 0.992609
4 23 0.002681
4 24 0.999988
4 25 0.060180
4 26 0.999931
4 27 0.999999
4 28 0.999703
4 29 0.029925
4 30 0.999295
4 31 0.006763
4 32 0.999990
4 33 0.999998
4 34 0.999988
4 35 0.999934
4 36 0.996195
4 37 0.836903
4 38 0.999505
4 39 0.999996
4 40 0.999859
4 41 0.001794
4 42 0.999998
4 43 0.005177
4 44 0.977392
4 45 0.019299
4 46 0.999998
4 47 0.988027
4 48 0.999998
4 49 0.617998
4 50 0.999992
4 51 0.999821
4 52 0.005177
4 53 0.999999
4 54 0.999987
4 55 0.029925
4 56 0.490569
4 57 0.999997
4 58 0.042353
4 59 0.999661
4 60 0.999851
4 61 0.019299
4 62 0.999665
4 63 0.999999
4 64 0.999997
4 65 0.014763
4 66 0.999997
4 67 0.017316
4 68 0.005177
4 69 0.999866
4 70 0.999120
4 71 0.071949
4 72 0.999998
4 73 0.999554
4 74 0.999997
4 75 0.998713
4 76 0.135231
4 77 0.999967
4 78 0.006763
4 79 0.999833
4 80 0.999997
4 81 0.999976
4 82 0.999997
4 83 0.999999
4 84 0.999973
4 85 0.093360
4 86 0.995779
4 87 0.999998
4 88 0.999998
4 89 0.999295
4 90 0.999998
4 91 0.999998
4 92 0.999986
4 93 0.999994
4 94 0.994661
4 95 0.999999
4 96 0.999998
4 97 0.999948
4 98 0.999997
4 99 0.995779
5 0 0.999998
5 1 0.959174
5 2 0.999973
5 3 0.999997
5 4 0.999994
5 5 0.000000
5 6 0.999999
5 7 0.999997
5 8 0.999998
5 9 0.999993
5 10 0.993077
5 11 0.999971
5 12 0.999736
5 13 0.023583
5 14 0.999997
5 15 0.999998
5 16 0.999990
5 17 0.940843
5 18 0.999994
5 19 0.999998
5 20 0.999687
5 21 0.882454
5 22 0.999998
5 23 0.999999
5 24 0.999997
5 25 0.999997
5 26 0.014763
5 27 0.999934
5 28 0.999998
5 29 0.029925
5 30 0.999998
5 31 0.999994
5 32 0.999993
5 33 0.999992
5 34 0.999791
5 35 0.011782
5 36 0.996532
5 37 0.281924
5 38 0.000372
5 39 0.999998
5 40 0.954189
5 41 0.996196
5 42 0.999536
5 43 0.725534
5 44 0.999998
5 45 0.006763
5 46 0.999990
5 47 0.999996
5 48 0.844504
5 49 0.372722
5 50 0.999875
5 51 0.999975
5 52 0.005177
5 53 0.999933
5 54 0.999998
5 55 0.999922
5 56 0.019299
5 57 0.042353
5 58 0.999604
5 59 0.999998
5 60 0.999983
5 61 0.999998
5 62 0.999956
5 63 0.999958
5 64 0.999780
5 65 0.999980
5 66 0.999998
5 67 0.999962
5 68 0.999991
5 69 0.999996
5 70 0.999999
5 71 0.002681
5 72 0.999998
5 73 0.999972
5 74 0.999953
5 75 0.999954
5 76 0.999356
5 77 0.996789
5 78 0.999998
5 79 0.999999
5 80 0.999987
5 81 0.999977
5 82 0.999929
5 83 0.999998
5 84 0.999992
5 85 0.999880
5 86 0.999916
5 87 0.999999
5 88 0.803068
5 89 0.999977
5 90 0.999665
5 91 0.999991
5 92 0.999629
5 93 0.999995
5 94 0.998997
5 95 0.999995
5 96 0.999912
5 97 0.999997
5 98 0.999902
5 99 0.999749
6 0 0.999996
6 1 0.979374
6 2 0.006763
6 3 0.999665
6 4 0.996663
6 5 0.999999
6 6 0.000000
6 7 0.127999
6 8 0.999998
6 9 0.005177
6 10 0.999996
6 11 0.999998
6 12 0.999998
6 13 0.999915
6 14 0.105308
6 15 0.999999
6 16 0.999996
6 17 0.999998
6 18 0.999998
6 19 0.999998
6 20 0.999997
6 21 0.999998
6 22 0.999994
6 23 0.999998
6 24 0.999998
6 25 0.999998
6 26 0.011782
6 27 0.809759
6 28 0.831064
6 29 0.999995
6 30 0.343597
6 31 0.999989
6 32 0.999530
6 33 0.999997
6 34 0.999998
6 35 0.999996
6 36 0.981145
6 37 0.999992
6 38 0.999979
6 39 0.999998
6 40 0.998495
6 41 0.999921
6 42 0.999992
6 43 0.999920
6 44 0.999987
6 45 0.042353
6 46 0.999176
6 47 0.999998
6 48 0.999994
6 49 0.019299
6 50 0.999998
6 51 0.996993
6 52 0.998662
6 53 0.999998
6 54 0.023583
6 55 0.999998
6 56 0.999997
6 57 0.019299
6 58 0.999995
6 59 0.002681
6 60 0.002681
6 61 0.996437
6 62 0.992983
6 63 0.999999
6 64 0.998747
6 65 0.999993
6 66 0.014763
6 67 0.961206
6 68 0.999990
6 69 0.999979
6 70 0.006763
6 71 0.999998
6 72 0.999997
6 73 0.017316
6 74 0.029925
6 75 0.999998
6 76 0.019299
6 77 0.999624
6 78 0.999998
6 79 0.999986
6 80 0.999998
6 81 0.999985
6 82 0.999999
6 83 0.999975
6 84 0.999998
6 85 0.999998
6 86 0.386901
6 87 0.999998
6 88 0.002681
6 89 0.999997
6 90 0.999978
6 91 0.999999
6 92 0.029925
6 93 0.999999
6 94 0.999963
6 95 0.999987
6 96 0.999997
6 97 0.329464
6 98 0.999999
6 99 0.999998
7 0 0.999997
7 1 0.057916
7 2 0.999916
7 3 0.997428
7 4 0.999998
7 5 0.999997
7 6 0.127999
7 7 0.000000
7 8 0.999993
7 9 0.999984
7 10 0.999902
7 11 0.998241
7 12 0.017316
7 13 0.999980
7 14 0.999670
7 15 0.999998
7 16 0.998957
7 17 0.060180
7 18 0.992109
7 19 0.999991
7 20 0.223001
7 21 0.029925
7 22 0.945222
7 23 0.999998
7 24 0.999435
7 25 0.999947
7 26 0.005177
7 27 0.999997
7 28 0.999999
7 29 0.011090
7 30 0.848329
7 31 0.943131
7 32 0.999997
7 33 0.935412
7 34 0.999998
7 35 0.999988
7 36 0.999981
7 37 0.999986
7 38 0.999999
7 39 0.807431
7 40 0.999996
7 41 0.019299
7 42 0.999999
7 43 0.999153
7 44 0.172989
7 45 0.002681
7 46 0.999998
7 47 0.999981
7 48 0.999998
7 49 0.005177
7 50 0.999974
7 51 0.999997
7 52 0.153568
7 53 0.999978
7 54 0.999997
7 55 0.999979
7 56 0.999998
7 57 0.999997
7 58 0.197054
7 59 0.999960
7 60 0.999998
7 61 0.999997
7 62 0.999821
7 63 0.023583
7 64 0.999999
7 65 0.999987
7 66 0.999997
7 67 0.999997
7 68 0.999937
7 69 0.999997
7 70 0.990884
7 71 0.135230
7 72 0.999981
7 73 0.999974
7 74 0.999997
7 75 0.757621
7 76 0.999998
7 77 0.999999
7 78 0.082237
7 79 0.998475
7 80 0.999868
7 81 0.999967
7 82 0.999999
7 83 0.000218
7 84 0.999985
7 85 0.999984
7 86 0.886638
7 87 0.999998
7 88 0.006763
7 89 0.999998
7 90 0.999997
7 91 0.999998
7 92 0.996833
7 93 0.999999
7 94 0.999839
7 95 0.999999
7 96 0.014763
7 97 0.999958
7 98 0.999997
7 99 0.999999
8 0 0.999993
8 1 0.999998
8 2 0.999999
8 3 0.998516
8 4 0.999997
8 5 0.999998
8 6 0.999998
8 7 0.999993
8 8 0.000000
8 9 0.006763
8 10 0.999996
8 11 0.999998
8 12 0.999875
8 13 0.982333
8 14 0.005177
8 15 0.999670
8 16 0.998610
8 17 0.999683
8 18 0.999992
8 19 0.999165
8 20 0.008170
8 21 0.999997
8 22 0.999998
8 23 0.999998
8 24 0.999991
8 25 0.999997
8 26 0.999421
8 27 0.999991
8 28 0.999985
8 29 0.108547
8 30 0.999998
8 31 0.999999
8 32 0.999967
8 33 0.999833
8 34 0.999982
8 35 0.999048
8 36 0.135231
8 37 0.999998
8 38 0.986202
8 39 0.999999
8 40 0.999998
8 41 0.999912
8 42 0.999814
8 43 0.999937
8 44 0.999989
8 45 0.999997
8 46 0.999988
8 47 0.999992
8 48 0.019299
8 49 0.999997
8 50 0.999997
8 51 0.999995
8 52 0.005177
8 53 0.999979
8 54 0.998811
8 55 0.996993
8 56 0.082237
8 57 0.002681
8 58 0.999996
8 59 0.000556
8 60 0.138922
8 61 0.999999
8 62 0.637193
8 63 0.846427
8 64 0.999981
8 65 0.999998
8 66 0.999981
8 67 0.994452
8 68 0.138922
8 69 0.006763
8 70 0.999661
8 71 0.999648
8 72 0.999998
8 73 0.999998
8 74 0.999954
8 75 0.082237
8 76 0.960688
8 77 0.999322
8 78 0.995993
8 79 0.999998
8 80 0.999990
8 81 0.029925
8 82 0.999999
8 83 0.005177
8 84 0.999990
8 85 0.999998
8 86 0.999994
8 87 0.999999
8 88 0.997624
8 89 0.997744
8 90 0.999978
8 91 0.011782
8 92 0.999554
8 93 0.999999
8 94 0.999992
8 95 0.999997
8 96 0.999967
8 97 0.999997
8 98 0.999197
8 99 0.999998
9 0 0.035762
9 1 0.240658
9 2 0.051779
9 3 0.999998
9 4 0.999990
9 5 0.999993
9 6 0.005177
9 7 0.999984
9 8 0.006763
9 9 0.000000
9 10 0.999998
9 11 0.999996
9 12 0.999863
9 13 0.999998
9 14 0.999998
9 15 0.997034
9 16 0.028526
9 17 0.535509
9 18 0.999920
9 19 0.999788
9 20 0.997887
9 21 0.999996
9 22 0.999998
9 23 0.999998
9 24 0.999906
9 25 0.999998
9 26 0.793317
9 27 0.014763
9 28 0.998997
9 29 0.999987
9 30 0.997123
9 31 0.999560
9 32 0.999930
9 33 0.999872
9 34 0.999998
9 35 0.019299
9 36 0.999295
9 37 0.999997
9 38 0.998730
9 39 0.999986
9 40 0.999969
9 41 0.011782
9 42 0.005177
9 43 0.999997
9 44 0.999996
9 45 0.998795
9 46 0.999987
9 47 0.999999
9 48 0.066931
9 49 0.999996
9 50 0.999881
9 51 0.999833
9 52 0.999997
9 53 0.999999
9 54 0.472229
9 55 0.999998
9 56 0.999957
9 57 0.999901
9 58 0.999996
9 59 0.999985
9 60 0.999999
9 61 0.029925
9 62 0.051779
9 63 0.765618
9 64 0.014763
9 65 0.999997
9 66 0.999999
9 67 0.999901
9 68 0.999995
9 69 0.998747
9 70 0.164848
9 71 0.999993
9 72 0.998536
9 73 0.023583
9 74 0.999990
9 75 0.999987
9 76 0.999998
9 77 0.999248
9 78 0.999976
9 79 0.994931
9 80 0.995253
9 81 0.986015
9 82 0.992887
9 83 0.786129
9 84 0.999998
9 85 0.999985
9 86 0.999996
9 87 0.999998
9 88 0.999998
9 89 0.999998
9 90 0.999979
9 91 0.999998
9 92 0.093360
9 93 0.999997
9 94 0.999998
9 95 0.999998
9 96 0.982333
9 97 0.893445
9 98 0.999940
9 99 0.999666
10 0 0.999890
10 1 0.999997
10 2 0.999997
10 3 0.993760
10 4 0.156883
10 5 0.993077
10 6 0.999996
10 7 0.999902
10 8 0.999996
10 9 0.999998
10 10 0.000000
10 11 0.011782
10 12 0.999998
10 13 0.999998
10 14 0.998495
10 15 0.999973
10 16 0.999986
10 17 0.014763
10 18 0.999995
10 19 0.017315
10 20 0.999881
10 21 0.999997
10 22 0.019299
10 23 0.999934
10 24 0.999196
10 25 0.999990
10 26 0.897261
10 27 0.999965
10 28 0.992609
10 29 0.999995
10 30 0.586172
10 31 0.999992
10 32 0.999998
10 33 0.999619
10 34 0.999707
10 35 0.019299
10 36 0.996708
10 37 0.999997
10 38 0.999996
10 39 0.999996
10 40 0.006763
10 41 0.565302
10 42 0.999992
10 43 0.999956
10 44 0.998610
10 45 0.006317
10 46 0.987559
10 47 0.999997
10 48 0.999996
10 49 0.999999
10 50 0.391878
10 51 0.999972
10 52 0.999940
10 53 0.066931
10 54 0.999976
10 55 0.999996
10 56 0.999997
10 57 0.999997
10 58 0.029925
10 59 0.996789
10 60 0.205798
10 61 0.999999
10 62 0.999993
10 63 0.999959
10 64 0.999972
10 65 0.997183
10 66 0.998147
10 67 0.999998
10 68 0.999901
10 69 0.999999
10 70 0.999999
10 71 0.205798
10 72 0.018287
10 73 0.999703
10 74 0.999998
10 75 0.999863
10 76 0.999861
10 77 0.999998
10 78 0.999998
10 79 0.999997
10 80 0.999994
10 81 0.006763
10 82 0.999997
10 83 0.999996
10 84 0.999997
10 85 0.999960
10 86 0.996389
10 87 0.006763
10 88 0.999980
10 89 0.999997
10 90 0.975273
10 91 0.999978
10 92 0.999901
10 93 0.998681
10 94 0.964036
10 95 0.999974
10 96 0.999916
10 97 0.998680
10 98 0.011782
10 99 0.991246
11 0 0.999998
11 1 0.999998
11 2 0.999998
11 3 0.999998
11 4 0.999948
11 5 0.999971
11 6 0.999998
11 7 0.998241
11 8 0.999998
11 9 0.999996
11 10 0.011782
11 11 0.000000
11 12 0.001279
11 13 0.999901
11 14 0.042353
11 15 0.999996
11 16 0.999999
11 17 0.999814
11 18 0.999991
11 19 0.999997
11 20 0.999990
11 21 0.999950
11 22 0.999996
11 23 0.999998
11 24 0.999788
11 25 0.999996
11 26 0.768376
11 27 0.999998
11 28 0.999998
11 29 0.999998
11 30 0.842555
11 31 0.871792
11 32 0.999992
11 33 0.999997
11 34 0.996708
11 35 0.029925
11 36 0.980411
11 37 0.005177
11 38 0.999995
11 39 0.999998
11 40 0.999993
11 41 0.999994
11 42 0.042353
11 43 0.999997
11 44 0.999997
11 45 0.998097
11 46 0.999995
11 47 0.999997
11 48 0.999998
11 49 0.999985
11 50 0.999995
11 51 0.102123
11 52 0.778725
11 53 0.999998
11 54 0.999999
11 55 0.999995
11 56 0.999998
11 57 0.999996
11 58 0.999931
11 59 0.999998
11 60 0.999998
11 61 0.999999
11 62 0.108547
11 63 0.999982
11 64 0.999999
11 65 0.999998
11 66 0.999999
11 67 0.999998
11 68 0.060180
11 69 0.999997
11 70 0.888076
11 71 0.999405
11 72 0.999997
11 73 0.956464
11 74 0.999954
11 75 0.999642
11 76 0.999998
11 77 0.999941
11 78 0.999998
11 79 0.700406
11 80 0.999980
11 81 0.999997
11 82 0.999999
11 83 0.999997
11 84 0.999841
11 85 0.697012
11 86 0.999998
11 87 0.543836
11 88 0.999998
11 89 0.999999
11 90 0.999998
11 91 0.999998
11 92 0.999647
11 93 0.999985
11 94 0.011782
11 95 0.999997
11 96 0.999998
11 97 0.329464
11 98 0.049729
11 99 0.006763
12 0 0.971852
12 1 0.968390
12 2 0.999996
12 3 0.002681
12 4 0.999868
12 5 0.999736
12 6 0.999998
12 7 0.017316
12 8 0.999875
12 9 0.999863
12 10 0.999998
12 11 0.001279
12 12 0.000000
12 13 0.999413
12 14 0.997774
12 15 0.998730
12 16 0.006763
12 17 0.999999
12 18 0.999851
12 19 0.999998
12 20 0.118059
12 21 0.999986
12 22 0.999997
12 23 0.731785
12 24 0.002681
12 25 0.999998
12 26 0.999989
12 27 0.998887
12 28 0.051779
12 29 0.999982
12 30 0.999999
12 31 0.999985
12 32 0.999998
12 33 0.997624
12 34 0.822542
12 35 0.999998
12 36 0.999928
12 37 0.035762
12 38 0.999996
12 39 0.972594
12 40 0.999965
12 41 0.999996
12 42 0.995253
12 43 0.999988
12 44 0.999875
12 45 0.999993
12 46 0.999965
12 47 0.999996
12 48 0.999851
12 49 0.999891
12 50 0.999998
12 51 0.997774
12 52 0.999999
12 53 0.999998
12 54 0.999998
12 55 0.999998
12 56 0.999258
12 57 0.743482
12 58 0.999991
12 59 0.999791
12 60 0.019299
12 61 0.999996
12 62 0.999998
12 63 0.999777
12 64 0.999999
12 65 0.002681
12 66 0.999996
12 67 0.999286
12 68 0.999998
12 69 0.138922
12 70 0.999980
12 71 0.999998
12 72 0.999560
12 73 0.999997
12 74 0.999991
12 75 0.023583
12 76 0.006763
12 77 0.999687
12 78 0.997327
12 79 0.998516
12 80 0.999975
12 81 0.999982
12 82 0.996993
12 83 0.999994
12 84 0.005177
12 85 0.999998
12 86 0.999997
12 87 0.999998
12 88 0.999973
12 89 0.901145
12 90 0.999998
12 91 0.999997
12 92 0.999996
12 93 0.999995
12 94 0.999996
12 95 0.999985
12 96 0.999998
12 97 0.999999
12 98 0.999998
12 99 0.928576
13 0 0.145864
13 1 0.999970
13 2 0.999997
13 3 0.121504
13 4 0.999901
13 5 0.023583
13 6 0.999915
13 7 0.999980
13 8 0.982333
13 9 0.999998
13 10 0.999998
13 11 0.999901
13 12 0.999413
13 13 0.000000
13 14 0.999996
13 15 0.999998
13 16 0.999999
13 17 0.999996
13 18 0.999971
13 19 0.999998
13 20 0.999995
13 21 0.999934
13 22 0.999530
13 23 0.999998
13 24 0.999643
13 25 0.999998
13 26 0.999944
13 27 0.999992
13 28 0.989888
13 29 0.999994
13 30 0.999997
13 31 0.999990
13 32 0.999967
13 33 0.999967
13 34 0.999994
13 35 0.999765
13 36 0.999120
13 37 0.999998
13 38 0.999868
13 39 0.978814
13 40 0.999942
13 41 0.324511
13 42 0.995836
13 43 0.986721
13 44 0.999998
13 45 0.998495
13 46 0.999998
13 47 0.999997
13 48 0.999998
13 49 0.999972
13 50 0.999996
13 51 0.999995
13 52 0.999699
13 53 0.999762
13 54 0.999998
13 55 0.999986
13 56 0.999989
13 57 0.005177
13 58 0.999870
13 59 0.999978
13 60 0.998997
13 61 0.999940
13 62 0.999207
13 63 0.999870
13 64 0.999971
13 65 0.006763
13 66 0.998764
13 67 0.999998
13 68 0.999916
13 69 0.999998
13 70 0.999998
13 71 0.998436
13 72 0.305549
13 73 0.999997
13 74 0.999992
13 75 0.999926
13 76 0.011782
13 77 0.999670
13 78 0.999998
13 79 0.996389
13 80 0.999996
13 81 0.999989
13 82 0.999791
13 83 0.999108
13 84 0.999958
13 85 0.999998
13 86 0.999988
13 87 0.999998
13 88 0.987725
13 89 0.011782
13 90 0.999999
13 91 0.999718
13 92 0.999992
13 93 0.999948
13 94 0.002681
13 95 0.999998
13 96 0.999994
13 97 0.160844
13 98 0.995993
13 99 0.999969
14 0 0.999996
14 1 0.093360
14 2 0.999987
14 3 0.079482
14 4 0.918970
14 5 0.999997
14 6 0.105308
14 7 0.999670
14 8 0.005177
14 9 0.999998
14 10 0.998495
14 11 0.042353
14 12 0.997774
14 13 0.999996
14 14 0.000000
14 15 0.999998
14 16 0.019299
14 17 0.930276
14 18 0.986542
14 19 0.999999
14 20 0.999992
14 21 0.051779
14 22 0.999998
14 23 0.998048
14 24 0.029925
14 25 0.997222
14 26 0.989888
14 27 0.999999
14 28 0.999993
14 29 0.995722
14 30 0.999994
14 31 0.981645
14 32 0.000013
14 33 0.999365
14 34 0.999998
14 35 0.223001
14 36 0.998730
14 37 0.999802
14 38 0.999995
14 39 0.997222
14 40 0.999997
14 41 0.999765
14 42 0.751865
14 43 0.999498
14 44 0.999987
14 45 0.999996
14 46 0.023583
14 47 0.999993
14 48 0.999999
14 49 0.999998
14 50 0.999998
14 51 0.999940
14 52 0.963627
14 53 0.999994
14 54 0.999732
14 55 0.999998
14 56 0.001794
14 57 0.999687
14 58 0.999991
14 59 0.999996
14 60 0.999999
14 61 0.999916
14 62 0.999999
14 63 0.999998
14 64 0.999996
14 65 0.999629
14 66 0.999998
14 67 0.996047
14 68 0.960688
14 69 0.999833
14 70 0.999762
14 71 0.999992
14 72 0.999998
14 73 0.999998
14 74 0.998021
14 75 0.999998
14 76 0.999926
14 77 0.999554
14 78 0.999995
14 79 0.999994
14 80 0.005177
14 81 0.999980
14 82 0.060180
14 83 0.051779
14 84 0.993995
14 85 0.999207
14 86 0.999405
14 87 0.343597
14 88 0.673535
14 89 0.131589
14 90 0.999998
14 91 0.014763
14 92 0.999998
14 93 0.999999
14 94 0.999998
14 95 0.999901
14 96 0.999736
14 97 0.999994
14 98 0.999794
14 99 0.977392
15 0 0.999991
15 1 0.999996
15 2 0.999998
15 3 0.011782
15 4 0.999833
15 5 0.999998
15 6 0.999999
15 7 0.999998
15 8 0.999670
15 9 0.997034
15 10 0.999973
15 11 0.999996
15 12 0.998730
15 13 0.999998
15 14 0.999998
15 15 0.000000
15 16 0.999998
15 17 0.999989
15 18 0.860512
15 19 0.999997
15 20 0.999994
15 21 0.999953
15 22 0.999996
15 23 0.999998
15 24 0.999835
15 25 0.999916
15 26 0.453650
15 27 0.999998
15 28 0.011782
15 29 0.999925
15 30 0.999998
15 31 0.999998
15 32 0.999955
15 33 0.999988
15 34 0.918969
15 35 0.999443
15 36 0.999958
15 37 0.999997
15 38 0.999994
15 39 0.999999
15 40 0.999913
15 41 0.999096
15 42 0.999999
15 43 0.999997
15 44 0.999995
15 45 0.005177
15 46 0.999993
15 47 0.999998
15 48 0.999913
15 49 0.998730
15 50 0.008716
15 51 0.999978
15 52 0.999985
15 53 0.622014
15 54 0.495294
15 55 0.999978
15 56 0.988027
15 57 0.999998
15 58 0.999998
15 59 0.999804
15 60 0.999995
15 61 0.999958
15 62 0.997774
15 63 0.999994
15 64 0.999997
15 65 0.999999
15 66 0.071949
15 67 0.999984
15 68 0.057916
15 69 0.005177
15 70 0.999995
15 71 0.999998
15 72 0.966727
15 73 0.999969
15 74 0.999998
15 75 0.003622
15 76 0.002681
15 77 0.915921
15 78 0.005177
15 79 0.999999
15 80 0.997994
15 81 0.999996
15 82 0.999990
15 83 0.002681
15 84 0.999997
15 85 0.006763
15 86 0.999997
15 87 0.999996
15 88 0.999997
15 89 0.999927
15 90 0.999996
15 91 0.999994
15 92 0.999994
15 93 0.981145
15 94 0.999998
15 95 0.999981
15 96 0.904700
15 97 0.999993
15 98 0.023583
15 99 0.999999
16 0 0.999718
16 1 0.998394
16 2 0.999940
16 3 0.999992
16 4 0.947930
16 5 0.999990
16 6 0.999996
16 7 0.998957
16 8 0.998610
16 9 0.028526
16 10 0.999986
16 11 0.999999
16 12 0.006763
16 13 0.999999
16 14 0.019299
16 15 0.999998
16 16 0.000000
16 17 0.999996
16 18 0.999998
16 19 0.999988
16 20 0.019299
16 21 0.999736
16 22 0.999998
16 23 0.999154
16 24 0.998997
16 25 0.999998
16 26 0.006763
16 27 0.941613
16 28 0.003622
16 29 0.999996
16 30 0.997995
16 31 0.994732
16 32 0.002681
16 33 0.999995
16 34 0.329464
16 35 0.999665
16 36 0.999998
16 37 0.999997
16 38 0.999994
16 39 0.999998
16 40 0.999977
16 41 0.999999
16 42 0.999295
16 43 0.051779
16 44 0.999998
16 45 0.999405
16 46 0.999996
16 47 0.999060
16 48 0.999993
16 49 0.999995
16 50 0.997462
16 51 0.999894
16 52 0.999989
16 53 0.999998
16 54 0.999859
16 55 0.999995
16 56 0.999992
16 57 0.999997
16 58 0.029925
16 59 0.999774
16 60 0.997496
16 61 0.999999
16 62 0.999998
16 63 0.999997
16 64 0.999802
16 65 0.999812
16 66 0.999999
16 67 0.521810
16 68 0.490569
16 69 0.999947
16 70 0.000372
16 71 0.517913
16 72 0.999998
16 73 0.999999
16 74 0.999132
16 75 0.999999
16 76 0.999988
16 77 0.999997
16 78 0.028526
16 79 0.999989
16 80 0.999870
16 81 0.999998
16 82 0.008716
16 83 0.999997
16 84 0.999991
16 85 0.999993
16 86 0.372722
16 87 0.999896
16 88 0.999999
16 89 0.999998
16 90 0.999999
16 91 0.011782
16 92 0.999997
16 93 0.999982
16 94 0.999999
16 95 0.999998
16 96 0.999894
16 97 0.019299
16 98 0.999994
16 99 0.003622
17 0 0.999821
17 1 0.508636
17 2 0.999998
17 3 0.923918
17 4 0.999995
17 5 0.940843
17 6 0.999998
17 7 0.060180
17 8 0.999683
17 9 0.535509
17 10 0.014763
17 11 0.999814
17 12 0.999999
17 13 0.999996
17 14 0.930276
17 15 0.999989
17 16 0.999996
17 17 0.000000
17 18 0.959174
17 19 0.999947
17 20 0.999994
17 21 0.992888
17 22 0.999982
17 23 0.999933
17 24 0.999998
17 25 0.114668
17 26 0.035762
17 27 0.999998
17 28 0.999876
17 29 0.999996
17 30 0.415919
17 31 0.985073
17 32 0.001279
17 33 0.034173
17 34 0.999999
17 35 0.999999
17 36 0.998997
17 37 0.999965
17 38 0.999993
17 39 0.552765
17 40 0.999962
17 41 0.984871
17 42 0.999998
17 43 0.590401
17 44 0.999120
17 45 0.703771
17 46 0.453650
17 47 0.999996
17 48 0.999997
17 49 0.999983
17 50 0.999999
17 51 0.019299
17 52 0.999996
17 53 0.999998
17 54 0.999994
17 55 0.999998
17 56 0.999993
17 57 0.999998
17 58 0.999998
17 59 0.999752
17 60 0.999812
17 61 0.999966
17 62 0.999967
17 63 0.999989
17 64 0.999120
17 65 0.999642
17 66 0.993675
17 67 0.999997
17 68 0.999998
17 69 0.941615
17 70 0.999999
17 71 0.999142
17 72 0.998929
17 73 0.999505
17 74 0.999987
17 75 0.999643
17 76 0.999993
17 77 0.008716
17 78 0.999861
17 79 0.999998
17 80 0.999997
17 81 0.999995
17 82 0.999998
17 83 0.795790
17 84 0.999994
17 85 0.999998
17 86 0.996047
17 87 0.999997
17 88 0.999479
17 89 0.999998
17 90 0.818482
17 91 0.999997
17 92 0.999479
17 93 0.820692
17 94 0.999997
17 95 0.999722
17 96 0.999998
17 97 0.999997
17 98 0.999982
17 99 0.999966
18 0 0.999994
18 1 0.999998
18 2 0.999993
18 3 0.999984
18 4 0.996437
18 5 0.999994
18 6 0.999998
18 7 0.992109
18 8 0.999992
18 9 0.999920
18 10 0.999995
18 11 0.999991
18 12 0.999851
18 13 0.999971
18 14 0.986542
18 15 0.860512
18 16 0.999998
18 17 0.959174
18 18 0.000000
18 19 0.999888
18 20 0.999999
18 21 0.999207
18 22 0.999986
18 23 0.999983
18 24 0.999997
18 25 0.005177
18 26 0.999993
18 27 0.999997
18 28 0.999998
18 29 0.999996
18 30 0.000372
18 31 0.999997
18 32 0.993247
18 33 0.999995
18 34 0.999983
18 35 0.000372
18 36 0.999925
18 37 0.999950
18 38 0.019299
18 39 0.011090
18 40 0.999997
18 41 0.966727
18 42 0.999998
18 43 0.998610
18 44 0.999996
18 45 0.999972
18 46 0.999944
18 47 0.999153
18 48 0.002681
18 49 0.999998
18 50 0.999998
18 51 0.999996
18 52 0.999997
18 53 0.999874
18 54 0.999997
18 55 0.005177
18 56 0.999997
18 57 0.999999
18 58 0.999365
18 59 0.999981
18 60 0.999996
18 61 0.999998
18 62 0.999997
18 63 0.999998
18 64 0.999997
18 65 0.997034
18 66 0.999887
18 67 0.999958
18 68 0.999997
18 69 0.090388
18 70 0.999999
18 71 0.999997
18 72 0.999998
18 73 0.999913
18 74 0.999998
18 75 0.999853
18 76 0.051779
18 77 0.999994
18 78 0.999991
18 79 0.999998
18 80 0.999992
18 81 0.999992
18 82 0.999997
18 83 0.999999
18 84 0.367737
18 85 0.998958
18 86 0.011782
18 87 0.999237
18 88 0.108547
18 89 0.999998
18 90 0.002681
18 91 0.999999
18 92 0.042353
18 93 0.999975
18 94 0.999922
18 95 0.999814
18 96 0.999997
18 97 0.999998
18 98 0.987559
18 99 0.999977
19 0 0.060180
19 1 0.999998
19 2 0.003622
19 3 0.014763
19 4 0.993247
19 5 0.999998
19 6 0.999998
19 7 0.999991
19 8 0.999165
19 9 0.999788
19 10 0.017315
19 11 0.999997
19 12 0.999998
19 13 0.999998
19 14 0.999999
19 15 0.999997
19 16 0.999988
19 17 0.999947
19 18 0.999888
19 19 0.000000
19 20 0.998811
19 21 0.999998
19 22 0.035762
19 23 0.996875
19 24 0.999964
19 25 0.999993
19 26 0.999765
19 27 0.999749
19 28 0.999997
19 29 0.999950
19 30 0.263461
19 31 0.999901
19 32 0.999997
19 33 0.998436
19 34 0.051779
19 35 0.999286
19 36 0.035762
19 37 0.999997
19 38 0.999997
19 39 0.999994
19 40 0.999975
19 41 0.999998
19 42 0.999997
19 43 0.999981
19 44 0.998285
19 45 0.049729
19 46 0.999996
19 47 0.999997
19 48 0.999997
19 49 0.999983
19 50 0.231420
19 51 0.999997
19 52 0.999890
19 53 0.999996
19 54 0.999896
19 55 0.999999
19 56 0.999588
19 57 0.999555
19 58 0.999952
19 59 0.999998
19 60 0.999999
19 61 0.999997
19 62 0.999911
19 63 0.999996
19 64 0.999986
19 65 0.999471
19 66 0.725534
19 67 0.999921
19 68 0.999997
19 69 0.999996
19 70 0.999971
19 71 0.998663
19 72 0.999974
19 73 0.999975
19 74 0.005177
19 75 0.999990
19 76 0.006763
19 77 0.268234
19 78 0.011782
19 79 0.999999
19 80 0.029925
19 81 0.999884
19 82 0.998663
19 83 0.999998
19 84 0.019299
19 85 0.490569
19 86 0.999998
19 87 0.999998
19 88 0.999998
19 89 0.999963
19 90 0.999994
19 91 0.999985
19 92 0.999999
19 93 0.999989
19 94 0.005177
19 95 0.999998
19 96 0.138922
19 97 0.019299
19 98 0.999998
19 99 0.999985
20 0 0.999986
20 1 0.651944
20 2 0.999998
20 3 0.999997
20 4 0.999981
20 5 0.999687
20 6 0.999997
20 7 0.223001
20 8 0.008170
20 9 0.997887
20 10 0.999881
20 11 0.999990
20 12 0.118059
20 13 0.999995
20 14 0.999992
20 15 0.999994
20 16 0.019299
20 17 0.999994
20 18 0.999999
20 19 0.998811
20 20 0.000000
20 21 0.988345
20 22 0.005177
20 23 0.999464
20 24 0.999999
20 25 0.999997
20 26 0.999953
20 27 0.001279
20 28 0.999997
20 29 0.999940
20 30 0.993077
20 31 0.999989
20 32 0.999997
20 33 0.999994
20 34 0.999982
20 35 0.999965
20 36 0.999997
20 37 0.999988
20 38 0.999996
20 39 0.993589
20 40 0.999996
20 41 0.989889
20 42 0.014763
20 43 0.999218
20 44 0.003622
20 45 0.999988
20 46 0.999153
20 47 0.011782
20 48 0.999982
20 49 0.060180
20 50 0.999995
20 51 0.992407
20 52 0.998996
20 53 0.999883
20 54 0.999997
20 55 0.019299
20 56 0.999998
20 57 0.999998
20 58 0.004818
20 59 0.999985
20 60 0.999998
20 61 0.329464
20 62 0.999974
20 63 0.993515
20 64 0.042353
20 65 0.978283
20 66 0.999987
20 67 0.999812
20 68 0.999997
20 69 0.999950
20 70 0.999969
20 71 0.138922
20 72 0.999993
20 73 0.999998
20 74 0.014763
20 75 0.999965
20 76 0.999997
20 77 0.999665
20 78 0.991576
20 79 0.999997
20 80 0.005177
20 81 0.999812
20 82 0.999993
20 83 0.999998
20 84 0.995721
20 85 0.977693
20 86 0.999998
20 87 0.999998
20 88 0.728674
20 89 0.999993
20 90 0.008716
20 91 0.002681
20 92 0.999998
20 93 0.994999
20 94 0.003622
20 95 0.999995
20 96 0.986540
20 97 0.999994
20 98 0.019299
20 99 0.999967
21 0 0.999999
21 1 0.999992
21 2 0.999997
21 3 0.019299
21 4 0.999996
21 5 0.882454
21 6 0.999998
21 7 0.029925
21 8 0.999997
21 9 0.999996
21 10 0.999997
21 11 0.999950
21 12 0.999986
21 13 0.999934
21 14 0.051779
21 15 0.999953
21 16 0.999736
21 17 0.992888
21 18 0.999207
21 19 0.999998
21 20 0.988345
21 21 0.000000
21 22 0.999826
21 23 0.999989
21 24 0.999998
21 25 0.999998
21 26 0.999998
21 27 0.999922
21 28 0.992887
21 29 0.999998
21 30 0.999953
21 31 0.999471
21 32 0.999965
21 33 0.999998
21 34 0.011782
21 35 0.999464
21 36 0.071949
21 37 0.999996
21 38 0.999996
21 39 0.942378
21 40 0.999998
21 41 0.999999
21 42 0.997774
21 43 0.999997
21 44 0.999999
21 45 0.999998
21 46 0.999998
21 47 0.999120
21 48 0.999993
21 49 0.953579
21 50 0.999998
21 51 0.981145
21 52 0.999911
21 53 0.999996
21 54 0.988187
21 55 0.999969
21 56 0.005177
21 57 0.999994
21 58 0.999947
21 59 0.999687
21 60 0.999996
21 61 0.999998
21 62 0.999996
21 63 0.999990
21 64 0.999991
21 65 0.990885
21 66 0.999950
21 67 0.999998
21 68 0.977990
21 69 0.999998
21 70 0.713187
21 71 0.999998
21 72 0.023583
21 73 0.999373
21 74 0.999998
21 75 0.005177
21 76 0.001279
21 77 0.999998
21 78 0.999997
21 79 0.005177
21 80 0.999643
21 81 0.999941
21 82 0.999993
21 83 0.035762
21 84 0.999971
21 85 0.999998
21 86 0.999995
21 87 0.997463
21 88 0.999999
21 89 0.999998
21 90 0.999997
21 91 0.014763
21 92 0.999998
21 93 0.999992
21 94 0.019299
21 95 0.495294
21 96 0.999331
21 97 0.983222
21 98 0.453650
21 99 0.999788
22 0 0.998644
22 1 0.281925
22 2 0.999958
22 3 0.999997
22 4 0.992609
22 5 0.999998
22 6 0.999994
22 7 0.945222
22 8 0.999998
22 9 0.999998
22 10 0.019299
22 11 0.999996
22 12 0.999997
22 13 0.999530
22 14 0.999998
22 15 0.999996
22 16 0.999998
22 17 0.999982
22 18 0.999986
22 19 0.035762
22 20 0.005177
22 21 0.999826
22 22 0.000000
22 23 0.999998
22 24 0.005177
22 25 0.999998
22 26 0.999987
22 27 0.996993
22 28 0.055709
22 29 0.051779
22 30 0.999966
22 31 0.999911
22 32 0.655709
22 33 0.999996
22 34 0.999436
22 35 0.005177
22 36 0.999996
22 37 0.338616
22 38 0.999998
22 39 0.002681
22 40 0.659444
22 41 0.998495
22 42 0.999999
22 43 0.999997
22 44 0.999530
22 45 0.999998
22 46 0.999998
22 47 0.999993
22 48 0.999996
22 49 0.999609
22 50 0.999999
22 51 0.999859
22 52 0.993675
22 53 0.999999
22 54 0.999499
22 55 0.999925
22 56 0.999995
22 57 0.999995
22 58 0.999993
22 59 0.999802
22 60 0.999997
22 61 0.999997
22 62 0.018287
22 63 0.011782
22 64 0.805058
22 65 0.071949
22 66 0.999998
22 67 0.999918
22 68 0.999996
22 69 0.999995
22 70 0.999861
22 71 0.999998
22 72 0.999948
22 73 0.999926
22 74 0.999868
22 75 0.006763
22 76 0.999997
22 77 0.997887
22 78 0.999996
22 79 0.999997
22 80 0.999929
22 81 0.998795
22 82 0.999997
22 83 0.999970
22 84 0.023583
22 85 0.999966
22 86 0.999986
22 87 0.005177
22 88 0.999997
22 89 0.999996
22 90 0.999661
22 91 0.999998
22 92 0.728675
22 93 0.998943
22 94 0.999947
22 95 0.999996
22 96 0.998572
22 97 0.999995
22 98 0.999999
22 99 0.999947
23 0 0.999999
23 1 0.999930
23 2 0.999986
23 3 0.999999
23 4 0.002681
23 5 0.999999
23 6 0.999998
23 7 0.999998
23 8 0.999998
23 9 0.999998
23 10 0.999934
23 11 0.999998
23 12 0.731785
23 13 0.999998
23 14 0.998048
23 15 0.999998
23 16 0.999154
23 17 0.999933
23 18 0.999983
23 19 0.996875
23 20 0.999464
23 21 0.999989
23 22 0.999998
23 23 0.000000
23 24 0.035762
23 25 0.999995
23 26 0.999997
23 27 0.999974
23 28 0.999995
23 29 0.999997
23 30 0.999996
23 31 0.999996
23 32 0.996485
23 33 0.999989
23 34 0.999998
23 35 0.999976
23 36 0.999996
23 37 0.999998
23 38 0.108547
23 39 0.999997
23 40 0.999998
23 41 0.005177
23 42 0.995188
23 43 0.966280
23 44 0.011782
23 45 0.999998
23 46 0.004818
23 47 0.999560
23 48 0.040565
23 49 0.999998
23 50 0.071949
23 51 0.999987
23 52 0.999992
23 53 0.999997
23 54 0.999995
23 55 0.999999
23 56 0.011782
23 57 0.014763
23 58 0.999998
23 59 0.002681
23 60 0.999436
23 61 0.999997
23 62 0.227550
23 63 0.999830
23 64 0.999977
23 65 0.999994
23 66 0.999947
23 67 0.999972
23 68 0.999981
23 69 0.999981
23 70 0.998843
23 71 0.999998
23 72 0.001794
23 73 0.997995
23 74 0.999988
23 75 0.999609
23 76 0.999955
23 77 0.999286
23 78 0.138922
23 79 0.998827
23 80 0.002681
23 81 0.999997
23 82 0.023583
23 83 0.997774
23 84 0.999998
23 85 0.999998
23 86 0.999997
23 87 0.999984
23 88 0.999998
23 89 0.999996
23 90 0.959174
23 91 0.049729
23 92 0.999993
23 93 0.014763
23 94 0.999999
23 95 0.999948
23 96 0.999901
23 97 0.999997
23 98 0.999999
23 99 0.999951
24 0 0.999997
24 1 0.999839
24 2 0.999994
24 3 0.999998
24 4 0.999988
24 5 0.999997
24 6 0.999998
24 7 0.999435
24 8 0.999991
24 9 0.999906
24 10 0.999196
24 11 0.999788
24 12 0.002681
24 13 0.999643
24 14 0.029925
24 15 0.999835
24 16 0.998997
24 17 0.999998
24 18 0.999997
24 19 0.999964
24 20 0.999999
24 21 0.999998
24 22 0.005177
24 23 0.035762
24 24 0.000000
24 25 0.999998
24 26 0.999995
24 27 0.999996
24 28 0.982333
24 29 0.999997
24 30 0.999999
24 31 0.018287
24 32 0.999765
24 33 0.999975
24 34 0.999997
24 35 0.011782
24 36 0.999995
24 37 0.999998
24 38 0.999967
24 39 0.999997
24 40 0.999999
24 41 0.029925
24 42 0.986015
24 43 0.999937
24 44 0.999980
24 45 0.999998
24 46 0.999994
24 47 0.993760
24 48 0.999995
24 49 0.999997
24 50 0.999995
24 51 0.999972
24 52 0.035762
24 53 0.011782
24 54 0.974940
24 55 0.005177
24 56 0.999998
24 57 0.002681
24 58 0.999443
24 59 0.011782
24 60 0.999907
24 61 0.999961
24 62 0.999999
24 63 0.999972
24 64 0.999998
24 65 0.877887
24 66 0.999997
24 67 0.999994
24 68 0.999990
24 69 0.019299
24 70 0.999944
24 71 0.999996
24 72 0.023583
24 73 0.998943
24 74 0.999998
24 75 0.002681
24 76 0.082237
24 77 0.954189
24 78 0.999965
24 79 0.999997
24 80 0.999973
24 81 0.999998
24 82 0.886639
24 83 0.999958
24 84 0.999998
24 85 0.996993
24 86 0.999997
24 87 0.034173
24 88 0.999988
24 89 0.999980
24 90 0.981397
24 91 0.999498
24 92 0.740481
24 93 0.999349
24 94 0.999993
24 95 0.999997
24 96 0.991246
24 97 0.999999
24 98 0.994661
24 99 0.999998
25 0 0.999739
25 1 0.999959
25 2 0.999980
25 3 0.005177
25 4 0.060180
25 5 0.999997
25 6 0.999998
25 7 0.999947
25 8 0.999997
25 9 0.999998
25 10 0.999990
25 11 0.999996
25 12 0.999998
25 13 0.999998
25 14 0.997222
25 15 0.999916
25 16 0.999998
25 17 0.114668
25 18 0.005177
25 19 0.999993
25 20 0.999997
25 21 0.999998
25 22 0.999998
25 23 0.999995
25 24 0.999998
25 25 0.000000
25 26 0.990024
25 27 0.999998
25 28 0.999998
25 29 0.999997
25 30 0.066931
25 31 0.999976
25 32 0.999989
25 33 0.023583
25 34 0.999998
25 35 0.184860
25 36 0.005177
25 37 0.983223
25 38 0.258710
25 39 0.999997
25 40 0.135231
25 41 0.999987
25 42 0.994931
25 43 0.016382
25 44 0.153568
25 45 0.996437
25 46 0.131589
25 47 0.997497
25 48 0.999814
25 49 0.429954
25 50 0.999917
25 51 0.999970
25 52 0.999989
25 53 0.999996
25 54 0.999993
25 55 0.999994
25 56 0.999995
25 57 0.999998
25 58 0.439014
25 59 0.972902
25 60 0.818482
25 61 0.018287
25 62 0.999994
25 63 0.999998
25 64 0.999996
25 65 0.999998
25 66 0.245316
25 67 0.066931
25 68 0.003622
25 69 0.999435
25 70 0.999998
25 71 0.011090
25 72 0.995253
25 73 0.992109
25 74 0.472229
25 75 0.011782
25 76 0.999505
25 77 0.910477
25 78 0.999915
25 79 0.999999
25 80 0.999938
25 81 0.999988
25 82 0.949286
25 83 0.999988
25 84 0.999937
25 85 0.999997
25 86 0.965899
25 87 0.999981
25 88 0.999993
25 89 0.999997
25 90 0.495294
25 91 0.999994
25 92 0.925733
25 93 0.999998
25 94 0.999331
25 95 0.001279
25 96 0.998330
25 97 0.999894
25 98 0.999984
25 99 0.999999
26 0 0.981145
26 1 0.999707
26 2 0.999999
26 3 0.993338
26 4 0.999931
26 5 0.014763
26 6 0.011782
26 7 0.005177
26 8 0.999421
26 9 0.793317
26 10 0.897261
26 11 0.768376
26 12 0.999989
26 13 0.999944
26 14 0.989888
26 15 0.453650
26 16 0.006763
26 17 0.035762
26 18 0.999993
26 19 0.999765
26 20 0.999953
26 21 0.999998
26 22 0.999987
26 23 0.999997
26 24 0.999995
26 25 0.990024
26 26 0.000000
26 27 0.999993
26 28 0.999989
26 29 0.999985
26 30 0.093360
26 31 0.999998
26 32 0.999967
26 33 0.999869
26 34 0.999987
26 35 0.999950
26 36 0.999997
26 37 0.999995
26 38 0.999986
26 39 0.005177
26 40 0.991007
26 41 0.999894
26 42 0.999998
26 43 0.057916
26 44 0.999999
26 45 0.999997
26 46 0.002681
26 47 0.999999
26 48 0.008716
26 49 0.022408
26 50 0.005177
26 51 0.999997
26 52 0.999982
26 53 0.999998
26 54 0.999821
26 55 0.995066
26 56 0.999998
26 57 0.042353
26 58 0.999998
26 59 0.999933
26 60 0.029925
26 61 0.997994
26 62 0.999999
26 63 0.999996
26 64 0.017316
26 65 0.999999
26 66 0.999950
26 67 0.995554
26 68 0.999993
26 69 0.999996
26 70 0.999998
26 71 0.019299
26 72 0.980890
26 73 0.999991
26 74 0.999998
26 75 0.999998
26 76 0.014763
26 77 0.999997
26 78 0.999888
26 79 0.000372
26 80 0.999888
26 81 0.415919
26 82 0.005177
26 83 0.005177
26 84 0.999998
26 85 0.999993
26 86 0.999994
26 87 0.969970
26 88 0.999984
26 89 0.999972
26 90 0.999997
26 91 0.000139
26 92 0.999999
26 93 0.011090
26 94 0.999990
26 95 0.999999
26 96 0.999995
26 97 0.999996
26 98 0.999791
26 99 0.999948
27 0 0.035762
27 1 0.019299
27 2 0.357768
27 3 0.999997
27 4 0.999999
27 5 0.999934
27 6 0.809759
27 7 0.999997
27 8 0.999991
27 9 0.014763
27 10 0.999965
27 11 0.999998
27 12 0.998887
27 13 0.999992
27 14 0.999999
27 15 0.999998
27 16 0.941613
27 17 0.999998
27 18 0.999997
27 19 0.999749
27 20 0.001279
27 21 0.999922
27 22 0.996993
27 23 0.999974
27 24 0.999996
27 25 0.999998
27 26 0.999993
27 27 0.000000
27 28 0.999536
27 29 0.728674
27 30 0.999994
27 31 0.093360
27 32 0.999998
27 33 0.999998
27 34 0.999996
27 35 0.999995
27 36 0.999498
27 37 0.164848
27 38 0.999906
27 39 0.999996
27 40 0.999998
27 41 0.999977
27 42 0.999998
27 43 0.999978
27 44 0.019299
27 45 0.999998
27 46 0.999999
27 47 0.029925
27 48 0.999999
27 49 0.999908
27 50 0.999990
27 51 0.812062
