0 0 0.000000
0 1 0.978814
0 2 0.999991
0 3 0.082237
0 4 0.999996
0 5 0.999998
0 6 0.999998
0 7 0.999984
0 8 0.999979
0 9 0.006763
0 10 0.999993
0 11 0.999998
0 12 0.999999
0 13 0.987219
0 14 0.999992
0 15 0.999997
0 16 0.999998
0 17 0.999997
0 18 0.999993
0 19 0.042353
0 20 0.999998
0 21 0.999999
0 22 0.999999
0 23 0.999998
0 24 0.999997
0 25 0.999997
0 26 0.999862
0 27 0.035762
0 28 0.999995
0 29 0.999998
0 30 0.999995
0 31 0.989493
0 32 0.999999
0 33 0.999986
0 34 0.999998
0 35 0.999995
0 36 0.999996
0 37 0.003622
0 38 0.999999
0 39 0.999998
0 40 0.999398
0 41 0.999998
0 42 0.999992
0 43 0.999851
0 44 0.087473
0 45 0.999817
0 46 0.999999
0 47 0.999996
0 48 0.999999
0 49 0.999999
0 50 0.999999
0 51 0.018287
0 52 0.999988
0 53 0.999996
0 54 0.006763
0 55 0.999979
0 56 0.999990
0 57 0.005177
0 58 0.999998
0 59 0.172356
0 60 0.999995
0 61 0.999998
0 62 0.999998
0 63 0.000372
0 64 0.999999
0 65 0.999993
0 66 0.999999
0 67 0.999946
0 68 0.999997
0 69 0.000372
0 70 0.999996
0 71 0.999999
0 72 0.999998
0 73 0.999990
0 74 0.999997
0 75 0.999995
0 76 0.329464
0 77 0.005177
0 78 0.999998
0 79 0.999999
0 80 0.999989
0 81 0.999765
0 82 0.999998
0 83 0.999999
0 84 0.999997
0 85 0.002681
0 86 0.999991
0 87 0.999988
0 88 0.999998
0 89 0.999984
0 90 0.999997
0 91 0.999999
0 92 0.999998
0 93 0.999998
0 94 0.079482
0 95 0.999999
0 96 0.999994
0 97 0.999999
0 98 0.999998
0 99 0.999998
1 0 0.978814
1 1 0.000000
1 2 0.999998
1 3 0.999995
1 4 0.999997
1 5 0.999749
1 6 0.999999
1 7 0.001646
1 8 0.999996
1 9 0.999732
1 10 0.999997
1 11 0.999999
1 12 0.999989
1 13 0.999997
1 14 0.240658
1 15 0.999997
1 16 0.999997
1 17 0.005896
1 18 0.999996
1 19 0.999999
1 20 0.984666
1 21 0.999987
1 22 0.565302
1 23 0.999998
1 24 0.999998
1 25 0.999994
1 26 0.999997
1 27 0.019299
1 28 0.999998
1 29 0.006763
1 30 0.999976
1 31 0.999537
1 32 0.999974
1 33 0.006317
1 34 0.999998
1 35 0.999998
1 36 0.999994
1 37 0.999998
1 38 0.999997
1 39 0.999998
1 40 0.999995
1 41 0.999994
1 42 0.999997
1 43 0.011782
1 44 0.999957
1 45 0.986358
1 46 0.999998
1 47 0.999999
1 48 0.999996
1 49 0.999995
1 50 0.999998
1 51 0.000218
1 52 0.999996
1 53 0.002681
1 54 0.999996
1 55 0.999997
1 56 0.999996
1 57 0.011090
1 58 0.999999
1 59 0.999943
1 60 0.004818
1 61 0.999996
1 62 0.999997
1 63 0.184861
1 64 0.999998
1 65 0.999994
1 66 0.999999
1 67 0.999996
1 68 0.999997
1 69 0.999998
1 70 0.966673
1 71 0.999995
1 72 0.006763
1 73 0.999973
1 74 0.622014
1 75 0.005177
1 76 0.005177
1 77 0.999997
1 78 0.999998
1 79 0.001794
1 80 0.999990
1 81 0.002681
1 82 0.999998
1 83 0.999993
1 84 0.999988
1 85 0.999997
1 86 0.002681
1 87 0.999999
1 88 0.999994
1 89 0.999995
1 90 0.999997
1 91 0.011782
1 92 0.999991
1 93 0.999998
1 94 0.005177
1 95 0.999999
1 96 0.999952
1 97 0.999998
1 98 0.999998
1 99 0.999995
2 0 0.999991
2 1 0.999998
2 2 0.000000
2 3 0.999998
2 4 0.999994
2 5 0.999998
2 6 0.006763
2 7 0.999990
2 8 0.999996
2 9 0.108547
2 10 0.999996
2 11 0.999995
2 12 0.999999
2 13 0.999998
2 14 0.999999
2 15 0.999999
2 16 0.999996
2 17 0.999998
2 18 0.999998
2 19 0.003622
2 20 0.999991
2 21 0.999998
2 22 0.999998
2 23 0.999890
2 24 0.999998
2 25 0.999997
2 26 0.999999
2 27 0.996144
2 28 0.999998
2 29 0.999996
2 30 0.035762
2 31 0.999995
2 32 0.071949
2 33 0.999998
2 34 0.006317
2 35 0.999998
2 36 0.999998
2 37 0.049729
2 38 0.999997
2 39 0.002681
2 40 0.999999
2 41 0.999998
2 42 0.999982
2 43 0.816249
2 44 0.999996
2 45 0.001279
2 46 0.999999
2 47 0.999977
2 48 0.999996
2 49 0.999997
2 50 0.999997
2 51 0.003622
2 52 0.002681
2 53 0.999953
2 54 0.999999
2 55 0.999999
2 56 0.999969
2 57 0.999999
2 58 0.824708
2 59 0.999992
2 60 0.999997
2 61 0.999996
2 62 0.999997
2 63 0.999993
2 64 0.999996
2 65 0.999994
2 66 0.999997
2 67 0.006763
2 68 0.034173
2 69 0.999991
2 70 0.999998
2 71 0.999984
2 72 0.999992
2 73 0.999997
2 74 0.999999
2 75 0.999997
2 76 0.023583
2 77 0.999966
2 78 0.999998
2 79 0.999993
2 80 0.069412
2 81 0.999998
2 82 0.999995
2 83 0.999998
2 84 0.999997
2 85 0.999998
2 86 0.000372
2 87 0.999994
2 88 0.014763
2 89 0.999988
2 90 0.999995
2 91 0.999996
2 92 0.999996
2 93 0.002681
2 94 0.001279
2 95 0.999999
2 96 0.999999
2 97 0.999999
2 98 0.999989
2 99 0.999938
3 0 0.082237
3 1 0.999995
3 2 0.999998
3 3 0.000000
3 4 0.999899
3 5 0.999998
3 6 0.999998
3 7 0.999995
3 8 0.999999
3 9 0.999999
3 10 0.981852
3 11 0.999999
3 12 0.002681
3 13 0.999752
3 14 0.022408
3 15 0.011782
3 16 0.999999
3 17 0.999994
3 18 0.999999
3 19 0.069412
3 20 0.999997
3 21 0.606413
3 22 0.998597
3 23 0.999998
3 24 0.999998
3 25 0.005177
3 26 0.999991
3 27 0.999997
3 28 0.999994
3 29 0.999990
3 30 0.014763
3 31 0.005177
3 32 0.999994
3 33 0.999998
3 34 0.999998
3 35 0.999994
3 36 0.999999
3 37 0.999998
3 38 0.999998
3 39 0.999999
3 40 0.999998
3 41 0.999993
3 42 0.999998
3 43 0.999996
3 44 0.999996
3 45 0.999994
3 46 0.999996
3 47 0.999471
3 48 0.999993
3 49 0.999996
3 50 0.999999
3 51 0.999997
3 52 0.999991
3 53 0.999998
3 54 0.002681
3 55 0.999998
3 56 0.999995
3 57 0.999997
3 58 0.000372
3 59 0.002681
3 60 0.999999
3 61 0.999998
3 62 0.999998
3 63 0.999994
3 64 0.002681
3 65 0.905921
3 66 0.999998
3 67 0.999998
3 68 0.999997
3 69 0.999997
3 70 0.999998
3 71 0.999998
3 72 0.999975
3 73 0.999992
3 74 0.999999
3 75 0.993153
3 76 0.999998
3 77 0.999983
3 78 0.999868
3 79 0.999999
3 80 0.999998
3 81 0.999957
3 82 0.999997
3 83 0.999973
3 84 0.999982
3 85 0.003622
3 86 0.999990
3 87 0.999951
3 88 0.231422
3 89 0.999994
3 90 0.999998
3 91 0.005177
3 92 0.999996
3 93 0.999911
3 94 0.005177
3 95 0.999999
3 96 0.999995
3 97 0.999998
3 98 0.999995
3 99 0.999313
4 0 0.999996
4 1 0.999997
4 2 0.999994
4 3 0.999899
4 4 0.000000
4 5 0.999998
4 6 0.999999
4 7 0.999999
4 8 0.999989
4 9 0.999994
4 10 0.062139
4 11 0.999999
4 12 0.999983
4 13 0.999999
4 14 0.856969
4 15 0.999998
4 16 0.986358
4 17 0.999995
4 18 0.999994
4 19 0.999999
4 20 0.999994
4 21 0.999998
4 22 0.999973
4 23 0.002681
4 24 0.999997
4 25 0.001794
4 26 0.999998
4 27 0.999981
4 28 0.999694
4 29 0.005177
4 30 0.999971
4 31 0.006763
4 32 0.999996
4 33 0.999996
4 34 0.999995
4 35 0.999998
4 36 0.999996
4 37 0.999973
4 38 0.999997
4 39 0.999271
4 40 0.999997
4 41 0.001794
4 42 0.999995
4 43 0.005177
4 44 0.999997
4 45 0.019299
4 46 0.999990
4 47 0.999999
4 48 0.999994
4 49 0.999997
4 50 0.999998
4 51 0.999987
4 52 0.000372
4 53 0.999998
4 54 0.999886
4 55 0.988345
4 56 0.999665
4 57 0.999957
4 58 0.899866
4 59 0.999976
4 60 0.999991
4 61 0.060180
4 62 0.999989
4 63 0.999997
4 64 0.999994
4 65 0.042353
4 66 0.999993
4 67 0.002279
4 68 0.005177
4 69 0.999996
4 70 0.999998
4 71 0.905921
4 72 0.999998
4 73 0.999997
4 74 0.999999
4 75 0.999999
4 76 0.079482
4 77 0.999999
4 78 0.006763
4 79 0.999935
4 80 0.999993
4 81 0.999908
4 82 0.999997
4 83 0.999896
4 84 0.999998
4 85 0.028526
4 86 0.999991
4 87 0.999998
4 88 0.999997
4 89 0.999968
4 90 0.999994
4 91 0.999988
4 92 0.999998
4 93 0.999998
4 94 0.999993
4 95 0.999999
4 96 0.999999
4 97 0.999995
4 98 0.999991
4 99 0.999998
5 0 0.999998
5 1 0.999749
5 2 0.999998
5 3 0.999998
5 4 0.999998
5 5 0.000000
5 6 0.999998
5 7 0.999998
5 8 0.999994
5 9 0.999995
5 10 0.999916
5 11 0.999998
5 12 0.999990
5 13 0.003622
5 14 0.999998
5 15 0.999999
5 16 0.999997
5 17 0.999771
5 18 0.999997
5 19 0.999997
5 20 0.999999
5 21 0.998997
5 22 0.999998
5 23 0.999998
5 24 0.999999
5 25 0.999999
5 26 0.014763
5 27 0.999754
5 28 0.999993
5 29 0.029925
5 30 0.999998
5 31 0.999993
5 32 0.999998
5 33 0.999998
5 34 0.999998
5 35 0.011782
5 36 0.999950
5 37 0.988187
5 38 0.000372
5 39 0.999976
5 40 0.998308
5 41 0.999998
5 42 0.999998
5 43 0.999975
5 44 0.999998
5 45 0.006763
5 46 0.999998
5 47 0.999998
5 48 0.999762
5 49 0.637193
5 50 0.999996
5 51 0.999998
5 52 0.005177
5 53 0.999998
5 54 0.999998
5 55 0.999990
5 56 0.610510
5 57 0.042353
5 58 0.999999
5 59 0.999996
5 60 0.999998
5 61 0.999999
5 62 0.998371
5 63 0.999999
5 64 0.999925
5 65 0.999998
5 66 0.999998
5 67 0.999998
5 68 0.999997
5 69 0.999998
5 70 0.999990
5 71 0.002681
5 72 0.999998
5 73 0.999999
5 74 0.999999
5 75 0.999995
5 76 0.999990
5 77 0.999755
5 78 0.999997
5 79 0.999998
5 80 0.999975
5 81 0.999963
5 82 0.999997
5 83 0.999996
5 84 0.999998
5 85 0.999996
5 86 0.999999
5 87 0.999990
5 88 0.954189
5 89 0.999997
5 90 0.999999
5 91 0.999997
5 92 0.999984
5 93 0.999997
5 94 0.999998
5 95 0.999998
5 96 0.999992
5 97 0.999998
5 98 0.999998
5 99 0.999998
6 0 0.999998
6 1 0.999999
6 2 0.006763
6 3 0.999998
6 4 0.999999
6 5 0.999998
6 6 0.000000
6 7 0.995370
6 8 0.999998
6 9 0.000372
6 10 0.999999
6 11 0.999992
6 12 0.999995
6 13 0.999995
6 14 0.057916
6 15 0.999998
6 16 0.999995
6 17 0.999997
6 18 0.999998
6 19 0.999998
6 20 0.999998
6 21 0.999997
6 22 0.999996
6 23 0.999989
6 24 0.999991
6 25 0.999991
6 26 0.011782
6 27 0.999941
6 28 0.999983
6 29 0.999997
6 30 0.021276
6 31 0.999999
6 32 0.999973
6 33 0.999996
6 34 0.999998
6 35 0.999999
6 36 0.999995
6 37 0.999998
6 38 0.999998
6 39 0.999998
6 40 0.999998
6 41 0.999997
6 42 0.999998
6 43 0.999978
6 44 0.999997
6 45 0.000814
6 46 0.999998
6 47 0.999998
6 48 0.999988
6 49 0.019299
6 50 0.999991
6 51 0.999998
6 52 0.999992
6 53 0.999985
6 54 0.003622
6 55 0.999999
6 56 0.999994
6 57 0.019299
6 58 0.999999
6 59 0.002681
6 60 0.002681
6 61 0.999998
6 62 0.999992
6 63 0.999993
6 64 0.999994
6 65 0.999997
6 66 0.014763
6 67 0.734393
6 68 0.999997
6 69 0.999951
6 70 0.006763
6 71 0.999997
6 72 0.999997
6 73 0.751866
6 74 0.029925
6 75 0.999998
6 76 0.002681
6 77 0.999985
6 78 0.999990
6 79 0.999997
6 80 0.999990
6 81 0.999997
6 82 0.999998
6 83 0.999984
6 84 0.999999
6 85 0.999997
6 86 0.999788
6 87 0.999999
6 88 0.002681
6 89 0.999982
6 90 0.999996
6 91 0.999997
6 92 0.963627
6 93 0.999999
6 94 0.999997
6 95 0.999994
6 96 0.999969
6 97 0.700406
6 98 0.999999
6 99 0.999998
7 0 0.999984
7 1 0.001646
7 2 0.999990
7 3 0.999995
7 4 0.999999
7 5 0.999998
7 6 0.995370
7 7 0.000000
7 8 0.999999
7 9 0.999996
7 10 0.999999
7 11 0.999685
7 12 0.002279
7 13 0.999998
7 14 0.999976
7 15 0.999998
7 16 0.999999
7 17 0.121504
7 18 0.999997
7 19 0.999997
7 20 0.999666
7 21 0.005177
7 22 0.855165
7 23 0.999998
7 24 0.999980
7 25 0.999998
7 26 0.005177
7 27 0.999997
7 28 0.999998
7 29 0.001168
7 30 0.999413
7 31 0.999995
7 32 0.999989
7 33 0.999997
7 34 0.999987
7 35 0.999998
7 36 0.999998
7 37 0.999994
7 38 0.999998
7 39 0.993914
7 40 0.999991
7 41 0.019299
7 42 0.999993
7 43 0.998955
7 44 0.035762
7 45 0.002681
7 46 0.999998
7 47 0.999981
7 48 0.999996
7 49 0.000372
7 50 0.999930
7 51 0.999999
7 52 0.996832
7 53 0.999998
7 54 0.999997
7 55 0.999998
7 56 0.999998
7 57 0.999993
7 58 0.064508
7 59 0.999999
7 60 0.999995
7 61 0.999998
7 62 0.999969
7 63 0.391878
7 64 0.999999
7 65 0.999998
7 66 0.999998
7 67 0.999986
7 68 0.999991
7 69 0.999997
7 70 0.999997
7 71 0.011090
7 72 0.999610
7 73 0.999998
7 74 0.999999
7 75 0.964978
7 76 0.999994
7 77 0.999998
7 78 0.977990
7 79 0.999835
7 80 0.999998
7 81 0.999994
7 82 0.999997
7 83 0.000218
7 84 0.999999
7 85 0.999998
7 86 0.999978
7 87 0.999997
7 88 0.006763
7 89 0.999998
7 90 0.999997
7 91 0.999998
7 92 0.999999
7 93 0.999998
7 94 0.999835
7 95 0.999998
7 96 0.014763
7 97 0.999996
7 98 0.999994
7 99 0.999998
8 0 0.999979
8 1 0.999996
8 2 0.999996
8 3 0.999999
8 4 0.999989
8 5 0.999994
8 6 0.999998
8 7 0.999999
8 8 0.000000
8 9 0.006763
8 10 0.999987
8 11 0.999998
8 12 0.999998
8 13 0.996952
8 14 0.005177
8 15 0.999999
8 16 0.999998
8 17 0.999998
8 18 0.999981
8 19 0.999997
8 20 0.008170
8 21 0.999997
8 22 0.999993
8 23 0.999999
8 24 0.999998
8 25 0.999997
8 26 0.999999
8 27 0.999995
8 28 0.999998
8 29 0.995379
8 30 0.999999
8 31 0.999999
8 32 0.999994
8 33 0.998532
8 34 0.999996
8 35 0.999998
8 36 0.011090
8 37 0.999990
8 38 0.999889
8 39 0.999997
8 40 0.999999
8 41 0.999994
8 42 0.999998
8 43 0.999978
8 44 0.999998
8 45 0.999997
8 46 0.999996
8 47 0.999997
8 48 0.019299
8 49 0.999998
8 50 0.999995
8 51 0.999995
8 52 0.005177
8 53 0.999996
8 54 0.999993
8 55 0.999999
8 56 0.862254
8 57 0.002681
8 58 0.999985
8 59 0.000556
8 60 0.035762
8 61 0.999938
8 62 0.997859
8 63 0.982094
8 64 0.999996
8 65 0.999996
8 66 0.999998
8 67 0.999932
8 68 0.011782
8 69 0.000556
8 70 0.999996
8 71 0.999998
8 72 0.999998
8 73 0.999998
8 74 0.999998
8 75 0.121504
8 76 0.999998
8 77 0.999998
8 78 0.999998
8 79 0.999998
8 80 0.999998
8 81 0.005177
8 82 0.999997
8 83 0.005177
8 84 0.999997
8 85 0.999998
8 86 0.999994
8 87 0.999989
8 88 0.999984
8 89 0.999997
8 90 0.999994
8 91 0.011782
8 92 0.999936
8 93 0.999995
8 94 0.999937
8 95 0.999961
8 96 0.999998
8 97 0.999998
8 98 0.999994
8 99 0.999998
9 0 0.006763
9 1 0.999732
9 2 0.108547
9 3 0.999999
9 4 0.999994
9 5 0.999995
9 6 0.000372
9 7 0.999996
9 8 0.006763
9 9 0.000000
9 10 0.999994
9 11 0.999995
9 12 0.999992
9 13 0.999998
9 14 0.999997
9 15 0.999391
9 16 0.011090
9 17 0.999930
9 18 0.999996
9 19 0.999998
9 20 0.999998
9 21 0.999999
9 22 0.999957
9 23 0.999999
9 24 0.999955
9 25 0.999994
9 26 0.999969
9 27 0.001794
9 28 0.999997
9 29 0.999989
9 30 0.999978
9 31 0.999994
9 32 0.999996
9 33 0.999985
9 34 0.999944
9 35 0.019299
9 36 0.999902
9 37 0.999998
9 38 0.999959
9 39 0.999998
9 40 0.999997
9 41 0.035762
9 42 0.005177
9 43 0.999996
9 44 0.999997
9 45 0.999897
9 46 0.999998
9 47 0.999994
9 48 0.010429
9 49 0.999994
9 50 0.999994
9 51 0.999999
9 52 0.999998
9 53 0.999987
9 54 0.999997
9 55 0.999998
9 56 0.999998
9 57 0.999998
9 58 0.999994
9 59 0.999999
9 60 0.999996
9 61 0.029925
9 62 0.035762
9 63 0.127998
9 64 0.014763
9 65 0.999997
9 66 0.999999
9 67 0.999997
9 68 0.999998
9 69 0.999993
9 70 0.047734
9 71 0.999993
9 72 0.999998
9 73 0.060180
9 74 0.999998
9 75 0.999998
9 76 0.999990
9 77 0.999997
9 78 0.999999
9 79 0.999998
9 80 0.999996
9 81 0.999976
9 82 0.999674
9 83 0.999984
9 84 0.999998
9 85 0.999985
9 86 0.999999
9 87 0.999995
9 88 0.999996
9 89 0.999986
9 90 0.999996
9 91 0.999997
9 92 0.999061
9 93 0.999998
9 94 0.999960
9 95 0.999997
9 96 0.999997
9 97 0.593960
9 98 0.999998
9 99 0.999793
10 0 0.999993
10 1 0.999997
10 2 0.999996
10 3 0.981852
10 4 0.062139
10 5 0.999916
10 6 0.999999
10 7 0.999999
10 8 0.999987
10 9 0.999994
10 10 0.000000
10 11 0.011782
10 12 0.999998
10 13 0.999986
10 14 0.999990
10 15 0.999998
10 16 0.999998
10 17 0.014763
10 18 0.999992
10 19 0.526399
10 20 0.999999
10 21 0.999984
10 22 0.019299
10 23 0.999997
10 24 0.999997
10 25 0.999999
10 26 0.996911
10 27 0.999998
10 28 0.999997
10 29 0.999997
10 30 0.999911
10 31 0.999999
10 32 0.999998
10 33 0.999999
10 34 0.999950
10 35 0.019299
10 36 0.999998
10 37 0.999981
10 38 0.999990
10 39 0.999978
10 40 0.006763
10 41 0.989205
10 42 0.999999
10 43 0.999998
10 44 0.999953
10 45 0.006317
10 46 0.999866
10 47 0.999991
10 48 0.999994
10 49 0.999997
10 50 0.999926
10 51 0.999997
10 52 0.999986
10 53 0.017316
10 54 0.999986
10 55 0.999987
10 56 0.999987
10 57 0.999999
10 58 0.029925
10 59 0.999908
10 60 0.145864
10 61 0.999997
10 62 0.999994
10 63 0.999999
10 64 0.999994
10 65 0.999998
10 66 0.999980
10 67 0.999998
10 68 0.999983
10 69 0.999995
10 70 0.999997
10 71 0.985825
10 72 0.002473
10 73 0.999986
10 74 0.999985
10 75 0.999999
10 76 0.999978
10 77 0.999998
10 78 0.999998
10 79 0.999988
10 80 0.999978
10 81 0.006763
10 82 0.999998
10 83 0.999998
10 84 0.999991
10 85 0.999999
10 86 0.999998
10 87 0.000556
10 88 0.999993
10 89 0.999998
10 90 0.999548
10 91 0.999999
10 92 0.999959
10 93 0.999998
10 94 0.999902
10 95 0.999987
10 96 0.999997
10 97 0.999996
10 98 0.001279
10 99 0.999998
11 0 0.999998
11 1 0.999999
11 2 0.999995
11 3 0.999999
11 4 0.999999
11 5 0.999998
11 6 0.999992
11 7 0.999685
11 8 0.999998
11 9 0.999995
11 10 0.011782
11 11 0.000000
11 12 0.001279
11 13 0.999998
11 14 0.008716
11 15 0.999999
11 16 0.999998
11 17 0.999993
11 18 0.999998
11 19 0.999998
11 20 0.999994
11 21 0.999998
11 22 0.999998
11 23 0.999999
11 24 0.999998
11 25 0.999999
11 26 0.963140
11 27 0.999998
11 28 0.999998
11 29 0.999997
11 30 0.999638
11 31 0.931940
11 32 0.999998
11 33 0.999997
11 34 0.999998
11 35 0.005177
11 36 0.934561
11 37 0.005177
11 38 0.999995
11 39 0.999999
11 40 0.999998
11 41 0.999997
11 42 0.028526
11 43 0.999976
11 44 0.999997
11 45 0.999997
11 46 0.999998
11 47 0.999999
11 48 0.999997
11 49 0.999999
11 50 0.999998
11 51 0.253981
11 52 0.999998
11 53 0.999999
11 54 0.999993
11 55 0.999985
11 56 0.999997
11 57 0.999990
11 58 0.999988
11 59 0.999998
11 60 0.999998
11 61 0.999998
11 62 0.006763
11 63 0.999998
11 64 0.999998
11 65 0.999995
11 66 0.999998
11 67 0.999989
11 68 0.060180
11 69 0.999998
11 70 0.999998
11 71 0.999998
11 72 0.999999
11 73 0.999887
11 74 0.999996
11 75 0.999988
11 76 0.999997
11 77 0.999998
11 78 0.999994
11 79 0.066931
11 80 0.999998
11 81 0.999998
11 82 0.999995
11 83 0.999998
11 84 0.999998
11 85 0.031146
11 86 0.999996
11 87 0.991893
11 88 0.999997
11 89 0.999998
11 90 0.999998
11 91 0.999999
11 92 0.999997
11 93 0.999996
11 94 0.011782
11 95 0.999998
11 96 0.999998
11 97 0.990655
11 98 0.948613
11 99 0.006763
12 0 0.999999
12 1 0.999989
12 2 0.999999
12 3 0.002681
12 4 0.999983
12 5 0.999990
12 6 0.999995
12 7 0.002279
12 8 0.999998
12 9 0.999992
12 10 0.999998
12 11 0.001279
12 12 0.000000
12 13 0.999998
12 14 0.999928
12 15 0.999991
12 16 0.000556
12 17 0.999998
12 18 0.999997
12 19 0.999932
12 20 0.004480
12 21 0.999997
12 22 0.999997
12 23 0.999777
12 24 0.002681
12 25 0.999998
12 26 0.999999
12 27 0.999893
12 28 0.011782
12 29 0.999999
12 30 0.999997
12 31 0.999998
12 32 0.999998
12 33 0.998778
12 34 0.914654
12 35 0.999998
12 36 0.999998
12 37 0.006763
12 38 0.999995
12 39 0.999997
12 40 0.999997
12 41 0.999993
12 42 0.999992
12 43 0.999996
12 44 0.999998
12 45 0.999994
12 46 0.999998
12 47 0.999999
12 48 0.999998
12 49 0.999996
12 50 0.999965
12 51 0.999982
12 52 0.999997
12 53 0.999997
12 54 0.999967
12 55 0.999997
12 56 0.999974
12 57 0.997034
12 58 0.999997
12 59 0.999995
12 60 0.002681
12 61 0.999999
12 62 0.999997
12 63 0.999995
12 64 0.999998
12 65 0.051779
12 66 0.999988
12 67 0.999961
12 68 0.999998
12 69 0.011782
12 70 0.999998
12 71 0.999998
12 72 0.999991
12 73 0.999997
12 74 0.999997
12 75 0.153568
12 76 0.023583
12 77 0.999994
12 78 0.999998
12 79 0.999995
12 80 0.999994
12 81 0.999999
12 82 0.999998
12 83 0.999998
12 84 0.000372
12 85 0.999988
12 86 0.999999
12 87 0.999999
12 88 0.999998
12 89 0.998997
12 90 0.999998
12 91 0.999997
12 92 0.999998
12 93 0.999998
12 94 0.999998
12 95 0.999999
12 96 0.999997
12 97 0.999993
12 98 0.999997
12 99 0.997327
13 0 0.987219
13 1 0.999997
13 2 0.999998
13 3 0.999752
13 4 0.999999
13 5 0.003622
13 6 0.999995
13 7 0.999998
13 8 0.996952
13 9 0.999998
13 10 0.999986
13 11 0.999998
13 12 0.999998
13 13 0.000000
13 14 0.999997
13 15 0.999996
13 16 0.999998
13 17 0.999996
13 18 0.999992
13 19 0.999998
13 20 0.999984
13 21 0.999980
13 22 0.999994
13 23 0.999998
13 24 0.999994
13 25 0.999997
13 26 0.999999
13 27 0.999993
13 28 0.999959
13 29 0.999999
13 30 0.999997
13 31 0.999989
13 32 0.999999
13 33 0.999998
13 34 0.999998
13 35 0.999996
13 36 0.999970
13 37 0.999989
13 38 0.999999
13 39 0.998969
13 40 0.999995
13 41 0.725534
13 42 0.999972
13 43 0.999952
13 44 0.999978
13 45 0.999954
13 46 0.999996
13 47 0.999999
13 48 0.999998
13 49 0.999998
13 50 0.999998
13 51 0.999955
13 52 0.999995
13 53 0.999999
13 54 0.999997
13 55 0.999978
13 56 0.999998
13 57 0.005177
13 58 0.999999
13 59 0.999996
13 60 0.999998
13 61 0.999994
13 62 0.999999
13 63 0.999998
13 64 0.999999
13 65 0.006763
13 66 0.999998
13 67 0.999996
13 68 0.999998
13 69 0.999999
13 70 0.999998
13 71 0.998983
13 72 0.999941
13 73 0.999998
13 74 0.999985
13 75 0.999995
13 76 0.001279
13 77 0.999997
13 78 0.999992
13 79 0.999988
13 80 0.999992
13 81 0.999998
13 82 0.999998
13 83 0.999998
13 84 0.999996
13 85 0.999998
13 86 0.999998
13 87 0.999986
13 88 0.999961
13 89 0.001279
13 90 0.999998
13 91 0.999995
13 92 0.999998
13 93 0.999999
13 94 0.002681
13 95 0.999980
13 96 0.999982
13 97 0.064507
13 98 0.999997
13 99 0.999999
14 0 0.999992
14 1 0.240658
14 2 0.999999
14 3 0.022408
14 4 0.856969
14 5 0.999998
14 6 0.057916
14 7 0.999976
14 8 0.005177
14 9 0.999997
14 10 0.999990
14 11 0.008716
14 12 0.999928
14 13 0.999997
14 14 0.000000
14 15 0.999824
14 16 0.002681
14 17 0.998044
14 18 0.999855
14 19 0.999994
14 20 0.999996
14 21 0.035762
14 22 0.999994
14 23 0.999998
14 24 0.999024
14 25 0.999866
14 26 0.999982
14 27 0.999998
14 28 0.999996
14 29 0.999998
14 30 0.999998
14 31 0.999554
14 32 0.000013
14 33 0.999997
14 34 0.999998
14 35 0.978814
14 36 0.999995
14 37 0.999999
14 38 0.999994
14 39 0.999998
14 40 0.999998
14 41 0.999999
14 42 0.971089
14 43 0.999975
14 44 0.999998
14 45 0.999998
14 46 0.023583
14 47 0.999999
14 48 0.999990
14 49 0.999999
14 50 0.999998
14 51 0.999993
14 52 0.999934
14 53 0.999994
14 54 0.999948
14 55 0.999167
14 56 0.001794
14 57 0.999994
14 58 0.999911
14 59 0.999996
14 60 0.999998
14 61 0.999997
14 62 0.999999
14 63 0.999991
14 64 0.999979
14 65 0.999998
14 66 0.999997
14 67 0.999981
14 68 0.999658
14 69 0.999923
14 70 0.999997
14 71 0.999997
14 72 0.999998
14 73 0.999998
14 74 0.999997
14 75 0.999997
14 76 0.999997
14 77 0.999998
14 78 0.999992
14 79 0.999999
14 80 0.005177
14 81 0.999998
14 82 0.324511
14 83 0.051779
14 84 0.999999
14 85 0.999998
14 86 0.999984
14 87 0.637193
14 88 0.999883
14 89 0.999718
14 90 0.999994
14 91 0.014763
14 92 0.999997
14 93 0.999996
14 94 0.999994
14 95 0.999994
14 96 0.999998
14 97 0.999999
14 98 0.999996
14 99 0.999971
15 0 0.999997
15 1 0.999997
15 2 0.999999
15 3 0.011782
15 4 0.999998
15 5 0.999999
15 6 0.999998
15 7 0.999998
15 8 0.999999
15 9 0.999391
15 10 0.999998
15 11 0.999999
15 12 0.999991
15 13 0.999996
15 14 0.999824
15 15 0.000000
15 16 0.999982
15 17 0.999998
15 18 0.999998
15 19 0.999917
15 20 0.999997
15 21 0.999999
15 22 0.999994
15 23 0.999996
15 24 0.999996
15 25 0.999997
15 26 0.999954
15 27 0.999999
15 28 0.011782
15 29 0.999994
15 30 0.999999
15 31 0.999997
15 32 0.999998
15 33 0.999993
15 34 0.999952
15 35 0.999966
15 36 0.999997
15 37 0.999998
15 38 0.999998
15 39 0.999999
15 40 0.999995
15 41 0.999988
15 42 0.999993
15 43 0.999999
15 44 0.999990
15 45 0.005177
15 46 0.999994
15 47 0.999993
15 48 0.999995
15 49 0.998143
15 50 0.981397
15 51 0.999998
15 52 0.999998
15 53 0.999788
15 54 0.993338
15 55 0.999998
15 56 0.999999
15 57 0.999999
15 58 0.999989
15 59 0.999998
15 60 0.999998
15 61 0.999993
15 62 0.999996
15 63 0.999998
15 64 0.999995
15 65 0.999997
15 66 0.000139
15 67 0.999995
15 68 0.027175
15 69 0.005177
15 70 0.999996
15 71 0.999997
15 72 0.999850
15 73 0.999988
15 74 0.999998
15 75 0.003622
15 76 0.002681
15 77 0.997623
15 78 0.005177
15 79 0.999998
15 80 0.999998
15 81 0.999997
15 82 0.999926
15 83 0.000139
15 84 0.999996
15 85 0.006763
15 86 0.999997
15 87 0.999998
15 88 0.999996
15 89 0.999995
15 90 0.999996
15 91 0.999997
15 92 0.999998
15 93 0.997558
15 94 0.999998
15 95 0.999998
15 96 0.999999
15 97 0.999994
15 98 0.000218
15 99 0.999943
16 0 0.999998
16 1 0.999997
16 2 0.999996
16 3 0.999999
16 4 0.986358
16 5 0.999997
16 6 0.999995
16 7 0.999999
16 8 0.999998
16 9 0.011090
16 10 0.999998
16 11 0.999998
16 12 0.000556
16 13 0.999998
16 14 0.002681
16 15 0.999982
16 16 0.000000
16 17 0.999946
16 18 0.999999
16 19 0.999998
16 20 0.002681
16 21 0.999997
16 22 0.999917
16 23 0.999999
16 24 0.999999
16 25 0.999989
16 26 0.006763
16 27 0.999990
16 28 0.000218
16 29 0.999998
16 30 0.999997
16 31 0.999999
16 32 0.002681
16 33 0.999996
16 34 0.997222
16 35 0.999998
16 36 0.999997
16 37 0.999997
16 38 0.999988
16 39 0.999997
16 40 0.999997
16 41 0.999997
16 42 0.999991
16 43 0.552765
16 44 0.999998
16 45 0.999977
16 46 0.999996
16 47 0.999994
16 48 0.999998
16 49 0.999998
16 50 0.999977
16 51 0.999999
16 52 0.999998
16 53 0.999998
16 54 0.999998
16 55 0.999999
16 56 0.999998
16 57 0.999997
16 58 0.071949
16 59 0.999998
16 60 0.999998
16 61 0.999997
16 62 0.999995
16 63 0.999998
16 64 0.999996
16 65 0.999999
16 66 0.999997
16 67 0.997558
16 68 0.314631
16 69 0.999997
16 70 0.000372
16 71 0.998436
16 72 0.999998
16 73 0.999994
16 74 0.999998
16 75 0.999984
16 76 0.999997
16 77 0.999986
16 78 0.997363
16 79 0.999999
16 80 0.999998
16 81 0.999998
16 82 0.004818
16 83 0.999981
16 84 0.999997
16 85 0.999998
16 86 0.223000
16 87 0.999997
16 88 0.999994
16 89 0.999992
16 90 0.999987
16 91 0.011782
16 92 0.999997
16 93 0.999996
16 94 0.999989
16 95 0.999996
16 96 0.999998
16 97 0.019299
16 98 0.999997
16 99 0.014763
17 0 0.999997
17 1 0.005896
17 2 0.999998
17 3 0.999994
17 4 0.999995
17 5 0.999771
17 6 0.999997
17 7 0.121504
17 8 0.999998
17 9 0.999930
17 10 0.014763
17 11 0.999993
17 12 0.999998
17 13 0.999996
17 14 0.998044
17 15 0.999998
17 16 0.999946
17 17 0.000000
17 18 0.999991
17 19 0.999903
17 20 0.999983
17 21 0.956951
17 22 0.999997
17 23 0.999998
17 24 0.999996
17 25 0.004161
17 26 0.006763
17 27 0.999997
17 28 0.999997
17 29 0.999993
17 30 0.982801
17 31 0.999986
17 32 0.001279
17 33 0.343598
17 34 0.999998
17 35 0.999998
17 36 0.969159
17 37 0.999997
17 38 0.999998
17 39 0.999505
17 40 0.999997
17 41 0.969158
17 42 0.999998
17 43 0.001646
17 44 0.999905
17 45 0.998663
17 46 0.873404
17 47 0.999958
17 48 0.999997
17 49 0.999994
17 50 0.999998
17 51 0.002681
17 52 0.999995
17 53 0.999999
17 54 0.999998
17 55 0.999988
17 56 0.999997
17 57 0.999994
17 58 0.999998
17 59 0.999953
17 60 0.999998
17 61 0.999997
17 62 0.999999
17 63 0.999977
17 64 0.999998
17 65 0.999913
17 66 0.999999
17 67 0.999997
17 68 0.999998
17 69 0.999227
17 70 0.999985
17 71 0.999979
17 72 0.999975
17 73 0.998475
17 74 0.999987
17 75 0.999998
17 76 0.999997
17 77 0.008716
17 78 0.999987
17 79 0.999996
17 80 0.999998
17 81 0.999998
17 82 0.999998
17 83 0.999997
17 84 0.999997
17 85 0.999997
17 86 0.999996
17 87 0.999996
17 88 0.999978
17 89 0.999994
17 90 0.807431
17 91 0.999998
17 92 0.999996
17 93 0.999926
17 94 0.999998
17 95 0.999998
17 96 0.999998
17 97 0.999995
17 98 0.999999
17 99 0.999979
18 0 0.999993
18 1 0.999996
18 2 0.999998
18 3 0.999999
18 4 0.999994
18 5 0.999997
18 6 0.999998
18 7 0.999997
18 8 0.999981
18 9 0.999996
18 10 0.999992
18 11 0.999998
18 12 0.999997
18 13 0.999992
18 14 0.999855
18 15 0.999998
18 16 0.999999
18 17 0.999991
18 18 0.000000
18 19 0.999997
18 20 0.999997
18 21 0.999983
18 22 0.999977
18 23 0.999996
18 24 0.999996
18 25 0.005177
18 26 0.999994
18 27 0.999992
18 28 0.999997
18 29 0.999959
18 30 0.000372
18 31 0.999874
18 32 0.999980
18 33 0.999998
18 34 0.999996
18 35 0.000372
18 36 0.999998
18 37 0.999994
18 38 0.002681
18 39 0.001168
18 40 0.999998
18 41 0.999993
18 42 0.999998
18 43 0.999881
18 44 0.999995
18 45 0.999989
18 46 0.999998
18 47 0.999997
18 48 0.002681
18 49 0.999995
18 50 0.999998
18 51 0.999994
18 52 0.999997
18 53 0.999996
18 54 0.999983
18 55 0.005177
18 56 0.999998
18 57 0.999996
18 58 0.999998
18 59 0.999998
18 60 0.999922
18 61 0.999998
18 62 0.999998
18 63 0.999998
18 64 0.999982
18 65 0.999997
18 66 0.999998
18 67 0.999981
18 68 0.999996
18 69 0.994732
18 70 0.999987
18 71 0.999997
18 72 0.999998
18 73 0.999997
18 74 0.999917
18 75 0.999855
18 76 0.982569
18 77 0.999998
18 78 0.999997
18 79 0.999996
18 80 0.999998
18 81 0.999997
18 82 0.999995
18 83 0.999994
18 84 0.443906
18 85 0.999984
18 86 0.001279
18 87 0.999998
18 88 0.973967
18 89 0.999997
18 90 0.002681
18 91 0.999996
18 92 0.093360
18 93 0.999997
18 94 0.999999
18 95 0.999971
18 96 0.999999
18 97 0.999998
18 98 0.999994
18 99 0.999998
19 0 0.042353
19 1 0.999999
19 2 0.003622
19 3 0.069412
19 4 0.999999
19 5 0.999997
19 6 0.999998
19 7 0.999997
19 8 0.999997
19 9 0.999998
19 10 0.526399
19 11 0.999998
19 12 0.999932
19 13 0.999998
19 14 0.999994
19 15 0.999917
19 16 0.999998
19 17 0.999903
19 18 0.999997
19 19 0.000000
19 20 0.999017
19 21 0.999997
19 22 0.006763
19 23 0.999985
19 24 0.999997
19 25 0.999989
19 26 0.999998
19 27 0.999999
19 28 0.999997
19 29 0.999988
19 30 0.997624
19 31 0.999990
19 32 0.999999
19 33 0.999982
19 34 0.999218
19 35 0.999996
19 36 0.006763
19 37 0.999998
19 38 0.999996
19 39 0.999997
19 40 0.999998
19 41 0.999997
19 42 0.999997
19 43 0.999996
19 44 0.999998
19 45 0.001168
19 46 0.999998
19 47 0.999998
19 48 0.999999
19 49 0.999995
19 50 0.007159
19 51 0.999998
19 52 0.999997
19 53 0.999999
19 54 0.999996
19 55 0.999998
19 56 0.999998
19 57 0.999999
19 58 0.999955
19 59 0.999997
19 60 0.999998
19 61 0.999997
19 62 0.999961
19 63 0.999998
19 64 0.999990
19 65 0.999997
19 66 0.911451
19 67 0.999997
19 68 0.999997
19 69 0.999995
19 70 0.999997
19 71 0.999996
19 72 0.999998
19 73 0.999998
19 74 0.005177
19 75 0.999938
19 76 0.006763
19 77 0.999413
19 78 0.011782
19 79 0.999998
19 80 0.453650
19 81 0.999996
19 82 0.999882
19 83 0.999992
19 84 0.019299
19 85 0.999405
19 86 0.999988
19 87 0.999998
19 88 0.999990
19 89 0.999998
19 90 0.999997
19 91 0.999997
19 92 0.999998
19 93 0.999998
19 94 0.005177
19 95 0.999999
19 96 0.006763
19 97 0.477022
19 98 0.999998
19 99 0.999981
20 0 0.999998
20 1 0.984666
20 2 0.999991
20 3 0.999997
20 4 0.999994
20 5 0.999999
20 6 0.999998
20 7 0.999666
20 8 0.008170
20 9 0.999998
20 10 0.999999
20 11 0.999994
20 12 0.004480
20 13 0.999984
20 14 0.999996
20 15 0.999997
20 16 0.002681
20 17 0.999983
20 18 0.999997
20 19 0.999017
20 20 0.000000
20 21 0.999833
20 22 0.000372
20 23 0.999985
20 24 0.999998
20 25 0.999998
20 26 0.999999
20 27 0.001279
20 28 0.999998
20 29 0.999998
20 30 0.999998
20 31 0.999992
20 32 0.999995
20 33 0.999997
20 34 0.999997
20 35 0.999998
20 36 0.999998
20 37 0.999998
20 38 0.999999
20 39 0.998143
20 40 0.999992
20 41 0.999989
20 42 0.014763
20 43 0.999893
20 44 0.060180
20 45 0.999999
20 46 0.999990
20 47 0.011782
20 48 0.999205
20 49 0.008716
20 50 0.999998
20 51 0.999613
20 52 0.999998
20 53 0.999998
20 54 0.999999
20 55 0.019299
20 56 0.999998
20 57 0.999994
20 58 0.004818
20 59 0.999999
20 60 0.999992
20 61 0.135230
20 62 0.999999
20 63 0.999997
20 64 0.028526
20 65 0.999987
20 66 0.999997
20 67 0.998350
20 68 0.999997
20 69 0.999991
20 70 0.999999
20 71 0.108547
20 72 0.999998
20 73 0.999994
20 74 0.014763
20 75 0.999978
20 76 0.999998
20 77 0.999998
20 78 0.961126
20 79 0.999998
20 80 0.005177
20 81 0.999991
20 82 0.999999
20 83 0.999999
20 84 0.997216
20 85 0.997800
20 86 0.999985
20 87 0.999998
20 88 0.999875
20 89 0.999997
20 90 0.000814
20 91 0.035762
20 92 0.999998
20 93 0.999995
20 94 0.003622
20 95 0.999995
20 96 0.999993
20 97 0.999954
20 98 0.019299
20 99 0.999998
21 0 0.999999
21 1 0.999987
21 2 0.999998
21 3 0.606413
21 4 0.999998
21 5 0.998997
21 6 0.999997
21 7 0.005177
21 8 0.999997
21 9 0.999999
21 10 0.999984
21 11 0.999998
21 12 0.999997
21 13 0.999980
21 14 0.035762
21 15 0.999999
21 16 0.999997
21 17 0.956951
21 18 0.999983
21 19 0.999997
21 20 0.999833
21 21 0.000000
21 22 0.999998
21 23 0.999997
21 24 0.999997
21 25 0.999996
21 26 0.999999
21 27 0.999982
21 28 0.999981
21 29 0.999996
21 30 0.999958
21 31 0.999998
21 32 0.999998
21 33 0.999988
21 34 0.001279
21 35 0.999997
21 36 0.051779
21 37 0.999996
21 38 0.999999
21 39 0.197053
21 40 0.999988
21 41 0.999998
21 42 0.999839
21 43 0.999999
21 44 0.999997
21 45 0.999996
21 46 0.999998
21 47 0.999940
21 48 0.999995
21 49 0.996573
21 50 0.999999
21 51 0.999998
21 52 0.999997
21 53 0.999944
21 54 0.999947
21 55 0.999996
21 56 0.227550
21 57 0.999977
21 58 0.999998
21 59 0.999971
21 60 0.999999
21 61 0.999998
21 62 0.999998
21 63 0.999998
21 64 0.999997
21 65 0.999997
21 66 0.999998
21 67 0.999998
21 68 0.999286
21 69 0.999998
21 70 0.999915
21 71 0.999997
21 72 0.003622
21 73 0.999997
21 74 0.999996
21 75 0.005177
21 76 0.001279
21 77 0.999998
21 78 0.999998
21 79 0.000372
21 80 0.999997
21 81 0.999935
21 82 0.999994
21 83 0.006763
21 84 0.999997
21 85 0.999996
21 86 0.999998
21 87 0.999991
21 88 0.999993
21 89 0.999985
21 90 0.999998
21 91 0.028526
21 92 0.999998
21 93 0.999998
21 94 0.002681
21 95 0.999876
21 96 0.999997
21 97 0.998779
21 98 0.999998
21 99 0.999999
22 0 0.999999
22 1 0.565302
22 2 0.999998
22 3 0.998597
22 4 0.999973
22 5 0.999998
22 6 0.999996
22 7 0.855165
22 8 0.999993
22 9 0.999957
22 10 0.019299
22 11 0.999998
22 12 0.999997
22 13 0.999994
22 14 0.999994
22 15 0.999994
22 16 0.999917
22 17 0.999997
22 18 0.999977
22 19 0.006763
22 20 0.000372
22 21 0.999998
22 22 0.000000
22 23 0.999987
22 24 0.071949
22 25 0.999997
22 26 0.999998
22 27 0.999172
22 28 0.038830
22 29 0.051779
22 30 0.999998
22 31 0.999996
22 32 0.999996
22 33 0.999995
22 34 0.999980
22 35 0.005177
22 36 0.999999
22 37 0.098987
22 38 0.999998
22 39 0.002681
22 40 0.992109
22 41 0.999998
22 42 0.999998
22 43 0.999999
22 44 0.999996
22 45 0.999998
22 46 0.999999
22 47 0.999992
22 48 0.999996
22 49 0.999237
22 50 0.999996
22 51 0.999997
22 52 0.999998
22 53 0.999997
22 54 0.999994
22 55 0.999998
22 56 0.999998
22 57 0.999998
22 58 0.999994
22 59 0.999997
22 60 0.999999
22 61 0.999997
22 62 0.018287
22 63 0.011782
22 64 0.998532
22 65 0.386901
22 66 0.999998
22 67 0.999998
22 68 0.999980
22 69 0.999993
22 70 0.999980
22 71 0.999960
22 72 0.999999
22 73 0.999998
22 74 0.999997
22 75 0.006763
22 76 0.999993
22 77 0.999995
22 78 0.999991
22 79 0.999999
22 80 0.999998
22 81 0.999998
22 82 0.999998
22 83 0.999995
22 84 0.305549
22 85 0.999998
22 86 0.999997
22 87 0.005177
22 88 0.999961
22 89 0.999998
22 90 0.999994
22 91 0.999997
22 92 0.993914
22 93 0.999996
22 94 0.999997
22 95 0.999998
22 96 0.999998
22 97 0.999996
22 98 0.999998
22 99 0.999998
23 0 0.999998
23 1 0.999998
23 2 0.999890
23 3 0.999998
23 4 0.002681
23 5 0.999998
23 6 0.999989
23 7 0.999998
23 8 0.999999
23 9 0.999999
23 10 0.999997
23 11 0.999999
23 12 0.999777
23 13 0.999998
23 14 0.999998
23 15 0.999996
23 16 0.999999
23 17 0.999998
23 18 0.999996
23 19 0.999985
23 20 0.999985
23 21 0.999997
23 22 0.999987
23 23 0.000000
23 24 0.035762
23 25 0.999991
23 26 0.999994
23 27 0.999999
23 28 0.999996
23 29 0.999994
23 30 0.999996
23 31 0.999997
23 32 0.999997
23 33 0.999998
23 34 0.999999
23 35 0.999998
23 36 0.999998
23 37 0.999998
23 38 0.006763
23 39 0.999963
23 40 0.999999
23 41 0.005177
23 42 0.999990
23 43 0.985986
23 44 0.001279
23 45 0.999988
23 46 0.004818
23 47 0.999997
23 48 0.131589
23 49 0.999996
23 50 0.477022
23 51 0.999990
23 52 0.999997
23 53 0.999998
23 54 0.999997
23 55 0.999995
23 56 0.001279
23 57 0.014763
23 58 0.999999
23 59 0.000139
23 60 0.999997
23 61 0.999995
23 62 0.205798
23 63 0.999998
23 64 0.999977
23 65 0.999998
23 66 0.999992
23 67 0.999996
23 68 0.999997
23 69 0.999998
23 70 0.991007
23 71 0.999987
23 72 0.001794
23 73 0.999998
23 74 0.999995
23 75 0.999952
23 76 0.999999
23 77 0.999931
23 78 0.011782
23 79 0.999998
23 80 0.002681
23 81 0.999997
23 82 0.655709
23 83 0.999997
23 84 0.999999
23 85 0.999993
23 86 0.999977
23 87 0.999998
23 88 0.999990
23 89 0.999990
23 90 0.999859
23 91 0.998811
23 92 0.999997
23 93 0.590401
23 94 0.999997
23 95 0.999999
23 96 0.999898
23 97 0.999991
23 98 0.999994
23 99 0.999998
24 0 0.999997
24 1 0.999998
24 2 0.999998
24 3 0.999998
24 4 0.999997
24 5 0.999999
24 6 0.999991
24 7 0.999980
24 8 0.999998
24 9 0.999955
24 10 0.999997
24 11 0.999998
24 12 0.002681
24 13 0.999994
24 14 0.999024
24 15 0.999996
24 16 0.999999
24 17 0.999996
24 18 0.999996
24 19 0.999997
24 20 0.999998
24 21 0.999997
24 22 0.071949
24 23 0.035762
24 24 0.000000
24 25 0.999997
24 26 0.999998
24 27 0.999996
24 28 0.998070
24 29 0.999997
24 30 0.999967
24 31 0.022408
24 32 0.999998
24 33 0.999999
24 34 0.999975
24 35 0.011782
24 36 0.999992
24 37 0.999999
24 38 0.999998
24 39 0.999997
24 40 0.999997
24 41 0.005177
24 42 0.906941
24 43 0.999988
24 44 0.999998
24 45 0.999999
24 46 0.999991
24 47 0.999970
24 48 0.999999
24 49 0.999998
24 50 0.999993
24 51 0.999998
24 52 0.023583
24 53 0.011782
24 54 0.999996
24 55 0.005177
24 56 0.999997
24 57 0.002681
24 58 0.999998
24 59 0.011782
24 60 0.999998
24 61 0.999998
24 62 0.999998
24 63 0.999997
24 64 0.999996
24 65 0.998955
24 66 0.999998
24 67 0.999993
24 68 0.999998
24 69 0.019299
24 70 0.999993
24 71 0.999992
24 72 0.300646
24 73 0.999998
24 74 0.999998
24 75 0.002681
24 76 0.023583
24 77 0.145864
24 78 0.999997
24 79 0.999995
24 80 0.999998
24 81 0.999998
24 82 0.986358
24 83 0.999998
24 84 0.999957
24 85 0.999999
24 86 0.999992
24 87 0.006317
24 88 0.999999
24 89 0.999998
24 90 0.999985
24 91 0.999995
24 92 0.999186
24 93 0.999987
24 94 0.999866
24 95 0.999998
24 96 0.999997
24 97 0.999997
24 98 0.999980
24 99 0.999998
25 0 0.999997
25 1 0.999994
25 2 0.999997
25 3 0.005177
25 4 0.001794
25 5 0.999999
25 6 0.999991
25 7 0.999998
25 8 0.999997
25 9 0.999994
25 10 0.999999
25 11 0.999999
25 12 0.999998
25 13 0.999997
25 14 0.999866
25 15 0.999997
25 16 0.999989
25 17 0.004161
25 18 0.005177
25 19 0.999989
25 20 0.999998
25 21 0.999996
25 22 0.999997
25 23 0.999991
25 24 0.999997
25 25 0.000000
25 26 0.999980
25 27 0.999998
25 28 0.999814
25 29 0.999982
25 30 0.236026
25 31 0.999994
25 32 0.999999
25 33 0.023583
25 34 0.999988
25 35 0.999947
25 36 0.005177
25 37 0.999993
25 38 0.999990
25 39 0.999997
25 40 0.022408
25 41 0.999996
25 42 0.999862
25 43 0.002097
25 44 0.060180
25 45 0.999997
25 46 0.992002
25 47 0.999997
25 48 0.999990
25 49 0.999998
25 50 0.999960
25 51 0.999990
25 52 0.999997
25 53 0.999998
25 54 0.999997
25 55 0.999998
25 56 0.999999
25 57 0.999998
25 58 0.999908
25 59 0.999669
25 60 0.999989
25 61 0.018287
25 62 0.999978
25 63 0.999999
25 64 0.999999
25 65 0.999992
25 66 0.028526
25 67 0.017316
25 68 0.003622
25 69 0.999997
25 70 0.999998
25 71 0.011090
25 72 0.999998
25 73 0.999994
25 74 0.666262
25 75 0.011782
25 76 0.999998
25 77 0.986541
25 78 0.999976
25 79 0.999998
25 80 0.999995
25 81 0.999998
25 82 0.999999
25 83 0.999997
25 84 0.999997
25 85 0.999998
25 86 0.999995
25 87 0.999997
25 88 0.999997
25 89 0.999997
25 90 0.999295
25 91 0.999687
25 92 0.999997
25 93 0.999985
25 94 0.999987
25 95 0.001279
25 96 0.999986
25 97 0.999999
25 98 0.999997
25 99 0.999997
26 0 0.999862
26 1 0.999997
26 2 0.999999
26 3 0.999991
26 4 0.999998
26 5 0.014763
26 6 0.011782
26 7 0.005177
26 8 0.999999
26 9 0.999969
26 10 0.996911
26 11 0.963140
26 12 0.999999
26 13 0.999999
26 14 0.999982
26 15 0.999954
26 16 0.006763
26 17 0.006763
26 18 0.999994
26 19 0.999998
26 20 0.999999
26 21 0.999999
26 22 0.999998
26 23 0.999994
26 24 0.999998
26 25 0.999980
26 26 0.000000
26 27 0.999947
26 28 0.999999
26 29 0.999999
26 30 0.168897
26 31 0.999996
26 32 0.999998
26 33 0.999998
26 34 0.999998
26 35 0.999998
26 36 0.999999
26 37 0.999992
26 38 0.999997
26 39 0.005177
26 40 0.999817
26 41 0.999999
26 42 0.999999
26 43 0.013938
26 44 0.999997
26 45 0.999997
26 46 0.002681
26 47 0.999998
26 48 0.008716
26 49 0.022408
26 50 0.005177
26 51 0.999848
26 52 0.999994
26 53 0.999999
26 54 0.999996
26 55 0.999998
26 56 0.999996
26 57 0.008716
26 58 0.999997
26 59 0.999998
26 60 0.029925
26 61 0.999984
26 62 0.999998
26 63 0.999998
26 64 0.047734
26 65 0.999991
26 66 0.999998
26 67 0.999999
26 68 0.999999
26 69 0.999997
26 70 0.999997
26 71 0.019299
26 72 0.999995
26 73 0.999998
26 74 0.999991
26 75 0.999997
26 76 0.014763
26 77 0.999992
26 78 0.999998
26 79 0.000372
26 80 0.999996
26 81 0.999479
26 82 0.000372
26 83 0.005177
26 84 0.999997
26 85 0.999978
26 86 0.999997
26 87 0.999818
26 88 0.999998
26 89 0.999998
26 90 0.999915
26 91 0.000139
26 92 0.999998
26 93 0.001168
26 94 0.999997
26 95 0.999998
26 96 0.999997
26 97 0.999982
26 98 0.999997
26 99 0.999983
27 0 0.035762
27 1 0.019299
27 2 0.996144
27 3 0.999997
27 4 0.999981
27 5 0.999754
27 6 0.999941
27 7 0.999997
27 8 0.999995
27 9 0.001794
27 10 0.999998
27 11 0.999998
27 12 0.999893
27 13 0.999993
27 14 0.999998
27 15 0.999999
27 16 0.999990
27 17 0.999997
27 18 0.999992
27 19 0.999999
27 20 0.001279
27 21 0.999982
27 22 0.999172
27 23 0.999999
27 24 0.999996
27 25 0.999998
27 26 0.999947
27 27 0.000000
27 28 0.999992
27 29 0.921911
27 30 0.999998
27 31 0.028526
27 32 0.999998
27 33 0.999998
27 34 0.999998
27 35 0.999977
27 36 0.999998
27 37 0.933698
27 38 0.999978
27 39 0.999998
27 40 0.999997
27 41 0.999996
27 42 0.999999
27 43 0.999999
27 44 0.019299
27 45 0.999996
27 46 0.999997
27 47 0.673535
27 48 0.999997
27 49 0.999998
27 50 0.999997
27 51 0.994076
