0 0 0.000000
0 1 0.971149
0 2 0.051779
0 3 0.999458
0 4 0.999023
0 5 0.999880
0 6 0.757621
0 7 0.434867
0 8 0.999485
0 9 0.268234
0 10 0.911627
0 11 0.071949
0 12 0.999756
0 13 0.552765
0 14 0.954189
0 15 0.994155
0 16 0.495294
0 17 0.987725
0 18 0.928576
0 19 0.999995
0 20 0.996533
0 21 0.997944
0 22 0.883941
0 23 0.999314
0 24 0.999995
0 25 0.905921
0 26 0.994526
0 27 0.987725
0 28 0.986202
0 29 0.690668
0 30 0.943131
0 31 0.768376
0 32 0.644918
0 33 0.999657
0 34 0.979374
0 35 0.894801
0 36 0.985469
0 37 0.999990
0 38 0.477022
0 39 0.172989
0 40 0.838911
0 41 0.995133
0 42 0.172989
0 43 0.999228
0 44 0.999794
0 45 0.999807
0 46 0.999725
0 47 0.019299
0 48 0.189109
0 49 0.949286
0 50 0.019299
0 51 0.921048
0 52 0.899866
0 53 0.982569
0 54 0.982569
0 55 0.870414
0 56 0.959174
0 57 0.071949
0 58 0.011782
0 59 0.996532
0 60 0.019299
0 61 0.791203
0 62 0.690668
0 63 0.060180
0 64 0.791202
0 65 0.108547
0 66 0.999936
0 67 0.029925
0 68 0.853624
0 69 0.999413
0 70 0.999957
0 71 0.995892
0 72 0.999512
0 73 0.882454
0 74 0.921048
0 75 0.939390
0 76 0.019299
0 77 0.949286
0 78 0.991800
0 79 0.172989
0 80 0.954792
0 81 0.838911
0 82 0.967602
0 83 0.082237
0 84 0.641070
0 85 0.987725
0 86 0.999990
0 87 0.227550
0 88 0.019299
0 89 0.999421
0 90 0.535509
0 91 0.172989
0 92 0.999771
0 93 0.889496
0 94 0.905921
0 95 0.996917
0 96 0.987073
0 97 0.000372
0 98 0.172989
0 99 0.019299
1 0 0.971149
1 1 0.000000
1 2 0.989082
1 3 0.096388
1 4 0.999132
1 5 0.894801
1 6 0.999897
1 7 0.019299
1 8 0.989082
1 9 0.990780
1 10 0.999132
1 11 0.999771
1 12 0.997804
1 13 0.994155
1 14 0.997433
1 15 0.172989
1 16 0.019299
1 17 0.999657
1 18 0.415919
1 19 0.945939
1 20 0.876570
1 21 0.999936
1 22 0.855444
1 23 0.921048
1 24 0.168897
1 25 0.138922
1 26 0.999314
1 27 0.973967
1 28 0.998781
1 29 0.957037
1 30 0.999957
1 31 0.415919
1 32 0.121504
1 33 0.999421
1 34 0.943131
1 35 0.998172
1 36 0.372722
1 37 0.096388
1 38 0.999919
1 39 0.348574
1 40 0.138922
1 41 0.029925
1 42 0.495294
1 43 0.901145
1 44 0.979374
1 45 0.999229
1 46 0.997073
1 47 0.999797
1 48 0.329464
1 49 0.227550
1 50 0.993516
1 51 0.996100
1 52 0.659444
1 53 0.987073
1 54 0.305549
1 55 0.989633
1 56 0.626001
1 57 0.189109
1 58 0.626001
1 59 0.995672
1 60 0.023583
1 61 0.984698
1 62 0.994873
1 63 0.999993
1 64 0.051779
1 65 0.999187
1 66 0.820692
1 67 0.082237
1 68 0.472230
1 69 0.999855
1 70 0.975602
1 71 0.999855
1 72 0.870414
1 73 0.984698
1 74 0.996100
1 75 0.168897
1 76 0.969222
1 77 0.997259
1 78 0.994155
1 79 0.495294
1 80 0.999783
1 81 0.029925
1 82 0.477022
1 83 0.993077
1 84 0.942378
1 85 0.967602
1 86 0.002681
1 87 0.957038
1 88 0.999695
1 89 0.997687
1 90 0.831064
1 91 0.998265
1 92 0.838911
1 93 0.967602
1 94 0.348574
1 95 0.391878
1 96 0.943131
1 97 0.870414
1 98 0.138922
1 99 0.999711
2 0 0.051779
2 1 0.989082
2 2 0.000000
2 3 0.999614
2 4 0.992708
2 5 0.415919
2 6 0.703771
2 7 0.982801
2 8 0.998048
2 9 0.990780
2 10 0.999980
2 11 0.985469
2 12 0.994526
2 13 0.495294
2 14 0.976826
2 15 0.993077
2 16 0.981645
2 17 0.992609
2 18 0.940181
2 19 0.943131
2 20 0.268234
2 21 0.986202
2 22 0.999986
2 23 0.999614
2 24 0.945939
2 25 0.391878
2 26 0.915920
2 27 0.951798
2 28 0.899866
2 29 0.999807
2 30 0.999711
2 31 0.051779
2 32 0.901145
2 33 0.978283
2 34 0.999924
2 35 0.999132
2 36 0.071949
2 37 0.993077
2 38 0.982569
2 39 0.959712
2 40 0.979374
2 41 0.974313
2 42 1.000000
2 43 0.434867
2 44 0.121504
2 45 0.998971
2 46 0.994803
2 47 0.999997
2 48 0.999995
2 49 0.999994
2 50 0.071949
2 51 0.096388
2 52 0.268234
2 53 0.690668
2 54 0.997563
2 55 0.991363
2 56 0.999314
2 57 0.999657
2 58 0.993516
2 59 0.901145
2 60 0.999382
2 61 0.997687
2 62 0.245316
2 63 0.172989
2 64 0.415919
2 65 0.999914
2 66 0.172989
2 67 0.812062
2 68 0.999614
2 69 0.051779
2 70 0.999987
2 71 0.992708
2 72 0.976826
2 73 0.969222
2 74 0.999952
2 75 0.999999
2 76 0.999421
2 77 0.997944
2 78 0.998629
2 79 0.846427
2 80 0.998172
2 81 0.974313
2 82 0.999729
2 83 0.996347
2 84 0.928576
2 85 0.372722
2 86 0.999314
2 87 0.029925
2 88 0.610510
2 89 0.477022
2 90 0.999993
2 91 0.992215
2 92 0.997834
2 93 0.999314
2 94 0.999919
2 95 0.999971
2 96 0.998629
2 97 0.969629
2 98 0.731785
2 99 0.997259
3 0 0.999458
3 1 0.096388
3 2 0.999614
3 3 0.000000
3 4 0.999783
3 5 0.999919
3 6 0.911627
3 7 0.999314
3 8 0.415919
3 9 0.936253
3 10 0.035762
3 11 0.011782
3 12 0.911627
3 13 0.989772
3 14 0.999756
3 15 0.999421
3 16 0.999996
3 17 0.995133
3 18 0.999855
3 19 0.082237
3 20 0.138922
3 21 0.673535
3 22 0.999952
3 23 0.227550
3 24 0.999756
3 25 0.969222
3 26 0.998536
3 27 0.988345
3 28 0.997433
3 29 0.999132
3 30 0.138922
3 31 0.980672
3 32 0.029925
3 33 0.998781
3 34 0.719662
3 35 0.999996
3 36 0.172989
3 37 0.978283
3 38 0.951799
3 39 0.996917
3 40 0.959712
3 41 0.987725
3 42 0.082237
3 43 0.980672
3 44 0.967602
3 45 0.781351
3 46 0.967602
3 47 0.995892
3 48 0.999037
3 49 0.999973
3 50 0.876570
3 51 0.999421
3 52 0.019299
3 53 0.942378
3 54 0.889496
3 55 0.999783
3 56 0.999992
3 57 0.999314
3 58 0.901145
3 59 0.071949
3 60 0.800669
3 61 0.990780
3 62 0.029925
3 63 0.999543
3 64 0.999743
3 65 0.153568
3 66 0.905921
3 67 0.995133
3 68 0.996532
3 69 0.644918
3 70 0.029925
3 71 0.965899
3 72 0.995613
3 73 0.984491
3 74 0.329464
3 75 0.899864
3 76 0.959173
3 77 0.999187
3 78 1.000000
3 79 0.999952
3 80 0.838911
3 81 0.932077
3 82 0.986202
3 83 0.071949
3 84 0.982801
3 85 0.096388
3 86 0.999914
3 87 0.999999
3 88 0.999962
3 89 0.999390
3 90 0.820692
3 91 0.999886
3 92 0.996297
3 93 0.957038
3 94 0.994526
3 95 0.989082
3 96 0.019299
3 97 0.928576
3 98 0.999711
3 99 0.888076
4 0 0.999023
4 1 0.999132
4 2 0.992708
4 3 0.999783
4 4 0.000000
4 5 0.999829
4 6 0.992708
4 7 0.996917
4 8 0.996753
4 9 0.905921
4 10 0.998698
4 11 0.862254
4 12 0.928576
4 13 0.434867
4 14 0.716439
4 15 0.986202
4 16 0.999817
4 17 0.974313
4 18 0.138922
4 19 0.172989
4 20 0.905921
4 21 0.998843
4 22 0.743482
4 23 0.995613
4 24 0.557193
4 25 0.011782
4 26 0.876570
4 27 0.990780
4 28 0.999614
4 29 0.998375
4 30 0.997944
4 31 0.153568
4 32 0.690668
4 33 0.980672
4 34 0.949286
4 35 0.999972
4 36 0.894801
4 37 0.690668
4 38 0.945939
4 39 0.415919
4 40 0.999910
4 41 0.743482
4 42 0.997563
4 43 0.998536
4 44 0.989082
4 45 0.999999
4 46 0.999994
4 47 0.641070
4 48 0.993077
4 49 0.999657
4 50 0.719662
4 51 0.093360
4 52 0.999695
4 53 0.998971
4 54 0.453650
4 55 0.990289
4 56 0.991800
4 57 0.998698
4 58 0.999968
4 59 0.999946
4 60 0.138922
4 61 0.999783
4 62 0.999756
4 63 0.019299
4 64 0.977134
4 65 0.245316
4 66 0.999998
4 67 0.963627
4 68 0.622014
4 69 0.999943
4 70 0.029925
4 71 0.019299
4 72 0.029925
4 73 0.981645
4 74 0.310464
4 75 0.329464
4 76 0.998172
4 77 0.029925
4 78 0.943131
4 79 0.999794
4 80 1.000000
4 81 0.999421
4 82 0.996533
4 83 0.005177
4 84 0.172989
4 85 0.995613
4 86 0.172989
4 87 0.626001
4 88 0.997433
4 89 0.838911
4 90 0.997074
4 91 0.990780
4 92 0.060180
4 93 0.939390
4 94 0.998265
4 95 0.980672
4 96 0.971149
4 97 0.997113
4 98 0.999695
4 99 0.995613
5 0 0.999880
5 1 0.894801
5 2 0.415919
5 3 0.999919
5 4 0.999829
5 5 0.000000
5 6 0.690668
5 7 0.951798
5 8 0.999543
5 9 0.999829
5 10 0.993844
5 11 0.998265
5 12 0.035762
5 13 0.883941
5 14 0.928576
5 15 0.096388
5 16 0.997222
5 17 0.999675
5 18 0.998457
5 19 0.093360
5 20 0.391878
5 21 0.996152
5 22 0.954792
5 23 0.286770
5 24 0.972594
5 25 0.477022
5 26 0.995379
5 27 0.978283
5 28 0.996917
5 29 0.029925
5 30 0.954792
5 31 0.993844
5 32 0.517913
5 33 0.644918
5 34 0.029925
5 35 0.972594
5 36 0.889496
5 37 0.184861
5 38 0.949286
5 39 0.477022
5 40 0.138922
5 41 0.999837
5 42 0.005177
5 43 0.978283
5 44 0.855444
5 45 0.997398
5 46 0.820692
5 47 0.005177
5 48 0.998536
5 49 0.415919
5 50 0.942378
5 51 0.999826
5 52 0.998698
5 53 0.995672
5 54 0.286770
5 55 0.138922
5 56 0.096388
5 57 0.096388
5 58 0.286770
5 59 0.999422
5 60 0.905921
5 61 0.975602
5 62 0.932076
5 63 0.051779
5 64 0.005177
5 65 0.573990
5 66 0.977135
5 67 0.791203
5 68 0.980672
5 69 0.153568
5 70 0.999966
5 71 0.035762
5 72 0.999914
5 73 0.495294
5 74 0.659444
5 75 0.992708
5 76 0.690668
5 77 0.981645
5 78 0.928576
5 79 0.768376
5 80 0.991246
5 81 0.138922
5 82 0.768376
5 83 0.992215
5 84 0.434867
5 85 0.138922
5 86 0.997804
5 87 0.082237
5 88 0.999228
5 89 0.005177
5 90 0.991363
5 91 0.168897
5 92 0.982569
5 93 0.029925
5 94 0.189109
5 95 0.989633
5 96 0.227550
5 97 0.641070
5 98 0.999992
5 99 0.997944
6 0 0.757621
6 1 0.999897
6 2 0.703771
6 3 0.911627
6 4 0.992708
6 5 0.690668
6 6 0.000000
6 7 0.969222
6 8 0.998843
6 9 0.189109
6 10 0.205798
6 11 0.999512
6 12 0.972958
6 13 0.995133
6 14 0.997259
6 15 0.659444
6 16 0.998457
6 17 0.963627
6 18 0.703771
6 19 0.997398
6 20 0.999807
6 21 0.329464
6 22 0.959174
6 23 0.965899
6 24 0.999987
6 25 0.999973
6 26 0.495294
6 27 0.035762
6 28 0.999072
6 29 0.189109
6 30 0.999695
6 31 0.971149
6 32 0.995379
6 33 0.108547
6 34 0.998843
6 35 0.820692
6 36 0.029925
6 37 0.757621
6 38 0.372722
6 39 0.999965
6 40 0.969222
6 41 0.995892
6 42 0.999936
6 43 0.006763
6 44 0.924902
6 45 0.983668
6 46 0.996753
6 47 0.429954
6 48 0.999914
6 49 0.999855
6 50 0.731785
6 51 0.991800
6 52 0.071949
6 53 0.005177
6 54 0.997259
6 55 0.997073
6 56 0.988501
6 57 0.993515
6 58 0.019299
6 59 0.138922
6 60 0.951799
6 61 0.921048
6 62 0.999968
6 63 0.959174
6 64 0.989082
6 65 0.227550
6 66 0.060180
6 67 0.965441
6 68 0.108547
6 69 0.999973
6 70 0.995892
6 71 0.999314
6 72 0.029925
6 73 0.999817
6 74 0.517913
6 75 0.999971
6 76 0.019299
6 77 0.870414
6 78 0.980672
6 79 0.967602
6 80 0.999964
6 81 0.999977
6 82 0.999743
6 83 0.999771
6 84 0.557193
6 85 0.999994
6 86 0.029925
6 87 0.972594
6 88 0.138922
6 89 0.153568
6 90 0.245316
6 91 0.989633
6 92 0.410971
6 93 0.023583
6 94 0.846427
6 95 0.644918
6 96 0.245316
6 97 0.998781
6 98 0.978283
6 99 0.029925
7 0 0.434867
7 1 0.019299
7 2 0.982801
7 3 0.999314
7 4 0.996917
7 5 0.951798
7 6 0.969222
7 7 0.000000
7 8 0.999268
7 9 0.984490
7 10 0.999566
7 11 0.995892
7 12 0.999981
7 13 0.994526
7 14 0.983668
7 15 0.948613
7 16 0.029925
7 17 0.096388
7 18 0.905921
7 19 0.969222
7 20 0.999543
7 21 0.951799
7 22 0.096388
7 23 0.999807
7 24 0.954792
7 25 0.993077
7 26 0.999518
7 27 0.997398
7 28 0.121504
7 29 0.915921
7 30 0.138922
7 31 0.999771
7 32 0.949286
7 33 0.995066
7 34 0.981645
7 35 0.957037
7 36 0.999674
7 37 0.011782
7 38 0.005177
7 39 0.071949
7 40 0.957037
7 41 0.997398
7 42 0.993077
7 43 0.954189
7 44 0.051779
7 45 0.992708
7 46 0.989082
7 47 0.985469
7 48 0.998457
7 49 0.999981
7 50 0.997944
7 51 0.999657
7 52 0.998971
7 53 0.286770
7 54 0.945939
7 55 0.023583
7 56 0.999132
7 57 0.434867
7 58 0.002681
7 59 0.999837
7 60 0.029925
7 61 0.977134
7 62 0.268234
7 63 0.999512
7 64 0.999981
7 65 0.994526
7 66 0.372722
7 67 0.573990
7 68 0.995836
7 69 0.999086
7 70 0.138922
7 71 0.980412
7 72 0.998265
7 73 0.977134
7 74 0.517913
7 75 0.920015
7 76 0.994156
7 77 0.997398
7 78 0.590401
7 79 0.995133
7 80 0.999871
7 81 0.999421
7 82 0.019299
7 83 0.999314
7 84 0.517913
7 85 0.800669
7 86 0.986202
7 87 0.035762
7 88 0.590401
7 89 0.991363
7 90 0.108547
7 91 0.996532
7 92 0.999086
7 93 0.051779
7 94 0.999807
7 95 0.998536
7 96 0.967602
7 97 0.227550
7 98 0.959174
7 99 0.367737
8 0 0.999485
8 1 0.989082
8 2 0.998048
8 3 0.415919
8 4 0.996753
8 5 0.999543
8 6 0.998843
8 7 0.999268
8 8 0.000000
8 9 0.984698
8 10 0.998781
8 11 0.172989
8 12 0.999725
8 13 0.853624
8 14 0.855444
8 15 0.999807
8 16 0.227550
8 17 0.108547
8 18 0.831065
8 19 0.838911
8 20 0.703771
8 21 0.965441
8 22 0.999132
8 23 0.977135
8 24 0.019299
8 25 0.961718
8 26 0.992319
8 27 0.999024
8 28 0.990655
8 29 0.051779
8 30 0.889496
8 31 0.138922
8 32 0.999939
8 33 0.005177
8 34 0.998457
8 35 0.999086
8 36 0.993844
8 37 0.985469
8 38 0.876571
8 39 0.991246
8 40 0.992215
8 41 0.996917
8 42 0.995133
8 43 0.987725
8 44 0.999695
8 45 0.999543
8 46 0.415919
8 47 0.999695
8 48 0.901145
8 49 0.999543
8 50 0.979374
8 51 0.138922
8 52 0.573990
8 53 0.495294
8 54 0.974313
8 55 0.975602
8 56 0.999421
8 57 0.434867
8 58 0.997073
8 59 0.999695
8 60 0.994803
8 61 0.999886
8 62 0.961207
8 63 0.051779
8 64 0.071949
8 65 0.999695
8 66 0.060180
8 67 0.994155
8 68 0.999871
8 69 0.659444
8 70 0.029925
8 71 0.923918
8 72 0.391878
8 73 0.999984
8 74 0.963626
8 75 0.999904
8 76 0.999674
8 77 0.011782
8 78 0.096388
8 79 0.998698
8 80 0.998172
8 81 0.029925
8 82 0.999543
8 83 0.071949
8 84 0.999132
8 85 0.928576
8 86 0.999855
8 87 0.659444
8 88 0.996753
8 89 0.999924
8 90 0.263461
8 91 0.011782
8 92 0.019299
8 93 0.019299
8 94 0.999979
8 95 0.743482
8 96 0.999992
8 97 0.993844
8 98 0.999946
8 99 0.995133
9 0 0.268234
9 1 0.990780
9 2 0.990780
9 3 0.936253
9 4 0.905921
9 5 0.999829
9 6 0.189109
9 7 0.984490
9 8 0.984698
9 9 0.000000
9 10 0.924903
9 11 0.993077
9 12 0.982569
9 13 0.029925
9 14 0.999919
9 15 0.936253
9 16 0.731785
9 17 0.870414
9 18 0.999837
9 19 0.999957
9 20 0.245316
9 21 0.998781
9 22 0.975602
9 23 0.889496
9 24 0.972593
9 25 0.172989
9 26 0.940181
9 27 0.477022
9 28 0.987725
9 29 0.999657
9 30 0.995892
9 31 0.992708
9 32 0.999037
9 33 0.943131
9 34 0.959174
9 35 0.029925
9 36 0.011782
9 37 0.690668
9 38 0.999614
9 39 0.557193
9 40 0.999512
9 41 0.997687
9 42 0.719662
9 43 0.999952
9 44 0.971149
9 45 0.138922
9 46 0.019299
9 47 0.996917
9 48 0.999486
9 49 0.855444
9 50 0.999674
9 51 0.029925
9 52 0.999566
9 53 0.172989
9 54 0.997398
9 55 0.995133
9 56 0.951799
9 57 0.995613
9 58 0.998172
9 59 0.974313
9 60 0.999979
9 61 0.876570
9 62 0.999486
9 63 0.768375
9 64 0.915921
9 65 0.019299
9 66 0.911627
9 67 0.959174
9 68 0.071949
9 69 0.999976
9 70 0.910477
9 71 0.995672
9 72 0.974313
9 73 0.999695
9 74 0.121504
9 75 0.999968
9 76 0.268234
9 77 0.998457
9 78 0.998555
9 79 0.905921
9 80 0.999132
9 81 0.988501
9 82 0.965441
9 83 0.862254
9 84 0.975602
9 85 0.999964
9 86 0.989633
9 87 0.943131
9 88 0.999614
9 89 0.996347
9 90 0.999228
9 91 0.535510
9 92 0.992215
9 93 0.949286
9 94 0.153568
9 95 0.189109
9 96 0.990780
9 97 0.936254
9 98 0.939390
9 99 0.477022
10 0 0.911627
10 1 0.999132
10 2 0.999980
10 3 0.035762
10 4 0.998698
10 5 0.993844
10 6 0.205798
10 7 0.999566
10 8 0.998781
10 9 0.924903
10 10 0.000000
10 11 0.803068
10 12 0.980672
10 13 0.999855
10 14 0.999928
10 15 0.011782
10 16 0.517913
10 17 0.995133
10 18 0.005177
10 19 0.932077
10 20 0.975602
10 21 0.006763
10 22 0.999572
10 23 0.477022
10 24 0.923918
10 25 0.943131
10 26 0.703771
10 27 0.011782
10 28 0.372722
10 29 0.172989
10 30 0.552765
10 31 0.989633
10 32 0.989082
10 33 0.961718
10 34 0.961719
10 35 0.731785
10 36 0.999829
10 37 0.999037
10 38 0.984698
10 39 0.996917
10 40 0.999940
10 41 0.999807
10 42 0.716439
10 43 0.999992
10 44 0.882454
10 45 0.051779
10 46 0.999807
10 47 0.998457
10 48 0.410971
10 49 0.999807
10 50 0.535509
10 51 0.905921
10 52 0.954792
10 53 0.989082
10 54 0.999657
10 55 0.999910
10 56 0.019299
10 57 0.999086
10 58 0.963626
10 59 0.029925
10 60 0.993077
10 61 0.999968
10 62 0.985469
10 63 0.990289
10 64 0.983667
10 65 0.998781
10 66 0.023583
10 67 0.999942
10 68 0.924902
10 69 0.517913
10 70 0.855444
10 71 0.991800
10 72 0.838911
10 73 0.971149
10 74 0.999939
10 75 0.988345
10 76 0.135231
10 77 0.071949
10 78 0.928577
10 79 0.153568
10 80 0.227550
10 81 0.223000
10 82 0.998843
10 83 0.999991
10 84 0.071949
10 85 0.999995
10 86 0.988501
10 87 0.983668
10 88 0.915921
10 89 0.992215
10 90 0.626001
10 91 0.994526
10 92 0.999228
10 93 0.803068
10 94 0.983667
10 95 0.965440
10 96 0.963627
10 97 0.153568
10 98 0.999952
10 99 0.899866
11 0 0.071949
11 1 0.999771
11 2 0.985469
11 3 0.011782
11 4 0.862254
11 5 0.998265
11 6 0.999512
11 7 0.995892
11 8 0.172989
11 9 0.993077
11 10 0.803068
11 11 0.000000
11 12 0.995379
11 13 0.998916
11 14 0.940181
11 15 0.894801
11 16 0.071949
11 17 0.876571
11 18 0.998265
11 19 0.108547
11 20 0.997563
11 21 0.943131
11 22 0.939390
11 23 0.372722
11 24 0.029925
11 25 0.659444
11 26 0.029925
11 27 0.690668
11 28 0.989772
11 29 0.945939
11 30 0.949286
11 31 0.051779
11 32 0.999994
11 33 0.035762
11 34 0.791203
11 35 0.453649
11 36 0.999593
11 37 0.945939
11 38 0.019299
11 39 0.986202
11 40 0.999992
11 41 0.415919
11 42 0.997687
11 43 0.999695
11 44 0.992708
11 45 0.999928
11 46 0.936253
11 47 0.999829
11 48 0.990780
11 49 0.975602
11 50 0.998629
11 51 0.979374
11 52 0.974313
11 53 0.172989
11 54 0.999176
11 55 0.995379
11 56 0.999023
11 57 0.999862
11 58 0.994526
11 59 0.610510
11 60 0.286770
11 61 0.754758
11 62 0.999878
11 63 0.005177
11 64 0.971149
11 65 0.999228
11 66 0.051779
11 67 0.999807
11 68 0.071949
11 69 0.999743
11 70 0.791203
11 71 0.914827
11 72 0.975273
11 73 0.999904
11 74 0.855444
11 75 0.590401
11 76 0.905921
11 77 0.999086
11 78 0.999614
11 79 0.999674
11 80 0.071949
11 81 0.985469
11 82 0.138922
11 83 0.990780
11 84 0.781351
11 85 0.978283
11 86 0.988501
11 87 0.855444
11 88 0.969629
11 89 0.999657
11 90 0.051779
11 91 0.982569
11 92 0.999657
11 93 0.998265
11 94 0.329464
11 95 0.999349
11 96 0.980672
11 97 0.005177
11 98 0.754757
11 99 0.831065
12 0 0.999756
12 1 0.997804
12 2 0.994526
12 3 0.911627
12 4 0.928576
12 5 0.035762
12 6 0.972958
12 7 0.999981
12 8 0.999725
12 9 0.982569
12 10 0.980672
12 11 0.995379
12 12 0.000000
12 13 0.915921
12 14 0.999711
12 15 0.997687
12 16 0.999979
12 17 0.957038
12 18 0.999314
12 19 0.791202
12 20 0.995066
12 21 0.999512
12 22 0.831064
12 23 0.970761
12 24 0.005177
12 25 0.910477
12 26 0.998764
12 27 0.862254
12 28 0.172989
12 29 0.743482
12 30 0.172989
12 31 0.227550
12 32 0.999674
12 33 0.999864
12 34 1.000000
12 35 0.999451
12 36 0.999349
12 37 0.372722
12 38 0.981645
12 39 0.189109
12 40 0.999382
12 41 0.530966
12 42 0.998629
12 43 0.019299
12 44 0.975602
12 45 0.029925
12 46 0.108547
12 47 0.985469
12 48 0.999864
12 49 0.590401
12 50 0.999993
12 51 0.690668
12 52 0.998265
12 53 0.999390
12 54 0.268234
12 55 0.999998
12 56 0.915921
12 57 0.997834
12 58 0.019299
12 59 0.993077
12 60 0.019299
12 61 0.976826
12 62 0.071949
12 63 0.268234
12 64 0.982569
12 65 0.855444
12 66 0.051779
12 67 0.967602
12 68 0.995379
12 69 0.071949
12 70 0.992708
12 71 0.999986
12 72 0.999962
12 73 0.138922
12 74 0.051779
12 75 0.812062
12 76 0.517913
12 77 0.996532
12 78 0.731785
12 79 0.051779
12 80 0.096388
12 81 0.915921
12 82 0.082237
12 83 0.943131
12 84 0.071949
12 85 1.000000
12 86 0.984491
12 87 0.990780
12 88 0.999458
12 89 0.954189
12 90 0.997398
12 91 0.029925
12 92 0.005177
12 93 0.981645
12 94 0.071949
12 95 0.005177
12 96 0.005177
12 97 0.096388
12 98 0.996152
12 99 0.993844
13 0 0.552765
13 1 0.994155
13 2 0.495294
13 3 0.989772
13 4 0.434867
13 5 0.883941
13 6 0.995133
13 7 0.994526
13 8 0.853624
13 9 0.029925
13 10 0.999855
13 11 0.998916
13 12 0.915921
13 13 0.000000
13 14 0.999964
13 15 0.989082
13 16 0.896141
13 17 0.896140
13 18 0.994526
13 19 0.035762
13 20 0.071949
13 21 0.974313
13 22 0.993844
13 23 0.975602
13 24 0.999878
13 25 0.999132
13 26 0.121504
13 27 0.096388
13 28 0.855444
13 29 0.894800
13 30 0.999969
13 31 0.391878
13 32 0.997686
13 33 0.999962
13 34 0.988501
13 35 0.803068
13 36 0.997073
13 37 0.959174
13 38 0.138922
13 39 0.999984
13 40 0.999904
13 41 0.999848
13 42 0.227550
13 43 0.989082
13 44 0.535509
13 45 0.994526
13 46 0.993844
13 47 0.967602
13 48 0.978283
13 49 0.999804
13 50 0.655709
13 51 0.051779
13 52 0.995672
13 53 0.971149
13 54 0.019299
13 55 0.644918
13 56 0.993516
13 57 0.957037
13 58 0.071949
13 59 0.992708
13 60 0.999981
13 61 0.992708
13 62 0.999614
13 63 0.963627
13 64 0.999086
13 65 0.227550
13 66 0.970761
13 67 0.138922
13 68 0.029925
13 69 0.954792
13 70 0.998781
13 71 0.999878
13 72 0.998457
13 73 0.800668
13 74 0.138922
13 75 0.703771
13 76 0.972594
13 77 0.999962
13 78 0.999928
13 79 0.901145
13 80 0.172989
13 81 0.971149
13 82 0.855444
13 83 0.999743
13 84 0.999994
13 85 0.019299
13 86 0.051779
13 87 0.019299
13 88 0.999228
13 89 0.993844
13 90 0.999132
13 91 0.999871
13 92 0.977134
13 93 0.999797
13 94 0.994526
13 95 0.975602
13 96 0.995133
13 97 0.210224
13 98 0.981645
13 99 0.997687
14 0 0.954189
14 1 0.997433
14 2 0.976826
14 3 0.999756
14 4 0.716439
14 5 0.928576
14 6 0.997259
14 7 0.983668
14 8 0.855444
14 9 0.999919
14 10 0.999928
14 11 0.940181
14 12 0.999711
14 13 0.999964
14 14 0.000000
14 15 0.999485
14 16 0.999904
14 17 0.999995
14 18 0.227550
14 19 0.991800
14 20 0.348574
14 21 0.987725
14 22 0.227550
14 23 0.029925
14 24 0.936253
14 25 0.945939
14 26 0.999390
14 27 0.998265
14 28 0.082237
14 29 0.984490
14 30 0.999995
14 31 0.999797
14 32 0.995892
14 33 0.997944
14 34 0.641070
14 35 0.999390
14 36 0.954189
14 37 0.998698
14 38 0.924902
14 39 0.153568
14 40 0.703771
14 41 0.999855
14 42 0.082237
14 43 0.999982
14 44 0.998265
14 45 0.019299
14 46 0.999543
14 47 0.976825
14 48 0.989082
14 49 0.999695
14 50 0.971149
14 51 0.999998
14 52 0.994155
14 53 0.999566
14 54 0.932960
14 55 0.108547
14 56 0.999268
14 57 0.996753
14 58 0.997113
14 59 0.552765
14 60 0.999998
14 61 0.108547
14 62 0.005177
14 63 0.517913
14 64 0.994803
14 65 0.993516
14 66 0.876571
14 67 0.986202
14 68 0.042353
14 69 0.846427
14 70 0.569659
14 71 0.029925
14 72 0.268234
14 73 0.998555
14 74 0.995379
14 75 0.987726
14 76 0.391878
14 77 0.019299
14 78 0.673535
14 79 0.987725
14 80 0.051779
14 81 0.993516
14 82 0.999518
14 83 0.172989
14 84 0.999743
14 85 0.971149
14 86 0.372722
14 87 0.310464
14 88 0.096388
14 89 0.993844
14 90 0.999458
14 91 0.985469
14 92 0.977135
14 93 0.703771
14 94 0.051779
14 95 0.210224
14 96 0.812062
14 97 0.999593
14 98 0.035762
14 99 0.911627
15 0 0.994155
15 1 0.172989
15 2 0.993077
15 3 0.999421
15 4 0.986202
15 5 0.096388
15 6 0.659444
15 7 0.948613
15 8 0.999807
15 9 0.936253
15 10 0.011782
15 11 0.894801
15 12 0.997687
15 13 0.989082
15 14 0.999485
15 15 0.000000
15 16 0.305550
15 17 0.943131
15 18 0.757621
15 19 0.019299
15 20 0.939390
15 21 0.990289
15 22 0.998781
15 23 0.690668
15 24 0.992215
15 25 0.889496
15 26 0.999970
15 27 0.894801
15 28 0.011782
15 29 0.329464
15 30 0.983668
15 31 0.029925
15 32 0.965898
15 33 0.622014
15 34 0.029925
15 35 0.999855
15 36 0.999863
15 37 0.641070
15 38 0.029925
15 39 0.971149
15 40 0.644918
15 41 0.883941
15 42 0.029925
15 43 0.961719
15 44 0.999268
15 45 0.999566
15 46 0.535509
15 47 0.994526
15 48 0.969222
15 49 0.990289
15 50 0.673535
15 51 0.991800
15 52 0.997113
15 53 0.029925
15 54 0.820692
15 55 0.999314
15 56 0.997113
15 57 0.894801
15 58 0.999486
15 59 0.999566
15 60 0.189109
15 61 0.996532
15 62 0.939390
15 63 0.949286
15 64 0.992215
15 65 0.999828
15 66 0.029925
15 67 0.997944
15 68 0.994803
15 69 0.987724
15 70 0.961718
15 71 0.998265
15 72 0.803068
15 73 0.989082
15 74 0.983668
15 75 0.071949
15 76 0.035762
15 77 0.791203
15 78 0.998457
15 79 0.993170
15 80 0.477022
15 81 0.993516
15 82 0.999382
15 83 0.999982
15 84 0.071949
15 85 0.768376
15 86 0.997834
15 87 0.990780
15 88 0.936253
15 89 0.999994
15 90 0.995133
15 91 0.348574
15 92 0.939390
15 93 0.999807
15 94 0.791202
15 95 0.993427
15 96 0.982569
15 97 0.372722
15 98 0.997398
15 99 0.286770
16 0 0.495294
16 1 0.019299
16 2 0.981645
16 3 0.999996
16 4 0.999817
16 5 0.997222
16 6 0.998457
16 7 0.029925
16 8 0.227550
16 9 0.731785
16 10 0.517913
16 11 0.071949
16 12 0.999979
16 13 0.896141
16 14 0.999904
16 15 0.305550
16 16 0.000000
16 17 0.626001
16 18 0.992708
16 19 0.071949
16 20 0.940181
16 21 0.999132
16 22 0.963627
16 23 0.205799
16 24 0.993844
16 25 0.071949
16 26 0.573990
16 27 0.997834
16 28 0.932960
16 29 0.862254
16 30 0.951799
16 31 0.967602
16 32 0.991246
16 33 0.998901
16 34 0.983668
16 35 0.172989
16 36 0.999837
16 37 0.002681
16 38 0.071949
16 39 0.954792
16 40 0.999837
16 41 0.855444
16 42 0.434867
16 43 0.778725
16 44 0.999743
16 45 0.889495
16 46 0.997398
16 47 0.051779
16 48 0.999413
16 49 0.996347
16 50 0.995379
16 51 0.999924
16 52 0.999914
16 53 0.391878
16 54 0.945939
16 55 0.999485
16 56 0.889496
16 57 0.071949
16 58 0.060180
16 59 0.828969
16 60 0.019299
16 61 0.999878
16 62 0.997259
16 63 0.976826
16 64 0.975602
16 65 0.791203
16 66 0.434867
16 67 0.999390
16 68 0.453650
16 69 0.703771
16 70 0.999992
16 71 0.626001
16 72 0.980672
16 73 0.573990
16 74 0.999536
16 75 0.998843
16 76 0.096388
16 77 0.989082
16 78 0.998048
16 79 0.998971
16 80 0.809759
16 81 0.995379
16 82 0.999946
16 83 0.994803
16 84 0.530966
16 85 0.911627
16 86 0.896141
16 87 0.921048
16 88 0.029925
16 89 0.997804
16 90 0.998698
16 91 0.951799
16 92 0.060180
16 93 0.986201
16 94 0.999390
16 95 0.976826
16 96 0.870414
16 97 0.936253
16 98 0.172989
16 99 0.071949
17 0 0.987725
17 1 0.999657
17 2 0.992609
17 3 0.995133
17 4 0.974313
17 5 0.999675
17 6 0.963627
17 7 0.096388
17 8 0.108547
17 9 0.870414
17 10 0.995133
17 11 0.876571
17 12 0.957038
17 13 0.896140
17 14 0.999995
17 15 0.943131
17 16 0.626001
17 17 0.000000
17 18 0.876571
17 19 0.911627
17 20 0.986898
17 21 0.985469
17 22 0.961718
17 23 0.999992
17 24 0.928576
17 25 0.189109
17 26 0.324511
17 27 0.999924
17 28 0.172989
17 29 0.999639
17 30 0.998629
17 31 0.993077
17 32 0.731785
17 33 0.997259
17 34 0.987725
17 35 0.105308
17 36 0.082237
17 37 0.286770
17 38 0.936253
17 39 0.876571
17 40 0.997563
17 41 0.999451
17 42 0.998843
17 43 0.999837
17 44 0.082237
17 45 0.971149
17 46 0.936253
17 47 0.757621
17 48 0.999855
17 49 0.996347
17 50 0.005177
17 51 0.268234
17 52 0.975602
17 53 0.998971
17 54 0.948613
17 55 0.029925
17 56 0.999986
17 57 0.029925
17 58 0.731785
17 59 0.999978
17 60 0.999837
17 61 0.987725
17 62 0.928576
17 63 0.882454
17 64 0.205798
17 65 0.999932
17 66 0.997687
17 67 0.019299
17 68 0.999898
17 69 0.984698
17 70 0.082237
17 71 0.889496
17 72 0.096388
17 73 0.985469
17 74 0.781351
17 75 0.883941
17 76 0.071949
17 77 0.999543
17 78 0.703771
17 79 0.911627
17 80 0.996532
17 81 0.965441
17 82 0.999657
17 83 0.029925
17 84 0.951798
17 85 0.029925
17 86 0.029925
17 87 0.997073
17 88 0.997563
17 89 0.286770
17 90 0.096388
17 91 0.999886
17 92 0.921048
17 93 0.731785
17 94 0.997222
17 95 0.999982
17 96 0.971149
17 97 0.391878
17 98 0.995892
17 99 0.415919
18 0 0.928576
18 1 0.415919
18 2 0.940181
18 3 0.999855
18 4 0.138922
18 5 0.998457
18 6 0.703771
18 7 0.905921
18 8 0.831065
18 9 0.999837
18 10 0.005177
18 11 0.998265
18 12 0.999314
18 13 0.994526
18 14 0.227550
18 15 0.757621
18 16 0.992708
18 17 0.876571
18 18 0.000000
18 19 0.998629
18 20 0.838911
18 21 0.996347
18 22 0.967167
18 23 0.757621
18 24 0.999936
18 25 0.051779
18 26 0.997944
18 27 0.992214
18 28 0.943131
18 29 0.999037
18 30 0.011782
18 31 0.998265
18 32 0.781351
18 33 0.590401
18 34 0.329464
18 35 0.957037
18 36 0.996752
18 37 0.754758
18 38 0.928576
18 39 0.029925
18 40 0.990780
18 41 0.731785
18 42 0.978283
18 43 0.992708
18 44 0.999979
18 45 0.991800
18 46 0.997259
18 47 0.051779
18 48 0.997259
18 49 0.999695
18 50 0.743482
18 51 0.980672
18 52 0.999729
18 53 0.882454
18 54 0.999349
18 55 0.992215
18 56 0.659444
18 57 0.513285
18 58 0.915921
18 59 0.071949
18 60 0.998901
18 61 0.999936
18 62 0.959174
18 63 0.996917
18 64 0.513285
18 65 0.812062
18 66 0.477022
18 67 0.999871
18 68 0.924902
18 69 0.997563
18 70 0.138922
18 71 0.071949
18 72 0.901145
18 73 0.998048
18 74 0.928576
18 75 0.999566
18 76 0.999771
18 77 0.991800
18 78 0.535509
18 79 0.999998
18 80 0.999421
18 81 0.989633
18 82 0.997944
18 83 0.828969
18 84 0.051779
18 85 0.999674
18 86 0.998375
18 87 0.029925
18 88 0.883941
18 89 0.995892
18 90 0.372722
18 91 0.999864
18 92 0.999988
18 93 0.999973
18 94 0.987726
18 95 0.172989
18 96 0.988501
18 97 0.138922
18 98 0.999971
18 99 0.999943
19 0 0.999995
19 1 0.945939
19 2 0.943131
19 3 0.082237
19 4 0.172989
19 5 0.093360
19 6 0.997398
19 7 0.969222
19 8 0.838911
19 9 0.999957
19 10 0.932077
19 11 0.108547
19 12 0.791202
19 13 0.035762
19 14 0.991800
19 15 0.019299
19 16 0.071949
19 17 0.911627
19 18 0.998629
19 19 0.000000
19 20 0.954190
19 21 0.051779
19 22 0.988345
19 23 0.996532
19 24 0.029925
19 25 0.943131
19 26 0.995892
19 27 0.999914
19 28 0.995892
19 29 0.108547
19 30 0.820692
19 31 0.999984
19 32 0.994155
19 33 0.942378
19 34 0.172989
19 35 0.959174
19 36 0.996100
19 37 0.999512
19 38 0.994526
19 39 0.172989
19 40 0.990157
19 41 0.999982
19 42 0.029925
19 43 0.984490
19 44 0.999725
19 45 0.999614
19 46 0.998457
19 47 0.999988
19 48 0.029925
19 49 0.998172
19 50 0.932077
19 51 0.994156
19 52 0.434867
19 53 0.071949
19 54 0.172989
19 55 0.971149
19 56 0.999886
19 57 0.999132
19 58 0.999990
19 59 0.999936
19 60 0.999349
19 61 0.999132
19 62 0.453650
19 63 0.995892
19 64 0.995672
19 65 0.889496
19 66 0.999957
19 67 0.915921
19 68 0.972594
19 69 0.995672
19 70 0.999946
19 71 0.999982
19 72 0.268234
19 73 0.997687
19 74 0.999974
19 75 0.071949
19 76 0.997398
19 77 0.005177
19 78 0.535509
19 79 0.996152
19 80 0.959174
19 81 0.998265
19 82 0.372722
19 83 0.915921
19 84 0.703771
19 85 0.768376
19 86 0.014763
19 87 0.029925
19 88 0.108547
19 89 0.029925
19 90 0.051779
19 91 0.138922
19 92 0.019299
19 93 0.029925
19 94 0.096388
19 95 0.967602
19 96 0.876570
19 97 0.329464
19 98 0.029925
19 99 0.999837
20 0 0.996533
20 1 0.876570
20 2 0.268234
20 3 0.138922
20 4 0.905921
20 5 0.391878
20 6 0.999807
20 7 0.999543
20 8 0.703771
20 9 0.245316
20 10 0.975602
20 11 0.997563
20 12 0.995066
20 13 0.071949
20 14 0.348574
20 15 0.939390
20 16 0.940181
20 17 0.986898
20 18 0.838911
20 19 0.954190
20 20 0.000000
20 21 0.868768
20 22 0.915921
20 23 0.082237
20 24 0.268234
20 25 0.535509
20 26 0.999957
20 27 0.035762
20 28 0.991800
20 29 0.998698
20 30 0.989082
20 31 0.997113
20 32 0.999914
20 33 0.172989
20 34 0.082237
20 35 0.029925
20 36 0.999982
20 37 0.999073
20 38 0.731785
20 39 0.029925
20 40 0.999674
20 41 0.961718
20 42 0.998971
20 43 0.998971
20 44 0.932077
20 45 0.999132
20 46 0.982801
20 47 0.606413
20 48 0.029925
20 49 0.999968
20 50 0.477022
20 51 0.995133
20 52 0.138922
20 53 0.987726
20 54 0.920015
20 55 0.999390
20 56 0.899866
20 57 0.999485
20 58 0.999711
20 59 0.997687
20 60 0.945939
20 61 0.990289
20 62 0.999986
20 63 0.999657
20 64 0.973967
20 65 0.263461
20 66 0.071949
20 67 0.998902
20 68 0.227550
20 69 0.967167
20 70 0.991800
20 71 0.029925
20 72 0.994155
20 73 0.991800
20 74 0.172989
20 75 0.876570
20 76 0.959174
20 77 0.227550
20 78 0.029925
20 79 0.227550
20 80 0.096388
20 81 0.329464
20 82 0.005177
20 83 0.997944
20 84 0.626001
20 85 0.994526
20 86 0.980672
20 87 0.996348
20 88 0.978283
20 89 0.936254
20 90 0.961718
20 91 0.999995
20 92 0.573990
20 93 0.999999
20 94 0.005177
20 95 0.995379
20 96 0.988345
20 97 0.983668
20 98 0.997259
20 99 0.998172
21 0 0.997944
21 1 0.999936
21 2 0.986202
21 3 0.673535
21 4 0.998843
21 5 0.996152
21 6 0.329464
21 7 0.951799
21 8 0.965441
21 9 0.998781
21 10 0.006763
21 11 0.943131
21 12 0.999512
21 13 0.974313
21 14 0.987725
21 15 0.990289
21 16 0.999132
21 17 0.985469
21 18 0.996347
21 19 0.051779
21 20 0.868768
21 21 0.000000
21 22 0.967602
21 23 0.901145
21 24 0.997687
21 25 0.939390
21 26 0.999968
21 27 0.996753
21 28 0.993844
21 29 0.999614
21 30 0.999729
21 31 0.069412
21 32 0.998288
21 33 0.997944
21 34 0.023583
21 35 1.000000
21 36 0.999657
21 37 0.889496
21 38 0.071949
21 39 0.268234
21 40 0.870414
21 41 0.029925
21 42 0.999711
21 43 0.998265
21 44 0.002681
21 45 0.096388
21 46 0.967602
21 47 0.972594
21 48 0.999995
21 49 0.719662
21 50 0.569659
21 51 0.993844
21 52 0.999176
21 53 0.998375
21 54 0.999998
21 55 0.415919
21 56 0.987073
21 57 0.029925
21 58 0.993844
21 59 0.983668
21 60 0.993077
21 61 0.978283
21 62 0.495294
21 63 0.071949
21 64 0.011782
21 65 0.172989
21 66 0.901145
21 67 0.415919
21 68 0.999886
21 69 0.982801
21 70 0.410971
21 71 0.999657
21 72 0.029925
21 73 0.495294
21 74 0.998048
21 75 0.995133
21 76 0.994526
21 77 0.227550
21 78 0.982568
21 79 0.999024
21 80 0.998781
21 81 0.979374
21 82 0.998048
21 83 0.969629
21 84 0.096388
21 85 0.552765
21 86 0.153568
21 87 0.998971
21 88 0.820692
21 89 0.996917
21 90 0.975601
21 91 0.731785
21 92 0.924903
21 93 0.286770
21 94 0.997398
21 95 0.999132
21 96 0.995672
21 97 0.991800
21 98 0.997563
21 99 0.999878
22 0 0.883941
22 1 0.855444
22 2 0.999986
22 3 0.999952
22 4 0.743482
22 5 0.954792
22 6 0.959174
22 7 0.096388
22 8 0.999132
22 9 0.975602
22 10 0.999572
22 11 0.939390
22 12 0.831064
22 13 0.993844
22 14 0.227550
22 15 0.998781
22 16 0.963627
22 17 0.961718
22 18 0.967167
22 19 0.988345
22 20 0.915921
22 21 0.967602
22 22 0.000000
22 23 0.998916
22 24 0.999987
22 25 0.999187
22 26 0.998074
22 27 0.848329
22 28 0.108547
22 29 0.138922
22 30 0.999543
22 31 0.972594
22 32 0.998265
22 33 0.936254
22 34 0.978283
22 35 0.961718
22 36 0.999314
22 37 0.996532
22 38 0.673535
22 39 0.391878
22 40 0.999634
22 41 0.883941
22 42 0.921048
22 43 0.999543
22 44 0.995379
22 45 0.743482
22 46 0.999768
22 47 0.227550
22 48 0.986202
22 49 0.846427
22 50 0.082237
22 51 0.976826
22 52 0.954792
22 53 0.889496
22 54 0.999855
22 55 0.992708
22 56 0.905920
22 57 0.999980
22 58 0.781351
22 59 0.915921
22 60 0.915921
22 61 0.014763
22 62 0.862254
22 63 0.999990
22 64 0.989082
22 65 0.996532
22 66 0.138922
22 67 0.989633
22 68 0.800669
22 69 0.920015
22 70 0.108547
22 71 0.999952
22 72 0.999349
22 73 0.995133
22 74 0.998781
22 75 0.999886
22 76 0.980672
22 77 0.999086
22 78 0.999962
22 79 0.999421
22 80 0.978283
22 81 0.659444
22 82 0.108547
22 83 0.999914
22 84 0.987725
22 85 0.978283
22 86 0.949286
22 87 0.998902
22 88 0.999936
22 89 0.999187
22 90 0.268234
22 91 0.999936
22 92 0.989082
22 93 0.999037
22 94 0.999994
22 95 0.828969
22 96 0.990289
22 97 0.286770
22 98 0.993077
22 99 0.974313
23 0 0.999314
23 1 0.921048
23 2 0.999614
23 3 0.227550
23 4 0.995613
23 5 0.286770
23 6 0.965899
23 7 0.999807
23 8 0.977135
23 9 0.889496
23 10 0.477022
23 11 0.372722
23 12 0.970761
23 13 0.975602
23 14 0.029925
23 15 0.690668
23 16 0.205799
23 17 0.999992
23 18 0.757621
23 19 0.996532
23 20 0.082237
23 21 0.901145
23 22 0.998916
23 23 0.000000
23 24 0.999783
23 25 0.655708
23 26 0.610510
23 27 0.035762
23 28 0.993516
23 29 0.172989
23 30 0.999349
23 31 0.993077
23 32 0.989633
23 33 0.999999
23 34 0.998781
23 35 0.986202
23 36 0.999132
23 37 0.855444
23 38 0.838911
23 39 0.998971
23 40 0.882454
23 41 0.901145
23 42 0.590401
23 43 0.029925
23 44 0.324511
23 45 0.035762
23 46 0.096388
23 47 0.994803
23 48 0.987725
23 49 0.029925
23 50 0.999743
23 51 0.999959
23 52 0.939390
23 53 0.998457
23 54 0.985469
23 55 0.998172
23 56 0.846427
23 57 0.980411
23 58 0.976826
23 59 0.932960
23 60 0.954190
23 61 0.932960
23 62 0.971149
23 63 0.976826
23 64 0.970762
23 65 0.996917
23 66 0.286770
23 67 0.610510
23 68 0.855444
23 69 0.999086
23 70 0.998536
23 71 0.998971
23 72 0.974313
23 73 0.999639
23 74 0.999995
23 75 0.410971
23 76 0.999979
23 77 0.999725
23 78 0.205799
23 79 0.965899
23 80 0.999314
23 81 0.995379
23 82 0.781351
23 83 0.993844
23 84 0.227550
23 85 0.989633
23 86 0.995613
23 87 0.754757
23 88 0.051779
23 89 0.071949
23 90 0.690668
23 91 0.477022
23 92 0.969629
23 93 0.138922
23 94 0.996917
23 95 0.029925
23 96 0.999995
23 97 0.743482
23 98 0.573990
23 99 0.286770
24 0 0.999995
24 1 0.168897
24 2 0.945939
24 3 0.999756
24 4 0.557193
24 5 0.972594
24 6 0.999987
24 7 0.954792
24 8 0.019299
24 9 0.972593
24 10 0.923918
24 11 0.029925
24 12 0.005177
24 13 0.999878
24 14 0.936253
24 15 0.992215
24 16 0.993844
24 17 0.928576
24 18 0.999936
24 19 0.029925
24 20 0.268234
24 21 0.997687
24 22 0.999987
24 23 0.999783
24 24 0.000000
24 25 0.138922
24 26 0.986202
24 27 0.999997
24 28 0.051779
24 29 0.999990
24 30 0.778726
24 31 0.999914
24 32 0.954189
24 33 0.998781
24 34 0.999268
24 35 0.002681
24 36 0.096388
24 37 0.981645
24 38 0.731785
24 39 0.172989
24 40 0.985469
24 41 0.659444
24 42 0.610510
24 43 0.828969
24 44 0.915921
24 45 0.029925
24 46 0.999983
24 47 0.096388
24 48 0.029925
24 49 0.961718
24 50 0.082237
24 51 0.245316
24 52 0.999993
24 53 0.975602
24 54 0.138922
24 55 0.997944
24 56 0.999855
24 57 0.005177
24 58 0.983668
24 59 0.997259
24 60 0.781351
24 61 0.996917
24 62 0.846427
24 63 0.996347
24 64 0.957038
24 65 0.920015
24 66 0.999771
24 67 0.999964
24 68 0.051779
24 69 0.870414
24 70 0.999819
24 71 0.096388
24 72 0.029925
24 73 0.998048
24 74 0.905921
24 75 0.998354
24 76 0.996876
24 77 0.005177
24 78 0.051779
24 79 0.791203
24 80 0.108547
24 81 0.135230
24 82 0.994803
24 83 0.096388
24 84 0.988933
24 85 0.915921
24 86 0.071949
24 87 0.991246
24 88 0.996297
24 89 0.768376
24 90 0.690668
24 91 0.980672
24 92 0.096388
24 93 0.610510
24 94 0.998265
24 95 0.757621
24 96 0.911627
24 97 0.988934
24 98 0.987073
24 99 0.286770
25 0 0.905921
25 1 0.138922
25 2 0.391878
25 3 0.969222
25 4 0.011782
25 5 0.477022
25 6 0.999973
25 7 0.993077
25 8 0.961718
25 9 0.172989
25 10 0.943131
25 11 0.659444
25 12 0.910477
25 13 0.999132
25 14 0.945939
25 15 0.889496
25 16 0.071949
25 17 0.189109
25 18 0.051779
25 19 0.943131
25 20 0.535509
25 21 0.939390
25 22 0.999187
25 23 0.655708
25 24 0.138922
25 25 0.000000
25 26 0.227550
25 27 0.999971
25 28 0.189109
25 29 0.051779
25 30 0.998353
25 31 0.992708
25 32 0.999349
25 33 0.853624
25 34 0.096388
25 35 0.781351
25 36 0.472230
25 37 0.093361
25 38 0.838911
25 39 0.051779
25 40 0.983668
25 41 0.945939
25 42 0.862254
25 43 0.071949
25 44 0.995133
25 45 0.035762
25 46 0.894801
25 47 0.967602
25 48 0.096388
25 49 0.999968
25 50 0.932077
25 51 0.999421
25 52 0.029925
25 53 0.992708
25 54 0.812062
25 55 0.999726
25 56 0.082237
25 57 0.108547
25 58 0.019299
25 59 0.987073
25 60 0.999807
25 61 0.999989
25 62 0.978283
25 63 0.189109
25 64 0.999914
25 65 0.995133
25 66 0.993077
25 67 0.999871
25 68 0.999989
25 69 0.999981
25 70 0.071949
25 71 0.005177
25 72 0.626001
25 73 0.981645
25 74 0.983668
25 75 0.035762
25 76 0.029925
25 77 0.999349
25 78 0.972594
25 79 0.644918
25 80 0.999817
25 81 0.029925
25 82 0.989082
25 83 0.997073
25 84 0.954189
25 85 0.626001
25 86 0.999928
25 87 0.999999
25 88 0.999543
25 89 0.011782
25 90 0.901144
25 91 0.999872
25 92 0.981645
25 93 0.986202
25 94 0.997259
25 95 0.986202
25 96 0.973967
25 97 0.975602
25 98 0.071949
25 99 0.999997
26 0 0.994526
26 1 0.999314
26 2 0.915920
26 3 0.998536
26 4 0.876570
26 5 0.995379
26 6 0.495294
26 7 0.999518
26 8 0.992319
26 9 0.940181
26 10 0.703771
26 11 0.029925
26 12 0.998764
26 13 0.121504
26 14 0.999390
26 15 0.999970
26 16 0.573990
26 17 0.324511
26 18 0.997944
26 19 0.995892
26 20 0.999957
26 21 0.999968
26 22 0.998074
26 23 0.610510
26 24 0.986202
26 25 0.227550
26 26 0.000000
26 27 0.731785
26 28 0.967602
26 29 0.029925
26 30 0.998764
26 31 0.995892
26 32 0.971149
26 33 0.990289
26 34 0.971149
26 35 0.071949
26 36 0.690668
26 37 0.996917
26 38 0.998457
26 39 0.138922
26 40 0.940181
26 41 0.803068
26 42 0.071949
26 43 0.998457
26 44 0.172989
26 45 0.803068
26 46 0.999886
26 47 0.979374
26 48 0.995892
26 49 0.998971
26 50 0.999962
26 51 0.998375
26 52 0.415919
26 53 0.005177
26 54 0.329464
26 55 0.998843
26 56 0.999864
26 57 0.329464
26 58 0.999878
26 59 0.951799
26 60 0.082237
26 61 0.945939
26 62 0.071949
26 63 0.999486
26 64 0.971149
26 65 0.997398
26 66 0.659444
26 67 0.227550
26 68 0.997687
26 69 0.757621
26 70 0.268234
26 71 0.999957
26 72 0.894801
26 73 0.972594
26 74 0.999512
26 75 0.108547
26 76 0.997916
26 77 0.984491
26 78 0.999936
26 79 0.042353
26 80 0.991800
26 81 0.978283
26 82 0.227550
26 83 0.019299
26 84 0.999187
26 85 0.999981
26 86 0.994803
26 87 0.029925
26 88 0.372722
26 89 0.995892
26 90 0.838911
26 91 0.606413
26 92 0.831064
26 93 0.978283
26 94 0.870414
26 95 0.997944
26 96 0.999023
26 97 0.999657
26 98 0.138922
26 99 0.391878
27 0 0.987725
27 1 0.973967
27 2 0.951798
27 3 0.988345
27 4 0.990780
27 5 0.978283
27 6 0.035762
27 7 0.997398
27 8 0.999024
27 9 0.477022
27 10 0.011782
27 11 0.690668
27 12 0.862254
27 13 0.096388
27 14 0.998265
27 15 0.894801
27 16 0.997834
27 17 0.999924
27 18 0.992214
27 19 0.999914
27 20 0.035762
27 21 0.996753
27 22 0.848329
27 23 0.035762
27 24 0.999997
27 25 0.999971
27 26 0.731785
27 27 0.000000
27 28 0.820692
27 29 0.943131
27 30 0.870414
27 31 0.848329
27 32 0.329464
27 33 0.812062
27 34 0.924902
27 35 0.862254
27 36 0.999421
27 37 0.999228
27 38 0.035762
27 39 0.023583
27 40 0.011782
27 41 0.932960
27 42 0.994526
27 43 0.876570
27 44 0.189109
27 45 0.019299
27 46 0.138922
27 47 0.999973
27 48 0.997687
27 49 0.998457
27 50 0.998971
27 51 0.999674
