0 0 0.000000
0 1 0.936254
0 2 0.051779
0 3 0.999593
0 4 0.999268
0 5 0.999910
0 6 0.901145
0 7 0.812062
0 8 0.999807
0 9 0.138922
0 10 0.949286
0 11 0.071949
0 12 0.998764
0 13 0.800669
0 14 0.942377
0 15 0.995613
0 16 0.495294
0 17 0.987725
0 18 0.945939
0 19 0.999993
0 20 0.997398
0 21 0.999807
0 22 0.954792
0 23 0.998843
0 24 0.999994
0 25 0.920015
0 26 0.995892
0 27 0.996532
0 28 0.992215
0 29 0.573990
0 30 0.905921
0 31 0.983668
0 32 0.372722
0 33 0.999614
0 34 0.984490
0 35 0.920015
0 36 0.991800
0 37 0.999978
0 38 0.831064
0 39 0.517913
0 40 0.862254
0 41 0.983667
0 42 0.172989
0 43 0.999855
0 44 0.999305
0 45 0.999674
0 46 0.999382
0 47 0.019299
0 48 0.189109
0 49 0.961718
0 50 0.019299
0 51 0.883941
0 52 0.973967
0 53 0.991246
0 54 0.995066
0 55 0.626001
0 56 0.939390
0 57 0.268234
0 58 0.011782
0 59 0.998048
0 60 0.019299
0 61 0.915921
0 62 0.757621
0 63 0.060180
0 64 0.838911
0 65 0.108547
0 66 0.999511
0 67 0.029925
0 68 0.836903
0 69 0.999969
0 70 0.999976
0 71 0.997687
0 72 0.999176
0 73 0.868768
0 74 0.831064
0 75 0.910477
0 76 0.019299
0 77 0.961718
0 78 0.991800
0 79 0.172989
0 80 0.987073
0 81 0.820692
0 82 0.967602
0 83 0.082237
0 84 0.920015
0 85 0.993077
0 86 0.999994
0 87 0.227550
0 88 0.019299
0 89 0.999855
0 90 0.495294
0 91 0.172989
0 92 0.999743
0 93 0.838911
0 94 0.846427
0 95 0.997687
0 96 0.999187
0 97 0.000372
0 98 0.172989
0 99 0.019299
1 0 0.936254
1 1 0.000000
1 2 0.991800
1 3 0.310464
1 4 0.998698
1 5 0.920015
1 6 0.999923
1 7 0.019299
1 8 0.996917
1 9 0.993077
1 10 0.998048
1 11 0.999996
1 12 0.999588
1 13 0.980411
1 14 0.999819
1 15 0.172989
1 16 0.019299
1 17 0.999657
1 18 0.268234
1 19 0.959174
1 20 0.641070
1 21 0.999976
1 22 0.855444
1 23 0.989772
1 24 0.168897
1 25 0.372722
1 26 0.999743
1 27 0.990157
1 28 0.999695
1 29 0.957037
1 30 0.999952
1 31 0.415919
1 32 0.042353
1 33 0.999711
1 34 0.936253
1 35 0.998172
1 36 0.227550
1 37 0.557193
1 38 0.999954
1 39 0.348574
1 40 0.051779
1 41 0.029925
1 42 0.975602
1 43 0.987073
1 44 0.954189
1 45 0.999952
1 46 0.993427
1 47 0.999886
1 48 0.329464
1 49 0.477022
1 50 0.990289
1 51 0.999512
1 52 0.659444
1 53 0.998375
1 54 0.305549
1 55 0.999024
1 56 0.626001
1 57 0.189109
1 58 0.495294
1 59 0.997834
1 60 0.023583
1 61 0.961718
1 62 0.999358
1 63 0.999992
1 64 0.051779
1 65 0.998781
1 66 0.820692
1 67 0.082237
1 68 0.472230
1 69 0.999946
1 70 0.972594
1 71 0.999939
1 72 0.855444
1 73 0.991363
1 74 0.999939
1 75 0.069412
1 76 0.965441
1 77 0.993844
1 78 0.991246
1 79 0.495294
1 80 0.999891
1 81 0.029925
1 82 0.690668
1 83 0.996100
1 84 0.935412
1 85 0.983668
1 86 0.002681
1 87 0.862254
1 88 0.999314
1 89 0.999711
1 90 0.901145
1 91 0.997074
1 92 0.957037
1 93 0.987725
1 94 0.590401
1 95 0.791202
1 96 0.978283
1 97 0.901145
1 98 0.051779
1 99 0.999891
2 0 0.051779
2 1 0.991800
2 2 0.000000
2 3 0.999982
2 4 0.996347
2 5 0.268234
2 6 0.590401
2 7 0.997834
2 8 0.999024
2 9 0.997398
2 10 0.999969
2 11 0.994526
2 12 0.981645
2 13 0.590401
2 14 0.982569
2 15 0.996532
2 16 0.999421
2 17 0.998147
2 18 0.932960
2 19 0.978283
2 20 0.921048
2 21 0.948613
2 22 0.999993
2 23 0.999566
2 24 0.939390
2 25 0.391878
2 26 0.945939
2 27 0.969221
2 28 0.961206
2 29 0.999783
2 30 0.999837
2 31 0.051779
2 32 0.915921
2 33 0.951799
2 34 0.999943
2 35 0.999783
2 36 0.071949
2 37 0.998048
2 38 0.980411
2 39 0.940181
2 40 0.954189
2 41 0.943130
2 42 1.000000
2 43 0.286770
2 44 0.121504
2 45 0.998843
2 46 0.997398
2 47 0.999993
2 48 0.999999
2 49 0.999997
2 50 0.071949
2 51 0.096388
2 52 0.268234
2 53 0.932960
2 54 0.999771
2 55 0.980672
2 56 0.999314
2 57 0.999614
2 58 0.990289
2 59 0.838911
2 60 0.999884
2 61 0.999349
2 62 0.245316
2 63 0.172989
2 64 0.644918
2 65 0.999855
2 66 0.172989
2 67 0.855444
2 68 0.998698
2 69 0.011782
2 70 0.999993
2 71 0.996347
2 72 0.961206
2 73 0.973967
2 74 0.999994
2 75 1.000000
2 76 0.999855
2 77 0.998971
2 78 0.999807
2 79 0.687189
2 80 0.998457
2 81 0.993516
2 82 0.999695
2 83 0.997687
2 84 0.894801
2 85 0.372722
2 86 0.999743
2 87 0.029925
2 88 0.610510
2 89 0.189109
2 90 0.999997
2 91 0.998048
2 92 0.999187
2 93 0.999914
2 94 0.999908
2 95 0.999783
2 96 0.998629
2 97 0.993516
2 98 0.731785
2 99 0.997944
3 0 0.999593
3 1 0.310464
3 2 0.999982
3 3 0.000000
3 4 0.999674
3 5 0.999382
3 6 0.911627
3 7 0.999743
3 8 0.415919
3 9 0.967602
3 10 0.035762
3 11 0.011782
3 12 0.982801
3 13 0.994873
3 14 0.999954
3 15 0.999783
3 16 0.999998
3 17 0.998781
3 18 0.999674
3 19 0.082237
3 20 0.138922
3 21 0.820692
3 22 1.000000
3 23 0.108547
3 24 0.999691
3 25 0.996708
3 26 0.992609
3 27 0.982568
3 28 0.990289
3 29 0.999349
3 30 0.138922
3 31 0.971149
3 32 0.029925
3 33 0.999543
3 34 0.883941
3 35 0.999996
3 36 0.172989
3 37 0.987725
3 38 0.979374
3 39 0.999807
3 40 0.989772
3 41 0.972594
3 42 0.023583
3 43 0.980672
3 44 0.975601
3 45 0.690668
3 46 0.894801
3 47 0.996917
3 48 0.998916
3 49 0.999995
3 50 0.967602
3 51 0.999566
3 52 0.019299
3 53 0.904701
3 54 0.889496
3 55 0.999946
3 56 0.999997
3 57 0.999228
3 58 0.876570
3 59 0.071949
3 60 0.606413
3 61 0.995613
3 62 0.029925
3 63 0.998971
3 64 0.999928
3 65 0.060180
3 66 0.945939
3 67 0.997563
3 68 0.996532
3 69 0.372722
3 70 0.029925
3 71 0.943131
3 72 0.998353
3 73 0.976826
3 74 0.329464
3 75 0.973967
3 76 0.988345
3 77 0.999829
3 78 1.000000
3 79 0.999919
3 80 0.936253
3 81 0.853624
3 82 0.989633
3 83 0.071949
3 84 0.980672
3 85 0.029925
3 86 0.999904
3 87 0.999999
3 88 0.999957
3 89 0.999743
3 90 0.862254
3 91 0.999914
3 92 0.998610
3 93 0.987725
3 94 0.997259
3 95 0.991800
3 96 0.019299
3 97 0.972594
3 98 0.999711
3 99 0.991689
4 0 0.999268
4 1 0.998698
4 2 0.996347
4 3 0.999674
4 4 0.000000
4 5 0.999936
4 6 0.998629
4 7 0.994803
4 8 0.999187
4 9 0.920015
4 10 0.998048
4 11 0.979374
4 12 0.687189
4 13 0.535509
4 14 0.846427
4 15 0.998698
4 16 0.999977
4 17 0.971149
4 18 0.138922
4 19 0.172989
4 20 0.846427
4 21 0.998536
4 22 0.367737
4 23 0.990157
4 24 0.415919
4 25 0.011782
4 26 0.862254
4 27 0.995379
4 28 0.999023
4 29 0.997563
4 30 0.998843
4 31 0.703771
4 32 0.791203
4 33 0.978283
4 34 0.961718
4 35 0.999986
4 36 0.920015
4 37 0.659444
4 38 0.989633
4 39 0.268234
4 40 0.999998
4 41 0.743482
4 42 0.998781
4 43 0.999451
4 44 0.998971
4 45 0.999999
4 46 0.999999
4 47 0.641070
4 48 0.996532
4 49 0.999743
4 50 0.477022
4 51 0.093360
4 52 0.999486
4 53 0.999421
4 54 0.305549
4 55 0.995133
4 56 0.998971
4 57 0.998536
4 58 0.999984
4 59 0.999986
4 60 0.477022
4 61 0.999891
4 62 0.999817
4 63 0.019299
4 64 0.987073
4 65 0.245316
4 66 0.999999
4 67 0.920015
4 68 0.586172
4 69 0.999914
4 70 0.029925
4 71 0.019299
4 72 0.029925
4 73 0.981645
4 74 0.517913
4 75 0.329464
4 76 0.997944
4 77 0.029925
4 78 0.936254
4 79 0.999826
4 80 1.000000
4 81 0.999711
4 82 0.996100
4 83 0.005177
4 84 0.172989
4 85 0.997530
4 86 0.071949
4 87 0.495294
4 88 0.995672
4 89 0.876570
4 90 0.990158
4 91 0.998843
4 92 0.014763
4 93 0.976826
4 94 0.996100
4 95 0.989082
4 96 0.975602
4 97 0.996752
4 98 0.999657
4 99 0.994451
5 0 0.999910
5 1 0.920015
5 2 0.268234
5 3 0.999382
5 4 0.999936
5 5 0.000000
5 6 0.153568
5 7 0.894801
5 8 0.999228
5 9 0.999614
5 10 0.998843
5 11 0.999512
5 12 0.035762
5 13 0.977135
5 14 0.972594
5 15 0.071949
5 16 0.999826
5 17 0.998903
5 18 0.994803
5 19 0.093360
5 20 0.245316
5 21 0.999277
5 22 0.855444
5 23 0.535509
5 24 0.984490
5 25 0.329464
5 26 0.994155
5 27 0.972594
5 28 0.994804
5 29 0.029925
5 30 0.791203
5 31 0.993077
5 32 0.940181
5 33 0.719662
5 34 0.029925
5 35 0.986202
5 36 0.876570
5 37 0.079482
5 38 0.924902
5 39 0.329464
5 40 0.138922
5 41 0.999985
5 42 0.005177
5 43 0.920015
5 44 0.876570
5 45 0.996100
5 46 0.905921
5 47 0.005177
5 48 0.998353
5 49 0.517913
5 50 0.844504
5 51 0.999804
5 52 0.997073
5 53 0.999390
5 54 0.060180
5 55 0.138922
5 56 0.310464
5 57 0.019299
5 58 0.286770
5 59 0.999878
5 60 0.894801
5 61 0.981645
5 62 0.980411
5 63 0.051779
5 64 0.005177
5 65 0.535509
5 66 0.995133
5 67 0.889496
5 68 0.978283
5 69 0.153568
5 70 0.999993
5 71 0.035762
5 72 0.999979
5 73 0.876570
5 74 0.980672
5 75 0.992708
5 76 0.535509
5 77 0.993077
5 78 0.986202
5 79 0.768376
5 80 0.990157
5 81 0.138922
5 82 0.410971
5 83 0.994155
5 84 0.659444
5 85 0.138922
5 86 0.998353
5 87 0.023583
5 88 0.999711
5 89 0.005177
5 90 0.990289
5 91 0.168897
5 92 0.992609
5 93 0.029925
5 94 0.434867
5 95 0.998698
5 96 0.227550
5 97 0.641070
5 98 0.999979
5 99 0.999807
6 0 0.901145
6 1 0.999923
6 2 0.590401
6 3 0.911627
6 4 0.998629
6 5 0.153568
6 6 0.000000
6 7 0.948613
6 8 0.998265
6 9 0.189109
6 10 0.453650
6 11 0.999817
6 12 0.977134
6 13 0.994526
6 14 0.998629
6 15 0.731785
6 16 0.999512
6 17 0.959174
6 18 0.703771
6 19 0.996100
6 20 0.999783
6 21 0.573990
6 22 0.954189
6 23 0.990289
6 24 0.999999
6 25 0.999991
6 26 0.348574
6 27 0.035762
6 28 0.999768
6 29 0.189109
6 30 0.999543
6 31 0.951799
6 32 0.996532
6 33 0.108547
6 34 0.997804
6 35 0.951799
6 36 0.029925
6 37 0.535509
6 38 0.227550
6 39 0.999995
6 40 0.988345
6 41 0.994803
6 42 0.999996
6 43 0.006763
6 44 0.943131
6 45 0.999228
6 46 0.998781
6 47 0.530966
6 48 0.999979
6 49 0.999964
6 50 0.943131
6 51 0.981645
6 52 0.071949
6 53 0.005177
6 54 0.995892
6 55 0.997530
6 56 0.990289
6 57 0.985469
6 58 0.019299
6 59 0.051779
6 60 0.778726
6 61 0.940181
6 62 0.999984
6 63 0.954189
6 64 0.991800
6 65 0.659444
6 66 0.060180
6 67 0.836902
6 68 0.108547
6 69 0.999954
6 70 0.999855
6 71 0.999229
6 72 0.029925
6 73 0.999908
6 74 0.781351
6 75 0.999986
6 76 0.019299
6 77 0.495294
6 78 0.971149
6 79 0.996532
6 80 0.999969
6 81 0.999983
6 82 0.999421
6 83 0.999952
6 84 0.990903
6 85 0.999997
6 86 0.029925
6 87 0.989633
6 88 0.138922
6 89 0.060180
6 90 0.121504
6 91 0.976826
6 92 0.263461
6 93 0.023583
6 94 0.846427
6 95 0.959712
6 96 0.121504
6 97 0.998172
6 98 0.991800
6 99 0.029925
7 0 0.812062
7 1 0.019299
7 2 0.997834
7 3 0.999743
7 4 0.994803
7 5 0.894801
7 6 0.948613
7 7 0.000000
7 8 0.999817
7 9 0.982569
7 10 0.999674
7 11 0.998971
7 12 0.999968
7 13 0.995892
7 14 0.997944
7 15 0.961206
7 16 0.029925
7 17 0.096388
7 18 0.778725
7 19 0.992215
7 20 0.999957
7 21 0.981645
7 22 0.096388
7 23 0.999855
7 24 0.855444
7 25 0.997398
7 26 0.999940
7 27 0.996100
7 28 0.121504
7 29 0.967602
7 30 0.138922
7 31 0.999485
7 32 0.924902
7 33 0.998764
7 34 0.969222
7 35 0.967602
7 36 0.999908
7 37 0.011782
7 38 0.005177
7 39 0.002681
7 40 0.989082
7 41 0.996100
7 42 0.994803
7 43 0.961207
7 44 0.051779
7 45 0.983667
7 46 0.995892
7 47 0.996347
7 48 0.999904
7 49 0.999990
7 50 0.995379
7 51 0.999855
7 52 0.999228
7 53 0.286770
7 54 0.986202
7 55 0.023583
7 56 0.998536
7 57 0.535509
7 58 0.002681
7 59 0.999837
7 60 0.005177
7 61 0.998375
7 62 0.138922
7 63 0.999267
7 64 0.999986
7 65 0.997259
7 66 0.227550
7 67 0.757621
7 68 0.992983
7 69 0.999943
7 70 0.138922
7 71 0.985273
7 72 0.999349
7 73 0.957038
7 74 0.372722
7 75 0.910477
7 76 0.996708
7 77 0.999023
7 78 0.305549
7 79 0.994526
7 80 0.999928
7 81 0.998698
7 82 0.019299
7 83 0.997398
7 84 0.848329
7 85 0.778725
7 86 0.973967
7 87 0.035762
7 88 0.673535
7 89 0.990289
7 90 0.108547
7 91 0.997398
7 92 0.997944
7 93 0.051779
7 94 0.999891
7 95 0.998902
7 96 0.981645
7 97 0.227550
7 98 0.969222
7 99 0.472230
8 0 0.999807
8 1 0.996917
8 2 0.999024
8 3 0.415919
8 4 0.999187
8 5 0.999228
8 6 0.998265
8 7 0.999817
8 8 0.000000
8 9 0.982801
8 10 0.999943
8 11 0.071949
8 12 0.999794
8 13 0.942378
8 14 0.791203
8 15 0.999891
8 16 0.227550
8 17 0.108547
8 18 0.924902
8 19 0.936253
8 20 0.673535
8 21 0.923918
8 22 0.999837
8 23 0.991363
8 24 0.019299
8 25 0.957038
8 26 0.991363
8 27 0.999634
8 28 0.968808
8 29 0.051779
8 30 0.838911
8 31 0.227550
8 32 0.999988
8 33 0.005177
8 34 0.999132
8 35 0.999657
8 36 0.995379
8 37 0.989082
8 38 0.820693
8 39 0.995614
8 40 0.991246
8 41 0.997398
8 42 0.987725
8 43 0.987725
8 44 0.999957
8 45 0.999807
8 46 0.781351
8 47 0.999962
8 48 0.915921
8 49 0.999914
8 50 0.965441
8 51 0.138922
8 52 0.434867
8 53 0.703771
8 54 0.980672
8 55 0.945939
8 56 0.999421
8 57 0.535509
8 58 0.998147
8 59 0.999657
8 60 0.997398
8 61 0.999936
8 62 0.970761
8 63 0.051779
8 64 0.372722
8 65 0.999771
8 66 0.060180
8 67 0.995613
8 68 0.999783
8 69 0.659444
8 70 0.029925
8 71 0.956464
8 72 0.391878
8 73 0.999946
8 74 0.809757
8 75 0.999855
8 76 0.999969
8 77 0.011782
8 78 0.096388
8 79 0.999634
8 80 0.999086
8 81 0.029925
8 82 0.999543
8 83 0.071949
8 84 0.999349
8 85 0.963627
8 86 0.999675
8 87 0.855444
8 88 0.996347
8 89 0.999968
8 90 0.263461
8 91 0.011782
8 92 0.019299
8 93 0.019299
8 94 0.999973
8 95 0.800669
8 96 0.999994
8 97 0.999349
8 98 0.999939
8 99 0.995892
9 0 0.138922
9 1 0.993077
9 2 0.997398
9 3 0.967602
9 4 0.920015
9 5 0.999614
9 6 0.189109
9 7 0.982569
9 8 0.982801
9 9 0.000000
9 10 0.943131
9 11 0.992215
9 12 0.973967
9 13 0.029925
9 14 0.999954
9 15 0.995892
9 16 0.889496
9 17 0.812062
9 18 0.999817
9 19 0.999984
9 20 0.245316
9 21 0.999390
9 22 0.990780
9 23 0.838911
9 24 0.979374
9 25 0.415919
9 26 0.812062
9 27 0.477022
9 28 0.986202
9 29 0.999486
9 30 0.999711
9 31 0.997259
9 32 0.999187
9 33 0.967602
9 34 0.994156
9 35 0.029925
9 36 0.011782
9 37 0.573990
9 38 0.999711
9 39 0.415919
9 40 0.999725
9 41 0.999959
9 42 0.848329
9 43 0.999964
9 44 0.967602
9 45 0.138922
9 46 0.019299
9 47 0.995380
9 48 0.999871
9 49 0.985469
9 50 0.999512
9 51 0.029925
9 52 0.999674
9 53 0.138922
9 54 0.991246
9 55 0.998172
9 56 0.963627
9 57 0.999176
9 58 0.997259
9 59 0.971149
9 60 0.999996
9 61 0.967602
9 62 0.999486
9 63 0.768375
9 64 0.936253
9 65 0.019299
9 66 0.977134
9 67 0.959174
9 68 0.019299
9 69 0.999973
9 70 0.910477
9 71 0.997834
9 72 0.987073
9 73 0.999771
9 74 0.042353
9 75 0.999984
9 76 0.268234
9 77 0.998457
9 78 0.999639
9 79 0.963627
9 80 0.998048
9 81 0.994234
9 82 0.961206
9 83 0.928576
9 84 0.993844
9 85 0.999939
9 86 0.998536
9 87 0.985469
9 88 0.999783
9 89 0.997687
9 90 0.999855
9 91 0.889496
9 92 0.991246
9 93 0.961718
9 94 0.060180
9 95 0.189109
9 96 0.995379
9 97 0.975602
9 98 0.965441
9 99 0.477022
10 0 0.949286
10 1 0.998048
10 2 0.999969
10 3 0.035762
10 4 0.998048
10 5 0.998843
10 6 0.453650
10 7 0.999674
10 8 0.999943
10 9 0.943131
10 10 0.000000
10 11 0.781351
10 12 0.978283
10 13 0.999928
10 14 0.999946
10 15 0.011782
10 16 0.372722
10 17 0.999314
10 18 0.005177
10 19 0.923918
10 20 0.975602
10 21 0.006763
10 22 0.999518
10 23 0.855444
10 24 0.995066
10 25 0.971149
10 26 0.641070
10 27 0.011782
10 28 0.227550
10 29 0.071949
10 30 0.846427
10 31 0.888076
10 32 0.987725
10 33 0.971149
10 34 0.967602
10 35 0.961718
10 36 0.999989
10 37 0.999458
10 38 0.996152
10 39 0.999228
10 40 0.999864
10 41 0.999946
10 42 0.828969
10 43 0.999999
10 44 0.932077
10 45 0.051779
10 46 0.999837
10 47 0.998265
10 48 0.410971
10 49 0.999928
10 50 0.731785
10 51 0.905921
10 52 0.961718
10 53 0.989082
10 54 0.999914
10 55 0.999955
10 56 0.019299
10 57 0.998629
10 58 0.990780
10 59 0.029925
10 60 0.997073
10 61 0.999964
10 62 0.983667
10 63 0.997563
10 64 0.990780
10 65 0.999086
10 66 0.023583
10 67 0.999902
10 68 0.995133
10 69 0.719662
10 70 0.590401
10 71 0.993844
10 72 0.936253
10 73 0.983667
10 74 0.999897
10 75 0.998536
10 76 0.135231
10 77 0.138922
10 78 0.778726
10 79 0.391878
10 80 0.227550
10 81 0.472229
10 82 0.999132
10 83 0.999998
10 84 0.071949
10 85 0.999998
10 86 0.943131
10 87 0.993844
10 88 0.967602
10 89 0.998902
10 90 0.626001
10 91 0.993077
10 92 0.998265
10 93 0.946647
10 94 0.991800
10 95 0.948611
10 96 0.882454
10 97 0.153568
10 98 0.999952
10 99 0.961206
11 0 0.071949
11 1 0.999996
11 2 0.994526
11 3 0.011782
11 4 0.979374
11 5 0.999512
11 6 0.999817
11 7 0.998971
11 8 0.071949
11 9 0.992215
11 10 0.781351
11 11 0.000000
11 12 0.993077
11 13 0.998916
11 14 0.949286
11 15 0.882454
11 16 0.071949
11 17 0.967602
11 18 0.997073
11 19 0.108547
11 20 0.999086
11 21 0.943131
11 22 0.984490
11 23 0.227550
11 24 0.029925
11 25 0.924902
11 26 0.029925
11 27 0.659444
11 28 0.999358
11 29 0.972594
11 30 0.876570
11 31 0.051779
11 32 0.999993
11 33 0.035762
11 34 0.791203
11 35 0.453649
11 36 0.999771
11 37 0.910478
11 38 0.019299
11 39 0.989633
11 40 0.999998
11 41 0.517913
11 42 0.999132
11 43 0.999871
11 44 0.996347
11 45 0.999946
11 46 0.778726
11 47 0.999614
11 48 0.984490
11 49 0.990780
11 50 0.997944
11 51 0.989633
11 52 0.996347
11 53 0.071949
11 54 0.999176
11 55 0.992215
11 56 0.999268
11 57 0.999923
11 58 0.999486
11 59 0.659444
11 60 0.391878
11 61 0.888076
11 62 0.999725
11 63 0.005177
11 64 0.975602
11 65 0.999855
11 66 0.051779
11 67 0.999928
11 68 0.071949
11 69 0.999904
11 70 0.703771
11 71 0.935415
11 72 0.998436
11 73 0.999674
11 74 0.768376
11 75 0.590401
11 76 0.975602
11 77 0.999314
11 78 0.999566
11 79 0.999817
11 80 0.071949
11 81 0.989082
11 82 0.138922
11 83 0.996532
11 84 0.690668
11 85 0.999486
11 86 0.995672
11 87 0.703771
11 88 0.889495
11 89 0.999743
11 90 0.051779
11 91 0.942378
11 92 0.999871
11 93 0.999132
11 94 0.757621
11 95 0.999817
11 96 0.991800
11 97 0.005177
11 98 0.530966
11 99 0.757621
12 0 0.998764
12 1 0.999588
12 2 0.981645
12 3 0.982801
12 4 0.687189
12 5 0.035762
12 6 0.977134
12 7 0.999968
12 8 0.999794
12 9 0.973967
12 10 0.978283
12 11 0.993077
12 12 0.000000
12 13 0.951798
12 14 0.999711
12 15 0.999132
12 16 0.999968
12 17 0.951799
12 18 0.998971
12 19 0.978283
12 20 0.988934
12 21 0.999634
12 22 0.831064
12 23 0.988934
12 24 0.005177
12 25 0.954189
12 26 0.998957
12 27 0.972594
12 28 0.172989
12 29 0.743482
12 30 0.415919
12 31 0.227550
12 32 0.999878
12 33 0.999966
12 34 1.000000
12 35 0.999073
12 36 0.999817
12 37 0.372722
12 38 0.979374
12 39 0.189109
12 40 0.999305
12 41 0.386901
12 42 0.997944
12 43 0.019299
12 44 0.959174
12 45 0.029925
12 46 0.108547
12 47 0.987726
12 48 0.999990
12 49 0.453650
12 50 0.999996
12 51 0.831064
12 52 0.997398
12 53 0.999543
12 54 0.268234
12 55 1.000000
12 56 0.800669
12 57 0.999187
12 58 0.019299
12 59 0.984490
12 60 0.019299
12 61 0.992609
12 62 0.071949
12 63 0.268234
12 64 0.986898
12 65 0.985469
12 66 0.051779
12 67 0.928576
12 68 0.994803
12 69 0.071949
12 70 0.983667
12 71 0.999993
12 72 0.999979
12 73 0.138922
12 74 0.051779
12 75 0.924902
12 76 0.372722
12 77 0.998698
12 78 0.924902
12 79 0.051779
12 80 0.096388
12 81 0.905921
12 82 0.082237
12 83 0.998172
12 84 0.071949
12 85 1.000000
12 86 0.996100
12 87 0.990780
12 88 0.999847
12 89 0.965441
12 90 0.998048
12 91 0.029925
12 92 0.005177
12 93 0.992215
12 94 0.071949
12 95 0.005177
12 96 0.005177
12 97 0.096388
12 98 0.999458
12 99 0.997687
13 0 0.800669
13 1 0.980411
13 2 0.590401
13 3 0.994873
13 4 0.535509
13 5 0.977135
13 6 0.994526
13 7 0.995892
13 8 0.942378
13 9 0.029925
13 10 0.999928
13 11 0.998916
13 12 0.951798
13 13 0.000000
13 14 0.999996
13 15 0.983667
13 16 0.946647
13 17 0.757621
13 18 0.996917
13 19 0.035762
13 20 0.071949
13 21 0.996347
13 22 0.993844
13 23 0.972594
13 24 0.999977
13 25 0.999024
13 26 0.121504
13 27 0.310464
13 28 0.791203
13 29 0.894800
13 30 0.999966
13 31 0.703771
13 32 0.998047
13 33 0.999981
13 34 0.987073
13 35 0.896141
13 36 0.999176
13 37 0.969221
13 38 0.138922
13 39 0.999988
13 40 0.999928
13 41 0.999962
13 42 0.227550
13 43 0.991800
13 44 0.391878
13 45 0.995892
13 46 0.998843
13 47 0.987726
13 48 0.989082
13 49 0.999853
13 50 0.655709
13 51 0.011782
13 52 0.998781
13 53 0.992708
13 54 0.019299
13 55 0.848329
13 56 0.997563
13 57 0.846427
13 58 0.071949
13 59 0.992708
13 60 0.999990
13 61 0.989082
13 62 0.999904
13 63 0.882454
13 64 0.999871
13 65 0.573990
13 66 0.935412
13 67 0.051779
13 68 0.029925
13 69 0.988501
13 70 0.999085
13 71 0.999931
13 72 0.998457
13 73 0.882454
13 74 0.477022
13 75 0.838911
13 76 0.996100
13 77 0.999943
13 78 0.999756
13 79 0.889496
13 80 0.172989
13 81 0.978283
13 82 0.855444
13 83 0.999855
13 84 0.999995
13 85 0.019299
13 86 0.051779
13 87 0.138922
13 88 0.998048
13 89 0.998265
13 90 0.999132
13 91 0.999903
13 92 0.965898
13 93 0.999914
13 94 0.990780
13 95 0.998457
13 96 0.998172
13 97 0.210224
13 98 0.993077
13 99 0.998843
14 0 0.942377
14 1 0.999819
14 2 0.982569
14 3 0.999954
14 4 0.846427
14 5 0.972594
14 6 0.998629
14 7 0.997944
14 8 0.791203
14 9 0.999954
14 10 0.999946
14 11 0.949286
14 12 0.999711
14 13 0.999996
14 14 0.000000
14 15 0.999904
14 16 0.999675
14 17 0.999999
14 18 0.082237
14 19 0.996917
14 20 0.093360
14 21 0.954189
14 22 0.227550
14 23 0.029925
14 24 0.928576
14 25 0.997398
14 26 0.999543
14 27 0.998698
14 28 0.391878
14 29 0.982569
14 30 0.999987
14 31 0.999657
14 32 0.998843
14 33 0.989633
14 34 0.846427
14 35 0.999228
14 36 0.976826
14 37 0.997074
14 38 0.957037
14 39 0.153568
14 40 0.305549
14 41 0.999919
14 42 0.023583
14 43 0.999986
14 44 0.997398
14 45 0.019299
14 46 0.999957
14 47 0.993427
14 48 0.998457
14 49 0.999543
14 50 0.985469
14 51 0.999996
14 52 0.997804
14 53 0.999919
14 54 0.901145
14 55 0.108547
14 56 0.998353
14 57 0.998375
14 58 0.999910
14 59 0.641070
14 60 0.999998
14 61 0.108547
14 62 0.005177
14 63 0.372722
14 64 0.988345
14 65 0.995133
14 66 0.820692
14 67 0.986202
14 68 0.042353
14 69 0.828969
14 70 0.569659
14 71 0.029925
14 72 0.268234
14 73 0.999458
14 74 0.994803
14 75 0.993077
14 76 0.391878
14 77 0.019299
14 78 0.552765
14 79 0.997687
14 80 0.051779
14 81 0.995133
14 82 0.998916
14 83 0.415919
14 84 0.999566
14 85 0.978283
14 86 0.610510
14 87 0.415919
14 88 0.096388
14 89 0.989634
14 90 0.999593
14 91 0.991800
14 92 0.996753
14 93 0.936253
14 94 0.051779
14 95 0.210224
14 96 0.901145
14 97 0.999771
14 98 0.035762
14 99 0.870414
15 0 0.995613
15 1 0.172989
15 2 0.996532
15 3 0.999783
15 4 0.998698
15 5 0.071949
15 6 0.731785
15 7 0.961206
15 8 0.999891
15 9 0.995892
15 10 0.011782
15 11 0.882454
15 12 0.999132
15 13 0.983667
15 14 0.999904
15 15 0.000000
15 16 0.305550
15 17 0.985469
15 18 0.901145
15 19 0.019299
15 20 0.932077
15 21 0.997259
15 22 0.997944
15 23 0.932960
15 24 0.996100
15 25 0.876570
15 26 0.999966
15 27 0.972594
15 28 0.011782
15 29 0.189109
15 30 0.987726
15 31 0.029925
15 32 0.987073
15 33 0.788679
15 34 0.029925
15 35 0.999891
15 36 0.999794
15 37 0.513285
15 38 0.029925
15 39 0.951799
15 40 0.517913
15 41 0.911627
15 42 0.029925
15 43 0.971149
15 44 0.999588
15 45 0.999959
15 46 0.245316
15 47 0.996917
15 48 0.969222
15 49 0.983668
15 50 0.820692
15 51 0.993077
15 52 0.999277
15 53 0.029925
15 54 0.905920
15 55 0.998843
15 56 0.990289
15 57 0.920015
15 58 0.999743
15 59 0.999878
15 60 0.189109
15 61 0.998265
15 62 0.976826
15 63 0.943131
15 64 0.988345
15 65 0.999914
15 66 0.029925
15 67 0.999268
15 68 0.992215
15 69 0.989632
15 70 0.996347
15 71 0.999634
15 72 0.896141
15 73 0.981645
15 74 0.987725
15 75 0.071949
15 76 0.035762
15 77 0.838911
15 78 0.998843
15 79 0.999679
15 80 0.573990
15 81 0.978283
15 82 0.999691
15 83 0.999993
15 84 0.071949
15 85 0.876570
15 86 0.999390
15 87 0.990780
15 88 0.967602
15 89 0.999980
15 90 0.999390
15 91 0.205799
15 92 0.868767
15 93 0.999928
15 94 0.957037
15 95 0.995836
15 96 0.991246
15 97 0.610510
15 98 0.997398
15 99 0.286770
16 0 0.495294
16 1 0.019299
16 2 0.999421
16 3 0.999998
16 4 0.999977
16 5 0.999826
16 6 0.999512
16 7 0.029925
16 8 0.227550
16 9 0.889496
16 10 0.372722
16 11 0.071949
16 12 0.999968
16 13 0.946647
16 14 0.999675
16 15 0.305550
16 16 0.000000
16 17 0.626001
16 18 0.999314
16 19 0.071949
16 20 0.911627
16 21 0.999837
16 22 0.989633
16 23 0.205799
16 24 0.999421
16 25 0.071949
16 26 0.573990
16 27 0.998781
16 28 0.982801
16 29 0.894801
16 30 0.987725
16 31 0.951799
16 32 0.986898
16 33 0.999588
16 34 0.972594
16 35 0.172989
16 36 0.999908
16 37 0.002681
16 38 0.071949
16 39 0.901145
16 40 0.999817
16 41 0.957037
16 42 0.434867
16 43 0.882454
16 44 0.999968
16 45 0.768375
16 46 0.996100
16 47 0.051779
16 48 0.999120
16 49 0.999314
16 50 0.993077
16 51 0.999962
16 52 0.999855
16 53 0.391878
16 54 0.959174
16 55 0.998843
16 56 0.915921
16 57 0.071949
16 58 0.060180
16 59 0.728674
16 60 0.019299
16 61 0.999794
16 62 0.998971
16 63 0.980411
16 64 0.972594
16 65 0.590401
16 66 0.286770
16 67 0.999086
16 68 0.928576
16 69 0.838911
16 70 0.999993
16 71 0.453650
16 72 0.980672
16 73 0.731785
16 74 0.999739
16 75 0.997398
16 76 0.096388
16 77 0.994526
16 78 0.998048
16 79 0.998265
16 80 0.788678
16 81 0.996532
16 82 0.999980
16 83 0.992215
16 84 0.788679
16 85 0.901145
16 86 0.940181
16 87 0.831064
16 88 0.029925
16 89 0.997804
16 90 0.997804
16 91 0.987725
16 92 0.060180
16 93 0.976825
16 94 0.999314
16 95 0.988345
16 96 0.932960
16 97 0.972594
16 98 0.071949
16 99 0.019299
17 0 0.987725
17 1 0.999657
17 2 0.998147
17 3 0.998781
17 4 0.971149
17 5 0.998903
17 6 0.959174
17 7 0.096388
17 8 0.108547
17 9 0.812062
17 10 0.999314
17 11 0.967602
17 12 0.951799
17 13 0.757621
17 14 0.999999
17 15 0.985469
17 16 0.626001
17 17 0.000000
17 18 0.743482
17 19 0.901145
17 20 0.985272
17 21 0.981645
17 22 0.957037
17 23 0.999998
17 24 0.959174
17 25 0.189109
17 26 0.324511
17 27 0.999783
17 28 0.644918
17 29 0.999955
17 30 0.999855
17 31 0.984490
17 32 0.626001
17 33 0.998629
17 34 0.989633
17 35 0.034173
17 36 0.082237
17 37 0.626001
17 38 0.979374
17 39 0.936253
17 40 0.998781
17 41 0.999176
17 42 0.998265
17 43 0.999878
17 44 0.082237
17 45 0.987725
17 46 0.963627
17 47 0.949286
17 48 0.999977
17 49 0.996917
17 50 0.005177
17 51 0.268234
17 52 0.996532
17 53 0.999743
17 54 0.948613
17 55 0.029925
17 56 0.999984
17 57 0.172989
17 58 0.943131
17 59 0.999967
17 60 0.999878
17 61 0.997687
17 62 0.963627
17 63 0.996100
17 64 0.093360
17 65 0.999949
17 66 0.998698
17 67 0.019299
17 68 0.999828
17 69 0.977135
17 70 0.082237
17 71 0.838911
17 72 0.096388
17 73 0.996347
17 74 0.781351
17 75 0.932960
17 76 0.268234
17 77 0.999314
17 78 0.936253
17 79 0.982801
17 80 0.998698
17 81 0.923918
17 82 0.999928
17 83 0.029925
17 84 0.894801
17 85 0.029925
17 86 0.029925
17 87 0.998353
17 88 0.995379
17 89 0.391878
17 90 0.096388
17 91 0.999871
17 92 0.883941
17 93 0.590401
17 94 0.997916
17 95 0.999986
17 96 0.967602
17 97 0.626001
17 98 0.995379
17 99 0.415919
18 0 0.945939
18 1 0.268234
18 2 0.932960
18 3 0.999674
18 4 0.138922
18 5 0.994803
18 6 0.703771
18 7 0.778725
18 8 0.924902
18 9 0.999817
18 10 0.005177
18 11 0.997073
18 12 0.998971
18 13 0.996917
18 14 0.082237
18 15 0.901145
18 16 0.999314
18 17 0.743482
18 18 0.000000
18 19 0.999486
18 20 0.915921
18 21 0.999657
18 22 0.975273
18 23 0.932960
18 24 0.999976
18 25 0.051779
18 26 0.998457
18 27 0.992214
18 28 0.985469
18 29 0.999518
18 30 0.011782
18 31 0.997398
18 32 0.969629
18 33 0.168897
18 34 0.189109
18 35 0.928576
18 36 0.994526
18 37 0.932077
18 38 0.993077
18 39 0.029925
18 40 0.979374
18 41 0.889496
18 42 0.991800
18 43 0.999086
18 44 0.999992
18 45 0.996917
18 46 0.998457
18 47 0.051779
18 48 0.997687
18 49 0.999486
18 50 0.743482
18 51 0.978283
18 52 0.999543
18 53 0.899866
18 54 0.998536
18 55 0.991246
18 56 0.626001
18 57 0.513285
18 58 0.951799
18 59 0.071949
18 60 0.999897
18 61 0.999991
18 62 0.939390
18 63 0.999421
18 64 0.716439
18 65 0.731785
18 66 0.573990
18 67 0.999998
18 68 0.943131
18 69 0.999086
18 70 0.138922
18 71 0.071949
18 72 0.889496
18 73 0.998536
18 74 0.984491
18 75 0.999674
18 76 0.999421
18 77 0.981645
18 78 0.535509
18 79 0.999998
18 80 0.999711
18 81 0.991246
18 82 0.998971
18 83 0.809758
18 84 0.051779
18 85 0.999908
18 86 0.999695
18 87 0.029925
18 88 0.901145
18 89 0.996917
18 90 0.781351
18 91 0.999864
18 92 0.999959
18 93 0.999908
18 94 0.986202
18 95 0.803068
18 96 0.985469
18 97 0.051779
18 98 0.999986
18 99 0.999986
19 0 0.999993
19 1 0.959174
19 2 0.978283
19 3 0.082237
19 4 0.172989
19 5 0.093360
19 6 0.996100
19 7 0.992215
19 8 0.936253
19 9 0.999984
19 10 0.923918
19 11 0.108547
19 12 0.978283
19 13 0.035762
19 14 0.996917
19 15 0.019299
19 16 0.071949
19 17 0.901145
19 18 0.999486
19 19 0.000000
19 20 0.965442
19 21 0.051779
19 22 0.995613
19 23 0.997398
19 24 0.029925
19 25 0.983667
19 26 0.999614
19 27 0.999711
19 28 0.993844
19 29 0.108547
19 30 0.975602
19 31 0.999980
19 32 0.993427
19 33 0.914824
19 34 0.172989
19 35 0.988345
19 36 0.998536
19 37 0.999725
19 38 0.990780
19 39 0.172989
19 40 0.996298
19 41 0.999995
19 42 0.029925
19 43 0.976826
19 44 0.999897
19 45 0.999711
19 46 0.999566
19 47 0.999990
19 48 0.029925
19 49 0.999086
19 50 0.973967
19 51 0.970761
19 52 0.286770
19 53 0.019299
19 54 0.415919
19 55 0.991800
19 56 0.999957
19 57 0.997073
19 58 0.999992
19 59 0.999946
19 60 0.999588
19 61 0.999674
19 62 0.673535
19 63 0.995892
19 64 0.994526
19 65 0.552766
19 66 0.999968
19 67 0.915921
19 68 0.972594
19 69 0.992708
19 70 0.999986
19 71 0.999863
19 72 0.138922
19 73 0.998536
19 74 0.999994
19 75 0.071949
19 76 0.998536
19 77 0.005177
19 78 0.535509
19 79 0.998555
19 80 0.969221
19 81 0.998536
19 82 0.477022
19 83 0.978283
19 84 0.673535
19 85 0.951799
19 86 0.014763
19 87 0.029925
19 88 0.035762
19 89 0.029925
19 90 0.051779
19 91 0.138922
19 92 0.019299
19 93 0.029925
19 94 0.096388
19 95 0.972594
19 96 0.951799
19 97 0.329464
19 98 0.029925
19 99 0.999959
20 0 0.997398
20 1 0.641070
20 2 0.921048
20 3 0.138922
20 4 0.846427
20 5 0.245316
20 6 0.999783
20 7 0.999957
20 8 0.673535
20 9 0.245316
20 10 0.975602
20 11 0.999086
20 12 0.988934
20 13 0.071949
20 14 0.093360
20 15 0.932077
20 16 0.911627
20 17 0.985272
20 18 0.915921
20 19 0.965442
20 20 0.000000
20 21 0.965442
20 22 0.983668
20 23 0.286770
20 24 0.719662
20 25 0.245316
20 26 0.999984
20 27 0.035762
20 28 0.987726
20 29 0.999512
20 30 0.999314
20 31 0.996753
20 32 0.999976
20 33 0.268234
20 34 0.153568
20 35 0.029925
20 36 0.999986
20 37 0.999305
20 38 0.838911
20 39 0.029925
20 40 0.999817
20 41 0.978283
20 42 0.999421
20 43 0.999614
20 44 0.970761
20 45 0.999566
20 46 0.993516
20 47 0.472229
20 48 0.005177
20 49 0.999952
20 50 0.573990
20 51 0.999695
20 52 0.051779
20 53 0.986202
20 54 0.910477
20 55 0.999657
20 56 0.942378
20 57 0.999855
20 58 0.999855
20 59 0.998265
20 60 0.920015
20 61 0.997259
20 62 0.999996
20 63 0.999486
20 64 0.985272
20 65 0.263461
20 66 0.071949
20 67 0.999176
20 68 0.227550
20 69 0.975273
20 70 0.981645
20 71 0.029925
20 72 0.993427
20 73 0.995892
20 74 0.172989
20 75 0.894801
20 76 0.995613
20 77 0.227550
20 78 0.029925
20 79 0.329464
20 80 0.096388
20 81 0.189109
20 82 0.005177
20 83 0.997398
20 84 0.703771
20 85 0.990780
20 86 0.985469
20 87 0.995892
20 88 0.983668
20 89 0.945939
20 90 0.971149
20 91 0.999999
20 92 0.434867
20 93 1.000000
20 94 0.005177
20 95 0.998265
20 96 0.991246
20 97 0.995379
20 98 0.993844
20 99 0.999086
21 0 0.999807
21 1 0.999976
21 2 0.948613
21 3 0.820692
21 4 0.998536
21 5 0.999277
21 6 0.573990
21 7 0.981645
21 8 0.923918
21 9 0.999390
21 10 0.006763
21 11 0.943131
21 12 0.999634
21 13 0.996347
21 14 0.954189
21 15 0.997259
21 16 0.999837
21 17 0.981645
21 18 0.999657
21 19 0.051779
21 20 0.965442
21 21 0.000000
21 22 0.928576
21 23 0.924902
21 24 0.998843
21 25 0.994155
21 26 0.999992
21 27 0.992708
21 28 0.996532
21 29 0.999614
21 30 0.999729
21 31 0.069412
21 32 0.998074
21 33 0.998971
21 34 0.003622
21 35 1.000000
21 36 0.999743
21 37 0.838911
21 38 0.071949
21 39 0.138922
21 40 0.626001
21 41 0.029925
21 42 0.999711
21 43 0.994156
21 44 0.002681
21 45 0.096388
21 46 0.975602
21 47 0.959174
21 48 0.999991
21 49 0.883941
21 50 0.655709
21 51 0.998843
21 52 0.998147
21 53 0.998457
21 54 0.999998
21 55 0.268234
21 56 0.980672
21 57 0.029925
21 58 0.996532
21 59 0.990780
21 60 0.984491
21 61 0.975602
21 62 0.205798
21 63 0.071949
21 64 0.011782
21 65 0.172989
21 66 0.949286
21 67 0.719662
21 68 0.999971
21 69 0.985469
21 70 0.894801
21 71 0.999904
21 72 0.029925
21 73 0.876570
21 74 0.996708
21 75 0.999695
21 76 0.997944
21 77 0.227550
21 78 0.988933
21 79 0.998764
21 80 0.998172
21 81 0.997398
21 82 0.997804
21 83 0.924902
21 84 0.096388
21 85 0.743482
21 86 0.153568
21 87 0.999743
21 88 0.862254
21 89 0.998843
21 90 0.995379
21 91 0.924902
21 92 0.971149
21 93 0.535509
21 94 0.997530
21 95 0.998902
21 96 0.996347
21 97 0.991800
21 98 0.999314
21 99 0.999588
22 0 0.954792
22 1 0.855444
22 2 0.999993
22 3 1.000000
22 4 0.367737
22 5 0.855444
22 6 0.954189
22 7 0.096388
22 8 0.999837
22 9 0.990780
22 10 0.999518
22 11 0.984490
22 12 0.831064
22 13 0.993844
22 14 0.227550
22 15 0.997944
22 16 0.989633
22 17 0.957037
22 18 0.975273
22 19 0.995613
22 20 0.983668
22 21 0.928576
22 22 0.000000
22 23 0.999797
22 24 0.999990
22 25 0.999797
22 26 0.999940
22 27 0.883941
22 28 0.329464
22 29 0.138922
22 30 0.999543
22 31 0.999349
22 32 0.999966
22 33 0.975602
22 34 0.951799
22 35 0.957037
22 36 0.999743
22 37 0.997074
22 38 0.263461
22 39 0.703771
22 40 0.999382
22 41 0.954792
22 42 0.932960
22 43 0.999807
22 44 0.997398
22 45 0.800669
22 46 0.999902
22 47 0.227550
22 48 0.993077
22 49 0.882454
22 50 0.082237
22 51 0.976826
22 52 0.954792
22 53 0.768376
22 54 0.999855
22 55 0.983667
22 56 0.800668
22 57 0.999992
22 58 0.932960
22 59 0.936253
22 60 0.936253
22 61 0.014763
22 62 0.800669
22 63 0.999978
22 64 0.994526
22 65 0.999132
22 66 0.138922
22 67 0.984490
22 68 0.800669
22 69 0.868768
22 70 0.108547
22 71 0.999973
22 72 0.998536
22 73 0.992708
22 74 0.999829
22 75 0.999871
22 76 0.971149
22 77 0.999952
22 78 0.999971
22 79 0.999783
22 80 0.983667
22 81 0.659444
22 82 0.035762
22 83 0.999984
22 84 0.990780
22 85 0.991800
22 86 0.997563
22 87 0.998610
22 88 0.999783
22 89 0.999797
22 90 0.517913
22 91 0.999994
22 92 0.995892
22 93 0.998375
22 94 0.999990
22 95 0.868768
22 96 0.992708
22 97 0.286770
22 98 0.994155
22 99 0.985469
23 0 0.998843
23 1 0.989772
23 2 0.999566
23 3 0.108547
23 4 0.990157
23 5 0.535509
23 6 0.990289
23 7 0.999855
23 8 0.991363
23 9 0.838911
23 10 0.855444
23 11 0.227550
23 12 0.988934
23 13 0.972594
23 14 0.029925
23 15 0.932960
23 16 0.205799
23 17 0.999998
23 18 0.932960
23 19 0.997398
23 20 0.286770
23 21 0.924902
23 22 0.999797
23 23 0.000000
23 24 0.999794
23 25 0.853624
23 26 0.940181
23 27 0.035762
23 28 0.997563
23 29 0.172989
23 30 0.999349
23 31 0.989633
23 32 0.994156
23 33 1.000000
23 34 0.997259
23 35 0.988345
23 36 0.999837
23 37 0.791203
23 38 0.915921
23 39 0.996533
23 40 0.910477
23 41 0.855444
23 42 0.673535
23 43 0.029925
23 44 0.429954
23 45 0.035762
23 46 0.096388
23 47 0.996100
23 48 0.998843
23 49 0.172989
23 50 0.999976
23 51 0.999980
23 52 0.965441
23 53 0.997687
23 54 0.994526
23 55 0.996917
23 56 0.939390
23 57 0.980411
23 58 0.860512
23 59 0.924902
23 60 0.988345
23 61 0.949286
23 62 0.862254
23 63 0.980411
23 64 0.988934
23 65 0.996917
23 66 0.391878
23 67 0.831065
23 68 0.905921
23 69 0.999314
23 70 0.994452
23 71 0.999614
23 72 0.978283
23 73 0.999864
23 74 0.999998
23 75 0.606413
23 76 0.999976
23 77 0.999897
23 78 0.205799
23 79 0.993516
23 80 0.998457
23 81 0.999132
23 82 0.940181
23 83 0.996532
23 84 0.035762
23 85 0.994803
23 86 0.995613
23 87 0.754757
23 88 0.051779
23 89 0.268234
23 90 0.831064
23 91 0.690668
23 92 0.996152
23 93 0.138922
23 94 0.996532
23 95 0.029925
23 96 0.999997
23 97 0.641070
23 98 0.870414
23 99 0.153568
24 0 0.999994
24 1 0.168897
24 2 0.939390
24 3 0.999691
24 4 0.415919
24 5 0.984490
24 6 0.999999
24 7 0.855444
24 8 0.019299
24 9 0.979374
24 10 0.995066
24 11 0.029925
24 12 0.005177
24 13 0.999977
24 14 0.928576
24 15 0.996100
24 16 0.999421
24 17 0.959174
24 18 0.999976
24 19 0.029925
24 20 0.719662
24 21 0.998843
24 22 0.999990
24 23 0.999794
24 24 0.000000
24 25 0.372722
24 26 0.979374
24 27 0.999999
24 28 0.051779
24 29 0.999989
24 30 0.687190
24 31 0.999928
24 32 0.990157
24 33 0.999771
24 34 0.997530
24 35 0.002681
24 36 0.096388
24 37 0.990780
24 38 0.855444
24 39 0.644918
24 40 0.991800
24 41 0.855444
24 42 0.969629
24 43 0.754757
24 44 0.936253
24 45 0.029925
24 46 0.999975
24 47 0.096388
24 48 0.029925
24 49 0.983668
24 50 0.286770
24 51 0.245316
24 52 0.999999
24 53 0.975602
24 54 0.138922
24 55 0.997687
24 56 0.999986
24 57 0.005177
24 58 0.979374
24 59 0.998457
24 60 0.831064
24 61 0.997687
24 62 0.920015
24 63 0.997259
24 64 0.989082
24 65 0.882454
24 66 0.999871
24 67 0.999964
24 68 0.477022
24 69 0.949286
24 70 0.999955
24 71 0.096388
24 72 0.029925
24 73 0.997804
24 74 0.951799
24 75 0.998765
24 76 0.989495
24 77 0.005177
24 78 0.051779
24 79 0.978283
24 80 0.108547
24 81 0.135230
24 82 0.994803
24 83 0.096388
24 84 0.997916
24 85 0.957038
24 86 0.071949
24 87 0.977989
24 88 0.996875
24 89 0.951799
24 90 0.812062
24 91 0.989082
24 92 0.310464
24 93 0.610510
24 94 0.999024
24 95 0.855444
24 96 0.924902
24 97 0.994451
24 98 0.936254
24 99 0.391878
25 0 0.920015
25 1 0.372722
25 2 0.391878
25 3 0.996708
25 4 0.011782
25 5 0.329464
25 6 0.999991
25 7 0.997398
25 8 0.957038
25 9 0.415919
25 10 0.971149
25 11 0.924902
25 12 0.954189
25 13 0.999024
25 14 0.997398
25 15 0.876570
25 16 0.071949
25 17 0.189109
25 18 0.051779
25 19 0.983667
25 20 0.245316
25 21 0.994155
25 22 0.999797
25 23 0.853624
25 24 0.372722
25 25 0.000000
25 26 0.227550
25 27 0.999993
25 28 0.189109
25 29 0.051779
25 30 0.999536
25 31 0.987725
25 32 0.999817
25 33 0.942377
25 34 0.096388
25 35 0.831064
25 36 0.954189
25 37 0.093361
25 38 0.915921
25 39 0.011782
25 40 0.998457
25 41 0.979374
25 42 0.963627
25 43 0.071949
25 44 0.994526
25 45 0.006763
25 46 0.846427
25 47 0.990780
25 48 0.096388
25 49 0.999991
25 50 0.853624
25 51 0.999837
25 52 0.029925
25 53 0.999657
25 54 0.901145
25 55 0.999794
25 56 0.082237
25 57 0.108547
25 58 0.019299
25 59 0.992708
25 60 0.999928
25 61 0.999995
25 62 0.996917
25 63 0.189109
25 64 0.999984
25 65 0.997563
25 66 0.992215
25 67 0.999871
25 68 0.999992
25 69 0.999981
25 70 0.019299
25 71 0.005177
25 72 0.889496
25 73 0.986202
25 74 0.981645
25 75 0.035762
25 76 0.029925
25 77 0.999512
25 78 0.993077
25 79 0.517913
25 80 0.999897
25 81 0.029925
25 82 0.975602
25 83 0.999451
25 84 0.932077
25 85 0.453650
25 86 0.999980
25 87 1.000000
25 88 0.999936
25 89 0.011782
25 90 0.957037
25 91 0.999936
25 92 0.992215
25 93 0.994803
25 94 0.996917
25 95 0.976826
25 96 0.985272
25 97 0.997687
25 98 0.071949
25 99 0.999996
26 0 0.995892
26 1 0.999743
26 2 0.945939
26 3 0.992609
26 4 0.862254
26 5 0.994155
26 6 0.348574
26 7 0.999940
26 8 0.991363
26 9 0.812062
26 10 0.641070
26 11 0.029925
26 12 0.998957
26 13 0.121504
26 14 0.999543
26 15 0.999966
26 16 0.573990
26 17 0.324511
26 18 0.998457
26 19 0.999614
26 20 0.999984
26 21 0.999992
26 22 0.999940
26 23 0.940181
26 24 0.979374
26 25 0.227550
26 26 0.000000
26 27 0.626001
26 28 0.963627
26 29 0.029925
26 30 0.998957
26 31 0.984490
26 32 0.985469
26 33 0.989082
26 34 0.998172
26 35 0.071949
26 36 0.932960
26 37 0.999421
26 38 0.998843
26 39 0.138922
26 40 0.911627
26 41 0.781351
26 42 0.071949
26 43 0.996533
26 44 0.415919
26 45 0.719662
26 46 0.999984
26 47 0.998048
26 48 0.995379
26 49 0.999485
26 50 0.999872
26 51 0.999187
26 52 0.803068
26 53 0.005177
26 54 0.812062
26 55 0.999566
26 56 0.999864
26 57 0.573990
26 58 0.999382
26 59 0.928577
26 60 0.082237
26 61 0.989633
26 62 0.071949
26 63 0.999566
26 64 0.996347
26 65 0.998698
26 66 0.659444
26 67 0.108547
26 68 0.998048
26 69 0.812062
26 70 0.268234
26 71 0.999928
26 72 0.959174
26 73 0.986202
26 74 0.999931
26 75 0.108547
26 76 0.998827
26 77 0.996100
26 78 0.999855
26 79 0.042353
26 80 0.996917
26 81 0.990780
26 82 0.690668
26 83 0.002681
26 84 0.999657
26 85 0.999978
26 86 0.998698
26 87 0.029925
26 88 0.372722
26 89 0.993844
26 90 0.768376
26 91 0.472229
26 92 0.932960
26 93 0.981645
26 94 0.901145
26 95 0.997687
26 96 0.999634
26 97 0.999984
26 98 0.138922
26 99 0.626001
27 0 0.996532
27 1 0.990157
27 2 0.969221
27 3 0.982568
27 4 0.995379
27 5 0.972594
27 6 0.035762
27 7 0.996100
27 8 0.999634
27 9 0.477022
27 10 0.011782
27 11 0.659444
27 12 0.972594
27 13 0.310464
27 14 0.998698
27 15 0.972594
27 16 0.998781
27 17 0.999783
27 18 0.992214
27 19 0.999711
27 20 0.035762
27 21 0.992708
27 22 0.883941
27 23 0.035762
27 24 0.999999
27 25 0.999993
27 26 0.626001
27 27 0.000000
27 28 0.641070
27 29 0.985469
27 30 0.812062
27 31 0.940181
27 32 0.812062
27 33 0.731785
27 34 0.889496
27 35 0.928576
27 36 0.999512
27 37 0.999783
27 38 0.035762
27 39 0.023583
27 40 0.011782
27 41 0.949286
27 42 0.998971
27 43 0.820692
27 44 0.082237
27 45 0.019299
27 46 0.227550
27 47 0.999993
27 48 0.997398
27 49 0.997398
27 50 0.999614
27 51 0.999674
