0 0 0.000000
0 1 0.999855
0 2 0.051779
0 3 0.999979
0 4 0.999768
0 5 0.999871
0 6 0.951799
0 7 0.862254
0 8 0.999634
0 9 0.690668
0 10 0.979374
0 11 0.071949
0 12 0.999918
0 13 0.969222
0 14 0.997916
0 15 0.998436
0 16 0.820692
0 17 0.997687
0 18 0.999588
0 19 0.999999
0 20 0.999073
0 21 0.999305
0 22 0.995892
0 23 0.999588
0 24 1.000000
0 25 0.999268
0 26 0.999946
0 27 0.995836
0 28 0.995066
0 29 0.731785
0 30 0.993077
0 31 0.999674
0 32 0.977134
0 33 0.999999
0 34 0.998021
0 35 0.986898
0 36 0.984491
0 37 1.000000
0 38 0.992708
0 39 0.329464
0 40 0.999176
0 41 0.998265
0 42 0.071949
0 43 0.999991
0 44 0.998021
0 45 0.999884
0 46 0.999963
0 47 0.690668
0 48 0.626001
0 49 0.975602
0 50 0.002681
0 51 0.975602
0 52 0.996298
0 53 0.998147
0 54 0.972226
0 55 0.348574
0 56 0.973967
0 57 0.573990
0 58 0.011782
0 59 0.999382
0 60 0.019299
0 61 0.948613
0 62 0.971149
0 63 0.245316
0 64 0.754757
0 65 0.006763
0 66 0.999690
0 67 0.029925
0 68 0.886639
0 69 0.999998
0 70 0.999923
0 71 0.999566
0 72 0.999780
0 73 0.998764
0 74 0.991800
0 75 0.942378
0 76 0.019299
0 77 0.999132
0 78 0.996532
0 79 0.071949
0 80 0.999132
0 81 0.367737
0 82 0.999566
0 83 0.082237
0 84 0.993427
0 85 0.997530
0 86 1.000000
0 87 0.980672
0 88 0.019299
0 89 0.999977
0 90 0.168897
0 91 0.071949
0 92 0.999928
0 93 0.882454
0 94 0.888076
0 95 0.999451
0 96 0.999783
0 97 0.000372
0 98 0.172989
0 99 0.138922
1 0 0.999855
1 1 0.000000
1 2 0.999421
1 3 0.415919
1 4 0.999931
1 5 0.923918
1 6 0.999876
1 7 0.002681
1 8 0.999863
1 9 0.992609
1 10 0.999305
1 11 1.000000
1 12 0.999972
1 13 0.995836
1 14 0.998843
1 15 0.644918
1 16 0.019299
1 17 0.999349
1 18 0.831064
1 19 0.997073
1 20 0.105308
1 21 0.999999
1 22 0.894801
1 23 0.999086
1 24 0.069412
1 25 0.838911
1 26 0.999988
1 27 0.998680
1 28 0.999566
1 29 0.990780
1 30 1.000000
1 31 0.138922
1 32 0.042353
1 33 0.999870
1 34 0.984491
1 35 0.996298
1 36 0.108547
1 37 0.644918
1 38 0.999995
1 39 0.205798
1 40 0.011782
1 41 0.029925
1 42 0.997804
1 43 0.999349
1 44 0.956464
1 45 0.999966
1 46 0.999479
1 47 0.999994
1 48 0.189109
1 49 0.391878
1 50 0.999807
1 51 0.999120
1 52 0.862254
1 53 0.999657
1 54 0.882454
1 55 0.999794
1 56 0.838911
1 57 0.189109
1 58 0.963627
1 59 0.999657
1 60 0.003622
1 61 0.967602
1 62 0.998781
1 63 0.999998
1 64 0.011782
1 65 0.999783
1 66 0.809759
1 67 0.391878
1 68 0.429954
1 69 0.999942
1 70 0.999691
1 71 0.999961
1 72 0.367737
1 73 0.999771
1 74 0.999990
1 75 0.069412
1 76 0.990655
1 77 0.988934
1 78 0.999218
1 79 0.967602
1 80 0.999992
1 81 0.029925
1 82 0.791202
1 83 0.999176
1 84 0.958628
1 85 0.999614
1 86 0.002681
1 87 0.982569
1 88 0.998353
1 89 0.999999
1 90 0.959174
1 91 0.999588
1 92 0.994803
1 93 0.999268
1 94 0.972594
1 95 0.838911
1 96 0.993077
1 97 0.876570
1 98 0.051779
1 99 0.999999
2 0 0.051779
2 1 0.999421
2 2 0.000000
2 3 0.999971
2 4 0.993077
2 5 0.051779
2 6 0.998048
2 7 0.999828
2 8 0.999479
2 9 0.999931
2 10 0.999981
2 11 0.998457
2 12 0.991246
2 13 0.928576
2 14 0.997655
2 15 0.999969
2 16 0.999783
2 17 0.999938
2 18 0.959174
2 19 0.965442
2 20 0.943131
2 21 0.927638
2 22 0.999999
2 23 0.999998
2 24 0.986015
2 25 0.928576
2 26 0.986202
2 27 0.980411
2 28 0.999923
2 29 0.999939
2 30 0.999999
2 31 0.051779
2 32 0.995379
2 33 0.939390
2 34 0.999991
2 35 0.999739
2 36 0.019299
2 37 0.999985
2 38 0.996875
2 39 0.974313
2 40 0.990157
2 41 0.997687
2 42 1.000000
2 43 0.305549
2 44 0.121504
2 45 0.995316
2 46 0.999691
2 47 0.999991
2 48 1.000000
2 49 1.000000
2 50 0.019299
2 51 0.096388
2 52 0.051779
2 53 0.998781
2 54 1.000000
2 55 0.997687
2 56 0.993429
2 57 0.999966
2 58 0.999132
2 59 0.990780
2 60 0.999988
2 61 0.987559
2 62 0.305549
2 63 0.019299
2 64 0.434867
2 65 0.999977
2 66 0.172989
2 67 0.963627
2 68 0.999942
2 69 0.011782
2 70 1.000000
2 71 0.998048
2 72 0.988934
2 73 0.998957
2 74 0.999999
2 75 1.000000
2 76 0.999897
2 77 0.999837
2 78 0.999954
2 79 0.970761
2 80 0.999804
2 81 0.998971
2 82 0.999946
2 83 0.997804
2 84 0.965441
2 85 0.991363
2 86 1.000000
2 87 0.029925
2 88 0.590401
2 89 0.082237
2 90 0.999999
2 91 0.999536
2 92 0.998843
2 93 0.999994
2 94 0.999990
2 95 0.999884
2 96 0.998536
2 97 0.991800
2 98 0.905921
2 99 0.999919
3 0 0.999979
3 1 0.415919
3 2 0.999971
3 3 0.000000
3 4 0.999987
3 5 0.999972
3 6 0.978283
3 7 0.999837
3 8 0.138922
3 9 0.973968
3 10 0.035762
3 11 0.011782
3 12 0.994526
3 13 0.999657
3 14 1.000000
3 15 0.999983
3 16 1.000000
3 17 0.999979
3 18 0.999794
3 19 0.023583
3 20 0.011782
3 21 0.961206
3 22 0.999999
3 23 0.108547
3 24 0.999963
3 25 0.999780
3 26 0.992109
3 27 0.999884
3 28 0.998629
3 29 0.999942
3 30 0.227550
3 31 0.778726
3 32 0.005177
3 33 0.998536
3 34 0.998375
3 35 1.000000
3 36 0.415919
3 37 0.999980
3 38 0.997530
3 39 0.999946
3 40 0.992708
3 41 0.994155
3 42 0.023583
3 43 0.998265
3 44 0.942377
3 45 0.791203
3 46 0.977990
3 47 0.970761
3 48 0.999855
3 49 0.999999
3 50 0.999711
3 51 0.999634
3 52 0.019299
3 53 0.807432
3 54 0.862254
3 55 0.999969
3 56 0.999991
3 57 0.999863
3 58 0.979374
3 59 0.610510
3 60 0.973967
3 61 0.999176
3 62 0.719662
3 63 0.999566
3 64 0.999845
3 65 0.060180
3 66 0.999588
3 67 0.995379
3 68 0.983446
3 69 0.434867
3 70 0.029925
3 71 0.993077
3 72 0.999927
3 73 0.997530
3 74 0.205798
3 75 0.981396
3 76 0.999768
3 77 0.999939
3 78 1.000000
3 79 0.999931
3 80 0.998457
3 81 0.983447
3 82 0.997530
3 83 0.019299
3 84 0.998971
3 85 0.005177
3 86 0.999998
3 87 1.000000
3 88 0.999980
3 89 0.999817
3 90 0.868768
3 91 0.999992
3 92 0.999990
3 93 0.999024
3 94 0.980411
3 95 0.999974
3 96 0.019299
3 97 0.995613
3 98 0.999997
3 99 0.999560
4 0 0.999768
4 1 0.999931
4 2 0.993077
4 3 0.999987
4 4 0.000000
4 5 0.999988
4 6 0.992215
4 7 0.998764
4 8 0.999674
4 9 0.992609
4 10 0.999897
4 11 0.995067
4 12 0.977990
4 13 0.876570
4 14 0.990157
4 15 0.998764
4 16 0.999985
4 17 0.992215
4 18 0.690668
4 19 0.959712
4 20 0.888076
4 21 0.999768
4 22 0.343598
4 23 0.997655
4 24 0.268234
4 25 0.011782
4 26 0.932077
4 27 0.998901
4 28 0.999897
4 29 0.999228
4 30 0.999382
4 31 0.743482
4 32 0.800669
4 33 0.999349
4 34 0.983668
4 35 0.999992
4 36 0.809759
4 37 0.876570
4 38 0.992609
4 39 0.372722
4 40 0.999999
4 41 0.800669
4 42 0.999936
4 43 0.999989
4 44 0.999891
4 45 0.999999
4 46 0.999997
4 47 0.828969
4 48 0.996708
4 49 0.999863
4 50 0.957038
4 51 0.305549
4 52 0.999878
4 53 0.999768
4 54 0.168897
4 55 0.998457
4 56 0.999268
4 57 0.999176
4 58 0.999997
4 59 0.999998
4 60 0.434867
4 61 0.999913
4 62 0.999981
4 63 0.019299
4 64 0.989633
4 65 0.348574
4 66 0.999999
4 67 0.986898
4 68 0.898571
4 69 0.999995
4 70 0.029925
4 71 0.019299
4 72 0.029925
4 73 0.995613
4 74 0.949286
4 75 0.286770
4 76 0.996298
4 77 0.029925
4 78 0.997687
4 79 0.999890
4 80 1.000000
4 81 0.999974
4 82 0.995836
4 83 0.005177
4 84 0.138922
4 85 0.998241
4 86 0.138922
4 87 0.673535
4 88 0.999314
4 89 0.687190
4 90 0.996875
4 91 0.999536
4 92 0.014763
4 93 0.999845
4 94 0.995836
4 95 0.994803
4 96 0.990780
4 97 0.997398
4 98 0.999756
4 99 0.994732
5 0 0.999871
5 1 0.923918
5 2 0.051779
5 3 0.999972
5 4 0.999988
5 5 0.000000
5 6 0.703771
5 7 0.910477
5 8 0.999991
5 9 0.999966
5 10 0.999974
5 11 0.998436
5 12 0.035762
5 13 0.990780
5 14 0.998265
5 15 0.372722
5 16 0.999979
5 17 0.999768
5 18 0.999691
5 19 0.004818
5 20 0.348574
5 21 0.999943
5 22 0.961718
5 23 0.121504
5 24 0.999725
5 25 0.023583
5 26 0.997222
5 27 0.980411
5 28 0.997805
5 29 0.029925
5 30 0.990780
5 31 0.999897
5 32 0.963627
5 33 0.391878
5 34 0.029925
5 35 0.999931
5 36 0.993077
5 37 0.281925
5 38 0.828969
5 39 0.189109
5 40 0.051779
5 41 0.999998
5 42 0.005177
5 43 0.999691
5 44 0.687190
5 45 0.999794
5 46 0.853624
5 47 0.071949
5 48 0.999935
5 49 0.989772
5 50 0.997887
5 51 0.999907
5 52 0.999413
5 53 0.999995
5 54 0.060180
5 55 0.051779
5 56 0.610510
5 57 0.002681
5 58 0.153568
5 59 0.999994
5 60 0.982569
5 61 0.996708
5 62 0.995316
5 63 0.329464
5 64 0.005177
5 65 0.453650
5 66 0.999024
5 67 0.687190
5 68 0.986202
5 69 0.153568
5 70 0.999999
5 71 0.035762
5 72 0.999999
5 73 0.472229
5 74 0.999268
5 75 0.999486
5 76 0.590401
5 77 0.997530
5 78 0.999588
5 79 0.472230
5 80 0.998436
5 81 0.011782
5 82 0.606413
5 83 0.999382
5 84 0.862254
5 85 0.138922
5 86 0.999560
5 87 0.003622
5 88 0.999382
5 89 0.005177
5 90 0.999486
5 91 0.513285
5 92 0.999010
5 93 0.029925
5 94 0.820692
5 95 0.999725
5 96 0.659444
5 97 0.828969
5 98 0.999994
5 99 0.999999
6 0 0.951799
6 1 0.999876
6 2 0.998048
6 3 0.978283
6 4 0.992215
6 5 0.703771
6 6 0.000000
6 7 0.991689
6 8 0.999512
6 9 0.189109
6 10 0.069412
6 11 0.999984
6 12 0.999390
6 13 0.999634
6 14 0.999997
6 15 0.743482
6 16 0.999413
6 17 0.999878
6 18 0.862254
6 19 0.998021
6 20 0.999998
6 21 0.838911
6 22 0.942377
6 23 0.999783
6 24 1.000000
6 25 1.000000
6 26 0.093360
6 27 0.082237
6 28 0.999907
6 29 0.626001
6 30 0.999999
6 31 0.853625
6 32 0.999268
6 33 0.329464
6 34 0.998681
6 35 0.932077
6 36 0.071949
6 37 0.305549
6 38 0.434867
6 39 1.000000
6 40 0.999382
6 41 0.945222
6 42 0.999997
6 43 0.006763
6 44 0.868768
6 45 0.999691
6 46 0.999566
6 47 0.968808
6 48 0.999997
6 49 0.999974
6 50 0.997944
6 51 0.999891
6 52 0.051779
6 53 0.005177
6 54 0.997073
6 55 0.999978
6 56 0.994803
6 57 0.993427
6 58 0.019299
6 59 0.051779
6 60 0.530967
6 61 0.982801
6 62 1.000000
6 63 0.977990
6 64 0.995613
6 65 0.590401
6 66 0.245316
6 67 0.989493
6 68 0.189109
6 69 0.999976
6 70 0.999939
6 71 0.999863
6 72 0.005177
6 73 0.999804
6 74 0.987073
6 75 0.999999
6 76 0.019299
6 77 0.800668
6 78 0.990780
6 79 0.980411
6 80 0.999999
6 81 0.999964
6 82 0.999908
6 83 0.999966
6 84 0.999458
6 85 1.000000
6 86 0.029925
6 87 0.998957
6 88 0.138922
6 89 0.014763
6 90 0.121504
6 91 0.986898
6 92 0.990157
6 93 0.153568
6 94 0.828969
6 95 0.996752
6 96 0.453650
6 97 0.999946
6 98 0.998536
6 99 0.005177
7 0 0.862254
7 1 0.002681
7 2 0.999828
7 3 0.999837
7 4 0.998764
7 5 0.910477
7 6 0.991689
7 7 0.000000
7 8 0.999999
7 9 0.998764
7 10 0.999609
7 11 0.998764
7 12 1.000000
7 13 0.998698
7 14 0.999634
7 15 0.979096
7 16 0.029925
7 17 0.310464
7 18 0.998353
7 19 0.999988
7 20 0.999931
7 21 0.999512
7 22 0.172989
7 23 0.999966
7 24 0.939390
7 25 0.999961
7 26 0.999996
7 27 0.999305
7 28 0.042353
7 29 0.997073
7 30 0.965899
7 31 0.999305
7 32 0.641070
7 33 0.999935
7 34 0.997916
7 35 0.939390
7 36 0.999560
7 37 0.011782
7 38 0.005177
7 39 0.002681
7 40 0.999566
7 41 0.999942
7 42 0.999305
7 43 0.651945
7 44 0.011782
7 45 0.998536
7 46 0.999024
7 47 0.993077
7 48 0.999931
7 49 0.999999
7 50 0.999176
7 51 0.999998
7 52 0.995836
7 53 0.975602
7 54 0.999382
7 55 0.023583
7 56 0.999804
7 57 0.936253
7 58 0.002681
7 59 0.999990
7 60 0.005177
7 61 0.899868
7 62 0.051779
7 63 0.999652
7 64 0.999992
7 65 0.999837
7 66 0.573990
7 67 0.995133
7 68 0.999971
7 69 0.999994
7 70 0.690668
7 71 0.999413
7 72 0.999826
7 73 0.996100
7 74 0.227550
7 75 0.991689
7 76 0.998436
7 77 0.999073
7 78 0.069412
7 79 0.992215
7 80 0.999931
7 81 0.994451
7 82 0.002681
7 83 0.967167
7 84 0.659444
7 85 0.836903
7 86 0.989493
7 87 0.035762
7 88 0.920015
7 89 0.993844
7 90 0.108547
7 91 0.995613
7 92 0.999756
7 93 0.051779
7 94 0.999967
7 95 0.999505
7 96 0.986898
7 97 0.943131
7 98 0.994156
7 99 0.622014
8 0 0.999634
8 1 0.999863
8 2 0.999479
8 3 0.138922
8 4 0.999674
8 5 0.999991
8 6 0.999512
8 7 0.999999
8 8 0.000000
8 9 0.994803
8 10 0.999634
8 11 0.071949
8 12 0.999976
8 13 0.826850
8 14 0.957037
8 15 0.999992
8 16 0.391878
8 17 0.035762
8 18 0.990780
8 19 0.954189
8 20 0.367737
8 21 0.999707
8 22 0.999942
8 23 0.999903
8 24 0.019299
8 25 0.996100
8 26 0.999743
8 27 0.999870
8 28 0.985073
8 29 0.011782
8 30 0.963627
8 31 0.227550
8 32 0.999998
8 33 0.005177
8 34 0.999902
8 35 0.999982
8 36 0.999634
8 37 0.999132
8 38 0.932077
8 39 0.998957
8 40 0.999913
8 41 0.999971
8 42 0.992215
8 43 0.999837
8 44 1.000000
8 45 0.999977
8 46 0.838911
8 47 0.999995
8 48 0.888076
8 49 0.999845
8 50 0.985272
8 51 0.138922
8 52 0.996347
8 53 0.069412
8 54 0.979374
8 55 0.986898
8 56 0.999997
8 57 0.905921
8 58 0.999780
8 59 0.999878
8 60 0.999691
8 61 0.999982
8 62 0.997655
8 63 0.011782
8 64 0.477022
8 65 0.999996
8 66 0.014763
8 67 0.998147
8 68 0.998957
8 69 0.348574
8 70 0.029925
8 71 0.972225
8 72 0.121504
8 73 0.999977
8 74 0.951157
8 75 0.999991
8 76 0.999999
8 77 0.011782
8 78 0.096388
8 79 0.995316
8 80 0.999349
8 81 0.005177
8 82 0.999566
8 83 0.019299
8 84 0.999413
8 85 0.990780
8 86 0.999884
8 87 0.876570
8 88 0.999228
8 89 0.999989
8 90 0.606413
8 91 0.011782
8 92 0.019299
8 93 0.019299
8 94 1.000000
8 95 0.281925
8 96 1.000000
8 97 0.999959
8 98 0.999995
8 99 0.997687
9 0 0.690668
9 1 0.992609
9 2 0.999931
9 3 0.973968
9 4 0.992609
9 5 0.999966
9 6 0.189109
9 7 0.998764
9 8 0.994803
9 9 0.000000
9 10 0.959174
9 11 0.997222
9 12 0.958629
9 13 0.029925
9 14 0.999956
9 15 0.996532
9 16 0.905921
9 17 0.967602
9 18 0.996486
9 19 0.999999
9 20 0.121504
9 21 0.999903
9 22 0.996100
9 23 0.743482
9 24 0.994451
9 25 0.138922
9 26 0.939390
9 27 0.286770
9 28 0.988934
9 29 0.999991
9 30 0.999817
9 31 0.999878
9 32 0.998698
9 33 0.999711
9 34 0.998610
9 35 0.029925
9 36 0.011782
9 37 0.901145
9 38 0.999991
9 39 0.108547
9 40 0.999902
9 41 0.999989
9 42 0.997834
9 43 0.999966
9 44 0.853624
9 45 0.051779
9 46 0.019299
9 47 0.987560
9 48 0.999995
9 49 0.991246
9 50 0.999691
9 51 0.138922
9 52 0.999305
9 53 0.831064
9 54 0.999981
9 55 0.999756
9 56 0.997804
9 57 0.999923
9 58 0.999855
9 59 0.976826
9 60 0.999998
9 61 0.989633
9 62 0.999878
9 63 0.641069
9 64 0.984490
9 65 0.019299
9 66 0.999543
9 67 0.995836
9 68 0.019299
9 69 0.999991
9 70 0.970761
9 71 0.999993
9 72 0.999924
9 73 0.999993
9 74 0.042353
9 75 0.999992
9 76 0.138922
9 77 0.999987
9 78 0.999924
9 79 0.991246
9 80 0.999999
9 81 0.980672
9 82 0.996875
9 83 0.998048
9 84 0.985272
9 85 0.999997
9 86 0.998764
9 87 0.999743
9 88 0.999863
9 89 0.999176
9 90 0.999980
9 91 0.972594
9 92 0.991689
9 93 0.995892
9 94 0.014763
9 95 0.153568
9 96 0.999349
9 97 0.999421
9 98 0.669913
9 99 0.731785
10 0 0.979374
10 1 0.999305
10 2 0.999981
10 3 0.035762
10 4 0.999897
10 5 0.999974
10 6 0.069412
10 7 0.999609
10 8 0.999634
10 9 0.959174
10 10 0.000000
10 11 0.924902
10 12 0.939390
10 13 0.999949
10 14 0.999998
10 15 0.011782
10 16 0.035762
10 17 0.999946
10 18 0.005177
10 19 0.751865
10 20 0.997073
10 21 0.006763
10 22 0.999990
10 23 0.996347
10 24 0.999505
10 25 0.972594
10 26 0.945939
10 27 0.011782
10 28 0.901145
10 29 0.071949
10 30 0.932077
10 31 0.938589
10 32 0.995066
10 33 0.996917
10 34 0.992215
10 35 0.990780
10 36 1.000000
10 37 0.999914
10 38 0.997944
10 39 0.999817
10 40 0.999952
10 41 0.999994
10 42 0.992609
10 43 1.000000
10 44 0.996708
10 45 0.011782
10 46 0.999998
10 47 0.999884
10 48 0.184861
10 49 0.999978
10 50 0.945939
10 51 0.990780
10 52 0.998971
10 53 0.995379
10 54 0.999977
10 55 0.999855
10 56 0.019299
10 57 0.999997
10 58 0.999863
10 59 0.005177
10 60 0.999981
10 61 0.999988
10 62 0.868768
10 63 0.998536
10 64 0.998048
10 65 0.999990
10 66 0.003622
10 67 0.999997
10 68 0.999725
10 69 0.757621
10 70 0.263461
10 71 0.986898
10 72 0.992215
10 73 0.999024
10 74 0.999815
10 75 0.998957
10 76 0.105307
10 77 0.051779
10 78 0.765620
10 79 0.453650
10 80 0.189109
10 81 0.788678
10 82 0.999884
10 83 1.000000
10 84 0.051779
10 85 0.999999
10 86 0.862254
10 87 0.999634
10 88 0.986898
10 89 0.999961
10 90 0.673535
10 91 0.991688
10 92 0.999913
10 93 0.924902
10 94 0.986898
10 95 0.975272
10 96 0.914824
10 97 0.060180
10 98 0.999985
10 99 0.999120
11 0 0.071949
11 1 1.000000
11 2 0.998457
11 3 0.011782
11 4 0.995067
11 5 0.998436
11 6 0.999984
11 7 0.998764
11 8 0.071949
11 9 0.997222
11 10 0.924902
11 11 0.000000
11 12 0.998610
11 13 0.999543
11 14 0.862254
11 15 0.948613
11 16 0.071949
11 17 0.981645
11 18 0.999382
11 19 0.329464
11 20 0.999957
11 21 0.992215
11 22 0.996875
11 23 0.108547
11 24 0.029925
11 25 0.969222
11 26 0.029925
11 27 0.838911
11 28 0.999229
11 29 0.982569
11 30 0.989633
11 31 0.108547
11 32 1.000000
11 33 0.901145
11 34 0.979374
11 35 0.673535
11 36 0.999992
11 37 0.997530
11 38 0.019299
11 39 0.997530
11 40 0.999998
11 41 0.610510
11 42 0.997655
11 43 0.999176
11 44 0.999634
11 45 0.999976
11 46 0.942378
11 47 0.999908
11 48 0.999451
11 49 0.998764
11 50 0.999977
11 51 0.999588
11 52 0.999966
11 53 0.372722
11 54 0.999691
11 55 0.991689
11 56 0.999999
11 57 0.999998
11 58 0.999512
11 59 0.791203
11 60 0.703771
11 61 0.997655
11 62 0.999985
11 63 0.005177
11 64 0.998536
11 65 0.999983
11 66 0.051779
11 67 0.999998
11 68 0.019299
11 69 0.999999
11 70 0.135231
11 71 0.984281
11 72 0.999722
11 73 0.999768
11 74 0.997804
11 75 0.862254
11 76 0.999176
11 77 0.999999
11 78 0.999817
11 79 0.999826
11 80 0.071949
11 81 0.965441
11 82 0.138922
11 83 0.999985
11 84 0.121504
11 85 0.999512
11 86 0.997687
11 87 0.305549
11 88 0.988345
11 89 0.999959
11 90 0.051779
11 91 0.993760
11 92 0.999954
11 93 0.999897
11 94 0.992708
11 95 0.999853
11 96 0.997804
11 97 0.005177
11 98 0.343597
11 99 0.838911
12 0 0.999918
12 1 0.999972
12 2 0.991246
12 3 0.994526
12 4 0.977990
12 5 0.035762
12 6 0.999390
12 7 1.000000
12 8 0.999976
12 9 0.958629
12 10 0.939390
12 11 0.998610
12 12 0.000000
12 13 0.999512
12 14 0.999995
12 15 0.999977
12 16 0.999878
12 17 0.985272
12 18 0.999919
12 19 0.999566
12 20 0.989493
12 21 0.999951
12 22 0.999187
12 23 0.999976
12 24 0.005177
12 25 0.988187
12 26 0.999752
12 27 0.995066
12 28 0.071949
12 29 0.970761
12 30 0.911627
12 31 0.932960
12 32 0.999942
12 33 1.000000
12 34 1.000000
12 35 0.999876
12 36 0.999999
12 37 0.329464
12 38 0.997804
12 39 0.791203
12 40 0.999959
12 41 0.343598
12 42 0.999756
12 43 0.019299
12 44 0.990157
12 45 0.029925
12 46 0.035762
12 47 0.995613
12 48 1.000000
12 49 0.168897
12 50 0.999990
12 51 0.915921
12 52 0.997916
12 53 0.990162
12 54 0.812062
12 55 1.000000
12 56 0.788679
12 57 0.999891
12 58 0.019299
12 59 0.983447
12 60 0.019299
12 61 0.994732
12 62 0.071949
12 63 0.812062
12 64 0.979096
12 65 0.973967
12 66 0.189109
12 67 0.973967
12 68 0.985272
12 69 0.071949
12 70 0.988934
12 71 0.999981
12 72 0.999996
12 73 0.138922
12 74 0.573990
12 75 0.993844
12 76 0.949286
12 77 0.999908
12 78 0.996917
12 79 0.051779
12 80 0.096388
12 81 0.973967
12 82 0.082237
12 83 0.999674
12 84 0.071949
12 85 1.000000
12 86 0.999176
12 87 0.993427
12 88 0.999928
12 89 0.986015
12 90 0.999995
12 91 0.029925
12 92 0.005177
12 93 0.994156
12 94 0.071949
12 95 0.005177
12 96 0.005177
12 97 0.096388
12 98 0.999829
12 99 0.994452
13 0 0.969222
13 1 0.995836
13 2 0.928576
13 3 0.999657
13 4 0.876570
13 5 0.990780
13 6 0.999634
13 7 0.998698
13 8 0.826850
13 9 0.029925
13 10 0.999949
13 11 0.999543
13 12 0.999512
13 13 0.000000
13 14 1.000000
13 15 0.998265
13 16 0.997113
13 17 0.495294
13 18 0.999878
13 19 0.035762
13 20 0.019299
13 21 0.998843
13 22 0.999132
13 23 0.995066
13 24 0.999999
13 25 0.999707
13 26 0.121504
13 27 0.268234
13 28 0.963627
13 29 0.923917
13 30 0.999997
13 31 0.743482
13 32 0.999536
13 33 0.999993
13 34 0.999936
13 35 0.974313
13 36 0.999938
13 37 0.998764
13 38 0.138922
13 39 0.999995
13 40 0.999991
13 41 0.999998
13 42 0.659444
13 43 0.999817
13 44 0.996917
13 45 0.996100
13 46 0.999512
13 47 0.986898
13 48 0.998698
13 49 0.999969
13 50 0.740481
13 51 0.035762
13 52 0.999957
13 53 0.995379
13 54 0.019299
13 55 0.997113
13 56 0.998457
13 57 0.343598
13 58 0.019299
13 59 0.999756
13 60 0.999994
13 61 0.993427
13 62 0.999897
13 63 0.999382
13 64 0.999997
13 65 0.673535
13 66 0.968808
13 67 0.051779
13 68 0.029925
13 69 0.998781
13 70 0.999999
13 71 0.999010
13 72 0.999817
13 73 0.961206
13 74 0.977134
13 75 0.986202
13 76 0.999413
13 77 0.999986
13 78 0.999998
13 79 0.800669
13 80 0.172989
13 81 0.996532
13 82 0.954189
13 83 0.999691
13 84 0.999978
13 85 0.019299
13 86 0.051779
13 87 0.372722
13 88 0.999478
13 89 0.999939
13 90 0.997530
13 91 0.999988
13 92 0.996532
13 93 0.999969
13 94 0.998048
13 95 0.999783
13 96 0.994803
13 97 0.477022
13 98 0.997530
13 99 0.999931
14 0 0.997916
14 1 0.998843
14 2 0.997655
14 3 1.000000
14 4 0.990157
14 5 0.998265
14 6 0.999997
14 7 0.999634
14 8 0.957037
14 9 0.999956
14 10 0.999998
14 11 0.862254
14 12 0.999995
14 13 1.000000
14 14 0.000000
14 15 0.999999
14 16 0.999923
14 17 1.000000
14 18 0.023583
14 19 0.999691
14 20 0.410971
14 21 0.997530
14 22 0.434867
14 23 0.029925
14 24 0.988934
14 25 0.997530
14 26 0.999349
14 27 0.999691
14 28 0.305549
14 29 0.996875
14 30 0.999998
14 31 0.999999
14 32 0.999994
14 33 0.999479
14 34 0.976826
14 35 0.999024
14 36 0.904700
14 37 0.999305
14 38 0.687189
14 39 0.245316
14 40 0.410971
14 41 0.999996
14 42 0.023583
14 43 0.999998
14 44 0.999897
14 45 0.019299
14 46 0.999990
14 47 0.999340
14 48 0.998353
14 49 0.999992
14 50 0.999871
14 51 1.000000
14 52 0.999804
14 53 0.999994
14 54 0.997259
14 55 0.108547
14 56 0.999978
14 57 0.999566
14 58 0.999957
14 59 0.973967
14 60 0.999999
14 61 0.082237
14 62 0.005177
14 63 0.189109
14 64 0.999609
14 65 0.996917
14 66 0.945939
14 67 0.995066
14 68 0.042353
14 69 0.386901
14 70 0.281925
14 71 0.029925
14 72 0.138922
14 73 0.999924
14 74 0.999768
14 75 0.999971
14 76 0.121504
14 77 0.019299
14 78 0.429954
14 79 0.999817
14 80 0.051779
14 81 0.997687
14 82 0.999614
14 83 0.138922
14 84 0.999942
14 85 0.994155
14 86 0.988501
14 87 0.848329
14 88 0.172989
14 89 0.997530
14 90 0.999999
14 91 0.997398
14 92 0.999952
14 93 0.655708
14 94 0.011782
14 95 0.096388
14 96 0.995892
14 97 0.999756
14 98 0.035762
14 99 0.743482
15 0 0.998436
15 1 0.644918
15 2 0.999969
15 3 0.999983
15 4 0.998764
15 5 0.372722
15 6 0.743482
15 7 0.979096
15 8 0.999992
15 9 0.996532
15 10 0.011782
15 11 0.948613
15 12 0.999977
15 13 0.998265
15 14 0.999999
15 15 0.000000
15 16 0.049729
15 17 0.997398
15 18 0.800669
15 19 0.019299
15 20 0.951157
15 21 0.999964
15 22 0.999939
15 23 0.993844
15 24 0.997655
15 25 0.959174
15 26 1.000000
15 27 0.961206
15 28 0.011782
15 29 0.082237
15 30 0.997073
15 31 0.005177
15 32 0.997259
15 33 0.798244
15 34 0.029925
15 35 0.999999
15 36 0.999967
15 37 0.223001
15 38 0.029925
15 39 0.959174
15 40 0.626001
15 41 0.978283
15 42 0.029925
15 43 0.981645
15 44 0.999707
15 45 0.999999
15 46 0.042353
15 47 0.999176
15 48 0.988934
15 49 0.992215
15 50 0.959174
15 51 0.999268
15 52 0.999871
15 53 0.071949
15 54 0.754757
15 55 0.999993
15 56 0.999543
15 57 0.988934
15 58 0.999931
15 59 0.999971
15 60 0.434867
15 61 0.999512
15 62 0.991689
15 63 0.999959
15 64 0.999536
15 65 0.999998
15 66 0.029925
15 67 0.999478
15 68 0.909313
15 69 0.998764
15 70 0.998353
15 71 0.999768
15 72 0.975602
15 73 0.874995
15 74 0.998048
15 75 0.071949
15 76 0.035762
15 77 0.910477
15 78 0.999891
15 79 0.999987
15 80 0.924902
15 81 0.998698
15 82 0.999752
15 83 0.999998
15 84 0.071949
15 85 0.996532
15 86 0.999982
15 87 0.996297
15 88 0.999132
15 89 0.999995
15 90 0.999979
15 91 0.093361
15 92 0.967167
15 93 0.999652
15 94 0.999566
15 95 0.999814
15 96 0.999826
15 97 0.831064
15 98 0.999845
15 99 0.060180
16 0 0.820692
16 1 0.019299
16 2 0.999783
16 3 1.000000
16 4 0.999985
16 5 0.999979
16 6 0.999413
16 7 0.029925
16 8 0.391878
16 9 0.905921
16 10 0.035762
16 11 0.071949
16 12 0.999878
16 13 0.997113
16 14 0.999923
16 15 0.049729
16 16 0.000000
16 17 0.986202
16 18 0.999964
16 19 0.019299
16 20 0.901145
16 21 0.999609
16 22 0.999536
16 23 0.673536
16 24 0.999996
16 25 0.019299
16 26 0.838911
16 27 0.999971
16 28 0.999314
16 29 0.970761
16 30 0.999176
16 31 0.935413
16 32 0.984281
16 33 0.999942
16 34 0.932077
16 35 0.071949
16 36 0.999990
16 37 0.002681
16 38 0.071949
16 39 0.999512
16 40 0.999971
16 41 0.945939
16 42 0.205798
16 43 0.993427
16 44 0.999990
16 45 0.999132
16 46 0.999652
16 47 0.227550
16 48 0.999295
16 49 0.999588
16 50 0.999176
16 51 0.999998
16 52 0.999176
16 53 0.168897
16 54 0.970761
16 55 0.999897
16 56 0.882454
16 57 0.268234
16 58 0.014763
16 59 0.448784
16 60 0.019299
16 61 0.999835
16 62 0.999969
16 63 0.998241
16 64 0.995066
16 65 0.969221
16 66 0.153568
16 67 0.999946
16 68 0.986202
16 69 0.996100
16 70 0.999999
16 71 0.963627
16 72 0.999807
16 73 0.983668
16 74 0.999687
16 75 0.999304
16 76 0.310464
16 77 0.998265
16 78 0.999073
16 79 0.999305
16 80 0.818482
16 81 0.998764
16 82 0.999997
16 83 0.999870
16 84 0.637193
16 85 0.963627
16 86 0.992708
16 87 0.993516
16 88 0.029925
16 89 0.999913
16 90 0.997656
16 91 0.998353
16 92 0.060180
16 93 0.983446
16 94 0.999756
16 95 0.993760
16 96 0.995133
16 97 0.998764
16 98 0.138922
16 99 0.019299
17 0 0.997687
17 1 0.999349
17 2 0.999938
17 3 0.999979
17 4 0.992215
17 5 0.999768
17 6 0.999878
17 7 0.310464
17 8 0.035762
17 9 0.967602
17 10 0.999946
17 11 0.981645
17 12 0.985272
17 13 0.495294
17 14 1.000000
17 15 0.997398
17 16 0.986202
17 17 0.000000
17 18 0.969222
17 19 0.972594
17 20 0.996664
17 21 0.980411
17 22 0.984491
17 23 0.999988
17 24 0.923918
17 25 0.286770
17 26 0.888076
17 27 0.999691
17 28 0.812062
17 29 0.999992
17 30 0.999863
17 31 0.999305
17 32 0.743482
17 33 0.999783
17 34 0.997530
17 35 0.006317
17 36 0.082237
17 37 0.800668
17 38 0.995066
17 39 0.754758
17 40 1.000000
17 41 0.999560
17 42 0.999794
17 43 0.999998
17 44 0.082237
17 45 0.999986
17 46 0.996100
17 47 0.990780
17 48 0.999999
17 49 0.999634
17 50 0.071949
17 51 0.517913
17 52 0.999756
17 53 0.999997
17 54 0.983447
17 55 0.415919
17 56 0.999999
17 57 0.172989
17 58 0.991246
17 59 0.999979
17 60 0.999927
17 61 0.999939
17 62 0.992609
17 63 0.999652
17 64 0.093360
17 65 0.999939
17 66 0.999826
17 67 0.019299
17 68 0.999993
17 69 0.998781
17 70 0.023583
17 71 0.687190
17 72 0.310464
17 73 0.997804
17 74 0.994526
17 75 0.998172
17 76 0.573990
17 77 0.999725
17 78 0.882454
17 79 0.996753
17 80 0.999845
17 81 0.874996
17 82 0.999691
17 83 0.029925
17 84 0.986898
17 85 0.029925
17 86 0.029925
17 87 0.999956
17 88 0.999024
17 89 0.846427
17 90 0.096388
17 91 0.999999
17 92 0.838911
17 93 0.846427
17 94 0.999861
17 95 0.999996
17 96 0.998843
17 97 0.552765
17 98 0.999999
17 99 0.268234
18 0 0.999588
18 1 0.831064
18 2 0.959174
18 3 0.999794
18 4 0.690668
18 5 0.999691
18 6 0.862254
18 7 0.998353
18 8 0.990780
18 9 0.996486
18 10 0.005177
18 11 0.999382
18 12 0.999919
18 13 0.999878
18 14 0.023583
18 15 0.800669
18 16 0.999964
18 17 0.969222
18 18 0.000000
18 19 0.999980
18 20 0.978283
18 21 0.999783
18 22 0.999258
18 23 0.981645
18 24 0.999995
18 25 0.011782
18 26 0.999349
18 27 0.993760
18 28 0.868767
18 29 0.999995
18 30 0.011782
18 31 0.999902
18 32 0.996347
18 33 0.069412
18 34 0.189109
18 35 0.988345
18 36 0.999614
18 37 0.406016
18 38 0.999691
18 39 0.005177
18 40 0.874993
18 41 0.928576
18 42 0.999837
18 43 0.999382
18 44 0.999740
18 45 0.994451
18 46 0.985272
18 47 0.051779
18 48 0.999974
18 49 0.999948
18 50 0.367737
18 51 0.976826
18 52 0.999976
18 53 0.951157
18 54 0.997655
18 55 0.999382
18 56 0.994526
18 57 0.367737
18 58 0.986202
18 59 0.071949
18 60 0.999991
18 61 0.999998
18 62 0.999691
18 63 0.999908
18 64 0.990157
18 65 0.889496
18 66 0.703771
18 67 1.000000
18 68 0.754757
18 69 0.999946
18 70 0.138922
18 71 0.138922
18 72 0.954189
18 73 0.999725
18 74 0.995836
18 75 0.999999
18 76 0.999073
18 77 0.994451
18 78 0.673535
18 79 0.999998
18 80 0.999845
18 81 0.991689
18 82 0.999990
18 83 0.090388
18 84 0.011782
18 85 0.998827
18 86 0.999268
18 87 0.029925
18 88 0.996347
18 89 0.976826
18 90 0.901145
18 91 0.999936
18 92 0.999971
18 93 0.999917
18 94 0.999634
18 95 0.998074
18 96 0.997804
18 97 0.051779
18 98 0.999998
18 99 1.000000
19 0 0.999999
19 1 0.997073
19 2 0.965442
19 3 0.023583
19 4 0.959712
19 5 0.004818
19 6 0.998021
19 7 0.999988
19 8 0.954189
19 9 0.999999
19 10 0.751865
19 11 0.329464
19 12 0.999566
19 13 0.035762
19 14 0.999691
19 15 0.019299
19 16 0.019299
19 17 0.972594
19 18 0.999980
19 19 0.000000
19 20 0.999913
19 21 0.434867
19 22 0.998957
19 23 0.999826
19 24 0.071949
19 25 0.999349
19 26 0.999939
19 27 0.999383
19 28 0.990157
19 29 0.035762
19 30 0.999674
19 31 0.999967
19 32 0.984280
19 33 0.995316
19 34 0.954792
19 35 0.998610
19 36 0.999956
19 37 0.998680
19 38 0.986898
19 39 0.610510
19 40 0.999994
19 41 0.999999
19 42 0.138922
19 43 0.983447
19 44 0.999998
19 45 0.999939
19 46 0.999794
19 47 1.000000
19 48 0.029925
19 49 0.999919
19 50 0.927638
19 51 0.998827
19 52 0.121504
19 53 0.019299
19 54 0.138922
19 55 0.999421
19 56 0.999991
19 57 0.999739
19 58 1.000000
19 59 0.999999
19 60 0.999853
19 61 0.998957
19 62 0.569659
19 63 0.999268
19 64 0.999756
19 65 0.606414
19 66 1.000000
19 67 0.954189
19 68 0.998610
19 69 0.984490
19 70 0.999996
19 71 0.999963
19 72 0.477022
19 73 0.999974
19 74 0.999998
19 75 0.071949
19 76 0.999913
19 77 0.005177
19 78 0.882454
19 79 0.999657
19 80 0.999739
19 81 0.998516
19 82 0.082237
19 83 0.994155
19 84 0.513285
19 85 0.998536
19 86 0.014763
19 87 0.029925
19 88 0.434867
19 89 0.005177
19 90 0.108547
19 91 0.227550
19 92 0.019299
19 93 0.005177
19 94 0.096388
19 95 0.987559
19 96 0.973967
19 97 0.855444
19 98 0.029925
19 99 0.999967
20 0 0.999073
20 1 0.105308
20 2 0.943131
20 3 0.011782
20 4 0.888076
20 5 0.348574
20 6 0.999998
20 7 0.999931
20 8 0.367737
20 9 0.121504
20 10 0.997073
20 11 0.999957
20 12 0.989493
20 13 0.019299
20 14 0.410971
20 15 0.951157
20 16 0.901145
20 17 0.996664
20 18 0.978283
20 19 0.999913
20 20 0.000000
20 21 0.992983
20 22 0.999349
20 23 0.060180
20 24 0.987073
20 25 0.121503
20 26 0.999885
20 27 0.023583
20 28 0.996100
20 29 0.999902
20 30 0.999837
20 31 0.997687
20 32 0.999995
20 33 0.268234
20 34 0.791202
20 35 0.268234
20 36 0.999971
20 37 0.999986
20 38 0.990780
20 39 0.029925
20 40 0.999996
20 41 0.993077
20 42 0.999634
20 43 0.999980
20 44 0.998436
20 45 0.999725
20 46 0.995892
20 47 0.184861
20 48 0.005177
20 49 0.999479
20 50 0.535509
20 51 0.999268
20 52 0.051779
20 53 0.893444
20 54 0.977990
20 55 0.999995
20 56 0.997034
20 57 0.999996
20 58 0.999983
20 59 0.999863
20 60 0.999073
20 61 0.999711
20 62 1.000000
20 63 0.999980
20 64 0.987559
20 65 0.367737
20 66 0.071949
20 67 0.998241
20 68 0.035762
20 69 0.999707
20 70 0.999674
20 71 0.029925
20 72 0.999913
20 73 0.997074
20 74 0.071949
20 75 0.980411
20 76 0.997656
20 77 0.329464
20 78 0.005177
20 79 0.082237
20 80 0.029925
20 81 0.082237
20 82 0.005177
20 83 0.999870
20 84 0.754757
20 85 0.999450
20 86 0.999566
20 87 0.999725
20 88 0.961206
20 89 0.980411
20 90 0.997259
20 91 0.999999
20 92 0.060180
20 93 1.000000
20 94 0.005177
20 95 0.995836
20 96 0.989493
20 97 0.998698
20 98 0.999783
20 99 0.999969
21 0 0.999305
21 1 0.999999
21 2 0.927638
21 3 0.961206
21 4 0.999768
21 5 0.999943
21 6 0.838911
21 7 0.999512
21 8 0.999707
21 9 0.999903
21 10 0.006763
21 11 0.992215
21 12 0.999951
21 13 0.998843
21 14 0.997530
21 15 0.999964
21 16 0.999609
21 17 0.980411
21 18 0.999783
21 19 0.434867
21 20 0.992983
21 21 0.000000
21 22 0.999024
21 23 0.998457
21 24 0.995836
21 25 0.996875
21 26 0.999999
21 27 0.998971
21 28 0.999846
21 29 0.999988
21 30 0.999943
21 31 0.135231
21 32 0.999710
21 33 0.999794
21 34 0.003622
21 35 1.000000
21 36 0.999305
21 37 0.513285
21 38 0.019299
21 39 0.138922
21 40 0.590401
21 41 0.029925
21 42 0.999768
21 43 0.998022
21 44 0.002681
21 45 0.310464
21 46 0.985272
21 47 0.998147
21 48 0.999988
21 49 0.977135
21 50 0.860512
21 51 0.998764
21 52 0.999505
21 53 0.999923
21 54 1.000000
21 55 0.051779
21 56 0.996917
21 57 0.071949
21 58 0.996708
21 59 0.996708
21 60 0.999995
21 61 0.993427
21 62 0.093360
21 63 0.071949
21 64 0.011782
21 65 0.268234
21 66 0.998971
21 67 0.831064
21 68 0.999988
21 69 0.998536
21 70 0.240658
21 71 0.999987
21 72 0.029925
21 73 0.979374
21 74 0.992983
21 75 0.999807
21 76 0.999891
21 77 0.690668
21 78 0.995316
21 79 0.999609
21 80 0.998048
21 81 0.999897
21 82 0.999902
21 83 0.989633
21 84 0.096388
21 85 0.569659
21 86 0.626001
21 87 0.999634
21 88 0.687190
21 89 0.999725
21 90 0.999817
21 91 0.994526
21 92 0.999543
21 93 0.495294
21 94 0.999804
21 95 0.999935
21 96 0.999268
21 97 0.999711
21 98 0.999919
21 99 0.999505
22 0 0.995892
22 1 0.894801
22 2 0.999999
22 3 0.999999
22 4 0.343598
22 5 0.961718
22 6 0.942377
22 7 0.172989
22 8 0.999942
22 9 0.996100
22 10 0.999990
22 11 0.996875
22 12 0.999187
22 13 0.999132
22 14 0.434867
22 15 0.999939
22 16 0.999536
22 17 0.984491
22 18 0.999258
22 19 0.998957
22 20 0.999349
22 21 0.999024
22 22 0.000000
22 23 0.999512
22 24 0.999973
22 25 0.999979
22 26 0.999936
22 27 0.997563
22 28 0.082237
22 29 0.138922
22 30 0.999919
22 31 0.997530
22 32 0.999971
22 33 0.989633
22 34 0.928577
22 35 0.993077
22 36 0.999891
22 37 0.998680
22 38 0.828969
22 39 0.954189
22 40 0.999902
22 41 0.876570
22 42 0.552765
22 43 0.999725
22 44 0.996708
22 45 0.994452
22 46 0.999791
22 47 0.227550
22 48 0.999451
22 49 0.951157
22 50 0.082237
22 51 0.996708
22 52 0.989082
22 53 0.976826
22 54 0.999931
22 55 0.998048
22 56 0.939390
22 57 0.999997
22 58 0.995379
22 59 0.993077
22 60 0.972594
22 61 0.014763
22 62 0.910478
22 63 0.999948
22 64 0.976826
22 65 0.999794
22 66 0.108547
22 67 0.996298
22 68 0.472230
22 69 0.975273
22 70 0.108547
22 71 0.999998
22 72 0.996486
22 73 0.999928
22 74 0.999984
22 75 0.999919
22 76 0.932077
22 77 0.999794
22 78 0.999999
22 79 0.999931
22 80 0.993077
22 81 0.985469
22 82 0.035762
22 83 0.999999
22 84 0.990655
22 85 0.996532
22 86 0.998265
22 87 0.999963
22 88 0.999985
22 89 0.999968
22 90 0.831064
22 91 1.000000
22 92 0.999976
22 93 0.999132
22 94 0.999996
22 95 0.998610
22 96 0.999928
22 97 0.391878
22 98 0.999691
22 99 0.988345
23 0 0.999588
23 1 0.999086
23 2 0.999998
23 3 0.108547
23 4 0.997655
23 5 0.121504
23 6 0.999783
23 7 0.999966
23 8 0.999903
23 9 0.743482
23 10 0.996347
23 11 0.108547
23 12 0.999976
23 13 0.995066
23 14 0.029925
23 15 0.993844
23 16 0.673536
23 17 0.999988
23 18 0.981645
23 19 0.999826
23 20 0.060180
23 21 0.998457
23 22 0.999512
23 23 0.000000
23 24 0.999982
23 25 0.987559
23 26 0.974313
23 27 0.006763
23 28 0.999891
23 29 0.019299
23 30 0.999826
23 31 0.999588
23 32 0.953579
23 33 1.000000
23 34 0.999919
23 35 0.996875
23 36 0.999985
23 37 0.920015
23 38 0.999512
23 39 0.999451
23 40 0.942377
23 41 0.846427
23 42 0.998265
23 43 0.415919
23 44 0.281925
23 45 0.035762
23 46 0.746454
23 47 0.999479
23 48 0.999634
23 49 0.071949
23 50 0.999999
23 51 0.999998
23 52 0.999884
23 53 0.999588
23 54 0.999349
23 55 0.998698
23 56 0.945222
23 57 0.968808
23 58 0.998021
23 59 0.978283
23 60 0.927639
23 61 0.985469
23 62 0.997398
23 63 0.999629
23 64 0.998436
23 65 0.998902
23 66 0.989633
23 67 0.590401
23 68 0.997804
23 69 0.999977
23 70 0.998681
23 71 0.999919
23 72 0.999674
23 73 0.999964
23 74 1.000000
23 75 0.996708
23 76 0.999996
23 77 0.999995
23 78 0.069412
23 79 0.999314
23 80 0.999566
23 81 0.999588
23 82 0.998172
23 83 0.996708
23 84 0.006763
23 85 0.999725
23 86 0.999382
23 87 0.860512
23 88 0.051779
23 89 0.138922
23 90 0.391878
23 91 0.967602
23 92 0.995379
23 93 0.831064
23 94 0.996708
23 95 0.477022
23 96 0.999998
23 97 0.606413
23 98 0.453650
23 99 0.153568
24 0 1.000000
24 1 0.069412
24 2 0.986015
24 3 0.999963
24 4 0.268234
24 5 0.999725
24 6 1.000000
24 7 0.939390
24 8 0.019299
24 9 0.994451
24 10 0.999505
24 11 0.029925
24 12 0.005177
24 13 0.999999
24 14 0.988934
24 15 0.997655
24 16 0.999996
24 17 0.923918
24 18 0.999995
24 19 0.071949
24 20 0.987073
24 21 0.995836
24 22 0.999973
24 23 0.999982
24 24 0.000000
24 25 0.108547
24 26 0.992609
24 27 0.999999
24 28 0.011782
24 29 0.999999
24 30 0.990655
24 31 0.999995
24 32 0.999629
24 33 0.999948
24 34 0.999120
24 35 0.002681
24 36 0.029925
24 37 0.990157
24 38 0.995379
24 39 0.626001
24 40 0.948613
24 41 0.993844
24 42 0.997563
24 43 0.997530
24 44 0.988934
24 45 0.071949
24 46 0.999997
24 47 0.172989
24 48 0.005177
24 49 0.998457
24 50 0.641070
24 51 0.768376
24 52 1.000000
24 53 0.990157
24 54 0.011782
24 55 0.999073
24 56 0.999997
24 57 0.005177
24 58 0.942378
24 59 0.999931
24 60 0.391878
24 61 0.998048
24 62 0.996708
24 63 0.999674
24 64 0.984491
24 65 0.951157
24 66 0.999999
24 67 0.999993
24 68 0.495294
24 69 0.999657
24 70 0.999998
24 71 0.096388
24 72 0.029925
24 73 0.999739
24 74 0.998536
24 75 0.999414
24 76 0.999207
24 77 0.005177
24 78 0.011782
24 79 0.990157
24 80 0.108547
24 81 0.049729
24 82 0.977990
24 83 0.172989
24 84 0.999835
24 85 0.961206
24 86 0.071949
24 87 0.988187
24 88 0.997774
24 89 0.942378
24 90 0.743482
24 91 0.970761
24 92 0.172989
24 93 0.535509
24 94 0.997656
24 95 0.998457
24 96 0.983668
24 97 0.999938
24 98 0.948613
24 99 0.993844
25 0 0.999268
25 1 0.838911
25 2 0.928576
25 3 0.999780
25 4 0.011782
25 5 0.023583
25 6 1.000000
25 7 0.999961
25 8 0.996100
25 9 0.138922
25 10 0.972594
25 11 0.969222
25 12 0.988187
25 13 0.999707
25 14 0.997530
25 15 0.959174
25 16 0.019299
25 17 0.286770
25 18 0.011782
25 19 0.999349
25 20 0.121503
25 21 0.996875
25 22 0.999979
25 23 0.987559
25 24 0.108547
25 25 0.000000
25 26 0.434867
25 27 0.999997
25 28 0.153568
25 29 0.051779
25 30 0.999999
25 31 0.999928
25 32 0.999826
25 33 0.998827
25 34 0.310464
25 35 0.995672
25 36 0.963140
25 37 0.641070
25 38 0.987725
25 39 0.011782
25 40 0.996298
25 41 0.986898
25 42 0.994156
25 43 0.138922
25 44 0.998353
25 45 0.006763
25 46 0.942378
25 47 0.996297
25 48 0.071949
25 49 0.999991
25 50 0.935412
25 51 0.999990
25 52 0.029925
25 53 0.999421
25 54 0.778725
25 55 0.999835
25 56 0.153568
25 57 0.035762
25 58 0.002681
25 59 0.999512
25 60 0.999969
25 61 1.000000
25 62 0.996298
25 63 0.023583
25 64 0.999991
25 65 0.998457
25 66 0.999382
25 67 0.999991
25 68 0.999998
25 69 0.999980
25 70 0.019299
25 71 0.005177
25 72 0.994803
25 73 0.997073
25 74 0.992609
25 75 0.006763
25 76 0.005177
25 77 0.999956
25 78 0.999349
25 79 0.227550
25 80 0.999927
25 81 0.029925
25 82 0.984490
25 83 0.999902
25 84 0.967167
25 85 0.168897
25 86 0.999997
25 87 1.000000
25 88 0.999974
25 89 0.011782
25 90 0.778724
25 91 0.999999
25 92 0.992983
25 93 0.997222
25 94 0.999897
25 95 0.992609
25 96 0.998827
25 97 0.997804
25 98 0.690668
25 99 0.999999
26 0 0.999946
26 1 0.999988
26 2 0.986202
26 3 0.992109
26 4 0.932077
26 5 0.997222
26 6 0.093360
26 7 0.999996
26 8 0.999743
26 9 0.939390
26 10 0.945939
26 11 0.029925
26 12 0.999752
26 13 0.121504
26 14 0.999349
26 15 1.000000
26 16 0.838911
26 17 0.888076
26 18 0.999349
26 19 0.999939
26 20 0.999885
26 21 0.999999
26 22 0.999936
26 23 0.974313
26 24 0.992609
26 25 0.434867
26 26 0.000000
26 27 0.673535
26 28 0.999451
26 29 0.005177
26 30 0.999258
26 31 0.935412
26 32 0.986898
26 33 0.976826
26 34 0.999964
26 35 0.071949
26 36 0.999390
26 37 0.999991
26 38 0.998957
26 39 0.051779
26 40 0.983667
26 41 0.626001
26 42 0.071949
26 43 0.999634
26 44 0.138922
26 45 0.949286
26 46 0.999998
26 47 0.999691
26 48 0.999451
26 49 0.999946
26 50 0.999939
26 51 0.999986
26 52 0.932960
26 53 0.005177
26 54 0.951798
26 55 0.998827
26 56 0.999984
26 57 0.495294
26 58 0.999609
26 59 0.882455
26 60 0.060180
26 61 0.999897
26 62 0.071949
26 63 0.999954
26 64 0.996533
26 65 0.999176
26 66 0.348574
26 67 0.035762
26 68 0.998610
26 69 0.768376
26 70 0.227550
26 71 0.999998
26 72 0.818482
26 73 0.860513
26 74 0.999999
26 75 0.838911
26 76 0.999814
26 77 0.999588
26 78 0.999756
26 79 0.042353
26 80 0.999536
26 81 0.996298
26 82 0.768376
26 83 0.002681
26 84 0.999966
26 85 0.999998
26 86 0.999305
26 87 0.019299
26 88 0.391878
26 89 0.998902
26 90 0.641070
26 91 0.490569
26 92 0.985469
26 93 0.999268
26 94 0.716439
26 95 0.999908
26 96 0.999996
26 97 0.999981
26 98 0.051779
26 99 0.743482
27 0 0.995836
27 1 0.998680
27 2 0.980411
27 3 0.999884
27 4 0.998901
27 5 0.980411
27 6 0.082237
27 7 0.999305
27 8 0.999870
27 9 0.286770
27 10 0.011782
27 11 0.838911
27 12 0.995066
27 13 0.268234
27 14 0.999691
27 15 0.961206
27 16 0.999971
27 17 0.999691
27 18 0.993760
27 19 0.999383
27 20 0.023583
27 21 0.998971
27 22 0.997563
27 23 0.006763
27 24 0.999999
27 25 0.999997
27 26 0.673535
27 27 0.000000
27 28 0.490569
27 29 0.998457
27 30 0.936253
27 31 0.985469
27 32 0.928576
27 33 0.590401
27 34 0.969221
27 35 0.993427
27 36 0.999989
27 37 0.999948
27 38 0.035762
27 39 0.023583
27 40 0.011782
27 41 0.988345
27 42 0.999935
27 43 0.985272
27 44 0.082237
27 45 0.019299
27 46 0.189109
27 47 1.000000
27 48 0.999974
27 49 0.997222
27 50 0.999995
27 51 0.998827
