0 0 0.000000
0 1 0.999991
0 2 0.051779
0 3 0.999992
0 4 0.999976
0 5 0.999952
0 6 0.969222
0 7 0.716439
0 8 0.999974
0 9 0.659444
0 10 0.992215
0 11 0.071949
0 12 0.999985
0 13 0.948613
0 14 0.997655
0 15 0.998021
0 16 0.820692
0 17 0.999674
0 18 0.999073
0 19 1.000000
0 20 0.999739
0 21 0.999609
0 22 0.979374
0 23 0.999948
0 24 0.999999
0 25 0.999691
0 26 0.999863
0 27 0.996875
0 28 0.999305
0 29 0.838911
0 30 0.984490
0 31 0.999897
0 32 0.961718
0 33 0.999999
0 34 0.999814
0 35 0.995066
0 36 0.993427
0 37 1.000000
0 38 0.996917
0 39 0.189109
0 40 0.998610
0 41 0.999783
0 42 0.071949
0 43 0.999997
0 44 0.993338
0 45 0.999935
0 46 0.999930
0 47 0.659444
0 48 0.453650
0 49 0.986202
0 50 0.002681
0 51 0.979374
0 52 0.996875
0 53 0.999609
0 54 0.989493
0 55 0.205798
0 56 0.986898
0 57 0.659444
0 58 0.011782
0 59 0.999691
0 60 0.019299
0 61 0.961206
0 62 0.997259
0 63 0.121504
0 64 0.809758
0 65 0.023583
0 66 0.999890
0 67 0.029925
0 68 0.934561
0 69 1.000000
0 70 0.999978
0 71 0.998536
0 72 0.999505
0 73 0.999073
0 74 0.989633
0 75 0.977990
0 76 0.019299
0 77 0.998536
0 78 0.999783
0 79 0.517913
0 80 0.999024
0 81 0.223001
0 82 0.999634
0 83 0.023583
0 84 0.998147
0 85 0.993760
0 86 1.000000
0 87 0.989082
0 88 0.138922
0 89 0.999991
0 90 0.168897
0 91 0.268234
0 92 0.999959
0 93 0.969222
0 94 0.985272
0 95 0.998610
0 96 0.999450
0 97 0.000372
0 98 0.138922
0 99 0.372722
1 0 0.999991
1 1 0.000000
1 2 0.998698
1 3 0.268234
1 4 0.999987
1 5 0.975273
1 6 0.999977
1 7 0.002681
1 8 0.999897
1 9 0.993760
1 10 0.999609
1 11 1.000000
1 12 0.999985
1 13 0.999853
1 14 0.999566
1 15 0.757621
1 16 0.019299
1 17 0.999954
1 18 0.974313
1 19 0.995067
1 20 0.324511
1 21 0.999999
1 22 0.959174
1 23 0.997687
1 24 0.069412
1 25 0.936253
1 26 0.999994
1 27 0.998021
1 28 0.999634
1 29 0.997687
1 30 0.999998
1 31 0.477022
1 32 0.042353
1 33 0.999991
1 34 0.988345
1 35 0.993760
1 36 0.329464
1 37 0.803068
1 38 0.999996
1 39 0.453650
1 40 0.011782
1 41 0.172989
1 42 0.998147
1 43 0.999674
1 44 0.951157
1 45 0.999990
1 46 0.999340
1 47 0.999987
1 48 0.153568
1 49 0.391878
1 50 0.999946
1 51 0.998330
1 52 0.846427
1 53 0.998698
1 54 0.655709
1 55 0.999845
1 56 0.951799
1 57 0.434867
1 58 0.882454
1 59 0.999023
1 60 0.003622
1 61 0.963626
1 62 0.999086
1 63 1.000000
1 64 0.011782
1 65 0.999878
1 66 0.490569
1 67 0.391878
1 68 0.281925
1 69 0.999951
1 70 0.999913
1 71 0.999945
1 72 0.223001
1 73 0.999871
1 74 0.999996
1 75 0.069412
1 76 0.991127
1 77 0.998436
1 78 0.999986
1 79 0.894801
1 80 0.999991
1 81 0.029925
1 82 0.305549
1 83 0.999739
1 84 0.984280
1 85 0.999855
1 86 0.002681
1 87 0.991246
1 88 0.987559
1 89 0.999999
1 90 0.959174
1 91 0.999652
1 92 0.996708
1 93 0.999382
1 94 0.932077
1 95 0.820692
1 96 0.984490
1 97 0.967602
1 98 0.051779
1 99 1.000000
2 0 0.051779
2 1 0.998698
2 2 0.000000
2 3 0.999967
2 4 0.996100
2 5 0.477022
2 6 0.999268
2 7 0.999904
2 8 0.999853
2 9 0.999923
2 10 0.999989
2 11 0.999421
2 12 0.997530
2 13 0.920015
2 14 0.999505
2 15 0.999996
2 16 0.999919
2 17 0.999965
2 18 0.992215
2 19 0.973968
2 20 0.989082
2 21 0.986015
2 22 1.000000
2 23 0.999996
2 24 0.992109
2 25 0.986202
2 26 0.988345
2 27 0.995066
2 28 0.999985
2 29 0.999931
2 30 1.000000
2 31 0.227550
2 32 0.997398
2 33 0.992215
2 34 0.999999
2 35 0.999902
2 36 0.019299
2 37 0.999993
2 38 0.998827
2 39 0.995133
2 40 0.995066
2 41 0.995614
2 42 1.000000
2 43 0.168897
2 44 0.121504
2 45 0.998241
2 46 0.999826
2 47 0.999935
2 48 1.000000
2 49 1.000000
2 50 0.019299
2 51 0.096388
2 52 0.051779
2 53 0.997259
2 54 1.000000
2 55 0.997398
2 56 0.998353
2 57 0.999981
2 58 0.999674
2 59 0.996100
2 60 0.999993
2 61 0.981397
2 62 0.168897
2 63 0.019299
2 64 0.391878
2 65 0.999956
2 66 0.415919
2 67 0.754757
2 68 0.999913
2 69 0.011782
2 70 1.000000
2 71 0.999268
2 72 0.987559
2 73 0.998436
2 74 1.000000
2 75 1.000000
2 76 0.999768
2 77 0.999382
2 78 0.999948
2 79 0.975273
2 80 0.999752
2 81 0.999132
2 82 0.999918
2 83 0.991689
2 84 0.990157
2 85 0.993516
2 86 1.000000
2 87 0.644918
2 88 0.876570
2 89 0.023583
2 90 1.000000
2 91 0.999967
2 92 0.999566
2 93 0.999994
2 94 0.999994
2 95 0.999942
2 96 0.999176
2 97 0.996917
2 98 0.987725
2 99 0.999966
3 0 0.999992
3 1 0.268234
3 2 0.999967
3 3 0.000000
3 4 0.999990
3 5 0.999998
3 6 0.983668
3 7 0.999878
3 8 0.138922
3 9 0.914824
3 10 0.035762
3 11 0.011782
3 12 0.993844
3 13 0.999904
3 14 1.000000
3 15 0.999987
3 16 1.000000
3 17 0.999964
3 18 0.999897
3 19 0.023583
3 20 0.108547
3 21 0.977990
3 22 1.000000
3 23 0.108547
3 24 0.999982
3 25 0.997497
3 26 0.980146
3 27 0.999971
3 28 0.998971
3 29 0.999997
3 30 0.227550
3 31 0.281926
3 32 0.005177
3 33 0.999794
3 34 0.996347
3 35 1.000000
3 36 0.517913
3 37 0.999997
3 38 0.999956
3 39 0.999985
3 40 0.991800
3 41 0.993427
3 42 0.003622
3 43 0.998265
3 44 0.967167
3 45 0.838911
3 46 0.975273
3 47 0.993760
3 48 0.999985
3 49 0.999999
3 50 0.999512
3 51 0.997916
3 52 0.019299
3 53 0.581918
3 54 0.972594
3 55 0.999931
3 56 0.999999
3 57 0.999948
3 58 0.989633
3 59 0.610510
3 60 0.995066
3 61 0.999826
3 62 0.434867
3 63 0.999919
3 64 0.999479
3 65 0.060180
3 66 0.998957
3 67 0.994803
3 68 0.996485
3 69 0.626001
3 70 0.029925
3 71 0.992215
3 72 0.999938
3 73 0.999073
3 74 0.305549
3 75 0.938588
3 76 0.999652
3 77 0.999826
3 78 1.000000
3 79 0.999983
3 80 0.995613
3 81 0.972225
3 82 0.994451
3 83 0.002681
3 84 0.999228
3 85 0.005177
3 86 1.000000
3 87 1.000000
3 88 0.999994
3 89 0.999794
3 90 0.853624
3 91 0.999990
3 92 0.999990
3 93 0.997804
3 94 0.956464
3 95 0.999995
3 96 0.019299
3 97 0.999845
3 98 1.000000
3 99 0.999890
4 0 0.999976
4 1 0.999987
4 2 0.996100
4 3 0.999990
4 4 0.000000
4 5 1.000000
4 6 0.996297
4 7 0.999768
4 8 0.999817
4 9 0.996298
4 10 0.999923
4 11 0.995836
4 12 0.983447
4 13 0.951799
4 14 0.972226
4 15 0.998957
4 16 0.999996
4 17 0.999634
4 18 0.870414
4 19 0.989772
4 20 0.669914
4 21 0.999707
4 22 0.343598
4 23 0.999707
4 24 0.372722
4 25 0.011782
4 26 0.985272
4 27 0.999588
4 28 0.999985
4 29 0.996100
4 30 0.999609
4 31 0.641070
4 32 0.882454
4 33 0.999176
4 34 0.999228
4 35 0.999993
4 36 0.888076
4 37 0.641070
4 38 0.995836
4 39 0.610510
4 40 1.000000
4 41 0.920015
4 42 0.999919
4 43 0.999997
4 44 0.999977
4 45 1.000000
4 46 0.999999
4 47 0.965441
4 48 0.998147
4 49 0.999884
4 50 0.905921
4 51 0.641070
4 52 0.999725
4 53 0.999853
4 54 0.168897
4 55 0.991246
4 56 0.999908
4 57 0.998610
4 58 1.000000
4 59 1.000000
4 60 0.434867
4 61 0.999780
4 62 0.999995
4 63 0.019299
4 64 0.996100
4 65 0.590401
4 66 0.999999
4 67 0.999691
4 68 0.922921
4 69 0.999997
4 70 0.029925
4 71 0.019299
4 72 0.029925
4 73 0.998764
4 74 0.987073
4 75 0.153568
4 76 0.998610
4 77 0.029925
4 78 0.999132
4 79 0.999983
4 80 1.000000
4 81 0.999998
4 82 0.997916
4 83 0.005177
4 84 0.138922
4 85 0.998516
4 86 0.108547
4 87 0.800668
4 88 0.999829
4 89 0.429954
4 90 0.997363
4 91 0.999884
4 92 0.014763
4 93 0.999985
4 94 0.997656
4 95 0.995613
4 96 0.999132
4 97 0.995613
4 98 0.999862
4 99 0.997774
5 0 0.999952
5 1 0.975273
5 2 0.477022
5 3 0.999998
5 4 1.000000
5 5 0.000000
5 6 0.743482
5 7 0.948613
5 8 0.999987
5 9 0.999991
5 10 0.999961
5 11 0.994733
5 12 0.006763
5 13 0.994803
5 14 0.999794
5 15 0.610510
5 16 1.000000
5 17 0.999870
5 18 0.999804
5 19 0.004818
5 20 0.093360
5 21 0.999952
5 22 0.996347
5 23 0.121504
5 24 0.999691
5 25 0.023583
5 26 0.996875
5 27 0.985272
5 28 0.997530
5 29 0.029925
5 30 0.954189
5 31 0.999826
5 32 0.992215
5 33 0.245316
5 34 0.029925
5 35 0.999884
5 36 0.989633
5 37 0.118060
5 38 0.853624
5 39 0.189109
5 40 0.108547
5 41 0.999999
5 42 0.005177
5 43 0.999536
5 44 0.809759
5 45 0.999987
5 46 0.836903
5 47 0.071949
5 48 0.999976
5 49 0.997113
5 50 0.994661
5 51 0.999882
5 52 0.999560
5 53 0.999997
5 54 0.060180
5 55 0.051779
5 56 0.610510
5 57 0.002681
5 58 0.245316
5 59 0.999995
5 60 0.999176
5 61 0.995067
5 62 0.998680
5 63 0.329464
5 64 0.005177
5 65 0.168897
5 66 0.999817
5 67 0.809759
5 68 0.979374
5 69 0.153568
5 70 1.000000
5 71 0.035762
5 72 1.000000
5 73 0.754757
5 74 0.999634
5 75 0.999952
5 76 0.716439
5 77 0.998147
5 78 0.999971
5 79 0.281925
5 80 0.998681
5 81 0.011782
5 82 0.569659
5 83 0.999691
5 84 0.894801
5 85 0.011782
5 86 0.999629
5 87 0.003622
5 88 0.999479
5 89 0.005177
5 90 0.998843
5 91 0.778726
5 92 0.997774
5 93 0.029925
5 94 0.862254
5 95 0.999935
5 96 0.961718
5 97 0.888076
5 98 0.999995
5 99 1.000000
6 0 0.969222
6 1 0.999977
6 2 0.999268
6 3 0.983668
6 4 0.996297
6 5 0.743482
6 6 0.000000
6 7 0.995316
6 8 0.997530
6 9 0.189109
6 10 0.018287
6 11 0.999963
6 12 0.999904
6 13 0.999966
6 14 0.999998
6 15 0.800668
6 16 0.999963
6 17 0.999966
6 18 0.716439
6 19 0.994999
6 20 1.000000
6 21 0.989082
6 22 0.977990
6 23 0.999837
6 24 1.000000
6 25 1.000000
6 26 0.093360
6 27 0.023583
6 28 0.999988
6 29 0.626001
6 30 1.000000
6 31 0.914824
6 32 0.999817
6 33 0.329464
6 34 0.998887
6 35 0.853624
6 36 0.019299
6 37 0.305549
6 38 0.791202
6 39 1.000000
6 40 0.999935
6 41 0.880950
6 42 0.999999
6 43 0.006763
6 44 0.932077
6 45 0.999478
6 46 0.999756
6 47 0.982333
6 48 1.000000
6 49 0.999997
6 50 0.997687
6 51 0.999725
6 52 0.051779
6 53 0.005177
6 54 0.999863
6 55 0.999972
6 56 0.995614
6 57 0.998353
6 58 0.019299
6 59 0.051779
6 60 0.836903
6 61 0.936254
6 62 1.000000
6 63 0.999652
6 64 0.995066
6 65 0.951799
6 66 0.245316
6 67 0.991127
6 68 0.082237
6 69 0.999979
6 70 0.999931
6 71 0.999846
6 72 0.005177
6 73 0.999982
6 74 0.995133
6 75 1.000000
6 76 0.019299
6 77 0.606413
6 78 0.976826
6 79 0.997530
6 80 1.000000
6 81 0.999992
6 82 0.999948
6 83 0.999996
6 84 0.999485
6 85 1.000000
6 86 0.029925
6 87 0.999560
6 88 0.138922
6 89 0.014763
6 90 0.121504
6 91 0.970761
6 92 0.996298
6 93 0.153568
6 94 0.985272
6 95 0.998781
6 96 0.641070
6 97 0.999908
6 98 0.999382
6 99 0.005177
7 0 0.716439
7 1 0.002681
7 2 0.999904
7 3 0.999878
7 4 0.999768
7 5 0.948613
7 6 0.995316
7 7 0.000000
7 8 1.000000
7 9 0.999536
7 10 0.999780
7 11 0.997221
7 12 1.000000
7 13 0.997073
7 14 0.999954
7 15 0.982333
7 16 0.029925
7 17 0.557193
7 18 0.997530
7 19 0.999995
7 20 0.999942
7 21 0.999756
7 22 0.644918
7 23 0.999956
7 24 0.923918
7 25 0.999995
7 26 0.999993
7 27 0.996485
7 28 0.042353
7 29 0.999176
7 30 0.980672
7 31 0.998957
7 32 0.778725
7 33 0.999853
7 34 0.999413
7 35 0.986898
7 36 0.999629
7 37 0.011782
7 38 0.005177
7 39 0.002681
7 40 0.999969
7 41 0.999804
7 42 0.999804
7 43 0.725535
7 44 0.011782
7 45 0.998901
7 46 0.999817
7 47 0.998265
7 48 0.999961
7 49 0.999999
7 50 0.999884
7 51 0.999999
7 52 0.992983
7 53 0.959174
7 54 0.999739
7 55 0.023583
7 56 0.999982
7 57 0.716439
7 58 0.002681
7 59 0.999978
7 60 0.005177
7 61 0.923919
7 62 0.051779
7 63 0.999935
7 64 0.999971
7 65 0.999725
7 66 0.812062
7 67 0.996347
7 68 0.999901
7 69 0.999996
7 70 0.757621
7 71 0.999890
7 72 0.999913
7 73 0.998048
7 74 0.227550
7 75 0.998827
7 76 0.999560
7 77 0.999536
7 78 0.606413
7 79 0.988345
7 80 0.999974
7 81 0.990655
7 82 0.002681
7 83 0.990655
7 84 0.924902
7 85 0.975273
7 86 0.991127
7 87 0.035762
7 88 0.992215
7 89 0.986202
7 90 0.108547
7 91 0.998147
7 92 0.999768
7 93 0.051779
7 94 0.999988
7 95 0.997185
7 96 0.967167
7 97 0.997944
7 98 0.997222
7 99 0.836903
8 0 0.999974
8 1 0.999897
8 2 0.999853
8 3 0.138922
8 4 0.999817
8 5 0.999987
8 6 0.997530
8 7 1.000000
8 8 0.000000
8 9 0.998698
8 10 0.999863
8 11 0.268234
8 12 0.999953
8 13 0.807430
8 14 0.951799
8 15 0.999994
8 16 0.245316
8 17 0.035762
8 18 0.997687
8 19 0.997530
8 20 0.606413
8 21 0.999977
8 22 0.999984
8 23 0.999952
8 24 0.019299
8 25 0.997804
8 26 0.999871
8 27 0.999982
8 28 0.995779
8 29 0.011782
8 30 0.986202
8 31 0.108547
8 32 1.000000
8 33 0.005177
8 34 0.999890
8 35 0.999998
8 36 0.999176
8 37 0.999946
8 38 0.973968
8 39 0.999935
8 40 0.999999
8 41 0.999956
8 42 0.995613
8 43 0.999878
8 44 1.000000
8 45 0.999983
8 46 0.905921
8 47 0.999996
8 48 0.985272
8 49 0.999609
8 50 0.994451
8 51 0.138922
8 52 0.998172
8 53 0.263461
8 54 0.986898
8 55 0.998353
8 56 0.999999
8 57 0.986202
8 58 0.999505
8 59 0.999588
8 60 0.999884
8 61 0.999980
8 62 0.996047
8 63 0.011782
8 64 0.329464
8 65 0.999999
8 66 0.014763
8 67 0.998610
8 68 0.999218
8 69 0.093360
8 70 0.029925
8 71 0.867102
8 72 0.348574
8 73 0.999996
8 74 0.972225
8 75 0.999991
8 76 1.000000
8 77 0.011782
8 78 0.096388
8 79 0.999413
8 80 0.999536
8 81 0.005177
8 82 0.999783
8 83 0.019299
8 84 0.999917
8 85 0.996100
8 86 0.999739
8 87 0.990780
8 88 0.999855
8 89 0.999981
8 90 0.910477
8 91 0.011782
8 92 0.019299
8 93 0.019299
8 94 0.999999
8 95 0.240658
8 96 1.000000
8 97 0.999983
8 98 0.999995
8 99 0.996100
9 0 0.659444
9 1 0.993760
9 2 0.999923
9 3 0.914824
9 4 0.996298
9 5 0.999991
9 6 0.189109
9 7 0.999536
9 8 0.998698
9 9 0.000000
9 10 0.988345
9 11 0.996875
9 12 0.994076
9 13 0.029925
9 14 0.999989
9 15 0.997073
9 16 0.963627
9 17 0.975602
9 18 0.999560
9 19 1.000000
9 20 0.121504
9 21 0.999891
9 22 0.995614
9 23 0.716439
9 24 0.997222
9 25 0.138922
9 26 0.948612
9 27 0.286770
9 28 0.997222
9 29 0.999977
9 30 0.999961
9 31 0.999863
9 32 0.999817
9 33 0.999959
9 34 0.996875
9 35 0.029925
9 36 0.011782
9 37 0.703771
9 38 0.999997
9 39 0.108547
9 40 0.999963
9 41 0.999991
9 42 0.992708
9 43 0.999935
9 44 0.914824
9 45 0.051779
9 46 0.019299
9 47 0.992984
9 48 1.000000
9 49 0.988934
9 50 0.999978
9 51 0.138922
9 52 0.999804
9 53 0.855444
9 54 0.999985
9 55 0.999725
9 56 0.999451
9 57 0.999981
9 58 0.999919
9 59 0.973968
9 60 0.999997
9 61 0.982569
9 62 0.999974
9 63 0.894801
9 64 0.996100
9 65 0.019299
9 66 0.999807
9 67 0.997656
9 68 0.138922
9 69 0.999989
9 70 0.994451
9 71 1.000000
9 72 0.999984
9 73 0.999992
9 74 0.042353
9 75 0.999994
9 76 0.011782
9 77 0.999985
9 78 0.999986
9 79 0.998147
9 80 1.000000
9 81 0.992708
9 82 0.998827
9 83 0.999176
9 84 0.975273
9 85 0.999993
9 86 0.999913
9 87 0.999936
9 88 0.999974
9 89 0.999382
9 90 1.000000
9 91 0.976826
9 92 0.998827
9 93 0.999228
9 94 0.014763
9 95 0.153568
9 96 0.999756
9 97 0.999946
9 98 0.258709
9 99 0.838911
10 0 0.992215
10 1 0.999609
10 2 0.999989
10 3 0.035762
10 4 0.999923
10 5 0.999961
10 6 0.018287
10 7 0.999780
10 8 0.999863
10 9 0.988345
10 10 0.000000
10 11 0.915921
10 12 0.932077
10 13 0.999981
10 14 1.000000
10 15 0.011782
10 16 0.035762
10 17 0.999908
10 18 0.005177
10 19 0.960688
10 20 0.999073
10 21 0.006763
10 22 0.999996
10 23 0.999228
10 24 0.999629
10 25 0.984491
10 26 0.979374
10 27 0.011782
10 28 0.971149
10 29 0.071949
10 30 0.965441
10 31 0.898571
10 32 0.997222
10 33 0.999421
10 34 0.999024
10 35 0.996100
10 36 1.000000
10 37 0.999952
10 38 0.999228
10 39 0.999588
10 40 0.999946
10 41 0.999984
10 42 0.995836
10 43 1.000000
10 44 0.997916
10 45 0.011782
10 46 1.000000
10 47 0.999989
10 48 0.022408
10 49 0.999984
10 50 0.939390
10 51 0.969222
10 52 0.999486
10 53 0.976826
10 54 0.999902
10 55 0.999946
10 56 0.019299
10 57 1.000000
10 58 0.999971
10 59 0.005177
10 60 0.999978
10 61 0.999996
10 62 0.942378
10 63 0.999725
10 64 0.999382
10 65 0.999994
10 66 0.003622
10 67 1.000000
10 68 0.999981
10 69 0.974313
10 70 0.263461
10 71 0.996708
10 72 0.997073
10 73 0.997530
10 74 0.999374
10 75 0.997656
10 76 0.281925
10 77 0.051779
10 78 0.975273
10 79 0.743482
10 80 0.189109
10 81 0.836902
10 82 0.999120
10 83 1.000000
10 84 0.051779
10 85 1.000000
10 86 0.959174
10 87 0.999725
10 88 0.990157
10 89 0.999956
10 90 0.928576
10 91 0.987559
10 92 0.999804
10 93 0.943131
10 94 0.996298
10 95 0.986014
10 96 0.975273
10 97 0.014763
10 98 0.999997
10 99 0.999945
11 0 0.071949
11 1 1.000000
11 2 0.999421
11 3 0.011782
11 4 0.995836
11 5 0.994733
11 6 0.999963
11 7 0.997221
11 8 0.268234
11 9 0.996875
11 10 0.915921
11 11 0.000000
11 12 0.998827
11 13 0.999657
11 14 0.932077
11 15 0.923918
11 16 0.019299
11 17 0.990780
11 18 0.999218
11 19 0.329464
11 20 0.999999
11 21 0.993427
11 22 0.998021
11 23 0.035762
11 24 0.029925
11 25 0.951157
11 26 0.029925
11 27 0.673535
11 28 0.998699
11 29 0.997804
11 30 0.992215
11 31 0.189109
11 32 1.000000
11 33 0.889496
11 34 0.932077
11 35 0.862254
11 36 0.999998
11 37 0.999305
11 38 0.019299
11 39 0.997530
11 40 1.000000
11 41 0.812062
11 42 0.999120
11 43 0.999974
11 44 0.999691
11 45 0.999918
11 46 0.904700
11 47 0.999413
11 48 0.999768
11 49 0.999923
11 50 0.999997
11 51 0.998610
11 52 0.999981
11 53 0.781351
11 54 0.999942
11 55 0.999120
11 56 0.999999
11 57 0.999998
11 58 0.999988
11 59 0.905921
11 60 0.915921
11 61 0.990024
11 62 0.999963
11 63 0.005177
11 64 0.999451
11 65 0.999983
11 66 0.051779
11 67 0.999999
11 68 0.019299
11 69 1.000000
11 70 0.135231
11 71 0.988187
11 72 0.999985
11 73 0.999935
11 74 0.996298
11 75 0.945939
11 76 0.997222
11 77 1.000000
11 78 0.999961
11 79 0.999902
11 80 0.071949
11 81 0.948613
11 82 0.051779
11 83 0.999998
11 84 0.121504
11 85 0.998147
11 86 0.999674
11 87 0.305549
11 88 0.993427
11 89 0.999931
11 90 0.051779
11 91 0.997655
11 92 0.999961
11 93 0.999987
11 94 0.995892
11 95 0.999876
11 96 0.997530
11 97 0.005177
11 98 0.201407
11 99 0.862254
12 0 0.999985
12 1 0.999985
12 2 0.997530
12 3 0.993844
12 4 0.983447
12 5 0.006763
12 6 0.999904
12 7 1.000000
12 8 0.999953
12 9 0.994076
12 10 0.932077
12 11 0.998827
12 12 0.000000
12 13 0.999954
12 14 0.999978
12 15 0.999983
12 16 0.999691
12 17 0.991689
12 18 0.999588
12 19 0.999891
12 20 0.992109
12 21 0.999972
12 22 0.999314
12 23 0.999963
12 24 0.005177
12 25 0.997774
12 26 0.999977
12 27 0.998957
12 28 0.071949
12 29 0.995836
12 30 0.870414
12 31 0.924902
12 32 0.999913
12 33 1.000000
12 34 1.000000
12 35 0.999930
12 36 1.000000
12 37 0.189109
12 38 0.999382
12 39 0.978283
12 40 0.999687
12 41 0.201407
12 42 0.999954
12 43 0.019299
12 44 0.991689
12 45 0.029925
12 46 0.035762
12 47 0.999176
12 48 0.999999
12 49 0.069412
12 50 0.999978
12 51 0.936253
12 52 0.998516
12 53 0.998765
12 54 0.876570
12 55 1.000000
12 56 0.987559
12 57 0.999990
12 58 0.019299
12 59 0.880950
12 60 0.019299
12 61 0.997034
12 62 0.019299
12 63 0.731785
12 64 0.991127
12 65 0.998353
12 66 0.391878
12 67 0.998764
12 68 0.951156
12 69 0.071949
12 70 0.988934
12 71 0.999998
12 72 0.999997
12 73 0.138922
12 74 0.812062
12 75 0.998843
12 76 0.957037
12 77 0.999305
12 78 0.999132
12 79 0.051779
12 80 0.310464
12 81 0.985272
12 82 0.082237
12 83 0.999878
12 84 0.019299
12 85 1.000000
12 86 0.998764
12 87 0.991689
12 88 0.999986
12 89 0.953579
12 90 1.000000
12 91 0.029925
12 92 0.005177
12 93 0.996708
12 94 0.071949
12 95 0.005177
12 96 0.005177
12 97 0.096388
12 98 0.999855
12 99 0.981397
13 0 0.948613
13 1 0.999853
13 2 0.920015
13 3 0.999904
13 4 0.951799
13 5 0.994803
13 6 0.999966
13 7 0.997073
13 8 0.807430
13 9 0.029925
13 10 0.999981
13 11 0.999657
13 12 0.999954
13 13 0.000000
13 14 1.000000
13 15 0.998698
13 16 0.994526
13 17 0.348573
13 18 0.999863
13 19 0.035762
13 20 0.019299
13 21 0.999783
13 22 0.999674
13 23 0.975273
13 24 0.999998
13 25 0.999876
13 26 0.348574
13 27 0.138922
13 28 0.959174
13 29 0.970761
13 30 0.999999
13 31 0.513285
13 32 0.999652
13 33 0.999995
13 34 0.999988
13 35 0.974313
13 36 0.999948
13 37 0.999479
13 38 0.138922
13 39 0.999999
13 40 0.999994
13 41 0.999992
13 42 0.961718
13 43 0.999977
13 44 0.998265
13 45 0.998536
13 46 0.997530
13 47 0.998764
13 48 0.998048
13 49 0.999974
13 50 0.927638
13 51 0.035762
13 52 0.999756
13 53 0.989633
13 54 0.019299
13 55 0.995672
13 56 0.999512
13 57 0.586172
13 58 0.019299
13 59 0.999725
13 60 0.999999
13 61 0.997222
13 62 0.999913
13 63 0.999536
13 64 1.000000
13 65 0.894801
13 66 0.953579
13 67 0.051779
13 68 0.029925
13 69 0.999390
13 70 1.000000
13 71 0.998887
13 72 0.999977
13 73 0.990157
13 74 0.995672
13 75 0.998536
13 76 0.999938
13 77 0.999993
13 78 0.999999
13 79 0.994156
13 80 0.268234
13 81 0.991246
13 82 0.973967
13 83 0.999768
13 84 0.999969
13 85 0.019299
13 86 0.051779
13 87 0.977134
13 88 0.999780
13 89 0.999908
13 90 0.999305
13 91 0.999996
13 92 0.992215
13 93 0.999996
13 94 0.998536
13 95 0.999176
13 96 0.988345
13 97 0.573990
13 98 0.996875
13 99 0.999961
14 0 0.997655
14 1 0.999566
14 2 0.999505
14 3 1.000000
14 4 0.972226
14 5 0.999794
14 6 0.999998
14 7 0.999954
14 8 0.951799
14 9 0.999989
14 10 1.000000
14 11 0.932077
14 12 0.999978
14 13 1.000000
14 14 0.000000
14 15 1.000000
14 16 0.999884
14 17 1.000000
14 18 0.023583
14 19 0.999967
14 20 0.939390
14 21 0.996485
14 22 0.535509
14 23 0.029925
14 24 0.998681
14 25 0.999536
14 26 0.999176
14 27 0.999691
14 28 0.305549
14 29 0.992109
14 30 0.999998
14 31 1.000000
14 32 0.999999
14 33 0.999853
14 34 0.948613
14 35 0.999794
14 36 0.953579
14 37 0.997655
14 38 0.687189
14 39 0.121504
14 40 0.894801
14 41 0.999999
14 42 0.023583
14 43 0.999999
14 44 0.999884
14 45 0.019299
14 46 0.999994
14 47 0.998516
14 48 0.999652
14 49 0.999988
14 50 0.999903
14 51 1.000000
14 52 0.999505
14 53 0.999995
14 54 0.999614
14 55 0.108547
14 56 0.999984
14 57 0.999931
14 58 0.999928
14 59 0.988934
14 60 0.999999
14 61 0.153568
14 62 0.005177
14 63 0.189109
14 64 0.999505
14 65 0.999349
14 66 0.969222
14 67 0.998610
14 68 0.042353
14 69 0.240658
14 70 0.386901
14 71 0.029925
14 72 0.138922
14 73 0.999566
14 74 0.999609
14 75 0.999996
14 76 0.042353
14 77 0.002681
14 78 0.655709
14 79 0.999845
14 80 0.051779
14 81 0.996532
14 82 0.999973
14 83 0.138922
14 84 0.999978
14 85 0.996298
14 86 0.998555
14 87 0.781351
14 88 0.172989
14 89 0.995316
14 90 1.000000
14 91 0.998536
14 92 0.999982
14 93 0.240657
14 94 0.011782
14 95 0.096388
14 96 0.996532
14 97 0.999846
14 98 0.035762
14 99 0.928576
15 0 0.998021
15 1 0.757621
15 2 0.999996
15 3 0.999987
15 4 0.998957
15 5 0.610510
15 6 0.800668
15 7 0.982333
15 8 0.999994
15 9 0.997073
15 10 0.011782
15 11 0.923918
15 12 0.999983
15 13 0.998698
15 14 1.000000
15 15 0.000000
15 16 0.049729
15 17 0.999817
15 18 0.778725
15 19 0.019299
15 20 0.945222
15 21 0.999897
15 22 0.999954
15 23 0.999421
15 24 0.999780
15 25 0.809758
15 26 1.000000
15 27 0.951157
15 28 0.011782
15 29 0.286770
15 30 0.998902
15 31 0.005177
15 32 0.998971
15 33 0.776073
15 34 0.719662
15 35 1.000000
15 36 0.999995
15 37 0.324511
15 38 0.029925
15 39 0.965441
15 40 0.453650
15 41 0.993844
15 42 0.029925
15 43 0.948613
15 44 0.999670
15 45 0.999999
15 46 0.042353
15 47 0.999845
15 48 0.996875
15 49 0.986898
15 50 0.932077
15 51 0.998901
15 52 0.999783
15 53 0.071949
15 54 0.728674
15 55 0.999999
15 56 0.999657
15 57 0.991689
15 58 0.999998
15 59 0.999967
15 60 0.434867
15 61 0.999073
15 62 0.994732
15 63 0.999862
15 64 0.999971
15 65 0.999998
15 66 0.029925
15 67 0.999780
15 68 0.973617
15 69 0.999768
15 70 0.999536
15 71 0.999993
15 72 0.954189
15 73 0.981397
15 74 0.998353
15 75 0.071949
15 76 0.035762
15 77 0.948613
15 78 0.999817
15 79 0.999989
15 80 0.951798
15 81 0.998536
15 82 0.999814
15 83 0.999999
15 84 0.071949
15 85 0.999024
15 86 0.999997
15 87 0.999073
15 88 0.999837
15 89 0.999993
15 90 0.999984
15 91 0.069412
15 92 0.975273
15 93 0.999976
15 94 0.999756
15 95 0.999941
15 96 0.999609
15 97 0.991363
15 98 0.999923
15 99 0.060180
16 0 0.820692
16 1 0.019299
16 2 0.999919
16 3 1.000000
16 4 0.999996
16 5 1.000000
16 6 0.999963
16 7 0.029925
16 8 0.245316
16 9 0.963627
16 10 0.035762
16 11 0.019299
16 12 0.999691
16 13 0.994526
16 14 0.999884
16 15 0.049729
16 16 0.000000
16 17 0.999349
16 18 0.999982
16 19 0.019299
16 20 0.673535
16 21 0.999972
16 22 0.999768
16 23 0.972594
16 24 0.999994
16 25 0.019299
16 26 0.951799
16 27 0.999986
16 28 0.999871
16 29 0.987559
16 30 0.999826
16 31 0.945222
16 32 0.973617
16 33 0.999951
16 34 0.991246
16 35 0.517913
16 36 0.999999
16 37 0.002681
16 38 0.071949
16 39 0.999817
16 40 0.999995
16 41 0.910477
16 42 0.205798
16 43 0.987559
16 44 0.999995
16 45 0.999973
16 46 0.999967
16 47 0.108547
16 48 0.998415
16 49 0.999971
16 50 0.999536
16 51 0.999999
16 52 0.999794
16 53 0.513285
16 54 0.956464
16 55 0.999913
16 56 0.655709
16 57 0.372722
16 58 0.014763
16 59 0.975273
16 60 0.019299
16 61 0.999861
16 62 0.999983
16 63 0.998887
16 64 0.998241
16 65 0.923917
16 66 0.245316
16 67 0.999959
16 68 0.992215
16 69 0.991246
16 70 0.999999
16 71 0.996100
16 72 0.999973
16 73 0.972594
16 74 0.999471
16 75 0.999902
16 76 0.415919
16 77 0.998048
16 78 0.999305
16 79 0.999739
16 80 0.945222
16 81 0.999707
16 82 0.999993
16 83 0.999876
16 84 0.713187
16 85 0.984491
16 86 0.998172
16 87 0.998781
16 88 0.029925
16 89 0.999902
16 90 0.982334
16 91 0.999176
16 92 0.060180
16 93 0.993760
16 94 0.999996
16 95 0.986015
16 96 0.997563
16 97 0.997655
16 98 0.138922
16 99 0.019299
17 0 0.999674
17 1 0.999954
17 2 0.999965
17 3 0.999964
17 4 0.999634
17 5 0.999870
17 6 0.999966
17 7 0.557193
17 8 0.035762
17 9 0.975602
17 10 0.999908
17 11 0.990780
17 12 0.991689
17 13 0.348573
17 14 1.000000
17 15 0.999817
17 16 0.999349
17 17 0.000000
17 18 0.999268
17 19 0.984491
17 20 0.998748
17 21 0.988934
17 22 0.999268
17 23 0.999973
17 24 0.765618
17 25 0.060180
17 26 0.836903
17 27 0.998827
17 28 0.905921
17 29 0.999998
17 30 0.999961
17 31 0.998957
17 32 0.778725
17 33 0.999674
17 34 0.995836
17 35 0.006317
17 36 0.082237
17 37 0.920015
17 38 0.999073
17 39 0.530966
17 40 1.000000
17 41 0.999930
17 42 0.999923
17 43 0.999993
17 44 0.082237
17 45 0.999980
17 46 0.999268
17 47 0.976826
17 48 1.000000
17 49 0.999588
17 50 0.071949
17 51 0.434867
17 52 0.999908
17 53 0.999999
17 54 0.987559
17 55 0.138922
17 56 0.999999
17 57 0.268234
17 58 0.993427
17 59 0.999988
17 60 0.999997
17 61 0.999897
17 62 0.918970
17 63 0.999994
17 64 0.093360
17 65 0.999897
17 66 0.999870
17 67 0.019299
17 68 0.999983
17 69 0.990779
17 70 0.023583
17 71 0.809759
17 72 0.172989
17 73 0.999073
17 74 0.979374
17 75 0.999614
17 76 0.434867
17 77 0.999966
17 78 0.868768
17 79 0.999543
17 80 0.999913
17 81 0.963140
17 82 0.999768
17 83 0.029925
17 84 0.985272
17 85 0.029925
17 86 0.029925
17 87 0.999976
17 88 0.998764
17 89 0.846427
17 90 0.096388
17 91 1.000000
17 92 0.743482
17 93 0.939390
17 94 0.999765
17 95 1.000000
17 96 0.998698
17 97 0.778725
17 98 1.000000
17 99 0.517913
18 0 0.999073
18 1 0.974313
18 2 0.992215
18 3 0.999897
18 4 0.870414
18 5 0.999804
18 6 0.716439
18 7 0.997530
18 8 0.997687
18 9 0.999560
18 10 0.005177
18 11 0.999218
18 12 0.999588
18 13 0.999863
18 14 0.023583
18 15 0.778725
18 16 0.999982
18 17 0.999268
18 18 0.000000
18 19 0.999991
18 20 0.995892
18 21 0.999783
18 22 0.999722
18 23 0.989633
18 24 1.000000
18 25 0.011782
18 26 0.999725
18 27 0.992982
18 28 0.728673
18 29 0.999996
18 30 0.011782
18 31 0.999963
18 32 0.997944
18 33 0.069412
18 34 0.189109
18 35 0.986898
18 36 0.999711
18 37 0.713187
18 38 0.999652
18 39 0.005177
18 40 0.983446
18 41 0.828969
18 42 0.999725
18 43 0.999305
18 44 0.999836
18 45 0.996875
18 46 0.987559
18 47 0.051779
18 48 0.999987
18 49 0.999804
18 50 0.778725
18 51 0.998764
18 52 0.999997
18 53 0.996875
18 54 0.999010
18 55 0.999739
18 56 0.997259
18 57 0.778725
18 58 0.996100
18 59 0.071949
18 60 0.999996
18 61 1.000000
18 62 0.999942
18 63 0.999739
18 64 0.997916
18 65 0.552765
18 66 0.673535
18 67 0.999998
18 68 0.809758
18 69 0.999863
18 70 0.138922
18 71 0.011782
18 72 0.965441
18 73 0.999948
18 74 0.998436
18 75 0.999999
18 76 0.999218
18 77 0.979096
18 78 0.513285
18 79 0.999999
18 80 0.999768
18 81 0.997363
18 82 0.999999
18 83 0.090388
18 84 0.011782
18 85 0.999258
18 86 0.999966
18 87 0.029925
18 88 0.999314
18 89 0.980411
18 90 0.949286
18 91 0.999919
18 92 0.999780
18 93 0.999930
18 94 0.999176
18 95 0.999086
18 96 0.999176
18 97 0.011782
18 98 0.999999
18 99 0.999997
19 0 1.000000
19 1 0.995067
19 2 0.973968
19 3 0.023583
19 4 0.989772
19 5 0.004818
19 6 0.994999
19 7 0.999995
19 8 0.997530
19 9 1.000000
19 10 0.960688
19 11 0.329464
19 12 0.999891
19 13 0.035762
19 14 0.999967
19 15 0.019299
19 16 0.019299
19 17 0.984491
19 18 0.999991
19 19 0.000000
19 20 0.999951
19 21 0.889496
19 22 0.999218
19 23 0.999967
19 24 0.071949
19 25 0.999451
19 26 0.999954
19 27 0.999479
19 28 0.997222
19 29 0.035762
19 30 0.999954
19 31 0.999963
19 32 0.986720
19 33 0.998827
19 34 0.943131
19 35 0.997916
19 36 0.999994
19 37 0.999835
19 38 0.995836
19 39 0.477022
19 40 0.999997
19 41 1.000000
19 42 0.138922
19 43 0.975273
19 44 0.999999
19 45 0.999992
19 46 0.999691
19 47 1.000000
19 48 0.029925
19 49 0.999983
19 50 0.918969
19 51 0.999927
19 52 0.121504
19 53 0.019299
19 54 0.138922
19 55 0.999349
19 56 0.999997
19 57 0.999945
19 58 1.000000
19 59 0.999998
19 60 0.999945
19 61 0.997655
19 62 0.754758
19 63 0.999897
19 64 0.999897
19 65 0.910477
19 66 1.000000
19 67 0.986898
19 68 0.999739
19 69 0.986898
19 70 0.999982
19 71 0.999998
19 72 0.329464
19 73 0.999961
19 74 0.999999
19 75 0.071949
19 76 0.999995
19 77 0.005177
19 78 0.828969
19 79 0.999743
19 80 0.999951
19 81 0.996664
19 82 0.153568
19 83 0.997073
19 84 0.367737
19 85 0.999176
19 86 0.014763
19 87 0.029925
19 88 0.245316
19 89 0.005177
19 90 0.108547
19 91 0.108547
19 92 0.019299
19 93 0.005177
19 94 0.096388
19 95 0.982333
19 96 0.994451
19 97 0.791203
19 98 0.029925
19 99 0.999986
20 0 0.999739
20 1 0.324511
20 2 0.989082
20 3 0.108547
20 4 0.669914
20 5 0.093360
20 6 1.000000
20 7 0.999942
20 8 0.606413
20 9 0.121504
20 10 0.999073
20 11 0.999999
20 12 0.992109
20 13 0.019299
20 14 0.939390
20 15 0.945222
20 16 0.673535
20 17 0.998748
20 18 0.995892
20 19 0.999951
20 20 0.000000
20 21 0.994732
20 22 0.999817
20 23 0.014763
20 24 0.967602
20 25 0.121503
20 26 0.999996
20 27 0.023583
20 28 0.998048
20 29 0.999982
20 30 0.999959
20 31 0.988345
20 32 0.999997
20 33 0.138922
20 34 0.673535
20 35 0.051779
20 36 0.999967
20 37 0.999992
20 38 0.995379
20 39 0.029925
20 40 1.000000
20 41 0.999268
20 42 0.999977
20 43 0.999966
20 44 0.999780
20 45 0.999537
20 46 0.998843
20 47 0.184861
20 48 0.005177
20 49 0.999780
20 50 0.626001
20 51 0.998902
20 52 0.051779
20 53 0.776072
20 54 0.995316
20 55 1.000000
20 56 0.990024
20 57 0.999995
20 58 0.999998
20 59 0.999996
20 60 0.998436
20 61 0.999983
20 62 1.000000
20 63 0.999995
20 64 0.989493
20 65 0.105308
20 66 0.071949
20 67 0.999629
20 68 0.035762
20 69 0.999945
20 70 0.999817
20 71 0.029925
20 72 0.999951
20 73 0.998902
20 74 0.071949
20 75 0.977990
20 76 0.992109
20 77 0.659444
20 78 0.005177
20 79 0.003622
20 80 0.029925
20 81 0.082237
20 82 0.005177
20 83 0.999927
20 84 0.868768
20 85 0.999845
20 86 0.999908
20 87 0.999691
20 88 0.988934
20 89 0.995066
20 90 0.999228
20 91 1.000000
20 92 0.060180
20 93 1.000000
20 94 0.005177
20 95 0.989493
20 96 0.991127
20 97 0.998048
20 98 0.999980
20 99 0.999974
21 0 0.999609
21 1 0.999999
21 2 0.986015
21 3 0.977990
21 4 0.999707
21 5 0.999952
21 6 0.989082
21 7 0.999756
21 8 0.999977
21 9 0.999891
21 10 0.006763
21 11 0.993427
21 12 0.999972
21 13 0.999783
21 14 0.996485
21 15 0.999897
21 16 0.999972
21 17 0.988934
21 18 0.999783
21 19 0.889496
21 20 0.994732
21 21 0.000000
21 22 0.999794
21 23 0.998698
21 24 0.992109
21 25 0.994733
21 26 0.999999
21 27 0.999132
21 28 0.999978
21 29 0.999998
21 30 0.999952
21 31 0.135231
21 32 0.999450
21 33 0.999870
21 34 0.003622
21 35 1.000000
21 36 0.999218
21 37 0.513285
21 38 0.002681
21 39 0.138922
21 40 0.641070
21 41 0.029925
21 42 0.999942
21 43 0.996664
21 44 0.002681
21 45 0.071949
21 46 0.997222
21 47 0.998957
21 48 0.999998
21 49 0.988501
21 50 0.990655
21 51 0.997916
21 52 0.999930
21 53 0.999913
21 54 1.000000
21 55 0.051779
21 56 0.999421
21 57 0.071949
21 58 0.998764
21 59 0.996298
21 60 0.999998
21 61 0.998764
21 62 0.168897
21 63 0.071949
21 64 0.011782
21 65 0.517913
21 66 0.997398
21 67 0.590401
21 68 0.999997
21 69 0.998901
21 70 0.118059
21 71 0.999996
21 72 0.029925
21 73 0.923918
21 74 0.985073
21 75 0.999711
21 76 0.999994
21 77 0.573990
21 78 0.999780
21 79 0.999972
21 80 0.996708
21 81 0.999961
21 82 0.999988
21 83 0.995613
21 84 0.096388
21 85 0.853624
21 86 0.703771
21 87 0.999588
21 88 0.655709
21 89 0.999768
21 90 0.999923
21 91 0.987725
21 92 0.999968
21 93 0.495294
21 94 0.999670
21 95 0.999890
21 96 0.999691
21 97 0.999817
21 98 0.999966
21 99 0.999583
22 0 0.979374
22 1 0.959174
22 2 1.000000
22 3 1.000000
22 4 0.343598
22 5 0.996347
22 6 0.977990
22 7 0.644918
22 8 0.999984
22 9 0.995614
22 10 0.999996
22 11 0.998021
22 12 0.999314
22 13 0.999674
22 14 0.535509
22 15 0.999954
22 16 0.999768
22 17 0.999268
22 18 0.999722
22 19 0.999218
22 20 0.999817
22 21 0.999794
22 22 0.000000
22 23 0.999863
22 24 0.999986
22 25 0.999928
22 26 0.999675
22 27 0.998971
22 28 0.023583
22 29 0.138922
22 30 0.999909
22 31 0.999884
22 32 0.999993
22 33 0.982569
22 34 0.828970
22 35 0.998698
22 36 0.999969
22 37 0.999954
22 38 0.965441
22 39 0.976826
22 40 0.999951
22 41 0.951799
22 42 0.778725
22 43 0.999949
22 44 0.997916
22 45 0.992983
22 46 0.999980
22 47 0.227550
22 48 0.999845
22 49 0.927638
22 50 0.023583
22 51 0.998147
22 52 0.999228
22 53 0.997073
22 54 0.999987
22 55 0.996297
22 56 0.954189
22 57 0.999997
22 58 0.999132
22 59 0.996532
22 60 0.986202
22 61 0.014763
22 62 0.948613
22 63 0.999739
22 64 0.980411
22 65 0.999768
22 66 0.108547
22 67 0.998827
22 68 0.324511
22 69 0.990655
22 70 0.108547
22 71 0.999998
22 72 0.998022
22 73 0.999878
22 74 0.999994
22 75 0.999966
22 76 0.923918
22 77 0.999652
22 78 1.000000
22 79 0.999942
22 80 0.994155
22 81 0.986202
22 82 0.035762
22 83 0.999999
22 84 0.999120
22 85 0.994155
22 86 0.998536
22 87 0.999959
22 88 0.999966
22 89 0.999996
22 90 0.932960
22 91 1.000000
22 92 0.999976
22 93 0.998048
22 94 0.999999
22 95 0.996875
22 96 0.999939
22 97 0.391878
22 98 0.999923
22 99 0.951157
23 0 0.999948
23 1 0.997687
23 2 0.999996
23 3 0.108547
23 4 0.999707
23 5 0.121504
23 6 0.999837
23 7 0.999956
23 8 0.999952
23 9 0.716439
23 10 0.999228
23 11 0.035762
23 12 0.999963
23 13 0.975273
23 14 0.029925
23 15 0.999421
23 16 0.972594
23 17 0.999973
23 18 0.989633
23 19 0.999967
23 20 0.014763
23 21 0.998698
23 22 0.999863
23 23 0.000000
23 24 0.999954
23 25 0.981397
23 26 0.905921
23 27 0.006763
23 28 0.999768
23 29 0.019299
23 30 0.999984
23 31 0.999981
23 32 0.973617
23 33 0.999999
23 34 0.999985
23 35 0.998021
23 36 0.999986
23 37 0.910477
23 38 0.999954
23 39 0.999176
23 40 0.985272
23 41 0.920015
23 42 0.998536
23 43 0.803068
23 44 0.281925
23 45 0.035762
23 46 0.921048
23 47 0.999951
23 48 0.999863
23 49 0.019299
23 50 1.000000
23 51 0.999996
23 52 0.999804
23 53 0.999073
23 54 0.999954
23 55 0.998048
23 56 0.984281
23 57 0.964978
23 58 0.999876
23 59 0.979374
23 60 0.776076
23 61 0.975602
23 62 0.999919
23 63 0.999907
23 64 0.991127
23 65 0.999768
23 66 0.998902
23 67 0.552765
23 68 0.997530
23 69 0.999961
23 70 0.999687
23 71 0.999794
23 72 0.999908
23 73 0.999998
23 74 1.000000
23 75 0.998610
23 76 0.999993
23 77 0.999998
23 78 0.069412
23 79 0.999904
23 80 0.999674
23 81 0.999479
23 82 0.999314
23 83 0.997222
23 84 0.006763
23 85 0.999863
23 86 0.999826
23 87 0.927638
23 88 0.051779
23 89 0.227550
23 90 0.495294
23 91 0.991800
23 92 0.999711
23 93 0.924902
23 94 0.997916
23 95 0.189109
23 96 0.999994
23 97 0.754758
23 98 0.820692
23 99 0.153568
24 0 0.999999
24 1 0.069412
24 2 0.992109
24 3 0.999982
24 4 0.372722
24 5 0.999691
24 6 1.000000
24 7 0.923918
24 8 0.019299
24 9 0.997222
24 10 0.999629
24 11 0.029925
24 12 0.005177
24 13 0.999998
24 14 0.998681
24 15 0.999780
24 16 0.999994
24 17 0.765618
24 18 1.000000
24 19 0.071949
24 20 0.967602
24 21 0.992109
24 22 0.999986
24 23 0.999954
24 24 0.000000
24 25 0.329464
24 26 0.981397
24 27 0.999999
24 28 0.011782
24 29 0.999998
24 30 0.996047
24 31 0.999990
24 32 0.999843
24 33 0.999853
24 34 0.999670
24 35 0.002681
24 36 0.029925
24 37 0.997530
24 38 0.988345
24 39 0.967602
24 40 0.980411
24 41 0.998457
24 42 0.999314
24 43 0.998147
24 44 0.995316
24 45 0.071949
24 46 0.999999
24 47 0.477022
24 48 0.005177
24 49 0.999855
24 50 0.846427
24 51 0.862254
24 52 1.000000
24 53 0.998764
24 54 0.011782
24 55 0.999870
24 56 0.999994
24 57 0.005177
24 58 0.914824
24 59 0.999931
24 60 0.391878
24 61 0.998536
24 62 0.999588
24 63 0.999756
24 64 0.994156
24 65 0.945222
24 66 1.000000
24 67 0.999998
24 68 0.495294
24 69 0.999485
24 70 0.999997
24 71 0.029925
24 72 0.029925
24 73 0.999560
24 74 0.999588
24 75 0.999780
24 76 0.999888
24 77 0.005177
24 78 0.108547
24 79 0.977990
24 80 0.573990
24 81 0.049729
24 82 0.963139
24 83 0.071949
24 84 0.999907
24 85 0.740481
24 86 0.071949
24 87 0.995554
24 88 0.997496
24 89 0.992609
24 90 0.606413
24 91 0.988934
24 92 0.019299
24 93 0.889496
24 94 0.996047
24 95 0.999855
24 96 0.981645
24 97 0.999930
24 98 0.997530
24 99 0.998265
25 0 0.999691
25 1 0.936253
25 2 0.986202
25 3 0.997497
25 4 0.011782
25 5 0.023583
25 6 1.000000
25 7 0.999995
25 8 0.997804
25 9 0.138922
25 10 0.984491
25 11 0.951157
25 12 0.997774
25 13 0.999876
25 14 0.999536
25 15 0.809758
25 16 0.019299
25 17 0.060180
25 18 0.011782
25 19 0.999451
25 20 0.121503
25 21 0.994733
25 22 0.999928
25 23 0.981397
25 24 0.329464
25 25 0.000000
25 26 0.659444
25 27 0.999999
25 28 0.153568
25 29 0.051779
25 30 1.000000
25 31 0.999980
25 32 0.999913
25 33 0.999985
25 34 0.517913
25 35 0.998375
25 36 0.918970
25 37 0.894801
25 38 0.986202
25 39 0.011782
25 40 0.990655
25 41 0.993760
25 42 0.998536
25 43 0.138922
25 44 0.995836
25 45 0.006763
25 46 0.992609
25 47 0.996875
25 48 0.019299
25 49 1.000000
25 50 0.979096
25 51 0.999989
25 52 0.029925
25 53 0.999891
25 54 0.809759
25 55 0.999938
25 56 0.153568
25 57 0.035762
25 58 0.002681
25 59 0.998764
25 60 0.999974
25 61 1.000000
25 62 0.999073
25 63 0.023583
25 64 0.999990
25 65 0.998265
25 66 0.999884
25 67 0.999981
25 68 0.999996
25 69 0.999985
25 70 0.019299
25 71 0.005177
25 72 0.998698
25 73 0.998353
25 74 0.997222
25 75 0.006763
25 76 0.005177
25 77 0.999963
25 78 0.999588
25 79 0.108547
25 80 0.999995
25 81 0.029925
25 82 0.988345
25 83 0.999992
25 84 0.998436
25 85 0.069412
25 86 0.999998
25 87 1.000000
25 88 0.999996
25 89 0.011782
25 90 0.281923
25 91 0.999998
25 92 0.989493
25 93 0.995836
25 94 0.999961
25 95 0.995836
25 96 0.999340
25 97 0.999739
25 98 0.812062
25 99 0.999999
26 0 0.999863
26 1 0.999994
26 2 0.988345
26 3 0.980146
26 4 0.985272
26 5 0.996875
26 6 0.093360
26 7 0.999993
26 8 0.999871
26 9 0.948612
26 10 0.979374
26 11 0.029925
26 12 0.999977
26 13 0.348574
26 14 0.999176
26 15 1.000000
26 16 0.951799
26 17 0.836903
26 18 0.999725
26 19 0.999954
26 20 0.999996
26 21 0.999999
26 22 0.999675
26 23 0.905921
26 24 0.981397
26 25 0.659444
26 26 0.000000
26 27 0.894801
26 28 0.999826
26 29 0.005177
26 30 0.998747
26 31 0.918969
26 32 0.935412
26 33 0.995613
26 34 0.999990
26 35 0.019299
26 36 0.999924
26 37 0.999999
26 38 0.999218
26 39 0.051779
26 40 0.972594
26 41 0.495294
26 42 0.719662
26 43 0.999691
26 44 0.138922
26 45 0.987073
26 46 1.000000
26 47 0.999739
26 48 0.998957
26 49 0.999954
26 50 0.999985
26 51 0.999999
26 52 0.995133
26 53 0.005177
26 54 0.995379
26 55 0.998887
26 56 0.999997
26 57 0.348574
26 58 0.999890
26 59 0.948613
26 60 0.060180
26 61 0.999923
26 62 0.071949
26 63 0.999994
26 64 0.999837
26 65 0.997916
26 66 0.205798
26 67 0.035762
26 68 0.998241
26 69 0.552765
26 70 0.108547
26 71 1.000000
26 72 0.981397
26 73 0.963140
26 74 1.000000
26 75 0.820692
26 76 0.999765
26 77 0.998610
26 78 0.999983
26 79 0.042353
26 80 0.999978
26 81 0.995836
26 82 0.905921
26 83 0.002681
26 84 0.999983
26 85 1.000000
26 86 0.998436
26 87 0.019299
26 88 0.121504
26 89 0.999451
26 90 0.716439
26 91 0.874996
26 92 0.997259
26 93 0.999817
26 94 0.324511
26 95 0.999966
26 96 0.999999
26 97 0.999963
26 98 0.051779
26 99 0.687189
27 0 0.996875
27 1 0.998021
27 2 0.995066
27 3 0.999971
27 4 0.999588
27 5 0.985272
27 6 0.023583
27 7 0.996485
27 8 0.999982
27 9 0.286770
27 10 0.011782
27 11 0.673535
27 12 0.998957
27 13 0.138922
27 14 0.999691
27 15 0.951157
27 16 0.999986
27 17 0.998827
27 18 0.992982
27 19 0.999479
27 20 0.023583
27 21 0.999132
27 22 0.998971
27 23 0.006763
27 24 0.999999
27 25 0.999999
27 26 0.894801
27 27 0.000000
27 28 0.586172
27 29 0.997687
27 30 0.972594
27 31 0.994526
27 32 0.945939
27 33 0.768376
27 34 0.988345
27 35 0.995066
27 36 0.999996
27 37 0.999707
27 38 0.035762
27 39 0.023583
27 40 0.011782
27 41 0.995066
27 42 0.999951
27 43 0.988934
27 44 0.082237
27 45 0.019299
27 46 0.189109
27 47 1.000000
27 48 0.999996
27 49 0.990654
27 50 0.999997
27 51 0.999010
