0 0 0.000000
0 1 0.999988
0 2 0.051779
0 3 0.999987
0 4 0.999959
0 5 0.999756
0 6 0.948613
0 7 0.687189
0 8 0.999997
0 9 0.535509
0 10 0.998536
0 11 0.019299
0 12 0.999971
0 13 0.874997
0 14 0.998021
0 15 0.999814
0 16 0.800668
0 17 0.999969
0 18 0.998436
0 19 1.000000
0 20 0.999890
0 21 0.999835
0 22 0.999024
0 23 0.999963
0 24 0.999999
0 25 0.999413
0 26 0.999897
0 27 0.999927
0 28 0.999913
0 29 0.882454
0 30 0.993427
0 31 0.999935
0 32 0.936253
0 33 0.999999
0 34 0.999961
0 35 0.998147
0 36 0.998764
0 37 1.000000
0 38 0.998048
0 39 0.189109
0 40 0.995316
0 41 0.999946
0 42 0.071949
0 43 0.999999
0 44 0.996247
0 45 0.999997
0 46 0.999912
0 47 0.791203
0 48 0.453650
0 49 0.969222
0 50 0.002681
0 51 0.969222
0 52 0.999120
0 53 0.999963
0 54 0.985073
0 55 0.093360
0 56 0.995066
0 57 0.731785
0 58 0.011782
0 59 0.999961
0 60 0.019299
0 61 0.942378
0 62 0.998457
0 63 0.121504
0 64 0.923918
0 65 0.023583
0 66 0.999628
0 67 0.029925
0 68 0.974940
0 69 0.999999
0 70 0.999980
0 71 0.998764
0 72 0.999861
0 73 0.999560
0 74 0.942378
0 75 0.997655
0 76 0.019299
0 77 0.999908
0 78 0.999634
0 79 0.517913
0 80 0.999878
0 81 0.034173
0 82 0.999536
0 83 0.023583
0 84 0.996485
0 85 0.994732
0 86 1.000000
0 87 0.987725
0 88 0.138922
0 89 0.999997
0 90 0.069412
0 91 0.138922
0 92 0.999966
0 93 0.988345
0 94 0.988934
0 95 0.997656
0 96 0.999845
0 97 0.000372
0 98 0.138922
0 99 0.227550
1 0 0.999988
1 1 0.000000
1 2 0.998901
1 3 0.372722
1 4 0.999985
1 5 0.997363
1 6 0.999941
1 7 0.002681
1 8 0.999974
1 9 0.998681
1 10 0.999963
1 11 1.000000
1 12 0.999988
1 13 0.999907
1 14 0.999845
1 15 0.731785
1 16 0.019299
1 17 0.999998
1 18 0.928576
1 19 0.998147
1 20 0.754758
1 21 1.000000
1 22 0.976826
1 23 0.999349
1 24 0.263461
1 25 0.990780
1 26 0.999993
1 27 0.999629
1 28 0.999691
1 29 0.999837
1 30 0.999999
1 31 0.189109
1 32 0.042353
1 33 0.999997
1 34 0.998764
1 35 0.999853
1 36 0.189109
1 37 0.921048
1 38 0.999993
1 39 0.305549
1 40 0.011782
1 41 0.071949
1 42 0.999073
1 43 0.999176
1 44 0.893444
1 45 0.999995
1 46 0.999988
1 47 0.999983
1 48 0.060180
1 49 0.495294
1 50 0.999931
1 51 0.995779
1 52 0.954189
1 53 0.995613
1 54 0.853624
1 55 0.999913
1 56 0.928576
1 57 0.731785
1 58 0.910477
1 59 0.998901
1 60 0.003622
1 61 0.972594
1 62 0.999314
1 63 1.000000
1 64 0.011782
1 65 0.999974
1 66 0.586172
1 67 0.121504
1 68 0.530966
1 69 0.999993
1 70 0.999976
1 71 0.999993
1 72 0.223001
1 73 0.999946
1 74 0.999999
1 75 0.069412
1 76 0.997497
1 77 0.999707
1 78 0.999998
1 79 0.920015
1 80 0.999993
1 81 0.029925
1 82 0.168897
1 83 0.999739
1 84 0.996664
1 85 0.999986
1 86 0.002681
1 87 0.977990
1 88 0.992983
1 89 0.999998
1 90 0.988345
1 91 0.999413
1 92 0.996298
1 93 0.999768
1 94 0.935412
1 95 0.975602
1 96 0.996708
1 97 0.972594
1 98 0.051779
1 99 1.000000
2 0 0.051779
2 1 0.998901
2 2 0.000000
2 3 0.999927
2 4 0.998353
2 5 0.659444
2 6 0.999073
2 7 0.999995
2 8 0.999918
2 9 0.999981
2 10 0.999992
2 11 0.999566
2 12 0.999536
2 13 0.828969
2 14 0.999443
2 15 0.999998
2 16 0.999931
2 17 0.999996
2 18 0.998048
2 19 0.798245
2 20 0.995379
2 21 0.976514
2 22 1.000000
2 23 1.000000
2 24 0.988187
2 25 0.932077
2 26 0.970761
2 27 0.990655
2 28 0.999978
2 29 0.999942
2 30 1.000000
2 31 0.227550
2 32 0.999024
2 33 0.992609
2 34 1.000000
2 35 0.999945
2 36 0.019299
2 37 0.999995
2 38 0.998241
2 39 0.993844
2 40 0.994452
2 41 0.990157
2 42 1.000000
2 43 0.168897
2 44 0.121504
2 45 0.999010
2 46 0.999963
2 47 0.999951
2 48 1.000000
2 49 1.000000
2 50 0.019299
2 51 0.096388
2 52 0.011782
2 53 0.999421
2 54 1.000000
2 55 0.998536
2 56 0.999073
2 57 0.999985
2 58 0.999863
2 59 0.999024
2 60 1.000000
2 61 0.990655
2 62 0.168897
2 63 0.019299
2 64 0.245316
2 65 0.999945
2 66 0.415919
2 67 0.118059
2 68 0.999927
2 69 0.011782
2 70 1.000000
2 71 0.999451
2 72 0.979096
2 73 0.999670
2 74 1.000000
2 75 1.000000
2 76 0.999804
2 77 0.999072
2 78 0.999971
2 79 0.986015
2 80 0.999907
2 81 0.999268
2 82 0.999862
2 83 0.994732
2 84 0.996298
2 85 0.975602
2 86 1.000000
2 87 0.372722
2 88 0.975602
2 89 0.023583
2 90 1.000000
2 91 0.999994
2 92 0.999634
2 93 0.999992
2 94 0.999993
2 95 0.999935
2 96 0.999073
2 97 0.989633
2 98 0.984490
2 99 0.999984
3 0 0.999987
3 1 0.372722
3 2 0.999927
3 3 0.000000
3 4 0.999999
3 5 0.999999
3 6 0.995379
3 7 0.999817
3 8 0.227550
3 9 0.967167
3 10 0.035762
3 11 0.011782
3 12 0.999711
3 13 0.999952
3 14 1.000000
3 15 0.999990
3 16 1.000000
3 17 0.999949
3 18 0.999961
3 19 0.003622
3 20 0.329464
3 21 0.975273
3 22 1.000000
3 23 0.108547
3 24 0.999995
3 25 0.998591
3 26 0.999373
3 27 0.999927
3 28 0.999614
3 29 0.999990
3 30 0.227550
3 31 0.622014
3 32 0.005177
3 33 0.999985
3 34 0.987726
3 35 1.000000
3 36 0.831064
3 37 0.999999
3 38 0.999927
3 39 0.999942
3 40 0.998265
3 41 0.991689
3 42 0.003622
3 43 0.998536
3 44 0.945222
3 45 0.993844
3 46 0.963140
3 47 0.989493
3 48 1.000000
3 49 1.000000
3 50 0.999817
3 51 0.995316
3 52 0.019299
3 53 0.991576
3 54 0.979374
3 55 0.999913
3 56 1.000000
3 57 0.999804
3 58 0.998048
3 59 0.477022
3 60 0.995836
3 61 0.999340
3 62 0.434867
3 63 0.999794
3 64 0.999963
3 65 0.060180
3 66 0.999218
3 67 0.988345
3 68 0.999010
3 69 0.552765
3 70 0.029925
3 71 0.997804
3 72 0.999983
3 73 0.998610
3 74 0.552765
3 75 0.898570
3 76 0.999927
3 77 0.999995
3 78 1.000000
3 79 0.999996
3 80 0.995066
3 81 0.867101
3 82 0.986015
3 83 0.002681
3 84 0.999614
3 85 0.005177
3 86 1.000000
3 87 1.000000
3 88 0.999999
3 89 0.999884
3 90 0.700406
3 91 0.999996
3 92 0.999989
3 93 0.999451
3 94 0.987559
3 95 0.999981
3 96 0.019299
3 97 0.999479
3 98 1.000000
3 99 0.999969
4 0 0.999959
4 1 0.999985
4 2 0.998353
4 3 0.999999
4 4 0.000000
4 5 1.000000
4 6 0.997222
4 7 0.999870
4 8 0.999863
4 9 0.986015
4 10 0.999780
4 11 0.998681
4 12 0.990655
4 13 0.687190
4 14 0.964979
4 15 0.999120
4 16 0.999991
4 17 0.999863
4 18 0.812062
4 19 0.998375
4 20 0.740481
4 21 0.999982
4 22 0.448784
4 23 0.999753
4 24 0.757621
4 25 0.011782
4 26 0.951157
4 27 0.999652
4 28 0.999997
4 29 0.998048
4 30 0.999982
4 31 0.716439
4 32 0.932077
4 33 0.998610
4 34 0.999176
4 35 0.999992
4 36 0.967167
4 37 0.939390
4 38 0.998680
4 39 0.690668
4 40 1.000000
4 41 0.809759
4 42 0.999966
4 43 0.999999
4 44 0.999997
4 45 1.000000
4 46 1.000000
4 47 0.956464
4 48 0.997655
4 49 0.999780
4 50 0.995379
4 51 0.513285
4 52 0.999974
4 53 0.999165
4 54 0.168897
4 55 0.997804
4 56 0.999794
4 57 0.999257
4 58 1.000000
4 59 1.000000
4 60 0.286770
4 61 0.999890
4 62 0.999999
4 63 0.019299
4 64 0.999176
4 65 0.673535
4 66 1.000000
4 67 0.999992
4 68 0.970368
4 69 0.999991
4 70 0.071949
4 71 0.019299
4 72 0.029925
4 73 0.999826
4 74 0.985469
4 75 0.153568
4 76 0.999609
4 77 0.029925
4 78 0.999837
4 79 0.999990
4 80 1.000000
4 81 1.000000
4 82 0.999218
4 83 0.005177
4 84 0.138922
4 85 0.999843
4 86 0.035762
4 87 0.939390
4 88 0.999892
4 89 0.899866
4 90 0.999258
4 91 0.999951
4 92 0.014763
4 93 0.999989
4 94 0.996047
4 95 0.998147
4 96 0.997073
4 97 0.996298
4 98 0.999897
4 99 0.999471
5 0 0.999756
5 1 0.997363
5 2 0.659444
5 3 0.999999
5 4 1.000000
5 5 0.000000
5 6 0.716439
5 7 0.990157
5 8 0.999984
5 9 0.999999
5 10 0.999990
5 11 0.986721
5 12 0.006763
5 13 0.999268
5 14 0.999913
5 15 0.781351
5 16 1.000000
5 17 0.999506
5 18 0.999835
5 19 0.004818
5 20 0.093360
5 21 0.999980
5 22 0.997944
5 23 0.121504
5 24 0.999870
5 25 0.023583
5 26 0.998241
5 27 0.993760
5 28 0.998147
5 29 0.029925
5 30 0.982569
5 31 0.999120
5 32 0.990157
5 33 0.121504
5 34 0.029925
5 35 0.999902
5 36 0.982569
5 37 0.118060
5 38 0.836902
5 39 0.434867
5 40 0.108547
5 41 1.000000
5 42 0.005177
5 43 0.999989
5 44 0.987559
5 45 0.999997
5 46 0.740481
5 47 0.019299
5 48 0.999995
5 49 0.998375
5 50 0.995493
5 51 0.999934
5 52 0.999954
5 53 0.999997
5 54 0.014763
5 55 0.227550
5 56 0.659444
5 57 0.002681
5 58 0.590401
5 59 0.999988
5 60 0.999382
5 61 0.998957
5 62 0.994999
5 63 0.870414
5 64 0.005177
5 65 0.168897
5 66 0.999983
5 67 0.809759
5 68 0.997073
5 69 0.391878
5 70 1.000000
5 71 0.035762
5 72 1.000000
5 73 0.868768
5 74 0.999942
5 75 0.999991
5 76 0.472229
5 77 0.998827
5 78 0.999994
5 79 0.386901
5 80 0.998021
5 81 0.011782
5 82 0.809759
5 83 0.999739
5 84 0.429954
5 85 0.011782
5 86 0.999722
5 87 0.003622
5 88 0.999853
5 89 0.005177
5 90 0.999566
5 91 0.809759
5 92 0.999896
5 93 0.029925
5 94 0.324511
5 95 0.999982
5 96 0.915921
5 97 0.765619
5 98 0.999989
5 99 1.000000
6 0 0.948613
6 1 0.999941
6 2 0.999073
6 3 0.995379
6 4 0.997222
6 5 0.716439
6 6 0.000000
6 7 0.999670
6 8 0.999305
6 9 0.659444
6 10 0.018287
6 11 0.999972
6 12 0.999980
6 13 0.999923
6 14 0.999996
6 15 0.969222
6 16 0.999977
6 17 0.999987
6 18 0.910477
6 19 0.999060
6 20 0.999999
6 21 0.991800
6 22 0.981397
6 23 0.999931
6 24 1.000000
6 25 1.000000
6 26 0.093360
6 27 0.023583
6 28 0.999980
6 29 0.957037
6 30 0.999999
6 31 0.977990
6 32 0.999652
6 33 0.082237
6 34 0.999582
6 35 0.990157
6 36 0.019299
6 37 0.928576
6 38 0.936253
6 39 1.000000
6 40 0.999991
6 41 0.964978
6 42 0.999999
6 43 0.006763
6 44 0.853624
6 45 0.999478
6 46 0.999969
6 47 0.998887
6 48 1.000000
6 49 0.999996
6 50 0.998265
6 51 0.999846
6 52 0.051779
6 53 0.005177
6 54 0.999971
6 55 0.999985
6 56 0.996298
6 57 0.999956
6 58 0.019299
6 59 0.051779
6 60 0.935413
6 61 0.963627
6 62 1.000000
6 63 0.997774
6 64 0.998147
6 65 0.920015
6 66 0.348574
6 67 0.955883
6 68 0.082237
6 69 0.999984
6 70 0.999961
6 71 0.999971
6 72 0.005177
6 73 0.999983
6 74 0.999314
6 75 1.000000
6 76 0.002681
6 77 0.655709
6 78 0.973968
6 79 0.998764
6 80 1.000000
6 81 0.999996
6 82 0.999993
6 83 0.999996
6 84 0.999952
6 85 1.000000
6 86 0.029925
6 87 0.998887
6 88 0.372722
6 89 0.014763
6 90 0.348574
6 91 0.927638
6 92 0.998147
6 93 0.060180
6 94 0.983447
6 95 0.998843
6 96 0.716439
6 97 0.999954
6 98 0.999913
6 99 0.005177
7 0 0.687189
7 1 0.002681
7 2 0.999995
7 3 0.999817
7 4 0.999870
7 5 0.990157
7 6 0.999670
7 7 0.000000
7 8 1.000000
7 9 0.999739
7 10 0.999890
7 11 0.998827
7 12 1.000000
7 13 0.999073
7 14 0.999966
7 15 0.995554
7 16 0.029925
7 17 0.138922
7 18 0.986015
7 19 0.999999
7 20 0.999985
7 21 0.999382
7 22 0.921048
7 23 0.999917
7 24 0.996298
7 25 0.999986
7 26 0.999997
7 27 0.997363
7 28 0.042353
7 29 0.999942
7 30 0.997259
7 31 0.998827
7 32 0.868768
7 33 0.999959
7 34 0.999340
7 35 0.999691
7 36 0.999896
7 37 0.011782
7 38 0.005177
7 39 0.002681
7 40 0.999998
7 41 0.999876
7 42 0.999670
7 43 0.886639
7 44 0.011782
7 45 0.999652
7 46 0.999845
7 47 0.996100
7 48 0.999999
7 49 1.000000
7 50 0.999913
7 51 0.999999
7 52 0.999120
7 53 0.995613
7 54 0.999707
7 55 0.023583
7 56 0.999990
7 57 0.959174
7 58 0.002681
7 59 0.999995
7 60 0.005177
7 61 0.904702
7 62 0.051779
7 63 0.999986
7 64 0.999983
7 65 0.999382
7 66 0.495294
7 67 0.999771
7 68 0.999833
7 69 0.999998
7 70 0.731785
7 71 0.999930
7 72 0.999927
7 73 0.992609
7 74 0.108547
7 75 0.999853
7 76 0.999945
7 77 0.999870
7 78 0.954189
7 79 0.988345
7 80 0.999971
7 81 0.997363
7 82 0.002681
7 83 0.992109
7 84 0.889496
7 85 0.986015
7 86 0.999896
7 87 0.035762
7 88 0.997804
7 89 0.976826
7 90 0.035762
7 91 0.999218
7 92 0.999935
7 93 0.051779
7 94 0.999995
7 95 0.997624
7 96 0.927638
7 97 0.999614
7 98 0.998827
7 99 0.874996
8 0 0.999997
8 1 0.999974
8 2 0.999918
8 3 0.227550
8 4 0.999863
8 5 0.999984
8 6 0.999305
8 7 1.000000
8 8 0.000000
8 9 0.999725
8 10 0.999536
8 11 0.268234
8 12 0.999991
8 13 0.762834
8 14 0.920015
8 15 0.999998
8 16 0.121504
8 17 0.035762
8 18 0.999132
8 19 0.999826
8 20 0.882454
8 21 0.999997
8 22 0.999997
8 23 0.999973
8 24 0.019299
8 25 0.998902
8 26 0.999959
8 27 0.999977
8 28 0.997624
8 29 0.011782
8 30 0.984490
8 31 0.108547
8 32 1.000000
8 33 0.005177
8 34 0.999791
8 35 0.999999
8 36 0.999304
8 37 0.999985
8 38 0.994452
8 39 0.999986
8 40 1.000000
8 41 0.999982
8 42 0.983446
8 43 0.999908
8 44 1.000000
8 45 0.999994
8 46 0.928576
8 47 0.999978
8 48 0.988934
8 49 0.999707
8 50 0.995836
8 51 0.051779
8 52 0.999024
8 53 0.939390
8 54 0.997530
8 55 0.999073
8 56 0.999997
8 57 0.992215
8 58 0.999907
8 59 0.999961
8 60 0.999609
8 61 0.999966
8 62 0.999165
8 63 0.011782
8 64 0.329464
8 65 1.000000
8 66 0.014763
8 67 0.998021
8 68 0.999340
8 69 0.168897
8 70 0.172989
8 71 0.922921
8 72 0.590401
8 73 1.000000
8 74 0.999120
8 75 0.999999
8 76 1.000000
8 77 0.011782
8 78 0.029925
8 79 0.999670
8 80 0.999560
8 81 0.005177
8 82 0.999973
8 83 0.019299
8 84 0.999969
8 85 0.997073
8 86 0.999927
8 87 0.996532
8 88 0.999382
8 89 0.999999
8 90 0.976826
8 91 0.011782
8 92 0.002681
8 93 0.019299
8 94 1.000000
8 95 0.118059
8 96 1.000000
8 97 0.999935
8 98 0.999996
8 99 0.998764
9 0 0.535509
9 1 0.998681
9 2 0.999981
9 3 0.967167
9 4 0.986015
9 5 0.999999
9 6 0.659444
9 7 0.999739
9 8 0.999725
9 9 0.000000
9 10 0.996708
9 11 0.999218
9 12 0.985073
9 13 0.071949
9 14 0.999976
9 15 0.999931
9 16 0.882454
9 17 0.987725
9 18 0.999670
9 19 1.000000
9 20 0.121504
9 21 0.999837
9 22 0.999073
9 23 0.920015
9 24 0.998957
9 25 0.372722
9 26 0.935412
9 27 0.153568
9 28 0.995836
9 29 0.999995
9 30 0.999981
9 31 0.999995
9 32 0.999897
9 33 0.999983
9 34 0.996485
9 35 0.029925
9 36 0.011782
9 37 0.959174
9 38 0.999997
9 39 0.757621
9 40 0.999990
9 41 0.999988
9 42 0.997259
9 43 0.999938
9 44 0.740481
9 45 0.051779
9 46 0.019299
9 47 0.999780
9 48 1.000000
9 49 0.975273
9 50 0.999976
9 51 0.138922
9 52 0.999853
9 53 0.590401
9 54 0.999999
9 55 0.999794
9 56 0.998764
9 57 0.999956
9 58 0.999992
9 59 0.985272
9 60 0.999998
9 61 0.986898
9 62 0.999956
9 63 0.910477
9 64 0.983447
9 65 0.138922
9 66 0.999807
9 67 0.999340
9 68 0.227550
9 69 0.999998
9 70 0.990655
9 71 0.999999
9 72 0.999996
9 73 0.999997
9 74 0.042353
9 75 0.999999
9 76 0.011782
9 77 0.999967
9 78 0.999946
9 79 0.999218
9 80 1.000000
9 81 0.981645
9 82 0.999670
9 83 0.999691
9 84 0.986015
9 85 0.999997
9 86 0.999853
9 87 0.999980
9 88 0.999990
9 89 0.999652
9 90 1.000000
9 91 0.982569
9 92 0.999120
9 93 0.999711
9 94 0.014763
9 95 0.626001
9 96 0.999756
9 97 0.999985
9 98 0.131589
9 99 0.975602
10 0 0.998536
10 1 0.999963
10 2 0.999992
10 3 0.035762
10 4 0.999780
10 5 0.999990
10 6 0.018287
10 7 0.999890
10 8 0.999536
10 9 0.996708
10 10 0.000000
10 11 0.983668
10 12 0.980411
10 13 0.999986
10 14 1.000000
10 15 0.011782
10 16 0.035762
10 17 0.999990
10 18 0.005177
10 19 0.995253
10 20 0.999739
10 21 0.006763
10 22 0.999998
10 23 0.999891
10 24 0.999974
10 25 0.993427
10 26 0.948613
10 27 0.011782
10 28 0.999543
10 29 0.071949
10 30 0.970761
10 31 0.834872
10 32 0.993760
10 33 0.999837
10 34 0.999176
10 35 0.999878
10 36 1.000000
10 37 0.999954
10 38 0.999674
10 39 0.996876
10 40 0.999990
10 41 0.999992
10 42 0.998436
10 43 1.000000
10 44 0.998957
10 45 0.011782
10 46 1.000000
10 47 0.999995
10 48 0.022408
10 49 0.999982
10 50 0.939390
10 51 0.973967
10 52 0.999711
10 53 0.993427
10 54 0.999986
10 55 0.999997
10 56 0.019299
10 57 1.000000
10 58 0.999991
10 59 0.005177
10 60 0.999995
10 61 0.999995
10 62 0.995836
10 63 0.999691
10 64 0.999923
10 65 0.999993
10 66 0.003622
10 67 1.000000
10 68 0.999989
10 69 0.999086
10 70 0.135231
10 71 0.994452
10 72 0.997530
10 73 0.998610
10 74 0.999472
10 75 0.998241
10 76 0.057916
10 77 0.051779
10 78 0.997655
10 79 0.367737
10 80 0.189109
10 81 0.818482
10 82 0.999752
10 83 1.000000
10 84 0.051779
10 85 1.000000
10 86 0.988345
10 87 0.999983
10 88 0.992609
10 89 0.999976
10 90 0.828969
10 91 0.996047
10 92 0.999976
10 93 0.989082
10 94 0.996875
10 95 0.989492
10 96 0.997655
10 97 0.014763
10 98 0.999998
10 99 0.999948
11 0 0.019299
11 1 1.000000
11 2 0.999566
11 3 0.011782
11 4 0.998681
11 5 0.986721
11 6 0.999972
11 7 0.998827
11 8 0.268234
11 9 0.999218
11 10 0.983668
11 11 0.000000
11 12 0.999010
11 13 0.999855
11 14 0.980411
11 15 0.998764
11 16 0.019299
11 17 0.986202
11 18 0.999560
11 19 0.731785
11 20 1.000000
11 21 0.981397
11 22 0.999722
11 23 0.035762
11 24 0.005177
11 25 0.997655
11 26 0.029925
11 27 0.894801
11 28 0.999817
11 29 0.999382
11 30 0.942378
11 31 0.189109
11 32 1.000000
11 33 0.989082
11 34 0.961206
11 35 0.800668
11 36 0.999998
11 37 0.999413
11 38 0.002681
11 39 0.999652
11 40 0.999999
11 41 0.961718
11 42 0.999443
11 43 0.999707
11 44 0.999942
11 45 0.999983
11 46 0.893445
11 47 0.999814
11 48 0.999870
11 49 0.999996
11 50 0.999997
11 51 0.998610
11 52 0.999997
11 53 0.870414
11 54 0.999870
11 55 0.999120
11 56 1.000000
11 57 1.000000
11 58 0.999998
11 59 0.894801
11 60 0.975602
11 61 0.983223
11 62 0.999938
11 63 0.005177
11 64 0.999987
11 65 0.999991
11 66 0.051779
11 67 0.999998
11 68 0.019299
11 69 1.000000
11 70 0.135231
11 71 0.993338
11 72 0.999994
11 73 0.999945
11 74 0.999739
11 75 0.939390
11 76 0.998610
11 77 1.000000
11 78 0.999971
11 79 0.999959
11 80 0.071949
11 81 0.995066
11 82 0.051779
11 83 0.999998
11 84 0.121504
11 85 0.993761
11 86 0.999983
11 87 0.305549
11 88 0.988934
11 89 0.999913
11 90 0.051779
11 91 0.999120
11 92 0.999996
11 93 0.999963
11 94 0.999228
11 95 0.999373
11 96 0.996297
11 97 0.005177
11 98 0.090388
11 99 0.894801
12 0 0.999971
12 1 0.999988
12 2 0.999536
12 3 0.999711
12 4 0.990655
12 5 0.006763
12 6 0.999980
12 7 1.000000
12 8 0.999991
12 9 0.985073
12 10 0.980411
12 11 0.999010
12 12 0.000000
12 13 0.999954
12 14 0.999998
12 15 0.999997
12 16 0.999942
12 17 0.996875
12 18 0.999382
12 19 0.999908
12 20 0.998021
12 21 0.999959
12 22 0.999828
12 23 0.999979
12 24 0.005177
12 25 0.991576
12 26 0.999990
12 27 0.999120
12 28 0.071949
12 29 0.997655
12 30 0.348574
12 31 0.978283
12 32 0.999992
12 33 1.000000
12 34 1.000000
12 35 0.999971
12 36 1.000000
12 37 0.535509
12 38 0.999923
12 39 0.995892
12 40 0.999882
12 41 0.090388
12 42 0.999923
12 43 0.138922
12 44 0.995316
12 45 0.029925
12 46 0.035762
12 47 0.999413
12 48 0.999999
12 49 0.069412
12 50 0.999994
12 51 0.975602
12 52 0.998591
12 53 0.999768
12 54 0.472230
12 55 1.000000
12 56 0.986015
12 57 0.999977
12 58 0.019299
12 59 0.984281
12 60 0.019299
12 61 0.999258
12 62 0.019299
12 63 0.590401
12 64 0.995554
12 65 0.995836
12 66 0.590401
12 67 0.999768
12 68 0.992109
12 69 0.268234
12 70 0.963139
12 71 0.999985
12 72 0.999998
12 73 0.372722
12 74 0.936254
12 75 0.999783
12 76 0.992215
12 77 0.999479
12 78 0.999512
12 79 0.051779
12 80 0.803068
12 81 0.991689
12 82 0.153568
12 83 0.999931
12 84 0.019299
12 85 1.000000
12 86 0.997656
12 87 0.999413
12 88 0.999998
12 89 0.988784
12 90 1.000000
12 91 0.029925
12 92 0.005177
12 93 0.999588
12 94 0.071949
12 95 0.005177
12 96 0.005177
12 97 0.096388
12 98 0.999980
12 99 0.988187
13 0 0.874997
13 1 0.999907
13 2 0.828969
13 3 0.999952
13 4 0.687190
13 5 0.999268
13 6 0.999923
13 7 0.999073
13 8 0.762834
13 9 0.071949
13 10 0.999986
13 11 0.999855
13 12 0.999954
13 13 0.000000
13 14 1.000000
13 15 0.967167
13 16 0.990780
13 17 0.093360
13 18 0.999974
13 19 0.035762
13 20 0.019299
13 21 0.999817
13 22 0.999725
13 23 0.963140
13 24 0.999995
13 25 0.999965
13 26 0.590401
13 27 0.138922
13 28 0.979374
13 29 0.994451
13 30 0.999998
13 31 0.223001
13 32 0.999976
13 33 0.999999
13 34 0.999973
13 35 0.961718
13 36 0.999985
13 37 0.999927
13 38 0.138922
13 39 0.999999
13 40 0.999999
13 41 0.999998
13 42 0.971149
13 43 0.999983
13 44 0.995066
13 45 0.998353
13 46 0.997530
13 47 0.999961
13 48 0.998902
13 49 0.999996
13 50 0.945222
13 51 0.035762
13 52 0.999588
13 53 0.999024
13 54 0.019299
13 55 0.975602
13 56 0.999691
13 57 0.798244
13 58 0.019299
13 59 0.999923
13 60 0.999997
13 61 0.998957
13 62 0.998515
13 63 0.999870
13 64 1.000000
13 65 0.948613
13 66 0.898572
13 67 0.051779
13 68 0.172989
13 69 0.999695
13 70 1.000000
13 71 0.999374
13 72 0.999884
13 73 0.998764
13 74 0.992708
13 75 0.999382
13 76 0.999993
13 77 0.999992
13 78 0.999997
13 79 0.997073
13 80 0.051779
13 81 0.996298
13 82 0.999176
13 83 0.999942
13 84 0.999961
13 85 0.019299
13 86 0.011782
13 87 0.995672
13 88 0.999861
13 89 0.999994
13 90 0.999853
13 91 0.999995
13 92 0.991246
13 93 0.999999
13 94 0.996297
13 95 0.999304
13 96 0.997222
13 97 0.855444
13 98 0.999780
13 99 0.999707
14 0 0.998021
14 1 0.999845
14 2 0.999443
14 3 1.000000
14 4 0.964979
14 5 0.999913
14 6 0.999996
14 7 0.999966
14 8 0.920015
14 9 0.999976
14 10 1.000000
14 11 0.980411
14 12 0.999998
14 13 1.000000
14 14 0.000000
14 15 0.999999
14 16 0.999951
14 17 1.000000
14 18 0.023583
14 19 0.999997
14 20 0.961206
14 21 0.994076
14 22 0.626001
14 23 0.005177
14 24 0.998516
14 25 0.999768
14 26 0.999652
14 27 0.999826
14 28 0.168897
14 29 0.990024
14 30 1.000000
14 31 0.999999
14 32 0.999999
14 33 0.999993
14 34 0.836903
14 35 0.999942
14 36 0.999258
14 37 0.999780
14 38 0.429954
14 39 0.121504
14 40 0.882454
14 41 1.000000
14 42 0.023583
14 43 0.999998
14 44 0.999967
14 45 0.019299
14 46 0.999998
14 47 0.999721
14 48 0.999870
14 49 0.999992
14 50 0.999964
14 51 1.000000
14 52 0.999969
14 53 0.999995
14 54 0.999986
14 55 0.108547
14 56 0.999994
14 57 0.999942
14 58 0.999980
14 59 0.976514
14 60 1.000000
14 61 0.153568
14 62 0.005177
14 63 0.189109
14 64 0.999373
14 65 0.999939
14 66 0.993427
14 67 0.999707
14 68 0.008716
14 69 0.118059
14 70 0.788679
14 71 0.029925
14 72 0.372722
14 73 0.999878
14 74 0.999963
14 75 0.999999
14 76 0.042353
14 77 0.002681
14 78 0.948613
14 79 0.999989
14 80 0.051779
14 81 0.999024
14 82 0.999998
14 83 0.138922
14 84 0.999995
14 85 0.998957
14 86 0.998375
14 87 0.924902
14 88 0.071949
14 89 0.999413
14 90 1.000000
14 91 0.999983
14 92 0.999983
14 93 0.118059
14 94 0.011782
14 95 0.415919
14 96 0.998901
14 97 0.999989
14 98 0.006763
14 99 0.846427
15 0 0.999814
15 1 0.731785
15 2 0.999998
15 3 0.999990
15 4 0.999120
15 5 0.781351
15 6 0.969222
15 7 0.995554
15 8 0.999998
15 9 0.999931
15 10 0.011782
15 11 0.998764
15 12 0.999997
15 13 0.967167
15 14 0.999999
15 15 0.000000
15 16 0.049729
15 17 0.999794
15 18 0.910477
15 19 0.019299
15 20 0.996047
15 21 0.999967
15 22 0.999987
15 23 0.999756
15 24 0.999835
15 25 0.490569
15 26 1.000000
15 27 0.990655
15 28 0.011782
15 29 0.060180
15 30 0.999768
15 31 0.005177
15 32 0.997398
15 33 0.909313
15 34 0.659444
15 35 1.000000
15 36 0.999996
15 37 0.899866
15 38 0.029925
15 39 0.973967
15 40 0.305549
15 41 0.997687
15 42 0.005177
15 43 0.923918
15 44 0.999861
15 45 1.000000
15 46 0.042353
15 47 0.999739
15 48 0.998827
15 49 0.995066
15 50 0.961206
15 51 0.999691
15 52 0.999725
15 53 0.719662
15 54 0.788678
15 55 0.999997
15 56 0.999871
15 57 0.995316
15 58 0.999998
15 59 0.999876
15 60 0.659444
15 61 0.999768
15 62 0.996047
15 63 0.999739
15 64 0.999984
15 65 0.999999
15 66 0.029925
15 67 0.999969
15 68 0.873403
15 69 0.999804
15 70 0.999305
15 71 0.999982
15 72 0.788678
15 73 0.968808
15 74 0.999073
15 75 0.138922
15 76 0.035762
15 77 0.985272
15 78 0.999863
15 79 0.999988
15 80 0.972594
15 81 0.999691
15 82 0.999948
15 83 1.000000
15 84 0.071949
15 85 0.999725
15 86 0.999999
15 87 0.998610
15 88 0.999939
15 89 1.000000
15 90 0.999976
15 91 0.069412
15 92 0.968808
15 93 0.999979
15 94 0.999768
15 95 0.999989
15 96 0.999010
15 97 0.995133
15 98 0.999956
15 99 0.060180
16 0 0.800668
16 1 0.019299
16 2 0.999931
16 3 1.000000
16 4 0.999991
16 5 1.000000
16 6 0.999977
16 7 0.029925
16 8 0.121504
16 9 0.882454
16 10 0.035762
16 11 0.019299
16 12 0.999942
16 13 0.990780
16 14 0.999951
16 15 0.049729
16 16 0.000000
16 17 0.996708
16 18 0.999997
16 19 0.019299
16 20 0.641070
16 21 0.999988
16 22 0.999913
16 23 0.989633
16 24 0.999996
16 25 0.019299
16 26 0.987725
16 27 0.999999
16 28 0.999855
16 29 0.993760
16 30 0.999982
16 31 0.938590
16 32 0.955884
16 33 0.999995
16 34 0.998147
16 35 0.227550
16 36 0.999999
16 37 0.002681
16 38 0.268234
16 39 0.999966
16 40 0.999998
16 41 0.973967
16 42 0.305549
16 43 0.979096
16 44 0.999999
16 45 0.999969
16 46 0.999927
16 47 0.108547
16 48 0.999665
16 49 0.999997
16 50 0.999739
16 51 1.000000
16 52 0.999870
16 53 0.882454
16 54 0.992983
16 55 0.999988
16 56 0.530966
16 57 0.477022
16 58 0.014763
16 59 0.989493
16 60 0.019299
16 61 0.999965
16 62 0.999997
16 63 0.998122
16 64 0.999505
16 65 0.669912
16 66 0.245316
16 67 0.999985
16 68 0.991246
16 69 0.990157
16 70 0.999999
16 71 0.996298
16 72 0.999986
16 73 0.948613
16 74 0.999777
16 75 0.999780
16 76 0.959712
16 77 0.996708
16 78 0.999413
16 79 0.999609
16 80 0.968808
16 81 0.999753
16 82 0.999998
16 83 0.999930
16 84 0.807431
16 85 0.999268
16 86 0.994803
16 87 0.998971
16 88 0.029925
16 89 0.999951
16 90 0.990024
16 91 0.999305
16 92 0.060180
16 93 0.999609
16 94 0.999999
16 95 0.997363
16 96 0.999543
16 97 0.996485
16 98 0.138922
16 99 0.019299
17 0 0.999969
17 1 0.999998
17 2 0.999996
17 3 0.999949
17 4 0.999863
17 5 0.999506
17 6 0.999987
17 7 0.138922
17 8 0.035762
17 9 0.987725
17 10 0.999990
17 11 0.986202
17 12 0.996875
17 13 0.093360
17 14 1.000000
17 15 0.999794
17 16 0.996708
17 17 0.000000
17 18 0.999817
17 19 0.997074
17 20 0.999765
17 21 0.993760
17 22 0.999884
17 23 0.999931
17 24 0.951157
17 25 0.001794
17 26 0.991689
17 27 0.999011
17 28 0.951799
17 29 0.999996
17 30 0.999967
17 31 0.998241
17 32 0.899866
17 33 0.999878
17 34 0.999218
17 35 0.006317
17 36 0.082237
17 37 0.969221
17 38 0.999560
17 39 0.622014
17 40 1.000000
17 41 0.999991
17 42 0.999971
17 43 0.999993
17 44 0.082237
17 45 0.999994
17 46 0.999977
17 47 0.996708
17 48 1.000000
17 49 0.999768
17 50 0.019299
17 51 0.286770
17 52 0.999971
17 53 1.000000
17 54 0.998827
17 55 0.610510
17 56 1.000000
17 57 0.517913
17 58 0.999382
17 59 0.999988
17 60 0.999988
17 61 0.999961
17 62 0.992109
17 63 1.000000
17 64 0.093360
17 65 0.999804
17 66 0.999927
17 67 0.019299
17 68 0.999994
17 69 0.997804
17 70 0.023583
17 71 0.914824
17 72 0.172989
17 73 0.996875
17 74 0.976826
17 75 0.999928
17 76 0.286770
17 77 0.999974
17 78 0.993427
17 79 0.999783
17 80 0.999918
17 81 0.945222
17 82 0.999870
17 83 0.029925
17 84 0.983447
17 85 0.029925
17 86 0.029925
17 87 0.999991
17 88 0.997916
17 89 0.754757
17 90 0.005177
17 91 0.999999
17 92 0.716439
17 93 0.923918
17 94 0.999736
17 95 1.000000
17 96 0.999349
17 97 0.954189
17 98 1.000000
17 99 0.372722
18 0 0.998436
18 1 0.928576
18 2 0.998048
18 3 0.999961
18 4 0.812062
18 5 0.999835
18 6 0.910477
18 7 0.986015
18 8 0.999132
18 9 0.999670
18 10 0.005177
18 11 0.999560
18 12 0.999382
18 13 0.999974
18 14 0.023583
18 15 0.910477
18 16 0.999997
18 17 0.999817
18 18 0.000000
18 19 0.999998
18 20 0.999566
18 21 0.999908
18 22 0.999974
18 23 0.984491
18 24 1.000000
18 25 0.011782
18 26 0.999923
18 27 0.996485
18 28 0.490567
18 29 0.999993
18 30 0.011782
18 31 0.999990
18 32 0.999132
18 33 0.069412
18 34 0.434867
18 35 0.983447
18 36 0.999512
18 37 0.826851
18 38 0.998681
18 39 0.005177
18 40 0.998436
18 41 0.976826
18 42 0.999846
18 43 0.999982
18 44 0.999908
18 45 0.999670
18 46 0.995316
18 47 0.227550
18 48 0.999998
18 49 0.999890
18 50 0.655709
18 51 0.999479
18 52 0.999990
18 53 0.998680
18 54 0.997496
18 55 0.999629
18 56 0.993077
18 57 0.982569
18 58 0.998536
18 59 0.071949
18 60 0.999991
18 61 1.000000
18 62 0.999935
18 63 0.999804
18 64 0.999609
18 65 0.410971
18 66 0.862254
18 67 1.000000
18 68 0.700406
18 69 0.999923
18 70 0.051779
18 71 0.011782
18 72 0.995066
18 73 0.999913
18 74 0.999120
18 75 1.000000
18 76 0.999853
18 77 0.991127
18 78 0.979374
18 79 0.999999
18 80 0.999902
18 81 0.999443
18 82 0.999998
18 83 0.090388
18 84 0.011782
18 85 0.999629
18 86 0.999884
18 87 0.005177
18 88 0.997399
18 89 0.991689
18 90 0.957038
18 91 0.999969
18 92 0.999938
18 93 0.999882
18 94 0.999884
18 95 0.999657
18 96 0.999845
18 97 0.011782
18 98 1.000000
18 99 0.999998
19 0 1.000000
19 1 0.998147
19 2 0.798245
19 3 0.003622
19 4 0.998375
19 5 0.004818
19 6 0.999060
19 7 0.999999
19 8 0.999826
19 9 1.000000
19 10 0.995253
19 11 0.731785
19 12 0.999908
19 13 0.035762
19 14 0.999997
19 15 0.019299
19 16 0.019299
19 17 0.997074
19 18 0.999998
19 19 0.000000
19 20 0.999993
19 21 0.975602
19 22 0.998827
19 23 0.999986
19 24 0.019299
19 25 0.999609
19 26 0.999931
19 27 0.998682
19 28 0.999479
19 29 0.035762
19 30 0.999993
19 31 0.999991
19 32 0.981145
19 33 0.999853
19 34 0.989082
19 35 0.998436
19 36 0.999999
19 37 0.999938
19 38 0.999218
19 39 0.690668
19 40 0.999999
19 41 1.000000
19 42 0.138922
19 43 0.979096
19 44 0.999999
19 45 0.999997
19 46 0.999961
19 47 1.000000
19 48 0.172989
19 49 0.999990
19 50 0.968808
19 51 0.999997
19 52 0.042353
19 53 0.019299
19 54 0.138922
19 55 0.996298
19 56 0.999994
19 57 0.999959
19 58 1.000000
19 59 0.999999
19 60 0.999959
19 61 0.998516
19 62 0.765619
19 63 0.999707
19 64 0.999942
19 65 0.982569
19 66 1.000000
19 67 0.999073
19 68 0.999902
19 69 0.956464
19 70 0.999998
19 71 0.999994
19 72 0.189109
19 73 0.999992
19 74 1.000000
19 75 0.268234
19 76 0.999996
19 77 0.005177
19 78 0.728674
19 79 0.999817
19 80 0.999988
19 81 0.997497
19 82 0.391878
19 83 0.988934
19 84 0.948613
19 85 0.999536
19 86 0.014763
19 87 0.172989
19 88 0.348574
19 89 0.005177
19 90 0.329464
19 91 0.108547
19 92 0.019299
19 93 0.000372
19 94 0.096388
19 95 0.996247
19 96 0.995316
19 97 0.703771
19 98 0.029925
19 99 0.999994
20 0 0.999890
20 1 0.754758
20 2 0.995379
20 3 0.329464
20 4 0.740481
20 5 0.093360
20 6 0.999999
20 7 0.999985
20 8 0.882454
20 9 0.121504
20 10 0.999739
20 11 1.000000
20 12 0.998021
20 13 0.019299
20 14 0.961206
20 15 0.996047
20 16 0.641070
20 17 0.999765
20 18 0.999566
20 19 0.999993
20 20 0.000000
20 21 0.999010
20 22 0.999935
20 23 0.014763
20 24 0.981645
20 25 0.928576
20 26 0.999995
20 27 0.023583
20 28 0.999382
20 29 0.999992
20 30 0.999954
20 31 0.995067
20 32 0.999999
20 33 0.138922
20 34 0.552765
20 35 0.011782
20 36 0.999997
20 37 0.999994
20 38 0.996100
20 39 0.029925
20 40 1.000000
20 41 0.999961
20 42 0.999998
20 43 0.999986
20 44 0.999907
20 45 0.999853
20 46 0.999674
20 47 0.655709
20 48 0.005177
20 49 0.999670
20 50 0.348574
20 51 0.999971
20 52 0.051779
20 53 0.880949
20 54 0.999945
20 55 1.000000
20 56 0.991576
20 57 0.999998
20 58 0.999999
20 59 0.999998
20 60 0.998516
20 61 0.999978
20 62 1.000000
20 63 0.999997
20 64 0.998021
20 65 0.105308
20 66 0.071949
20 67 0.999896
20 68 0.035762
20 69 0.999990
20 70 0.999948
20 71 0.172989
20 72 0.999938
20 73 0.999382
20 74 0.071949
20 75 0.995836
20 76 0.999907
20 77 0.391878
20 78 0.005177
20 79 0.003622
20 80 0.029925
20 81 0.082237
20 82 0.005177
20 83 0.999938
20 84 0.728674
20 85 0.999951
20 86 0.999897
20 87 0.998827
20 88 0.972225
20 89 0.993760
20 90 0.999756
20 91 1.000000
20 92 0.060180
20 93 1.000000
20 94 0.005177
20 95 0.996047
20 96 0.996663
20 97 0.992609
20 98 0.999994
20 99 0.999985
21 0 0.999835
21 1 1.000000
21 2 0.976514
21 3 0.975273
21 4 0.999982
21 5 0.999980
21 6 0.991800
21 7 0.999382
21 8 0.999997
21 9 0.999837
21 10 0.006763
21 11 0.981397
21 12 0.999959
21 13 0.999817
21 14 0.994076
21 15 0.999967
21 16 0.999988
21 17 0.993760
21 18 0.999908
21 19 0.975602
21 20 0.999010
21 21 0.000000
21 22 0.999948
21 23 0.999268
21 24 0.993338
21 25 0.982334
21 26 1.000000
21 27 0.999024
21 28 0.999994
21 29 0.999999
21 30 0.999969
21 31 0.135231
21 32 0.998957
21 33 0.999963
21 34 0.003622
21 35 1.000000
21 36 0.999990
21 37 0.778726
21 38 0.002681
21 39 0.051779
21 40 0.641070
21 41 0.029925
21 42 0.999963
21 43 0.992509
21 44 0.002681
21 45 0.071949
21 46 0.996485
21 47 0.998681
21 48 0.999999
21 49 0.998375
21 50 0.998681
21 51 0.997916
21 52 0.999922
21 53 0.999902
21 54 1.000000
21 55 0.227550
21 56 0.998536
21 57 0.071949
21 58 0.999536
21 59 0.999826
21 60 1.000000
21 61 0.998827
21 62 0.168897
21 63 0.071949
21 64 0.011782
21 65 0.883941
21 66 0.986898
21 67 0.590401
21 68 0.999999
21 69 0.996297
21 70 0.118059
21 71 0.999997
21 72 0.029925
21 73 0.970761
21 74 0.926687
21 75 0.999512
21 76 0.999990
21 77 0.812062
21 78 0.999670
21 79 0.999992
21 80 0.999382
21 81 0.999990
21 82 0.999995
21 83 0.999073
21 84 0.029925
21 85 0.888076
21 86 0.876570
21 87 0.999961
21 88 0.899866
21 89 0.999804
21 90 0.999998
21 91 0.993844
21 92 0.999984
21 93 0.205798
21 94 0.999979
21 95 0.999979
21 96 0.999942
21 97 0.999691
21 98 0.999957
21 99 0.999843
22 0 0.999024
22 1 0.976826
22 2 1.000000
22 3 1.000000
22 4 0.448784
22 5 0.997944
22 6 0.981397
22 7 0.921048
22 8 0.999997
22 9 0.999073
22 10 0.999998
22 11 0.999722
22 12 0.999828
22 13 0.999725
22 14 0.626001
22 15 0.999987
22 16 0.999913
22 17 0.999884
22 18 0.999974
22 19 0.998827
22 20 0.999935
22 21 0.999948
22 22 0.000000
22 23 0.999846
22 24 0.999954
22 25 0.999982
22 26 0.999756
22 27 0.999871
22 28 0.023583
22 29 0.138922
22 30 0.999998
22 31 0.999963
22 32 0.999984
22 33 0.990157
22 34 0.982569
22 35 0.999268
22 36 0.999999
22 37 0.999941
22 38 0.990157
22 39 0.985272
22 40 0.999951
22 41 0.986202
22 42 0.655709
22 43 0.999978
22 44 0.999218
22 45 0.976514
22 46 0.999978
22 47 0.329464
22 48 0.999768
22 49 0.988187
22 50 0.023583
22 51 0.999609
22 52 0.998843
22 53 0.993427
22 54 0.999967
22 55 0.987559
22 56 0.961206
22 57 0.999999
22 58 0.999512
22 59 0.999349
22 60 0.991246
22 61 0.014763
22 62 0.914824
22 63 0.999504
22 64 0.987559
22 65 0.999967
22 66 0.108547
22 67 0.997034
22 68 0.429954
22 69 0.992983
22 70 0.035762
22 71 0.999994
22 72 0.999443
22 73 0.999863
22 74 0.999991
22 75 0.999995
22 76 0.860512
22 77 0.999935
22 78 1.000000
22 79 0.999996
22 80 0.999588
22 81 0.979374
22 82 0.035762
22 83 0.999998
22 84 0.999670
22 85 0.995613
22 86 0.993760
22 87 0.999969
22 88 0.999995
22 89 0.999999
22 90 0.943131
22 91 1.000000
22 92 0.999588
22 93 0.997805
22 94 0.999999
22 95 0.999670
22 96 0.999923
22 97 0.205798
22 98 0.999961
22 99 0.938589
23 0 0.999963
23 1 0.999349
23 2 1.000000
23 3 0.108547
23 4 0.999753
23 5 0.121504
23 6 0.999931
23 7 0.999917
23 8 0.999973
23 9 0.920015
23 10 0.999891
23 11 0.035762
23 12 0.999979
23 13 0.963140
23 14 0.005177
23 15 0.999756
23 16 0.989633
23 17 0.999931
23 18 0.984491
23 19 0.999986
23 20 0.014763
23 21 0.999268
23 22 0.999846
23 23 0.000000
23 24 0.999954
23 25 0.979096
23 26 0.959174
23 27 0.006763
23 28 0.999984
23 29 0.019299
23 30 0.999997
23 31 0.999995
23 32 0.997496
23 33 1.000000
23 34 1.000000
23 35 0.999258
23 36 0.999998
23 37 0.809758
23 38 0.999948
23 39 0.999956
23 40 0.999536
23 41 0.979374
23 42 0.998764
23 43 0.940181
23 44 0.281925
23 45 0.035762
23 46 0.954792
23 47 0.999979
23 48 0.999991
23 49 0.019299
23 50 1.000000
23 51 0.999990
23 52 0.999629
23 53 0.999609
23 54 0.999974
23 55 0.998353
23 56 0.988187
23 57 0.996663
23 58 0.999988
23 59 0.954189
23 60 0.565307
23 61 0.972594
23 62 0.999931
23 63 0.999998
23 64 0.998330
23 65 0.999853
23 66 0.999863
23 67 0.410971
23 68 0.999652
23 69 0.999984
23 70 0.999978
23 71 0.999948
23 72 0.999974
23 73 0.999997
23 74 1.000000
23 75 0.997656
23 76 0.999965
23 77 1.000000
23 78 0.263461
23 79 0.999994
23 80 0.999794
23 81 0.999218
23 82 0.999807
23 83 0.998610
23 84 0.006763
23 85 0.999956
23 86 0.999780
23 87 0.918969
23 88 0.051779
23 89 0.329464
23 90 0.495294
23 91 0.993844
23 92 0.999451
23 93 0.996347
23 94 0.999609
23 95 0.082237
23 96 0.999996
23 97 0.809759
23 98 0.716439
23 99 0.495294
24 0 0.999999
24 1 0.263461
24 2 0.988187
24 3 0.999995
24 4 0.757621
24 5 0.999870
24 6 1.000000
24 7 0.996298
24 8 0.019299
24 9 0.998957
24 10 0.999974
24 11 0.005177
24 12 0.005177
24 13 0.999995
24 14 0.998516
24 15 0.999835
24 16 0.999996
24 17 0.951157
24 18 1.000000
24 19 0.019299
24 20 0.981645
24 21 0.993338
24 22 0.999954
24 23 0.999954
24 24 0.000000
24 25 0.189109
24 26 0.979096
24 27 1.000000
24 28 0.011782
24 29 0.999997
24 30 0.997497
24 31 0.999996
24 32 0.999941
24 33 0.999861
24 34 0.999907
24 35 0.002681
24 36 0.029925
24 37 0.997222
24 38 0.991246
24 39 0.894801
24 40 0.999305
24 41 0.999928
24 42 0.999756
24 43 0.999652
24 44 0.996047
24 45 0.071949
24 46 0.999999
24 47 0.329464
24 48 0.005177
24 49 0.999837
24 50 0.976826
24 51 0.882454
24 52 1.000000
24 53 0.998241
24 54 0.011782
24 55 0.999976
24 56 0.999992
24 57 0.005177
24 58 0.983447
24 59 0.999990
24 60 0.245316
24 61 0.999691
24 62 0.999942
24 63 0.999817
24 64 0.998902
24 65 0.994076
24 66 1.000000
24 67 0.999999
24 68 0.348574
24 69 0.998698
24 70 0.999999
24 71 0.029925
24 72 0.029925
24 73 0.996664
24 74 0.999870
24 75 0.999814
24 76 0.999984
24 77 0.005177
24 78 0.035762
24 79 0.975273
24 80 0.626001
24 81 0.049729
24 82 0.979096
24 83 0.071949
24 84 0.999991
24 85 0.637193
24 86 0.071949
24 87 0.997496
24 88 0.995779
24 89 0.999913
24 90 0.954189
24 91 0.993760
24 92 0.019299
24 93 0.876570
24 94 0.997774
24 95 0.999783
24 96 0.994155
24 97 0.999987
24 98 0.984281
24 99 0.999024
25 0 0.999413
25 1 0.990780
25 2 0.932077
25 3 0.998591
25 4 0.011782
25 5 0.023583
25 6 1.000000
25 7 0.999986
25 8 0.998902
25 9 0.372722
25 10 0.993427
25 11 0.997655
25 12 0.991576
25 13 0.999965
25 14 0.999768
25 15 0.490569
25 16 0.019299
25 17 0.001794
25 18 0.011782
25 19 0.999609
25 20 0.928576
25 21 0.982334
25 22 0.999982
25 23 0.979096
25 24 0.189109
25 25 0.000000
25 26 0.768376
25 27 0.999999
25 28 0.153568
25 29 0.051779
25 30 0.999999
25 31 0.999997
25 32 0.999967
25 33 0.999996
25 34 0.610510
25 35 0.999949
25 36 0.651947
25 37 0.828969
25 38 0.992215
25 39 0.011782
25 40 0.998241
25 41 0.996875
25 42 0.999908
25 43 0.138922
25 44 0.998436
25 45 0.006763
25 46 0.999479
25 47 0.999560
25 48 0.019299
25 49 0.999998
25 50 0.993338
25 51 0.999999
25 52 0.029925
25 53 0.999634
25 54 0.874996
25 55 0.999974
25 56 0.153568
25 57 0.035762
25 58 0.002681
25 59 0.998436
25 60 0.999998
25 61 1.000000
25 62 0.999652
25 63 0.023583
25 64 0.999985
25 65 0.997804
25 66 0.999902
25 67 0.999993
25 68 0.999995
25 69 0.999995
25 70 0.019299
25 71 0.005177
25 72 0.998764
25 73 0.999536
25 74 0.999218
25 75 0.006763
25 76 0.005177
25 77 0.999972
25 78 0.999305
25 79 0.035762
25 80 0.999998
25 81 0.029925
25 82 0.997530
25 83 0.999994
25 84 0.999876
25 85 0.069412
25 86 0.999999
25 87 1.000000
25 88 0.999999
25 89 0.011782
25 90 0.530964
25 91 0.999999
25 92 0.999917
25 93 0.999927
25 94 0.999989
25 95 0.994732
25 96 0.999814
25 97 0.999927
25 98 0.978283
25 99 0.999994
26 0 0.999897
26 1 0.999993
26 2 0.970761
26 3 0.999373
26 4 0.951157
26 5 0.998241
26 6 0.093360
26 7 0.999997
26 8 0.999959
26 9 0.935412
26 10 0.948613
26 11 0.029925
26 12 0.999990
26 13 0.590401
26 14 0.999652
26 15 1.000000
26 16 0.987725
26 17 0.991689
26 18 0.999923
26 19 0.999931
26 20 0.999995
26 21 1.000000
26 22 0.999756
26 23 0.959174
26 24 0.979096
26 25 0.768376
26 26 0.000000
26 27 0.920015
26 28 0.999902
26 29 0.005177
26 30 0.998415
26 31 0.989493
26 32 0.986015
26 33 0.997530
26 34 0.999977
26 35 0.019299
26 36 0.999904
26 37 0.999999
26 38 0.999976
26 39 0.108547
26 40 0.948612
26 41 0.453650
26 42 0.477022
26 43 0.999902
26 44 0.051779
26 45 0.978283
26 46 1.000000
26 47 0.999752
26 48 0.999560
26 49 0.999999
26 50 0.999987
26 51 1.000000
26 52 0.994526
26 53 0.005177
26 54 0.992215
26 55 0.999868
26 56 0.999990
26 57 0.093360
26 58 0.999969
26 59 0.956464
26 60 0.060180
26 61 0.999967
26 62 0.071949
26 63 0.999993
26 64 0.999939
26 65 0.997916
26 66 0.552765
26 67 0.035762
26 68 0.997774
26 69 0.410971
26 70 0.035762
26 71 0.999997
26 72 0.999120
26 73 0.945222
26 74 1.000000
26 75 0.975602
26 76 0.999802
26 77 0.998436
26 78 0.999995
26 79 0.042353
26 80 0.999997
26 81 0.992983
26 82 0.981645
26 83 0.002681
26 84 0.999971
26 85 1.000000
26 86 0.999560
26 87 0.019299
26 88 0.121504
26 89 0.999218
26 90 0.472230
26 91 0.981397
26 92 0.999486
26 93 0.999609
26 94 0.281925
26 95 0.999991
26 96 0.999999
26 97 0.999969
26 98 0.051779
26 99 0.932077
27 0 0.999927
27 1 0.999629
27 2 0.990655
27 3 0.999927
27 4 0.999652
27 5 0.993760
27 6 0.023583
27 7 0.997363
27 8 0.999977
27 9 0.153568
27 10 0.011782
27 11 0.894801
27 12 0.999120
27 13 0.138922
27 14 0.999826
27 15 0.990655
27 16 0.999999
27 17 0.999011
27 18 0.996485
27 19 0.998682
27 20 0.023583
27 21 0.999024
27 22 0.999871
27 23 0.006763
27 24 1.000000
27 25 0.999999
27 26 0.920015
27 27 0.000000
27 28 0.448784
27 29 0.988345
27 30 0.979374
27 31 0.997259
27 32 0.910477
27 33 0.800669
27 34 0.995066
27 35 0.996875
27 36 1.000000
27 37 0.999876
27 38 0.006763
27 39 0.023583
27 40 0.011782
27 41 0.995316
27 42 0.999988
27 43 0.986015
27 44 0.082237
27 45 0.019299
27 46 0.082237
27 47 1.000000
27 48 0.999998
27 49 0.976512
27 50 0.999998
27 51 0.999907
