0 0 0.000000
0 1 0.999995
0 2 0.011782
0 3 0.999996
0 4 0.999998
0 5 0.999560
0 6 0.996298
0 7 0.809758
0 8 0.999999
0 9 0.626001
0 10 0.999073
0 11 0.019299
0 12 0.999995
0 13 0.998241
0 14 0.999883
0 15 0.999956
0 16 0.997398
0 17 0.999942
0 18 0.999985
0 19 1.000000
0 20 0.999948
0 21 0.999896
0 22 0.999826
0 23 0.999992
0 24 1.000000
0 25 0.999876
0 26 0.999957
0 27 0.999991
0 28 0.999917
0 29 0.888076
0 30 0.999902
0 31 1.000000
0 32 0.994155
0 33 0.999999
0 34 0.999998
0 35 0.999918
0 36 0.999913
0 37 1.000000
0 38 0.999996
0 39 0.082237
0 40 0.997774
0 41 0.999989
0 42 0.268234
0 43 1.000000
0 44 0.997994
0 45 1.000000
0 46 0.999894
0 47 0.716439
0 48 0.641070
0 49 0.999451
0 50 0.002681
0 51 0.997530
0 52 0.999907
0 53 0.999996
0 54 0.981146
0 55 0.093360
0 56 0.984281
0 57 0.993844
0 58 0.011782
0 59 0.999996
0 60 0.011782
0 61 0.979096
0 62 0.999977
0 63 0.348574
0 64 0.927638
0 65 0.023583
0 66 0.999801
0 67 0.029925
0 68 0.986540
0 69 0.999996
0 70 0.999984
0 71 0.998957
0 72 0.999976
0 73 0.999974
0 74 0.987559
0 75 0.999505
0 76 0.002681
0 77 0.999913
0 78 0.999652
0 79 0.812062
0 80 0.999609
0 81 0.079482
0 82 0.999954
0 83 0.023583
0 84 0.999629
0 85 0.999896
0 86 1.000000
0 87 0.992609
0 88 0.011782
0 89 0.999999
0 90 0.018287
0 91 0.138922
0 92 0.999967
0 93 0.994452
0 94 0.990655
0 95 0.999965
0 96 0.999996
0 97 0.000372
0 98 0.138922
0 99 0.108547
1 0 0.999995
1 1 0.000000
1 2 0.994732
1 3 0.911627
1 4 0.999985
1 5 0.999471
1 6 0.999998
1 7 0.002681
1 8 0.999988
1 9 0.998591
1 10 0.999987
1 11 1.000000
1 12 0.999997
1 13 0.999912
1 14 0.999945
1 15 0.093360
1 16 0.019299
1 17 0.999999
1 18 0.980411
1 19 0.999707
1 20 0.386901
1 21 1.000000
1 22 0.999305
1 23 0.999923
1 24 0.754758
1 25 0.999349
1 26 0.999995
1 27 0.999987
1 28 0.999935
1 29 0.999994
1 30 0.999998
1 31 0.189109
1 32 0.042353
1 33 0.999999
1 34 0.970370
1 35 0.999753
1 36 0.023583
1 37 0.889496
1 38 1.000000
1 39 0.828969
1 40 0.011782
1 41 0.019299
1 42 0.993338
1 43 0.999927
1 44 0.807430
1 45 0.999996
1 46 1.000000
1 47 0.999999
1 48 0.060180
1 49 0.590401
1 50 0.999935
1 51 0.995493
1 52 0.914824
1 53 0.999768
1 54 0.956464
1 55 0.999999
1 56 0.948613
1 57 0.936253
1 58 0.970761
1 59 0.999826
1 60 0.003622
1 61 0.935412
1 62 0.999980
1 63 1.000000
1 64 0.011782
1 65 0.999988
1 66 0.880950
1 67 0.121504
1 68 0.201407
1 69 0.999999
1 70 0.999997
1 71 0.999998
1 72 0.105308
1 73 0.999994
1 74 1.000000
1 75 0.018287
1 76 0.999975
1 77 0.999987
1 78 0.999990
1 79 0.942378
1 80 0.999997
1 81 0.029925
1 82 0.846427
1 83 0.999948
1 84 0.999405
1 85 1.000000
1 86 0.002681
1 87 0.381922
1 88 0.997496
1 89 1.000000
1 90 0.999739
1 91 0.999977
1 92 0.999479
1 93 0.999992
1 94 0.997363
1 95 0.965441
1 96 0.999804
1 97 0.999966
1 98 0.051779
1 99 1.000000
2 0 0.011782
2 1 0.994732
2 2 0.000000
2 3 0.999980
2 4 0.999999
2 5 0.552765
2 6 0.999985
2 7 0.999997
2 8 0.999956
2 9 0.999992
2 10 0.999999
2 11 0.999817
2 12 0.999969
2 13 0.765619
2 14 0.999989
2 15 0.999958
2 16 0.999995
2 17 1.000000
2 18 0.998957
2 19 0.145866
2 20 0.998536
2 21 0.998943
2 22 1.000000
2 23 1.000000
2 24 0.999687
2 25 0.983447
2 26 0.651943
2 27 0.994076
2 28 1.000000
2 29 0.999907
2 30 1.000000
2 31 0.659444
2 32 0.999884
2 33 0.997656
2 34 0.999999
2 35 0.999967
2 36 0.019299
2 37 0.999997
2 38 0.998122
2 39 0.995613
2 40 0.960688
2 41 0.994076
2 42 1.000000
2 43 0.716439
2 44 0.590401
2 45 0.999961
2 46 0.999687
2 47 0.999984
2 48 1.000000
2 49 1.000000
2 50 0.019299
2 51 0.096388
2 52 0.011782
2 53 0.999966
2 54 1.000000
2 55 0.999382
2 56 0.999413
2 57 0.999995
2 58 0.999978
2 59 0.996298
2 60 1.000000
2 61 0.966728
2 62 0.606413
2 63 0.019299
2 64 0.121504
2 65 0.999604
2 66 0.329464
2 67 0.669913
2 68 0.999994
2 69 0.011782
2 70 1.000000
2 71 0.999884
2 72 0.980147
2 73 0.999971
2 74 1.000000
2 75 1.000000
2 76 0.999985
2 77 0.999902
2 78 0.999876
2 79 0.999896
2 80 0.999989
2 81 0.999923
2 82 0.999951
2 83 0.999950
2 84 0.998887
2 85 0.996532
2 86 1.000000
2 87 0.932960
2 88 0.981645
2 89 0.023583
2 90 1.000000
2 91 0.999992
2 92 0.999923
2 93 0.999996
2 94 0.999995
2 95 0.999996
2 96 0.999997
2 97 0.998610
2 98 0.999382
2 99 0.999987
3 0 0.999996
3 1 0.911627
3 2 0.999980
3 3 0.000000
3 4 1.000000
3 5 0.999999
3 6 0.999969
3 7 0.999935
3 8 0.227550
3 9 0.485827
3 10 0.035762
3 11 0.011782
3 12 0.999891
3 13 0.999939
3 14 1.000000
3 15 0.999998
3 16 1.000000
3 17 0.999998
3 18 0.999853
3 19 0.003622
3 20 0.082237
3 21 0.958629
3 22 1.000000
3 23 0.035762
3 24 0.999998
3 25 0.999048
3 26 0.999703
3 27 0.999907
3 28 0.998147
3 29 1.000000
3 30 0.286770
3 31 0.893445
3 32 0.005177
3 33 0.999999
3 34 0.998902
3 35 0.999999
3 36 0.915921
3 37 1.000000
3 38 0.999765
3 39 0.999374
3 40 0.998764
3 41 0.999165
3 42 0.003622
3 43 0.998827
3 44 0.998330
3 45 0.999691
3 46 0.994076
3 47 0.999258
3 48 1.000000
3 49 1.000000
3 50 0.999340
3 51 0.988187
3 52 0.019299
3 53 0.998308
3 54 0.999931
3 55 0.999876
3 56 1.000000
3 57 0.999999
3 58 0.999479
3 59 0.949286
3 60 0.999986
3 61 0.999948
3 62 0.153568
3 63 0.999870
3 64 0.999985
3 65 0.060180
3 66 0.996663
3 67 0.860512
3 68 0.999861
3 69 0.716439
3 70 0.029925
3 71 0.999945
3 72 0.999950
3 73 0.998827
3 74 0.135231
3 75 0.903463
3 76 0.999988
3 77 0.999999
3 78 1.000000
3 79 0.999987
3 80 0.997655
3 81 0.786127
3 82 0.997496
3 83 0.002681
3 84 0.999998
3 85 0.005177
3 86 1.000000
3 87 1.000000
3 88 1.000000
3 89 0.999814
3 90 0.164848
3 91 0.999999
3 92 0.999905
3 93 0.998957
3 94 0.999752
3 95 0.999821
3 96 0.019299
3 97 0.999954
3 98 1.000000
3 99 0.999992
4 0 0.999998
4 1 0.999985
4 2 0.999999
4 3 1.000000
4 4 0.000000
4 5 1.000000
4 6 0.999165
4 7 0.999780
4 8 0.999917
4 9 0.999765
4 10 0.999648
4 11 0.997184
4 12 0.998681
4 13 0.809759
4 14 0.999824
4 15 0.999824
4 16 0.999999
4 17 0.999997
4 18 0.943131
4 19 0.999871
4 20 0.995554
4 21 0.999999
4 22 0.918969
4 23 0.999851
4 24 0.391878
4 25 0.011782
4 26 0.898571
4 27 0.999991
4 28 1.000000
4 29 0.999768
4 30 0.999999
4 31 0.991246
4 32 0.798244
4 33 0.999951
4 34 0.999870
4 35 0.999996
4 36 0.968808
4 37 0.993427
4 38 0.999814
4 39 0.791203
4 40 1.000000
4 41 0.818483
4 42 0.999998
4 43 0.999995
4 44 1.000000
4 45 1.000000
4 46 1.000000
4 47 0.918969
4 48 0.999258
4 49 0.998416
4 50 0.999176
4 51 0.105308
4 52 0.999959
4 53 0.999934
4 54 0.778725
4 55 0.999951
4 56 0.999984
4 57 0.999996
4 58 1.000000
4 59 1.000000
4 60 0.535509
4 61 0.999988
4 62 0.999998
4 63 0.019299
4 64 0.999853
4 65 0.263461
4 66 1.000000
4 67 1.000000
4 68 0.983223
4 69 1.000000
4 70 0.071949
4 71 0.019299
4 72 0.029925
4 73 0.999979
4 74 0.999421
4 75 0.060180
4 76 0.999258
4 77 0.029925
4 78 0.999997
4 79 0.999995
4 80 1.000000
4 81 1.000000
4 82 0.999443
4 83 0.005177
4 84 0.286770
4 85 0.999901
4 86 0.189109
4 87 0.998610
4 88 0.999961
4 89 0.776073
4 90 0.999941
4 91 0.999998
4 92 0.042353
4 93 1.000000
4 94 0.997887
4 95 0.996047
4 96 0.999218
4 97 0.995554
4 98 0.999982
4 99 0.999929
5 0 0.999560
5 1 0.999471
5 2 0.552765
5 3 0.999999
5 4 1.000000
5 5 0.000000
5 6 0.998902
5 7 0.922920
5 8 0.999977
5 9 1.000000
5 10 0.999992
5 11 0.974941
5 12 0.006763
5 13 0.999536
5 14 0.999945
5 15 0.980672
5 16 1.000000
5 17 0.999208
5 18 0.999991
5 19 0.004818
5 20 0.606413
5 21 0.999999
5 22 0.999674
5 23 0.920015
5 24 0.999997
5 25 0.023583
5 26 0.999060
5 27 0.997774
5 28 0.998827
5 29 0.029925
5 30 0.997916
5 31 0.999954
5 32 0.991689
5 33 0.673535
5 34 0.029925
5 35 0.999835
5 36 0.990655
5 37 0.343598
5 38 0.713186
5 39 0.245316
5 40 0.108547
5 41 1.000000
5 42 0.005177
5 43 0.999994
5 44 0.994732
5 45 1.000000
5 46 0.218482
5 47 0.019299
5 48 1.000000
5 49 0.999993
5 50 0.999799
5 51 0.999996
5 52 1.000000
5 53 1.000000
5 54 0.014763
5 55 0.035762
5 56 0.168897
5 57 0.002681
5 58 0.998698
5 59 1.000000
5 60 0.999010
5 61 0.999917
5 62 0.999108
5 63 0.990289
5 64 0.005177
5 65 0.367737
5 66 0.999998
5 67 0.991689
5 68 0.999913
5 69 0.042353
5 70 1.000000
5 71 0.035762
5 72 1.000000
5 73 0.880949
5 74 0.999984
5 75 0.999995
5 76 0.942378
5 77 0.999814
5 78 0.999995
5 79 0.240658
5 80 0.999604
5 81 0.001279
5 82 0.927638
5 83 0.999999
5 84 0.386901
5 85 0.011782
5 86 0.999967
5 87 0.003622
5 88 0.999961
5 89 0.005177
5 90 0.999939
5 91 0.201408
5 92 0.999995
5 93 0.029925
5 94 0.184861
5 95 0.999994
5 96 0.716439
5 97 0.994732
5 98 1.000000
5 99 1.000000
6 0 0.996298
6 1 0.999998
6 2 0.999985
6 3 0.999969
6 4 0.999165
6 5 0.998902
6 6 0.000000
6 7 0.998811
6 8 0.999917
6 9 0.768376
6 10 0.018287
6 11 0.999996
6 12 0.999993
6 13 0.999995
6 14 0.999997
6 15 0.970761
6 16 0.999997
6 17 0.999997
6 18 0.798244
6 19 0.999944
6 20 1.000000
6 21 0.999024
6 22 0.982333
6 23 0.999739
6 24 1.000000
6 25 1.000000
6 26 0.606413
6 27 0.023583
6 28 0.999999
6 29 0.994155
6 30 1.000000
6 31 0.999120
6 32 0.999994
6 33 0.082237
6 34 0.998730
6 35 0.999927
6 36 0.019299
6 37 0.988345
6 38 0.988345
6 39 1.000000
6 40 0.999996
6 41 0.996247
6 42 1.000000
6 43 0.006763
6 44 0.860512
6 45 0.999985
6 46 0.999984
6 47 0.998415
6 48 1.000000
6 49 1.000000
6 50 0.999176
6 51 0.999780
6 52 0.329464
6 53 0.005177
6 54 0.999959
6 55 0.999996
6 56 0.999670
6 57 0.999963
6 58 0.019299
6 59 0.051779
6 60 0.999120
6 61 0.965441
6 62 1.000000
6 63 0.999901
6 64 0.999913
6 65 0.970761
6 66 0.410971
6 67 0.964509
6 68 0.082237
6 69 0.999983
6 70 0.999969
6 71 0.999997
6 72 0.005177
6 73 0.999985
6 74 0.999845
6 75 1.000000
6 76 0.000139
6 77 0.240658
6 78 0.990655
6 79 0.999707
6 80 0.999998
6 81 0.999995
6 82 0.999998
6 83 1.000000
6 84 0.999997
6 85 1.000000
6 86 0.005177
6 87 0.999851
6 88 0.659444
6 89 0.014763
6 90 0.972594
6 91 0.996047
6 92 0.999991
6 93 0.060180
6 94 0.995554
6 95 0.999756
6 96 0.868768
6 97 0.999951
6 98 0.999991
6 99 0.005177
7 0 0.809758
7 1 0.002681
7 2 0.999997
7 3 0.999935
7 4 0.999780
7 5 0.922920
7 6 0.998811
7 7 0.000000
7 8 0.999999
7 9 0.999752
7 10 0.999985
7 11 0.999977
7 12 1.000000
7 13 0.999560
7 14 0.999995
7 15 0.944496
7 16 0.029925
7 17 0.051779
7 18 0.947930
7 19 1.000000
7 20 0.999994
7 21 0.999963
7 22 0.999543
7 23 0.999851
7 24 0.999994
7 25 0.999990
7 26 1.000000
7 27 0.999956
7 28 0.008716
7 29 0.999994
7 30 0.998698
7 31 0.999930
7 32 0.985272
7 33 0.999988
7 34 0.999207
7 35 0.999835
7 36 0.999916
7 37 0.011782
7 38 0.005177
7 39 0.002681
7 40 0.999999
7 41 0.999998
7 42 0.999765
7 43 0.892073
7 44 0.108547
7 45 0.999927
7 46 0.999997
7 47 0.999382
7 48 1.000000
7 49 0.999999
7 50 0.999890
7 51 0.999999
7 52 0.999165
7 53 0.999961
7 54 0.999922
7 55 0.023583
7 56 0.999998
7 57 0.798243
7 58 0.002681
7 59 1.000000
7 60 0.005177
7 61 0.999505
7 62 0.051779
7 63 0.999998
7 64 0.999991
7 65 0.999413
7 66 0.998971
7 67 0.999980
7 68 0.999988
7 69 1.000000
7 70 0.205798
7 71 0.999934
7 72 0.999998
7 73 0.999945
7 74 0.108547
7 75 0.999954
7 76 0.999985
7 77 0.999986
7 78 0.991689
7 79 0.987559
7 80 0.999999
7 81 0.999861
7 82 0.002681
7 83 0.999554
7 84 0.992708
7 85 0.993338
7 86 0.999963
7 87 0.035762
7 88 0.999413
7 89 0.999588
7 90 0.006763
7 91 0.999340
7 92 0.999984
7 93 0.051779
7 94 0.999998
7 95 0.999436
7 96 0.998680
7 97 0.999073
7 98 0.999998
7 99 0.968808
8 0 0.999999
8 1 0.999988
8 2 0.999956
8 3 0.227550
8 4 0.999917
8 5 0.999977
8 6 0.999917
8 7 0.999999
8 8 0.000000
8 9 0.999982
8 10 0.999560
8 11 0.268234
8 12 0.999996
8 13 0.950508
8 14 0.386901
8 15 1.000000
8 16 0.042353
8 17 0.006763
8 18 0.999451
8 19 0.999927
8 20 0.973967
8 21 0.999999
8 22 1.000000
8 23 0.999923
8 24 0.019299
8 25 0.999992
8 26 0.999996
8 27 1.000000
8 28 0.999916
8 29 0.011782
8 30 0.997804
8 31 0.035762
8 32 1.000000
8 33 0.005177
8 34 0.999997
8 35 1.000000
8 36 0.999963
8 37 0.999998
8 38 0.898572
8 39 0.999997
8 40 0.999999
8 41 0.999961
8 42 0.994076
8 43 0.999978
8 44 1.000000
8 45 0.999998
8 46 0.982569
8 47 0.999998
8 48 0.968808
8 49 0.999938
8 50 0.999963
8 51 0.227550
8 52 0.998147
8 53 0.970761
8 54 0.998436
8 55 0.999876
8 56 0.999998
8 57 0.999978
8 58 0.999889
8 59 0.999992
8 60 0.999814
8 61 0.999996
8 62 0.999736
8 63 0.011782
8 64 0.980672
8 65 1.000000
8 66 0.014763
8 67 0.999405
8 68 0.999993
8 69 0.069412
8 70 0.921048
8 71 0.991576
8 72 0.920015
8 73 1.000000
8 74 0.999791
8 75 1.000000
8 76 1.000000
8 77 0.011782
8 78 0.029925
8 79 0.999991
8 80 0.999930
8 81 0.005177
8 82 0.999998
8 83 0.002681
8 84 0.999999
8 85 0.999971
8 86 0.999883
8 87 0.998764
8 88 0.997362
8 89 1.000000
8 90 0.983447
8 91 0.011782
8 92 0.002681
8 93 0.019299
8 94 1.000000
8 95 0.040565
8 96 1.000000
8 97 0.999979
8 98 0.999988
8 99 0.999305
9 0 0.626001
9 1 0.998591
9 2 0.999992
9 3 0.485827
9 4 0.999765
9 5 1.000000
9 6 0.768376
9 7 0.999752
9 8 0.999982
9 9 0.000000
9 10 0.997916
9 11 0.999629
9 12 0.997623
9 13 0.071949
9 14 0.999995
9 15 0.999927
9 16 0.982569
9 17 0.989633
9 18 0.999954
9 19 1.000000
9 20 0.168897
9 21 0.999998
9 22 0.999967
9 23 0.999073
9 24 0.999951
9 25 0.495294
9 26 0.999560
9 27 0.495294
9 28 0.998021
9 29 1.000000
9 30 0.999996
9 31 0.999958
9 32 0.999752
9 33 0.999945
9 34 0.999861
9 35 0.071949
9 36 0.011782
9 37 0.998902
9 38 0.999999
9 39 0.791203
9 40 0.999999
9 41 0.999978
9 42 0.999566
9 43 0.999971
9 44 0.713187
9 45 0.051779
9 46 0.011782
9 47 0.999868
9 48 1.000000
9 49 0.996485
9 50 0.999953
9 51 0.138922
9 52 0.999843
9 53 0.996100
9 54 0.999999
9 55 0.999780
9 56 0.999804
9 57 0.999927
9 58 0.999998
9 59 0.986015
9 60 1.000000
9 61 0.999707
9 62 0.999993
9 63 0.951157
9 64 0.996485
9 65 0.108547
9 66 0.999537
9 67 0.999956
9 68 0.434867
9 69 1.000000
9 70 0.999505
9 71 1.000000
9 72 1.000000
9 73 1.000000
9 74 0.042353
9 75 1.000000
9 76 0.011782
9 77 0.999998
9 78 0.999999
9 79 0.999969
9 80 1.000000
9 81 0.995613
9 82 0.999765
9 83 0.999956
9 84 0.994376
9 85 1.000000
9 86 0.999647
9 87 0.999998
9 88 0.999963
9 89 0.999999
9 90 0.999999
9 91 0.999961
9 92 0.999992
9 93 0.999995
9 94 0.014763
9 95 0.743482
9 96 0.999884
9 97 0.999996
9 98 0.776073
9 99 0.994155
10 0 0.999073
10 1 0.999987
10 2 0.999999
10 3 0.035762
10 4 0.999648
10 5 0.999992
10 6 0.018287
10 7 0.999985
10 8 0.999560
10 9 0.997916
10 10 0.000000
10 11 0.982569
10 12 0.999971
10 13 0.999997
10 14 1.000000
10 15 0.011782
10 16 0.035762
10 17 1.000000
10 18 0.005177
10 19 0.999788
10 20 0.999505
10 21 0.006763
10 22 0.999999
10 23 0.999994
10 24 0.999889
10 25 0.994076
10 26 0.988934
10 27 0.011782
10 28 0.999986
10 29 0.002681
10 30 0.996875
10 31 0.773392
10 32 0.999752
10 33 0.999993
10 34 0.999120
10 35 0.999967
10 36 1.000000
10 37 0.999935
10 38 0.999913
10 39 0.999707
10 40 0.999999
10 41 0.999996
10 42 0.999010
10 43 1.000000
10 44 0.999835
10 45 0.011782
10 46 1.000000
10 47 0.999999
10 48 0.003354
10 49 0.999975
10 50 0.996708
10 51 0.963140
10 52 0.999990
10 53 0.992983
10 54 0.999997
10 55 0.999996
10 56 0.019299
10 57 1.000000
10 58 0.999999
10 59 0.005177
10 60 1.000000
10 61 0.999996
10 62 0.998241
10 63 0.999954
10 64 0.999998
10 65 0.999996
10 66 0.003622
10 67 1.000000
10 68 0.999994
10 69 0.998698
10 70 0.687189
10 71 0.994732
10 72 0.995316
10 73 0.999956
10 74 0.999852
10 75 0.999791
10 76 0.240658
10 77 0.227550
10 78 0.999687
10 79 0.728674
10 80 0.391878
10 81 0.776073
10 82 0.998811
10 83 1.000000
10 84 0.286770
10 85 1.000000
10 86 0.999967
10 87 0.999994
10 88 0.992109
10 89 0.999922
10 90 0.343598
10 91 0.999824
10 92 0.999998
10 93 0.998265
10 94 0.999780
10 95 0.997034
10 96 0.998747
10 97 0.014763
10 98 0.999989
10 99 0.999980
11 0 0.019299
11 1 1.000000
11 2 0.999817
11 3 0.011782
11 4 0.997184
11 5 0.974941
11 6 0.999996
11 7 0.999977
11 8 0.268234
11 9 0.999629
11 10 0.982569
11 11 0.000000
11 12 0.993675
11 13 0.999948
11 14 0.983447
11 15 0.997916
11 16 0.019299
11 17 0.997073
11 18 0.999999
11 19 0.963627
11 20 1.000000
11 21 0.980147
11 22 0.999765
11 23 0.060180
11 24 0.000372
11 25 0.999969
11 26 0.005177
11 27 0.997804
11 28 0.999984
11 29 0.999994
11 30 0.986015
11 31 0.189109
11 32 1.000000
11 33 0.998698
11 34 0.985272
11 35 0.973967
11 36 0.999999
11 37 0.999922
11 38 0.002681
11 39 0.999979
11 40 0.999999
11 41 0.967602
11 42 0.999971
11 43 0.999930
11 44 0.999985
11 45 0.999944
11 46 0.786128
11 47 0.999980
11 48 0.999791
11 49 1.000000
11 50 0.999991
11 51 0.999061
11 52 1.000000
11 53 0.936253
11 54 0.999948
11 55 0.999883
11 56 1.000000
11 57 1.000000
11 58 1.000000
11 59 0.992215
11 60 0.996100
11 61 0.999624
11 62 0.999996
11 63 0.268234
11 64 0.999996
11 65 0.999998
11 66 0.477022
11 67 0.999998
11 68 0.019299
11 69 1.000000
11 70 0.135231
11 71 0.999530
11 72 0.999965
11 73 0.999987
11 74 0.999997
11 75 0.985272
11 76 0.999997
11 77 1.000000
11 78 0.999982
11 79 0.999992
11 80 0.071949
11 81 0.999826
11 82 0.011782
11 83 1.000000
11 84 0.042353
11 85 0.997775
11 86 0.999998
11 87 0.846427
11 88 0.999413
11 89 0.999972
11 90 0.051779
11 91 0.999791
11 92 1.000000
11 93 0.999996
11 94 0.999992
11 95 0.999703
11 96 0.996485
11 97 0.005177
11 98 0.090388
11 99 0.998902
12 0 0.999995
12 1 0.999997
12 2 0.999969
12 3 0.999891
12 4 0.998681
12 5 0.006763
12 6 0.999993
12 7 1.000000
12 8 0.999996
12 9 0.997623
12 10 0.999971
12 11 0.993675
12 12 0.000000
12 13 0.999951
12 14 1.000000
12 15 1.000000
12 16 0.999948
12 17 0.999982
12 18 0.999992
12 19 0.999969
12 20 0.998943
12 21 0.999997
12 22 0.999949
12 23 0.999997
12 24 0.005177
12 25 0.999812
12 26 0.999993
12 27 0.999471
12 28 0.071949
12 29 0.999876
12 30 0.800669
12 31 0.996100
12 32 0.999998
12 33 1.000000
12 34 1.000000
12 35 0.999993
12 36 1.000000
12 37 0.121504
12 38 0.999935
12 39 0.999512
12 40 0.999953
12 41 0.319567
12 42 0.999982
12 43 0.757621
12 44 0.999843
12 45 0.029925
12 46 0.189109
12 47 0.999996
12 48 1.000000
12 49 0.263461
12 50 0.999977
12 51 0.999845
12 52 0.991006
12 53 0.999992
12 54 0.914824
12 55 1.000000
12 56 0.997497
12 57 0.999999
12 58 0.019299
12 59 0.966727
12 60 0.019299
12 61 0.998662
12 62 0.019299
12 63 0.868768
12 64 0.999999
12 65 0.999629
12 66 0.768376
12 67 0.999999
12 68 0.999971
12 69 0.051779
12 70 0.931183
12 71 0.999997
12 72 0.999996
12 73 0.791203
12 74 0.910478
12 75 0.999977
12 76 0.999382
12 77 0.998516
12 78 0.999609
12 79 0.011782
12 80 0.573990
12 81 0.999938
12 82 0.768376
12 83 0.999963
12 84 0.019299
12 85 1.000000
12 86 0.999930
12 87 0.998943
12 88 0.999999
12 89 0.989350
12 90 1.000000
12 91 0.029925
12 92 0.005177
12 93 0.989493
12 94 0.019299
12 95 0.005177
12 96 0.005177
12 97 0.096388
12 98 1.000000
12 99 0.993675
13 0 0.998241
13 1 0.999912
13 2 0.765619
13 3 0.999939
13 4 0.809759
13 5 0.999536
13 6 0.999995
13 7 0.999560
13 8 0.950508
13 9 0.071949
13 10 0.999997
13 11 0.999948
13 12 0.999951
13 13 0.000000
13 14 1.000000
13 15 0.968808
13 16 0.991689
13 17 0.093360
13 18 0.999963
13 19 0.082237
13 20 0.019299
13 21 0.999967
13 22 0.999479
13 23 0.999340
13 24 1.000000
13 25 0.999999
13 26 0.743482
13 27 0.138922
13 28 0.991689
13 29 0.997034
13 30 1.000000
13 31 0.281925
13 32 0.999999
13 33 1.000000
13 34 0.999961
13 35 0.997259
13 36 0.999990
13 37 0.999994
13 38 0.138922
13 39 0.999999
13 40 0.999999
13 41 1.000000
13 42 0.569660
13 43 0.999991
13 44 0.999967
13 45 0.996485
13 46 0.999218
13 47 0.999997
13 48 0.999218
13 49 0.999999
13 50 0.984281
13 51 0.035762
13 52 0.999902
13 53 0.999768
13 54 0.019299
13 55 0.973967
13 56 0.999979
13 57 0.180652
13 58 0.019299
13 59 0.999995
13 60 1.000000
13 61 0.999985
13 62 0.999295
13 63 0.999998
13 64 1.000000
13 65 0.972225
13 66 0.988784
13 67 0.051779
13 68 0.172989
13 69 0.999964
13 70 1.000000
13 71 0.999405
13 72 0.999707
13 73 0.998680
13 74 0.999486
13 75 0.999923
13 76 1.000000
13 77 0.999999
13 78 1.000000
13 79 0.999884
13 80 0.051779
13 81 0.998747
13 82 0.999768
13 83 0.999835
13 84 0.999975
13 85 0.372722
13 86 0.011782
13 87 0.999711
13 88 0.999992
13 89 0.999984
13 90 0.999974
13 91 0.999974
13 92 0.941615
13 93 0.999998
13 94 0.998827
13 95 0.999120
13 96 0.999120
13 97 0.951799
13 98 0.999648
13 99 0.997625
14 0 0.999883
14 1 0.999945
14 2 0.999989
14 3 1.000000
14 4 0.999824
14 5 0.999945
14 6 0.999997
14 7 0.999995
14 8 0.386901
14 9 0.999995
14 10 1.000000
14 11 0.983447
14 12 1.000000
14 13 1.000000
14 14 0.000000
14 15 1.000000
14 16 0.999922
14 17 1.000000
14 18 0.003622
14 19 1.000000
14 20 0.991689
14 21 0.999648
14 22 0.957037
14 23 0.005177
14 24 0.998591
14 25 0.999956
14 26 0.999982
14 27 0.999505
14 28 0.263461
14 29 0.993675
14 30 1.000000
14 31 1.000000
14 32 1.000000
14 33 0.999998
14 34 0.963140
14 35 0.999988
14 36 0.999926
14 37 0.999896
14 38 0.728674
14 39 0.042353
14 40 0.991246
14 41 1.000000
14 42 0.023583
14 43 0.999999
14 44 0.999997
14 45 0.019299
14 46 1.000000
14 47 0.999996
14 48 0.999999
14 49 0.999999
14 50 0.999983
14 51 1.000000
14 52 0.999980
14 53 0.999995
14 54 0.999998
14 55 0.035762
14 56 0.999915
14 57 0.999959
14 58 0.999993
14 59 0.996663
14 60 1.000000
14 61 0.391878
14 62 0.005177
14 63 0.434867
14 64 0.999926
14 65 0.999961
14 66 0.999951
14 67 0.999896
14 68 0.008716
14 69 0.201407
14 70 0.990655
14 71 0.005177
14 72 0.924902
14 73 0.999996
14 74 0.999791
14 75 1.000000
14 76 0.042353
14 77 0.002681
14 78 0.998147
14 79 0.999991
14 80 0.051779
14 81 0.999382
14 82 1.000000
14 83 0.883941
14 84 1.000000
14 85 0.997774
14 86 0.998843
14 87 0.963627
14 88 0.019299
14 89 0.998591
14 90 1.000000
14 91 0.999999
14 92 0.999999
14 93 0.201407
14 94 0.011782
14 95 0.372722
14 96 0.999853
14 97 1.000000
14 98 0.006763
14 99 0.788679
15 0 0.999956
15 1 0.093360
15 2 0.999958
15 3 0.999998
15 4 0.999824
15 5 0.980672
15 6 0.970761
15 7 0.944496
15 8 1.000000
15 9 0.999927
15 10 0.011782
15 11 0.997916
15 12 1.000000
15 13 0.968808
15 14 1.000000
15 15 0.000000
15 16 0.828969
15 17 0.999902
15 18 0.836903
15 19 0.019299
15 20 0.999941
15 21 0.999688
15 22 0.999998
15 23 0.999949
15 24 0.999956
15 25 0.343597
15 26 1.000000
15 27 0.991576
15 28 0.011782
15 29 0.495294
15 30 0.999876
15 31 0.005177
15 32 0.998764
15 33 0.960688
15 34 0.905921
15 35 1.000000
15 36 0.999999
15 37 0.844504
15 38 0.029925
15 39 0.999707
15 40 0.168897
15 41 0.999954
15 42 0.005177
15 43 0.992109
15 44 0.999996
15 45 1.000000
15 46 0.042353
15 47 0.999765
15 48 0.999165
15 49 0.999652
15 50 0.651944
15 51 0.999505
15 52 0.999967
15 53 0.961718
15 54 0.927638
15 55 0.999999
15 56 0.999995
15 57 0.990024
15 58 0.999998
15 59 0.999470
15 60 0.980672
15 61 0.999997
15 62 0.998122
15 63 0.995771
15 64 0.999993
15 65 0.999999
15 66 0.138922
15 67 0.999990
15 68 0.994661
15 69 0.999954
15 70 0.999752
15 71 0.999987
15 72 0.131588
15 73 0.999165
15 74 0.995554
15 75 0.051779
15 76 0.000556
15 77 0.999804
15 78 0.999902
15 79 0.999998
15 80 0.998901
15 81 0.999752
15 82 0.999991
15 83 0.999999
15 84 0.138922
15 85 0.999989
15 86 1.000000
15 87 0.994076
15 88 0.999999
15 89 1.000000
15 90 0.999996
15 91 0.018287
15 92 0.997496
15 93 1.000000
15 94 0.999010
15 95 0.999998
15 96 0.999956
15 97 0.999936
15 98 0.999977
15 99 0.121504
16 0 0.997398
16 1 0.019299
16 2 0.999995
16 3 1.000000
16 4 0.999999
16 5 1.000000
16 6 0.999997
16 7 0.029925
16 8 0.042353
16 9 0.982569
16 10 0.035762
16 11 0.019299
16 12 0.999948
16 13 0.991689
16 14 0.999922
16 15 0.828969
16 16 0.000000
16 17 0.999479
16 18 1.000000
16 19 0.019299
16 20 0.910477
16 21 0.999985
16 22 0.999853
16 23 0.999725
16 24 0.999999
16 25 0.019299
16 26 0.995613
16 27 1.000000
16 28 0.999931
16 29 0.999648
16 30 0.999998
16 31 0.999722
16 32 0.997327
16 33 1.000000
16 34 0.997774
16 35 0.108547
16 36 0.999999
16 37 0.002681
16 38 0.610510
16 39 0.999994
16 40 1.000000
16 41 0.979096
16 42 0.168897
16 43 0.960688
16 44 1.000000
16 45 0.999998
16 46 0.999988
16 47 0.108547
16 48 0.999975
16 49 0.999999
16 50 0.999992
16 51 1.000000
16 52 0.999959
16 53 0.888076
16 54 0.999505
16 55 0.999988
16 56 0.240658
16 57 0.329464
16 58 0.014763
16 59 0.999907
16 60 0.002681
16 61 0.999998
16 62 0.999999
16 63 0.999812
16 64 0.999971
16 65 0.776072
16 66 0.495294
16 67 0.999927
16 68 0.990655
16 69 0.999120
16 70 1.000000
16 71 0.996047
16 72 0.999998
16 73 0.992983
16 74 0.999996
16 75 0.999814
16 76 0.980672
16 77 0.999707
16 78 0.999954
16 79 0.999979
16 80 0.997497
16 81 0.999922
16 82 0.999999
16 83 0.999989
16 84 0.941615
16 85 0.999995
16 86 0.999931
16 87 0.997530
16 88 0.029925
16 89 0.999948
16 90 0.996833
16 91 0.999505
16 92 0.060180
16 93 0.999988
16 94 0.999997
16 95 0.999922
16 96 0.999711
16 97 0.999765
16 98 0.108547
16 99 0.019299
17 0 0.999942
17 1 0.999999
17 2 1.000000
17 3 0.999998
17 4 0.999997
17 5 0.999208
17 6 0.999997
17 7 0.051779
17 8 0.006763
17 9 0.989633
17 10 1.000000
17 11 0.997073
17 12 0.999982
17 13 0.093360
17 14 1.000000
17 15 0.999902
17 16 0.999479
17 17 0.000000
17 18 0.999978
17 19 0.999413
17 20 0.999888
17 21 0.994999
17 22 0.999982
17 23 0.999967
17 24 0.984280
17 25 0.001794
17 26 0.998241
17 27 0.998416
17 28 0.932077
17 29 0.999999
17 30 0.999992
17 31 0.999060
17 32 0.985272
17 33 0.999999
17 34 0.999765
17 35 0.006317
17 36 0.082237
17 37 0.993427
17 38 0.999907
17 39 0.994451
17 40 1.000000
17 41 0.999995
17 42 1.000000
17 43 0.999993
17 44 0.153568
17 45 1.000000
17 46 0.999998
17 47 0.964978
17 48 1.000000
17 49 0.999976
17 50 0.019299
17 51 0.205798
17 52 0.999993
17 53 1.000000
17 54 0.999938
17 55 0.974313
17 56 1.000000
17 57 0.573990
17 58 0.999670
17 59 0.999900
17 60 0.999997
17 61 0.999998
17 62 0.999687
17 63 1.000000
17 64 0.606413
17 65 0.999999
17 66 0.999471
17 67 0.019299
17 68 0.999995
17 69 0.999382
17 70 0.023583
17 71 0.826850
17 72 0.268234
17 73 0.999505
17 74 0.999268
17 75 0.999983
17 76 0.768376
17 77 0.999994
17 78 0.999935
17 79 0.998240
17 80 0.999995
17 81 0.984281
17 82 0.999999
17 83 0.029925
17 84 0.996047
17 85 0.029925
17 86 0.029925
17 87 0.999980
17 88 0.999752
17 89 0.914824
17 90 0.005177
17 91 1.000000
17 92 0.990157
17 93 0.998436
17 94 0.999749
17 95 1.000000
17 96 0.999999
17 97 0.914824
17 98 1.000000
17 99 0.108547
18 0 0.999985
18 1 0.980411
18 2 0.998957
18 3 0.999853
18 4 0.943131
18 5 0.999991
18 6 0.798244
18 7 0.947930
18 8 0.999451
18 9 0.999954
18 10 0.005177
18 11 0.999999
18 12 0.999992
18 13 0.999963
18 14 0.003622
18 15 0.836903
18 16 1.000000
18 17 0.999978
18 18 0.000000
18 19 1.000000
18 20 0.999451
18 21 0.999997
18 22 0.999975
18 23 0.995066
18 24 1.000000
18 25 0.108547
18 26 0.999990
18 27 0.999060
18 28 0.343596
18 29 1.000000
18 30 0.011782
18 31 0.999999
18 32 0.999863
18 33 0.069412
18 34 0.286770
18 35 0.988187
18 36 0.999609
18 37 0.886639
18 38 0.999295
18 39 0.005177
18 40 0.999780
18 41 0.993427
18 42 0.999670
18 43 0.999994
18 44 0.999986
18 45 0.999530
18 46 0.999922
18 47 0.757621
18 48 1.000000
18 49 0.997623
18 50 0.860512
18 51 0.999629
18 52 0.999999
18 53 0.999991
18 54 0.999851
18 55 0.999999
18 56 0.999176
18 57 0.987559
18 58 0.998610
18 59 0.071949
18 60 0.999998
18 61 1.000000
18 62 0.999999
18 63 0.999373
18 64 0.999258
18 65 0.868768
18 66 0.899866
18 67 0.999999
18 68 0.998241
18 69 0.999011
18 70 0.051779
18 71 0.011782
18 72 0.998680
18 73 0.999979
18 74 0.998330
18 75 1.000000
18 76 0.999930
18 77 0.988784
18 78 0.951157
18 79 1.000000
18 80 0.999965
18 81 0.999956
18 82 0.999998
18 83 0.027175
18 84 0.011782
18 85 0.999930
18 86 0.999913
18 87 0.005177
18 88 0.996876
18 89 0.999967
18 90 0.996532
18 91 0.999996
18 92 0.999998
18 93 0.999944
18 94 0.999996
18 95 1.000000
18 96 0.999945
18 97 0.011782
18 98 1.000000
18 99 1.000000
19 0 1.000000
19 1 0.999707
19 2 0.145866
19 3 0.003622
19 4 0.999871
19 5 0.004818
19 6 0.999944
19 7 1.000000
19 8 0.999927
19 9 1.000000
19 10 0.999788
19 11 0.963627
19 12 0.999969
19 13 0.082237
19 14 1.000000
19 15 0.019299
19 16 0.019299
19 17 0.999413
19 18 1.000000
19 19 0.000000
19 20 0.999992
19 21 0.997073
19 22 0.999258
19 23 0.999912
19 24 0.138922
19 25 0.999861
19 26 0.999988
19 27 0.999648
19 28 0.998681
19 29 0.035762
19 30 0.999965
19 31 1.000000
19 32 0.973262
19 33 1.000000
19 34 0.994803
19 35 0.999927
19 36 1.000000
19 37 0.999922
19 38 0.998591
19 39 0.626001
19 40 0.999999
19 41 1.000000
19 42 0.051779
19 43 0.999969
19 44 1.000000
19 45 0.999959
19 46 0.999998
19 47 1.000000
19 48 0.972958
19 49 0.999995
19 50 0.955884
19 51 1.000000
19 52 0.042353
19 53 0.227550
19 54 0.372722
19 55 0.999853
19 56 1.000000
19 57 0.999998
19 58 1.000000
19 59 0.999998
19 60 0.999999
19 61 0.999882
19 62 0.713187
19 63 0.999996
19 64 0.999687
19 65 0.996047
19 66 1.000000
19 67 0.999890
19 68 0.999207
19 69 0.999780
19 70 0.999992
19 71 1.000000
19 72 0.082237
19 73 0.999999
19 74 1.000000
19 75 0.831064
19 76 0.999945
19 77 0.005177
19 78 0.548312
19 79 0.999967
19 80 0.999990
19 81 0.999436
19 82 0.703771
19 83 0.994733
19 84 0.958629
19 85 0.999753
19 86 0.014763
19 87 0.071949
19 88 0.552765
19 89 0.005177
19 90 0.082237
19 91 0.108547
19 92 0.051779
19 93 0.000372
19 94 0.096388
19 95 0.994661
19 96 0.999629
19 97 0.853624
19 98 0.029925
19 99 0.999999
20 0 0.999948
20 1 0.386901
20 2 0.998536
20 3 0.082237
20 4 0.995554
20 5 0.606413
20 6 1.000000
20 7 0.999994
20 8 0.973967
20 9 0.168897
20 10 0.999505
20 11 1.000000
20 12 0.998943
20 13 0.019299
20 14 0.991689
20 15 0.999941
20 16 0.910477
20 17 0.999888
20 18 0.999451
20 19 0.999992
20 20 0.000000
20 21 0.999530
20 22 0.999582
20 23 0.014763
20 24 0.991689
20 25 0.939390
20 26 0.999991
20 27 0.023583
20 28 0.999814
20 29 0.999997
20 30 0.999999
20 31 0.999340
20 32 1.000000
20 33 0.051779
20 34 0.899866
20 35 0.011782
20 36 0.999999
20 37 1.000000
20 38 0.999768
20 39 0.029925
20 40 1.000000
20 41 0.999996
20 42 1.000000
20 43 0.999992
20 44 0.999999
20 45 0.999997
20 46 0.999935
20 47 0.669914
20 48 0.005177
20 49 0.999922
20 50 0.028526
20 51 0.999999
20 52 0.051779
20 53 0.999258
20 54 0.999981
20 55 1.000000
20 56 0.995993
20 57 1.000000
20 58 1.000000
20 59 1.000000
20 60 0.999993
20 61 0.999999
20 62 1.000000
20 63 0.999998
20 64 0.996832
20 65 0.034173
20 66 0.071949
20 67 0.999749
20 68 0.035762
20 69 0.999989
20 70 0.999995
20 71 0.268234
20 72 0.999996
20 73 0.999927
20 74 0.138922
20 75 0.998681
20 76 0.999967
20 77 0.981645
20 78 0.005177
20 79 0.003622
20 80 0.029925
20 81 0.023583
20 82 0.005177
20 83 0.999951
20 84 0.938589
20 85 0.999996
20 86 0.999988
20 87 0.999582
20 88 0.966727
20 89 0.997774
20 90 0.999981
20 91 1.000000
20 92 0.060180
20 93 0.999999
20 94 0.005177
20 95 0.995779
20 96 0.999985
20 97 0.997655
20 98 1.000000
20 99 0.999999
21 0 0.999896
21 1 1.000000
21 2 0.998943
21 3 0.958629
21 4 0.999999
21 5 0.999999
21 6 0.999024
21 7 0.999963
21 8 0.999999
21 9 0.999998
21 10 0.006763
21 11 0.980147
21 12 0.999997
21 13 0.999967
21 14 0.999648
21 15 0.999688
21 16 0.999985
21 17 0.994999
21 18 0.999997
21 19 0.997073
21 20 0.999530
21 21 0.000000
21 22 0.999951
21 23 0.999691
21 24 0.998217
21 25 0.998122
21 26 1.000000
21 27 0.999966
21 28 1.000000
21 29 0.999999
21 30 0.999994
21 31 0.135231
21 32 0.999976
21 33 0.999994
21 34 0.003622
21 35 1.000000
21 36 0.999999
21 37 0.655709
21 38 0.002681
21 39 0.051779
21 40 0.809759
21 41 0.029925
21 42 0.999948
21 43 0.999604
21 44 0.227550
21 45 0.071949
21 46 0.998887
21 47 0.999971
21 48 1.000000
21 49 0.999990
21 50 0.976197
21 51 0.996485
21 52 0.999981
21 53 0.999991
21 54 1.000000
21 55 0.820692
21 56 0.998957
21 57 0.071949
21 58 0.998516
21 59 0.999853
21 60 1.000000
21 61 0.998887
21 62 0.263461
21 63 0.071949
21 64 0.011782
21 65 0.995379
21 66 0.999707
21 67 0.135231
21 68 1.000000
21 69 0.999218
21 70 0.448784
21 71 1.000000
21 72 0.029925
21 73 0.989493
21 74 0.805076
21 75 0.998828
21 76 1.000000
21 77 0.862254
21 78 0.999843
21 79 1.000000
21 80 0.999890
21 81 0.999993
21 82 1.000000
21 83 0.964978
21 84 0.005177
21 85 0.992983
21 86 0.997687
21 87 0.999999
21 88 0.860512
21 89 0.999998
21 90 1.000000
21 91 0.982569
21 92 1.000000
21 93 0.552765
21 94 0.999971
21 95 0.999999
21 96 0.999995
21 97 0.999969
21 98 1.000000
21 99 0.999991
22 0 0.999826
22 1 0.999305
22 2 1.000000
22 3 1.000000
22 4 0.918969
22 5 0.999674
22 6 0.982333
22 7 0.999543
22 8 1.000000
22 9 0.999967
22 10 0.999999
22 11 0.999765
22 12 0.999949
22 13 0.999479
22 14 0.957037
22 15 0.999998
22 16 0.999853
22 17 0.999982
22 18 0.999975
22 19 0.999258
22 20 0.999582
22 21 0.999951
22 22 0.000000
22 23 0.999979
22 24 0.999999
22 25 0.999999
22 26 0.999768
22 27 1.000000
22 28 0.153568
22 29 0.051779
22 30 1.000000
22 31 1.000000
22 32 0.999998
22 33 0.999942
22 34 0.999536
22 35 0.999176
22 36 0.999998
22 37 0.999916
22 38 0.998436
22 39 0.989493
22 40 0.999985
22 41 0.975273
22 42 0.548313
22 43 0.999965
22 44 0.999687
22 45 0.966727
22 46 0.999999
22 47 0.535509
22 48 0.999670
22 49 0.992508
22 50 0.023583
22 51 0.999995
22 52 0.999817
22 53 0.995316
22 54 0.999997
22 55 0.998021
22 56 0.993760
22 57 0.999997
22 58 0.999994
22 59 0.999971
22 60 0.981397
22 61 0.014763
22 62 0.844504
22 63 0.998212
22 64 0.999835
22 65 1.000000
22 66 0.035762
22 67 0.999604
22 68 0.988934
22 69 0.988784
22 70 0.035762
22 71 0.999993
22 72 0.999108
22 73 0.999977
22 74 0.999988
22 75 1.000000
22 76 0.999120
22 77 0.999996
22 78 1.000000
22 79 0.999995
22 80 0.999853
22 81 0.973967
22 82 0.286770
22 83 0.999999
22 84 0.999883
22 85 0.998957
22 86 0.999505
22 87 0.999999
22 88 0.999999
22 89 0.999999
22 90 0.981645
22 91 1.000000
22 92 0.999995
22 93 0.994452
22 94 1.000000
22 95 0.999868
22 96 0.999996
22 97 0.069412
22 98 0.999973
22 99 0.960688
23 0 0.999992
23 1 0.999923
23 2 1.000000
23 3 0.035762
23 4 0.999851
23 5 0.920015
23 6 0.999739
23 7 0.999851
23 8 0.999923
23 9 0.999073
23 10 0.999994
23 11 0.060180
23 12 0.999997
23 13 0.999340
23 14 0.005177
23 15 0.999949
23 16 0.999725
23 17 0.999967
23 18 0.995066
23 19 0.999912
23 20 0.014763
23 21 0.999691
23 22 0.999979
23 23 0.000000
23 24 0.999956
23 25 0.966727
23 26 0.923918
23 27 0.006763
23 28 1.000000
23 29 0.019299
23 30 0.999999
23 31 0.999979
23 32 0.996437
23 33 0.999999
23 34 1.000000
23 35 0.999802
23 36 1.000000
23 37 0.975273
23 38 0.999999
23 39 0.999994
23 40 0.999994
23 41 0.935412
23 42 0.999340
23 43 0.982801
23 44 0.149692
23 45 0.035762
23 46 0.992708
23 47 0.999999
23 48 0.999999
23 49 0.002681
23 50 1.000000
23 51 1.000000
23 52 0.999868
23 53 0.999977
23 54 0.999999
23 55 0.999999
23 56 0.996833
23 57 0.990528
23 58 0.999983
23 59 0.977990
23 60 0.277102
23 61 0.853623
23 62 0.999978
23 63 1.000000
23 64 0.999967
23 65 0.999061
23 66 0.999978
23 67 0.223001
23 68 1.000000
23 69 0.999996
23 70 0.999992
23 71 0.997774
23 72 0.999989
23 73 0.999996
23 74 1.000000
23 75 0.999843
23 76 0.999999
23 77 1.000000
23 78 0.954189
23 79 1.000000
23 80 0.999890
23 81 0.999945
23 82 0.999948
23 83 0.999010
23 84 0.006763
23 85 0.999999
23 86 0.999824
23 87 0.986720
23 88 0.329464
23 89 0.731785
23 90 0.410971
23 91 0.985272
23 92 0.999884
23 93 0.999837
23 94 0.999868
23 95 0.082237
23 96 0.999999
23 97 0.740481
23 98 0.728674
23 99 0.028526
24 0 1.000000
24 1 0.754758
24 2 0.999687
24 3 0.999998
24 4 0.391878
24 5 0.999997
24 6 1.000000
24 7 0.999994
24 8 0.019299
24 9 0.999951
24 10 0.999889
24 11 0.000372
24 12 0.005177
24 13 1.000000
24 14 0.998591
24 15 0.999956
24 16 0.999999
24 17 0.984280
24 18 1.000000
24 19 0.138922
24 20 0.991689
24 21 0.998217
24 22 0.999999
24 23 0.999956
24 24 0.000000
24 25 0.943131
24 26 0.996247
24 27 1.000000
24 28 0.108547
24 29 0.999994
24 30 0.998997
24 31 1.000000
24 32 0.999986
24 33 0.999851
24 34 0.999993
24 35 0.002681
24 36 0.172989
24 37 0.994999
24 38 0.999652
24 39 0.986898
24 40 0.999735
24 41 0.999993
24 42 0.999993
24 43 0.993338
24 44 0.999582
24 45 0.019299
24 46 0.999999
24 47 0.901145
24 48 0.005177
24 49 0.999897
24 50 0.970761
24 51 0.995613
24 52 1.000000
24 53 0.999974
24 54 0.011782
24 55 0.999995
24 56 0.999997
24 57 0.005177
24 58 0.973617
24 59 1.000000
24 60 0.121504
24 61 0.999804
24 62 0.999996
24 63 0.999988
24 64 0.998827
24 65 0.999851
24 66 1.000000
24 67 1.000000
24 68 0.778725
24 69 0.997804
24 70 1.000000
24 71 0.029925
24 72 0.029925
24 73 0.999604
24 74 0.999993
24 75 0.999999
24 76 0.999999
24 77 0.000372
24 78 0.035762
24 79 0.999443
24 80 0.800669
24 81 0.324511
24 82 0.996247
24 83 0.189109
24 84 0.999999
24 85 0.218482
24 86 0.071949
24 87 0.998811
24 88 0.993247
24 89 0.999994
24 90 0.999652
24 91 0.999707
24 92 0.019299
24 93 0.981645
24 94 0.999896
24 95 0.999804
24 96 0.999073
24 97 0.999999
24 98 0.941615
24 99 0.999845
25 0 0.999876
25 1 0.999349
25 2 0.983447
25 3 0.999048
25 4 0.011782
25 5 0.023583
25 6 1.000000
25 7 0.999990
25 8 0.999992
25 9 0.495294
25 10 0.994076
25 11 0.999969
25 12 0.999812
25 13 0.999999
25 14 0.999956
25 15 0.343597
25 16 0.019299
25 17 0.001794
25 18 0.108547
25 19 0.999861
25 20 0.939390
25 21 0.998122
25 22 0.999999
25 23 0.966727
25 24 0.943131
25 25 0.000000
25 26 0.932077
25 27 0.999999
25 28 0.060180
25 29 0.011782
25 30 1.000000
25 31 0.999999
25 32 0.999979
25 33 0.999999
25 34 0.189109
25 35 0.999997
25 36 0.038831
25 37 0.973967
25 38 0.999382
25 39 0.011782
25 40 0.999861
25 41 0.999582
25 42 0.999998
25 43 0.138922
25 44 0.999670
25 45 0.006763
25 46 0.999991
25 47 0.999948
25 48 0.002681
25 49 0.999994
25 50 0.999941
25 51 1.000000
25 52 0.029925
25 53 0.999073
25 54 0.602289
25 55 0.999926
25 56 0.060180
25 57 0.006763
25 58 0.002681
25 59 0.999986
25 60 1.000000
25 61 1.000000
25 62 0.999986
25 63 0.023583
25 64 0.999999
25 65 0.999652
25 66 0.996244
25 67 0.999999
25 68 0.999971
25 69 1.000000
25 70 0.019299
25 71 0.005177
25 72 0.999560
25 73 0.999989
25 74 0.999814
25 75 0.006763
25 76 0.005177
25 77 0.999978
25 78 0.999853
25 79 0.035762
25 80 0.999967
25 81 0.029925
25 82 0.999902
25 83 0.999997
25 84 0.999961
25 85 0.069412
25 86 0.999999
25 87 1.000000
25 88 1.000000
25 89 0.011782
25 90 0.164847
25 91 1.000000
25 92 0.999975
25 93 0.999993
25 94 0.999996
25 95 0.998415
25 96 0.999824
25 97 0.999980
25 98 0.899866
25 99 1.000000
26 0 0.999957
26 1 0.999995
26 2 0.651943
26 3 0.999703
26 4 0.898571
26 5 0.999060
26 6 0.606413
26 7 1.000000
26 8 0.999996
26 9 0.999560
26 10 0.988934
26 11 0.005177
26 12 0.999993
26 13 0.743482
26 14 0.999982
26 15 1.000000
26 16 0.995613
26 17 0.998241
26 18 0.999990
26 19 0.999988
26 20 0.999991
26 21 1.000000
26 22 0.999768
26 23 0.923918
26 24 0.996247
26 25 0.932077
26 26 0.000000
26 27 0.948613
26 28 0.999722
26 29 0.005177
26 30 0.999665
26 31 0.999374
26 32 0.996663
26 33 0.998681
26 34 0.999995
26 35 0.138922
26 36 0.999897
26 37 1.000000
26 38 0.999982
26 39 0.108547
26 40 0.983447
26 41 0.069412
26 42 0.434867
26 43 0.999985
26 44 0.573990
26 45 0.979374
26 46 1.000000
26 47 0.998943
26 48 0.999722
26 49 0.999998
26 50 0.999999
26 51 1.000000
26 52 0.994156
26 53 0.005177
26 54 0.999884
26 55 0.999995
26 56 0.999995
26 57 0.093360
26 58 0.999990
26 59 0.989493
26 60 0.060180
26 61 0.999974
26 62 0.019299
26 63 0.999994
26 64 0.999995
26 65 0.999990
26 66 0.954189
26 67 0.035762
26 68 0.997623
26 69 0.513285
26 70 0.035762
26 71 1.000000
26 72 0.998747
26 73 0.999670
26 74 1.000000
26 75 0.853624
26 76 0.999953
26 77 0.999814
26 78 0.999996
26 79 0.008716
26 80 1.000000
26 81 0.999814
26 82 0.998536
26 83 0.002681
26 84 0.999998
26 85 1.000000
26 86 0.999861
26 87 0.019299
26 88 0.348574
26 89 0.999997
26 90 0.490569
26 91 0.999010
26 92 0.999897
26 93 0.999907
26 94 0.386901
26 95 0.999997
26 96 1.000000
26 97 0.999911
26 98 0.051779
26 99 0.997222
27 0 0.999991
27 1 0.999987
27 2 0.994076
27 3 0.999907
27 4 0.999991
27 5 0.997774
27 6 0.023583
27 7 0.999956
27 8 1.000000
27 9 0.495294
27 10 0.011782
27 11 0.997804
27 12 0.999471
27 13 0.138922
27 14 0.999505
27 15 0.991576
27 16 1.000000
27 17 0.998416
27 18 0.999060
27 19 0.999648
27 20 0.023583
27 21 0.999966
27 22 1.000000
27 23 0.006763
27 24 1.000000
27 25 0.999999
27 26 0.948613
27 27 0.000000
27 28 0.818482
27 29 0.938587
27 30 0.998147
27 31 0.997398
27 32 0.893445
27 33 0.809759
27 34 0.999505
27 35 0.998516
27 36 1.000000
27 37 0.999736
27 38 0.006763
27 39 0.023583
27 40 0.011782
27 41 0.999010
27 42 0.999843
27 43 0.999258
27 44 0.014763
27 45 0.019299
27 46 0.153568
27 47 1.000000
27 48 1.000000
27 49 0.737434
27 50 1.000000
27 51 0.999983
