0 0 0.000000
0 1 0.911627
0 2 0.051779
0 3 0.998074
0 4 0.996532
0 5 0.999679
0 6 0.108547
0 7 0.690668
0 8 0.999086
0 9 0.268234
0 10 0.372722
0 11 0.310464
0 12 0.987725
0 13 0.901145
0 14 0.939390
0 15 0.993077
0 16 0.535509
0 17 0.978283
0 18 0.943131
0 19 0.999983
0 20 0.991800
0 21 0.996753
0 22 0.848329
0 23 0.996752
0 24 0.999962
0 25 0.971149
0 26 0.987073
0 27 0.949286
0 28 0.905921
0 29 0.610510
0 30 0.924902
0 31 0.495294
0 32 0.557193
0 33 0.998172
0 34 0.983668
0 35 0.928577
0 36 0.974313
0 37 0.999983
0 38 0.746454
0 39 0.029925
0 40 0.791203
0 41 0.993516
0 42 0.029925
0 43 0.994526
0 44 0.999756
0 45 0.999314
0 46 0.999268
0 47 0.019299
0 48 0.329464
0 49 0.969629
0 50 0.071949
0 51 0.929503
0 52 0.920015
0 53 0.995379
0 54 0.986202
0 55 0.477022
0 56 0.985469
0 57 0.071949
0 58 0.011782
0 59 0.983667
0 60 0.172989
0 61 0.921048
0 62 0.138922
0 63 0.060180
0 64 0.659444
0 65 0.268234
0 66 0.999949
0 67 0.029925
0 68 0.778726
0 69 0.999691
0 70 0.999829
0 71 0.987073
0 72 0.999314
0 73 0.928576
0 74 0.029925
0 75 0.862254
0 76 0.019299
0 77 0.969629
0 78 0.992708
0 79 0.172989
0 80 0.979649
0 81 0.573990
0 82 0.957038
0 83 0.082237
0 84 0.743482
0 85 0.996347
0 86 0.999919
0 87 0.268234
0 88 0.071949
0 89 0.996917
0 90 0.831064
0 91 0.172989
0 92 0.999390
0 93 0.932960
0 94 0.855444
0 95 0.999187
0 96 0.949286
0 97 0.000372
0 98 0.029925
0 99 0.071949
1 0 0.911627
1 1 0.000000
1 2 0.993516
1 3 0.096388
1 4 0.993077
1 5 0.876571
1 6 0.994155
1 7 0.071949
1 8 0.961718
1 9 0.983668
1 10 0.987726
1 11 0.999086
1 12 0.984490
1 13 0.905921
1 14 0.993170
1 15 0.172989
1 16 0.019299
1 17 0.992708
1 18 0.172989
1 19 0.975602
1 20 0.495294
1 21 0.999771
1 22 0.434867
1 23 0.677128
1 24 0.168897
1 25 0.268234
1 26 0.995133
1 27 0.963627
1 28 0.999458
1 29 0.812062
1 30 0.999898
1 31 0.172989
1 32 0.391878
1 33 0.998629
1 34 0.855444
1 35 0.995672
1 36 0.138922
1 37 0.096388
1 38 0.999952
1 39 0.348574
1 40 0.019299
1 41 0.029925
1 42 0.391878
1 43 0.954792
1 44 0.894801
1 45 0.999898
1 46 0.990780
1 47 0.999277
1 48 0.610510
1 49 0.517913
1 50 0.932960
1 51 0.997259
1 52 0.690668
1 53 0.989772
1 54 0.348574
1 55 0.894801
1 56 0.848329
1 57 0.329464
1 58 0.434867
1 59 0.997433
1 60 0.023583
1 61 0.848329
1 62 0.989772
1 63 0.999994
1 64 0.051779
1 65 0.999037
1 66 0.924902
1 67 0.082237
1 68 0.367737
1 69 0.999771
1 70 0.936253
1 71 0.999228
1 72 0.610510
1 73 0.990903
1 74 0.990780
1 75 0.703771
1 76 0.876570
1 77 0.995133
1 78 0.996532
1 79 0.535509
1 80 0.999743
1 81 0.029925
1 82 0.517913
1 83 0.995892
1 84 0.932077
1 85 0.943131
1 86 0.002681
1 87 0.961718
1 88 0.993515
1 89 0.998629
1 90 0.372722
1 91 0.992708
1 92 0.911627
1 93 0.838910
1 94 0.626001
1 95 0.659444
1 96 0.812062
1 97 0.781351
1 98 0.138922
1 99 0.998457
2 0 0.051779
2 1 0.993516
2 2 0.000000
2 3 0.999485
2 4 0.974313
2 5 0.172989
2 6 0.812062
2 7 0.993170
2 8 0.998843
2 9 0.975602
2 10 0.999984
2 11 0.980672
2 12 0.993515
2 13 0.757621
2 14 0.716439
2 15 0.996347
2 16 0.989082
2 17 0.910477
2 18 0.883941
2 19 0.932960
2 20 0.071949
2 21 0.951799
2 22 0.999975
2 23 0.998971
2 24 0.957038
2 25 0.286770
2 26 0.977134
2 27 0.985469
2 28 0.969221
2 29 0.998629
2 30 0.999771
2 31 0.051779
2 32 0.946647
2 33 0.961718
2 34 0.999797
2 35 0.993844
2 36 0.172989
2 37 0.989082
2 38 0.984490
2 39 0.848329
2 40 0.862254
2 41 0.988501
2 42 1.000000
2 43 0.329464
2 44 0.245316
2 45 0.998172
2 46 0.989082
2 47 0.999989
2 48 0.999989
2 49 0.999971
2 50 0.071949
2 51 0.096388
2 52 0.415919
2 53 0.477022
2 54 0.988501
2 55 0.690668
2 56 0.999797
2 57 0.978283
2 58 0.573990
2 59 0.954792
2 60 0.999904
2 61 0.997563
2 62 0.434867
2 63 0.172989
2 64 0.677128
2 65 0.999975
2 66 0.096388
2 67 0.781351
2 68 0.995892
2 69 0.051779
2 70 0.999864
2 71 0.988501
2 72 0.987725
2 73 0.800669
2 74 0.999228
2 75 0.999983
2 76 0.997259
2 77 0.998916
2 78 0.993516
2 79 0.905921
2 80 0.990289
2 81 0.977135
2 82 0.999759
2 83 0.980672
2 84 0.820692
2 85 0.517913
2 86 0.996753
2 87 0.029925
2 88 0.372722
2 89 0.071949
2 90 0.999982
2 91 0.987725
2 92 0.991363
2 93 0.998781
2 94 0.999421
2 95 0.999771
2 96 0.998916
2 97 0.781351
2 98 0.535509
2 99 0.992708
3 0 0.998074
3 1 0.096388
3 2 0.999485
3 3 0.000000
3 4 0.998971
3 5 0.998265
3 6 0.975926
3 7 0.999593
3 8 0.557193
3 9 0.961718
3 10 0.035762
3 11 0.138922
3 12 0.921048
3 13 0.959712
3 14 0.993844
3 15 0.997943
3 16 0.999994
3 17 0.991363
3 18 0.998457
3 19 0.477022
3 20 0.415919
3 21 0.703771
3 22 0.998629
3 23 0.051779
3 24 0.999421
3 25 0.905921
3 26 0.998457
3 27 0.995379
3 28 0.848329
3 29 0.889496
3 30 0.557193
3 31 0.965899
3 32 0.029925
3 33 0.982801
3 34 0.415919
3 35 0.999998
3 36 0.172989
3 37 0.924902
3 38 0.838911
3 39 0.967602
3 40 0.848329
3 41 0.989082
3 42 0.189109
3 43 0.932960
3 44 0.943130
3 45 0.310464
3 46 0.961718
3 47 0.971149
3 48 0.996579
3 49 0.999903
3 50 0.924902
3 51 0.998457
3 52 0.019299
3 53 0.868769
3 54 0.659444
3 55 0.999421
3 56 0.999959
3 57 0.992708
3 58 0.329464
3 59 0.071949
3 60 0.703771
3 61 0.967602
3 62 0.029925
3 63 0.998375
3 64 0.985469
3 65 0.286770
3 66 0.768376
3 67 0.932960
3 68 0.987725
3 69 0.310464
3 70 0.029925
3 71 0.831064
3 72 0.984491
3 73 0.990780
3 74 0.372722
3 75 0.920013
3 76 0.994526
3 77 0.991363
3 78 0.999980
3 79 0.999771
3 80 0.932960
3 81 0.920015
3 82 0.905921
3 83 0.071949
3 84 0.984698
3 85 0.096388
3 86 0.998781
3 87 0.999999
3 88 0.999797
3 89 0.997113
3 90 0.703771
3 91 0.998375
3 92 0.982569
3 93 0.943131
3 94 0.985469
3 95 0.961718
3 96 0.019299
3 97 0.957037
3 98 0.999829
3 99 0.673535
4 0 0.996532
4 1 0.993077
4 2 0.974313
4 3 0.998971
4 4 0.000000
4 5 0.999458
4 6 0.995672
4 7 0.996752
4 8 0.977134
4 9 0.924902
4 10 0.993844
4 11 0.961718
4 12 0.924902
4 13 0.189109
4 14 0.673535
4 15 0.983668
4 16 0.999349
4 17 0.573990
4 18 0.071949
4 19 0.172989
4 20 0.768376
4 21 0.995892
4 22 0.838911
4 23 0.989633
4 24 0.310464
4 25 0.051779
4 26 0.924902
4 27 0.978283
4 28 0.994526
4 29 0.932960
4 30 0.992708
4 31 0.153568
4 32 0.803068
4 33 0.911627
4 34 0.940181
4 35 0.999707
4 36 0.820692
4 37 0.415919
4 38 0.924902
4 39 0.415919
4 40 0.999786
4 41 0.590401
4 42 0.997834
4 43 0.959174
4 44 0.889496
4 45 0.999914
4 46 0.999983
4 47 0.552765
4 48 0.975602
4 49 0.999314
4 50 0.268234
4 51 0.348574
4 52 0.996752
4 53 0.999085
4 54 0.831064
4 55 0.949286
4 56 0.949286
4 57 0.992708
4 58 0.999829
4 59 0.999871
4 60 0.138922
4 61 0.998457
4 62 0.999855
4 63 0.071949
4 64 0.969629
4 65 0.391878
4 66 0.999968
4 67 0.943131
4 68 0.862254
4 69 0.999593
4 70 0.029925
4 71 0.019299
4 72 0.029925
4 73 0.967602
4 74 0.096388
4 75 0.610510
4 76 0.995672
4 77 0.029925
4 78 0.949286
4 79 0.999512
4 80 0.999999
4 81 0.999314
4 82 0.983667
4 83 0.005177
4 84 0.310464
4 85 0.998265
4 86 0.172989
4 87 0.883941
4 88 0.848329
4 89 0.626001
4 90 0.998843
4 91 0.975602
4 92 0.060180
4 93 0.978283
4 94 0.996532
4 95 0.659444
4 96 0.961719
4 97 0.986386
4 98 0.997834
4 99 0.996532
5 0 0.999679
5 1 0.876571
5 2 0.172989
5 3 0.998265
5 4 0.999458
5 5 0.000000
5 6 0.372722
5 7 0.915921
5 8 0.999593
5 9 0.999594
5 10 0.971149
5 11 0.999086
5 12 0.227550
5 13 0.517913
5 14 0.838911
5 15 0.096388
5 16 0.998698
5 17 0.999422
5 18 0.996347
5 19 0.093360
5 20 0.659444
5 21 0.929503
5 22 0.959712
5 23 0.286770
5 24 0.957038
5 25 0.517913
5 26 0.983668
5 27 0.974313
5 28 0.998781
5 29 0.029925
5 30 0.863976
5 31 0.987073
5 32 0.310464
5 33 0.415919
5 34 0.096388
5 35 0.915921
5 36 0.901145
5 37 0.472230
5 38 0.972958
5 39 0.138922
5 40 0.138922
5 41 0.997944
5 42 0.029925
5 43 0.980672
5 44 0.535509
5 45 0.998457
5 46 0.731785
5 47 0.005177
5 48 0.972594
5 49 0.310464
5 50 0.988345
5 51 0.998764
5 52 0.996917
5 53 0.997113
5 54 0.286770
5 55 0.138922
5 56 0.096388
5 57 0.096388
5 58 0.189109
5 59 0.999729
5 60 0.659444
5 61 0.978283
5 62 0.846424
5 63 0.051779
5 64 0.005177
5 65 0.781351
5 66 0.883941
5 67 0.535509
5 68 0.924902
5 69 0.153568
5 70 0.999634
5 71 0.035762
5 72 0.999771
5 73 0.626001
5 74 0.477022
5 75 0.987073
5 76 0.372722
5 77 0.971149
5 78 0.936253
5 79 0.731785
5 80 0.993077
5 81 0.138922
5 82 0.703771
5 83 0.996917
5 84 0.477022
5 85 0.138922
5 86 0.994803
5 87 0.329464
5 88 0.997944
5 89 0.029925
5 90 0.982801
5 91 0.168897
5 92 0.990780
5 93 0.029925
5 94 0.719662
5 95 0.997563
5 96 0.138922
5 97 0.820692
5 98 0.999983
5 99 0.991800
6 0 0.108547
6 1 0.994155
6 2 0.812062
6 3 0.975926
6 4 0.995672
6 5 0.372722
6 6 0.000000
6 7 0.993844
6 8 0.995891
6 9 0.189109
6 10 0.205798
6 11 0.995379
6 12 0.746454
6 13 0.987073
6 14 0.971149
6 15 0.227550
6 16 0.999314
6 17 0.453650
6 18 0.731785
6 19 0.989082
6 20 0.995892
6 21 0.138922
6 22 0.971149
6 23 0.969629
6 24 0.999593
6 25 0.999711
6 26 0.626001
6 27 0.035762
6 28 0.999936
6 29 0.719662
6 30 0.998781
6 31 0.932960
6 32 0.951799
6 33 0.227550
6 34 0.998971
6 35 0.768376
6 36 0.029925
6 37 0.415919
6 38 0.644918
6 39 0.999984
6 40 0.993844
6 41 0.992708
6 42 0.999086
6 43 0.035762
6 44 0.831064
6 45 0.957037
6 46 0.995672
6 47 0.606413
6 48 0.999390
6 49 0.999829
6 50 0.757621
6 51 0.838911
6 52 0.071949
6 53 0.005177
6 54 0.985469
6 55 0.993077
6 56 0.977135
6 57 0.984698
6 58 0.019299
6 59 0.268234
6 60 0.974313
6 61 0.746454
6 62 0.999771
6 63 0.975602
6 64 0.987073
6 65 0.138922
6 66 0.060180
6 67 0.945939
6 68 0.227550
6 69 0.999807
6 70 0.985469
6 71 0.996753
6 72 0.029925
6 73 0.999711
6 74 0.517913
6 75 0.999390
6 76 0.019299
6 77 0.719662
6 78 0.855444
6 79 0.915921
6 80 0.999886
6 81 0.999037
6 82 0.996347
6 83 0.999797
6 84 0.310464
6 85 0.999871
6 86 0.029925
6 87 0.978283
6 88 0.138922
6 89 0.082237
6 90 0.245316
6 91 0.905921
6 92 0.305549
6 93 0.189109
6 94 0.862254
6 95 0.310464
6 96 0.535509
6 97 0.987073
6 98 0.990289
6 99 0.029925
7 0 0.690668
7 1 0.071949
7 2 0.993170
7 3 0.999593
7 4 0.996752
7 5 0.915921
7 6 0.993844
7 7 0.000000
7 8 0.989633
7 9 0.987725
7 10 0.999743
7 11 0.971149
7 12 0.999987
7 13 0.995672
7 14 0.957038
7 15 0.920015
7 16 0.029925
7 17 0.096388
7 18 0.889496
7 19 0.967602
7 20 0.999037
7 21 0.791203
7 22 0.096388
7 23 0.999797
7 24 0.517913
7 25 0.995892
7 26 0.994873
7 27 0.945939
7 28 0.153568
7 29 0.932960
7 30 0.138922
7 31 0.997834
7 32 0.870414
7 33 0.948613
7 34 0.980672
7 35 0.924902
7 36 0.999228
7 37 0.051779
7 38 0.005177
7 39 0.172989
7 40 0.924902
7 41 0.990780
7 42 0.990780
7 43 0.939390
7 44 0.051779
7 45 0.855444
7 46 0.855444
7 47 0.870414
7 48 0.998172
7 49 0.999932
7 50 0.995133
7 51 0.999187
7 52 0.995133
7 53 0.434867
7 54 0.743482
7 55 0.189109
7 56 0.990780
7 57 0.189109
7 58 0.002681
7 59 0.999943
7 60 0.029925
7 61 0.848329
7 62 0.071949
7 63 0.999743
7 64 0.999975
7 65 0.978283
7 66 0.372722
7 67 0.372722
7 68 0.994451
7 69 0.998375
7 70 0.138922
7 71 0.994803
7 72 0.993844
7 73 0.911627
7 74 0.268234
7 75 0.905921
7 76 0.992215
7 77 0.972594
7 78 0.495294
7 79 0.995672
7 80 0.999771
7 81 0.998172
7 82 0.019299
7 83 0.961718
7 84 0.517913
7 85 0.743482
7 86 0.981645
7 87 0.108547
7 88 0.731785
7 89 0.954792
7 90 0.108547
7 91 0.999086
7 92 0.924902
7 93 0.051779
7 94 0.998971
7 95 0.996532
7 96 0.994234
7 97 0.138922
7 98 0.987725
7 99 0.876570
8 0 0.999086
8 1 0.961718
8 2 0.998843
8 3 0.557193
8 4 0.977134
8 5 0.999593
8 6 0.995891
8 7 0.989633
8 8 0.000000
8 9 0.946647
8 10 0.999187
8 11 0.310464
8 12 0.999132
8 13 0.939390
8 14 0.731785
8 15 0.998172
8 16 0.138922
8 17 0.227550
8 18 0.644918
8 19 0.535509
8 20 0.626001
8 21 0.945939
8 22 0.999771
8 23 0.940181
8 24 0.019299
8 25 0.977134
8 26 0.969629
8 27 0.989633
8 28 0.991246
8 29 0.138922
8 30 0.932960
8 31 0.138922
8 32 0.999566
8 33 0.005177
8 34 0.990289
8 35 0.995133
8 36 0.997113
8 37 0.949287
8 38 0.924903
8 39 0.981645
8 40 0.986202
8 41 0.990289
8 42 0.659444
8 43 0.978283
8 44 0.995133
8 45 0.998555
8 46 0.172989
8 47 0.999639
8 48 0.372722
8 49 0.999695
8 50 0.951798
8 51 0.138922
8 52 0.477022
8 53 0.495294
8 54 0.477022
8 55 0.990289
8 56 0.998629
8 57 0.189109
8 58 0.998457
8 59 0.999390
8 60 0.959174
8 61 0.999593
8 62 0.990780
8 63 0.138922
8 64 0.071949
8 65 0.993516
8 66 0.286770
8 67 0.998629
8 68 0.996347
8 69 0.573990
8 70 0.029925
8 71 0.993077
8 72 0.757621
8 73 0.999593
8 74 0.862253
8 75 0.999543
8 76 0.999807
8 77 0.011782
8 78 0.096388
8 79 0.999695
8 80 0.996753
8 81 0.096388
8 82 0.997563
8 83 0.071949
8 84 0.999828
8 85 0.876570
8 86 0.999657
8 87 0.610510
8 88 0.965899
8 89 0.999593
8 90 0.263461
8 91 0.268234
8 92 0.019299
8 93 0.019299
8 94 0.999771
8 95 0.093360
8 96 0.999976
8 97 0.957037
8 98 0.999855
8 99 0.982801
9 0 0.268234
9 1 0.983668
9 2 0.975602
9 3 0.961718
9 4 0.924902
9 5 0.999594
9 6 0.189109
9 7 0.987725
9 8 0.946647
9 9 0.000000
9 10 0.924903
9 11 0.992708
9 12 0.993077
9 13 0.029925
9 14 0.999871
9 15 0.924902
9 16 0.812062
9 17 0.831064
9 18 0.999421
9 19 0.999657
9 20 0.391878
9 21 0.998555
9 22 0.997834
9 23 0.870414
9 24 0.992708
9 25 0.029925
9 26 0.781351
9 27 0.372722
9 28 0.957037
9 29 0.999543
9 30 0.943131
9 31 0.994234
9 32 0.996152
9 33 0.932960
9 34 0.905921
9 35 0.096388
9 36 0.051779
9 37 0.517913
9 38 0.989082
9 39 0.310464
9 40 0.993844
9 41 0.999458
9 42 0.172989
9 43 0.999943
9 44 0.977134
9 45 0.138922
9 46 0.071949
9 47 0.997563
9 48 0.997259
9 49 0.690668
9 50 0.998629
9 51 0.029925
9 52 0.999228
9 53 0.310464
9 54 0.995379
9 55 0.987073
9 56 0.990289
9 57 0.996100
9 58 0.998074
9 59 0.982801
9 60 0.999886
9 61 0.924902
9 62 0.999187
9 63 0.855444
9 64 0.731785
9 65 0.019299
9 66 0.896141
9 67 0.800669
9 68 0.029925
9 69 0.999829
9 70 0.945939
9 71 0.911627
9 72 0.812062
9 73 0.999458
9 74 0.391878
9 75 0.999943
9 76 0.415919
9 77 0.997259
9 78 0.988501
9 79 0.855444
9 80 0.996917
9 81 0.940181
9 82 0.978283
9 83 0.820692
9 84 0.995672
9 85 0.999855
9 86 0.963627
9 87 0.855444
9 88 0.999486
9 89 0.965899
9 90 0.991800
9 91 0.535510
9 92 0.995380
9 93 0.940181
9 94 0.286770
9 95 0.329464
9 96 0.994526
9 97 0.971149
9 98 0.951798
9 99 0.227550
10 0 0.372722
10 1 0.987726
10 2 0.999984
10 3 0.035762
10 4 0.993844
10 5 0.971149
10 6 0.205798
10 7 0.999743
10 8 0.999187
10 9 0.924903
10 10 0.000000
10 11 0.172989
10 12 0.932960
10 13 0.999807
10 14 0.999743
10 15 0.011782
10 16 0.415919
10 17 0.901145
10 18 0.005177
10 19 0.882454
10 20 0.915921
10 21 0.035762
10 22 0.997718
10 23 0.610510
10 24 0.939390
10 25 0.855444
10 26 0.791203
10 27 0.011782
10 28 0.372722
10 29 0.172989
10 30 0.453650
10 31 0.905921
10 32 0.980672
10 33 0.855444
10 34 0.977135
10 35 0.921048
10 36 0.999695
10 37 0.921048
10 38 0.972958
10 39 0.990289
10 40 0.999679
10 41 0.997944
10 42 0.876571
10 43 0.999999
10 44 0.905921
10 45 0.138922
10 46 0.997944
10 47 0.983668
10 48 0.626001
10 49 0.999543
10 50 0.286770
10 51 0.838911
10 52 0.883941
10 53 0.943131
10 54 0.998916
10 55 0.998074
10 56 0.019299
10 57 0.996753
10 58 0.985469
10 59 0.029925
10 60 0.957037
10 61 0.999771
10 62 0.855444
10 63 0.987073
10 64 0.980672
10 65 0.999277
10 66 0.477022
10 67 0.999954
10 68 0.870414
10 69 0.268234
10 70 0.911627
10 71 0.889496
10 72 0.153568
10 73 0.991363
10 74 0.999132
10 75 0.910477
10 76 0.263461
10 77 0.071949
10 78 0.967602
10 79 0.153568
10 80 0.372722
10 81 0.743481
10 82 0.999086
10 83 0.999985
10 84 0.458502
10 85 0.999987
10 86 0.831064
10 87 0.985469
10 88 0.924902
10 89 0.993844
10 90 0.535509
10 91 0.961718
10 92 0.999848
10 93 0.644918
10 94 0.961718
10 95 0.995892
10 96 0.673535
10 97 0.286770
10 98 0.999829
10 99 0.928576
11 0 0.310464
11 1 0.999086
11 2 0.980672
11 3 0.138922
11 4 0.961718
11 5 0.999086
11 6 0.995379
11 7 0.971149
11 8 0.310464
11 9 0.992708
11 10 0.172989
11 11 0.000000
11 12 0.998375
11 13 0.988501
11 14 0.803068
11 15 0.905921
11 16 0.071949
11 17 0.943131
11 18 0.998457
11 19 0.108547
11 20 0.987073
11 21 0.961718
11 22 0.743482
11 23 0.138922
11 24 0.029925
11 25 0.883941
11 26 0.029925
11 27 0.372722
11 28 0.964107
11 29 0.985469
11 30 0.757621
11 31 0.051779
11 32 0.999886
11 33 0.035762
11 34 0.535510
11 35 0.901145
11 36 0.998375
11 37 0.978283
11 38 0.019299
11 39 0.957038
11 40 0.999786
11 41 0.172989
11 42 0.983668
11 43 0.999187
11 44 0.993516
11 45 0.999807
11 46 0.936253
11 47 0.999797
11 48 0.985469
11 49 0.889496
11 50 0.965899
11 51 0.800669
11 52 0.932960
11 53 0.172989
11 54 0.999855
11 55 0.989082
11 56 0.997687
11 57 0.999946
11 58 0.901145
11 59 0.138922
11 60 0.434867
11 61 0.778726
11 62 0.999928
11 63 0.005177
11 64 0.924903
11 65 0.997563
11 66 0.051779
11 67 0.998629
11 68 0.071949
11 69 0.999314
11 70 0.626002
11 71 0.996533
11 72 0.923918
11 73 0.999771
11 74 0.434867
11 75 0.626001
11 76 0.348574
11 77 0.996753
11 78 0.998781
11 79 0.993844
11 80 0.172989
11 81 0.812062
11 82 0.138922
11 83 0.990289
11 84 0.719662
11 85 0.924903
11 86 0.969629
11 87 0.932960
11 88 0.986386
11 89 0.998172
11 90 0.051779
11 91 0.993077
11 92 0.999458
11 93 0.995892
11 94 0.329464
11 95 0.997944
11 96 0.901145
11 97 0.005177
11 98 0.882454
11 99 0.690668
12 0 0.987725
12 1 0.984490
12 2 0.993515
12 3 0.921048
12 4 0.924902
12 5 0.227550
12 6 0.746454
12 7 0.999987
12 8 0.999132
12 9 0.993077
12 10 0.932960
12 11 0.998375
12 12 0.000000
12 13 0.573990
12 14 0.999390
12 15 0.983668
12 16 0.999797
12 17 0.979649
12 18 0.996753
12 19 0.731785
12 20 0.991246
12 21 0.999132
12 22 0.610510
12 23 0.989633
12 24 0.005177
12 25 0.981645
12 26 0.998902
12 27 0.876570
12 28 0.029925
12 29 0.590401
12 30 0.310464
12 31 0.138922
12 32 0.999614
12 33 0.999458
12 34 1.000000
12 35 0.999268
12 36 0.998265
12 37 0.268234
12 38 0.768376
12 39 0.108547
12 40 0.994803
12 41 0.778725
12 42 0.957038
12 43 0.019299
12 44 0.889496
12 45 0.029925
12 46 0.108547
12 47 0.977134
12 48 0.999458
12 49 0.348574
12 50 0.999997
12 51 0.268234
12 52 0.995892
12 53 0.999518
12 54 0.172989
12 55 0.999903
12 56 0.838911
12 57 0.997113
12 58 0.019299
12 59 0.989082
12 60 0.071949
12 61 0.986202
12 62 0.071949
12 63 0.268234
12 64 0.981645
12 65 0.434867
12 66 0.051779
12 67 0.855444
12 68 0.997944
12 69 0.071949
12 70 0.995672
12 71 0.998781
12 72 0.998375
12 73 0.268234
12 74 0.051779
12 75 0.372722
12 76 0.746454
12 77 0.994526
12 78 0.573990
12 79 0.268234
12 80 0.096388
12 81 0.889496
12 82 0.189109
12 83 0.731785
12 84 0.071949
12 85 1.000000
12 86 0.979374
12 87 0.996347
12 88 0.994234
12 89 0.989082
12 90 0.997944
12 91 0.029925
12 92 0.005177
12 93 0.995133
12 94 0.071949
12 95 0.005177
12 96 0.029925
12 97 0.096388
12 98 0.969629
12 99 0.998375
13 0 0.901145
13 1 0.905921
13 2 0.757621
13 3 0.959712
13 4 0.189109
13 5 0.517913
13 6 0.987073
13 7 0.995672
13 8 0.939390
13 9 0.029925
13 10 0.999807
13 11 0.988501
13 12 0.573990
13 13 0.000000
13 14 0.999924
13 15 0.993516
13 16 0.863976
13 17 0.929503
13 18 0.987073
13 19 0.108547
13 20 0.071949
13 21 0.781351
13 22 0.971149
13 23 0.943131
13 24 0.997687
13 25 0.997687
13 26 0.121504
13 27 0.210224
13 28 0.812062
13 29 0.980672
13 30 0.999973
13 31 0.659444
13 32 0.999543
13 33 0.999962
13 34 0.964107
13 35 0.415919
13 36 0.986202
13 37 0.967602
13 38 0.268234
13 39 0.998172
13 40 0.999390
13 41 0.999898
13 42 0.138922
13 43 0.988501
13 44 0.434867
13 45 0.978283
13 46 0.995892
13 47 0.971149
13 48 0.855444
13 49 0.999931
13 50 0.862254
13 51 0.138922
13 52 0.989772
13 53 0.812062
13 54 0.019299
13 55 0.172989
13 56 0.994234
13 57 0.495294
13 58 0.071949
13 59 0.997834
13 60 0.999959
13 61 0.889496
13 62 0.967602
13 63 0.936253
13 64 0.995672
13 65 0.372722
13 66 0.920015
13 67 0.268234
13 68 0.029925
13 69 0.883941
13 70 0.998916
13 71 0.997687
13 72 0.997259
13 73 0.980672
13 74 0.138922
13 75 0.731785
13 76 0.980672
13 77 0.999729
13 78 0.999914
13 79 0.477022
13 80 0.172989
13 81 0.965899
13 82 0.573990
13 83 0.992708
13 84 0.999971
13 85 0.019299
13 86 0.138922
13 87 0.019299
13 88 0.999390
13 89 0.989082
13 90 0.995379
13 91 0.999593
13 92 0.989772
13 93 0.987073
13 94 0.997834
13 95 0.915921
13 96 0.988501
13 97 0.210224
13 98 0.992708
13 99 0.997687
14 0 0.939390
14 1 0.993170
14 2 0.716439
14 3 0.993844
14 4 0.673535
14 5 0.838911
14 6 0.971149
14 7 0.957038
14 8 0.731785
14 9 0.999871
14 10 0.999743
14 11 0.803068
14 12 0.999390
14 13 0.999924
14 14 0.000000
14 15 0.999458
14 16 0.999914
14 17 0.999993
14 18 0.227550
14 19 0.980672
14 20 0.626001
14 21 0.936253
14 22 0.517913
14 23 0.029925
14 24 0.889495
14 25 0.965899
14 26 0.998375
14 27 0.998971
14 28 0.082237
14 29 0.945939
14 30 0.999949
14 31 0.999639
14 32 0.978283
14 33 0.996347
14 34 0.673535
14 35 0.987073
14 36 0.800669
14 37 0.996917
14 38 0.757621
14 39 0.286770
14 40 0.659444
14 41 0.997944
14 42 0.082237
14 43 0.999914
14 44 0.997944
14 45 0.071949
14 46 0.999593
14 47 0.986201
14 48 0.924902
14 49 0.999639
14 50 0.961718
14 51 0.999695
14 52 0.998457
14 53 0.999614
14 54 0.848329
14 55 0.108547
14 56 0.997687
14 57 0.998074
14 58 0.977134
14 59 0.590401
14 60 0.999997
14 61 0.108547
14 62 0.029925
14 63 0.415919
14 64 0.951799
14 65 0.993516
14 66 0.961718
14 67 0.915921
14 68 0.391878
14 69 0.673535
14 70 0.800669
14 71 0.029925
14 72 0.268234
14 73 0.994234
14 74 0.967602
14 75 0.936253
14 76 0.535509
14 77 0.019299
14 78 0.870414
14 79 0.957037
14 80 0.051779
14 81 0.911627
14 82 0.998074
14 83 0.172989
14 84 0.999543
14 85 0.781351
14 86 0.268234
14 87 0.310464
14 88 0.096388
14 89 0.971149
14 90 0.999759
14 91 0.974313
14 92 0.979649
14 93 0.690668
14 94 0.051779
14 95 0.210224
14 96 0.189109
14 97 0.996753
14 98 0.227550
14 99 0.610510
15 0 0.993077
15 1 0.172989
15 2 0.996347
15 3 0.997943
15 4 0.983668
15 5 0.096388
15 6 0.227550
15 7 0.920015
15 8 0.998172
15 9 0.924902
15 10 0.011782
15 11 0.905921
15 12 0.983668
15 13 0.993516
15 14 0.999458
15 15 0.000000
15 16 0.590402
15 17 0.961718
15 18 0.781351
15 19 0.019299
15 20 0.959174
15 21 0.982801
15 22 0.995672
15 23 0.781351
15 24 0.945939
15 25 0.812062
15 26 0.999037
15 27 0.673535
15 28 0.051779
15 29 0.051779
15 30 0.932960
15 31 0.029925
15 32 0.964107
15 33 0.910477
15 34 0.029925
15 35 0.996347
15 36 0.999928
15 37 0.768376
15 38 0.029925
15 39 0.901145
15 40 0.557193
15 41 0.921048
15 42 0.029925
15 43 0.977135
15 44 0.996917
15 45 0.999314
15 46 0.573990
15 47 0.961718
15 48 0.928576
15 49 0.911627
15 50 0.703771
15 51 0.990289
15 52 0.883941
15 53 0.029925
15 54 0.943131
15 55 0.999187
15 56 0.994234
15 57 0.980672
15 58 0.992708
15 59 0.999829
15 60 0.035762
15 61 0.957037
15 62 0.951799
15 63 0.959712
15 64 0.986202
15 65 0.997259
15 66 0.029925
15 67 0.997259
15 68 0.991800
15 69 0.998375
15 70 0.911627
15 71 0.996347
15 72 0.172989
15 73 0.980672
15 74 0.901145
15 75 0.071949
15 76 0.035762
15 77 0.731785
15 78 0.996347
15 79 0.993926
15 80 0.610510
15 81 0.932960
15 82 0.989633
15 83 0.997259
15 84 0.071949
15 85 0.731785
15 86 0.994234
15 87 0.997563
15 88 0.924902
15 89 0.999743
15 90 0.997113
15 91 0.495294
15 92 0.967602
15 93 0.998971
15 94 0.659444
15 95 0.996532
15 96 0.882454
15 97 0.372722
15 98 0.981645
15 99 0.286770
16 0 0.535509
16 1 0.019299
16 2 0.989082
16 3 0.999994
16 4 0.999349
16 5 0.998698
16 6 0.999314
16 7 0.029925
16 8 0.138922
16 9 0.812062
16 10 0.415919
16 11 0.071949
16 12 0.999797
16 13 0.863976
16 14 0.999914
16 15 0.590402
16 16 0.000000
16 17 0.535509
16 18 0.987073
16 19 0.071949
16 20 0.557193
16 21 0.963627
16 22 0.743482
16 23 0.348574
16 24 0.998172
16 25 0.071949
16 26 0.848329
16 27 0.921048
16 28 0.911627
16 29 0.768376
16 30 0.838911
16 31 0.987073
16 32 0.882454
16 33 0.998843
16 34 0.915921
16 35 0.096388
16 36 0.998457
16 37 0.019299
16 38 0.071949
16 39 0.610510
16 40 0.997687
16 41 0.757621
16 42 0.610510
16 43 0.641070
16 44 0.999314
16 45 0.757621
16 46 0.993077
16 47 0.138922
16 48 0.998610
16 49 0.999037
16 50 0.936254
16 51 0.999797
16 52 0.998375
16 53 0.153568
16 54 0.590401
16 55 0.992708
16 56 0.812062
16 57 0.071949
16 58 0.060180
16 59 0.905921
16 60 0.019299
16 61 0.999132
16 62 0.987073
16 63 0.972594
16 64 0.703771
16 65 0.731785
16 66 0.329464
16 67 0.997834
16 68 0.245316
16 69 0.626001
16 70 0.999886
16 71 0.535509
16 72 0.855444
16 73 0.329464
16 74 0.995613
16 75 0.996917
16 76 0.096388
16 77 0.943131
16 78 0.999485
16 79 0.998172
16 80 0.716439
16 81 0.989082
16 82 0.999657
16 83 0.995892
16 84 0.716439
16 85 0.690668
16 86 0.746454
16 87 0.644918
16 88 0.029925
16 89 0.997398
16 90 0.987725
16 91 0.985469
16 92 0.108547
16 93 0.998781
16 94 0.995133
16 95 0.981645
16 96 0.911627
16 97 0.924902
16 98 0.172989
16 99 0.071949
17 0 0.978283
17 1 0.992708
17 2 0.910477
17 3 0.991363
17 4 0.573990
17 5 0.999422
17 6 0.453650
17 7 0.096388
17 8 0.227550
17 9 0.831064
17 10 0.901145
17 11 0.943131
17 12 0.979649
17 13 0.929503
17 14 0.999993
17 15 0.961718
17 16 0.535509
17 17 0.000000
17 18 0.391878
17 19 0.831064
17 20 0.990780
17 21 0.991363
17 22 0.924902
17 23 0.999957
17 24 0.876570
17 25 0.477022
17 26 0.641070
17 27 0.999786
17 28 0.172989
17 29 0.998074
17 30 0.998555
17 31 0.989082
17 32 0.434867
17 33 0.996752
17 34 0.989082
17 35 0.513285
17 36 0.189109
17 37 0.690668
17 38 0.943131
17 39 0.988501
17 40 0.995672
17 41 0.997398
17 42 0.997563
17 43 0.999349
17 44 0.082237
17 45 0.535509
17 46 0.980672
17 47 0.848329
17 48 0.999614
17 49 0.990289
17 50 0.005177
17 51 0.268234
17 52 0.924902
17 53 0.995892
17 54 0.976826
17 55 0.029925
17 56 0.999187
17 57 0.029925
17 58 0.477022
17 59 0.999863
17 60 0.999486
17 61 0.989082
17 62 0.943131
17 63 0.928576
17 64 0.495294
17 65 0.998916
17 66 0.999086
17 67 0.019299
17 68 0.999880
17 69 0.610510
17 70 0.082237
17 71 0.731785
17 72 0.096388
17 73 0.974313
17 74 0.138922
17 75 0.896141
17 76 0.172989
17 77 0.998375
17 78 0.932960
17 79 0.781351
17 80 0.928576
17 81 0.959174
17 82 0.997563
17 83 0.029925
17 84 0.626001
17 85 0.029925
17 86 0.029925
17 87 0.997687
17 88 0.995672
17 89 0.286770
17 90 0.096388
17 91 0.998781
17 92 0.517913
17 93 0.690668
17 94 0.997073
17 95 0.999743
17 96 0.901145
17 97 0.434867
17 98 0.989082
17 99 0.096388
18 0 0.943131
18 1 0.172989
18 2 0.883941
18 3 0.998457
18 4 0.071949
18 5 0.996347
18 6 0.731785
18 7 0.889496
18 8 0.644918
18 9 0.999421
18 10 0.005177
18 11 0.998457
18 12 0.996753
18 13 0.987073
18 14 0.227550
18 15 0.781351
18 16 0.987073
18 17 0.391878
18 18 0.000000
18 19 0.987073
18 20 0.757621
18 21 0.993516
18 22 0.700405
18 23 0.719662
18 24 0.999886
18 25 0.051779
18 26 0.992708
18 27 0.998629
18 28 0.954792
18 29 0.994873
18 30 0.051779
18 31 0.999314
18 32 0.517913
18 33 0.812062
18 34 0.610510
18 35 0.791203
18 36 0.997113
18 37 0.641070
18 38 0.957037
18 39 0.029925
18 40 0.997259
18 41 0.659444
18 42 0.978283
18 43 0.974313
18 44 0.999957
18 45 0.992708
18 46 0.987073
18 47 0.051779
18 48 0.961718
18 49 0.999390
18 50 0.495294
18 51 0.961718
18 52 0.988501
18 53 0.606413
18 54 0.995892
18 55 0.957037
18 56 0.781351
18 57 0.889496
18 58 0.965899
18 59 0.172989
18 60 0.999349
18 61 0.999848
18 62 0.961718
18 63 0.985469
18 64 0.768376
18 65 0.573990
18 66 0.372722
18 67 0.999458
18 68 0.932960
18 69 0.995672
18 70 0.138922
18 71 0.172989
18 72 0.901145
18 73 0.999314
18 74 0.949286
18 75 0.999228
18 76 0.999593
18 77 0.971149
18 78 0.659444
18 79 0.999990
18 80 0.998375
18 81 0.920015
18 82 0.996347
18 83 0.905920
18 84 0.138922
18 85 0.998457
18 86 0.965899
18 87 0.096388
18 88 0.781351
18 89 0.995133
18 90 0.644918
18 91 0.999946
18 92 0.999614
18 93 0.999711
18 94 0.915921
18 95 0.172989
18 96 0.969629
18 97 0.138922
18 98 0.999729
18 99 0.999910
19 0 0.999983
19 1 0.975602
19 2 0.932960
19 3 0.477022
19 4 0.172989
19 5 0.093360
19 6 0.989082
19 7 0.967602
19 8 0.535509
19 9 0.999657
19 10 0.882454
19 11 0.108547
19 12 0.731785
19 13 0.108547
19 14 0.980672
19 15 0.019299
19 16 0.071949
19 17 0.831064
19 18 0.987073
19 19 0.000000
19 20 0.975602
19 21 0.138922
19 22 0.967602
19 23 0.991800
19 24 0.096388
19 25 0.791203
19 26 0.957037
19 27 0.999924
19 28 0.992708
19 29 0.011782
19 30 0.812062
19 31 0.999828
19 32 0.998457
19 33 0.981645
19 34 0.029925
19 35 0.985469
19 36 0.998971
19 37 0.999421
19 38 0.998916
19 39 0.096388
19 40 0.996532
19 41 0.999971
19 42 0.096388
19 43 0.967602
19 44 0.997398
19 45 0.999390
19 46 0.978283
19 47 0.999657
19 48 0.029925
19 49 0.998375
19 50 0.894801
19 51 0.920015
19 52 0.690668
19 53 0.310464
19 54 0.172989
19 55 0.659444
19 56 0.999847
19 57 0.998172
19 58 0.999984
19 59 0.999695
19 60 0.998843
19 61 0.994526
19 62 0.590401
19 63 0.957037
19 64 0.984698
19 65 0.791203
19 66 0.999966
19 67 0.812062
19 68 0.967602
19 69 0.992319
19 70 0.999485
19 71 0.999979
19 72 0.268234
19 73 0.994526
19 74 0.999954
19 75 0.071949
19 76 0.996917
19 77 0.005177
19 78 0.573990
19 79 0.972958
19 80 0.991800
19 81 0.994526
19 82 0.268234
19 83 0.626001
19 84 0.434867
19 85 0.731785
19 86 0.060180
19 87 0.096388
19 88 0.108547
19 89 0.029925
19 90 0.051779
19 91 0.268234
19 92 0.019299
19 93 0.029925
19 94 0.096388
19 95 0.703772
19 96 0.901145
19 97 0.227550
19 98 0.096388
19 99 0.998457
20 0 0.991800
20 1 0.495294
20 2 0.071949
20 3 0.415919
20 4 0.768376
20 5 0.659444
20 6 0.995892
20 7 0.999037
20 8 0.626001
20 9 0.391878
20 10 0.915921
20 11 0.987073
20 12 0.991246
20 13 0.071949
20 14 0.626001
20 15 0.959174
20 16 0.557193
20 17 0.990780
20 18 0.757621
20 19 0.975602
20 20 0.000000
20 21 0.975602
20 22 0.984698
20 23 0.082237
20 24 0.096388
20 25 0.286770
20 26 0.999729
20 27 0.035762
20 28 0.993516
20 29 0.995379
20 30 0.982801
20 31 0.969629
20 32 0.999898
20 33 0.096388
20 34 0.189109
20 35 0.210224
20 36 0.999771
20 37 0.996297
20 38 0.690668
20 39 0.029925
20 40 0.997944
20 41 0.977134
20 42 0.995133
20 43 0.996347
20 44 0.846427
20 45 0.999187
20 46 0.477022
20 47 0.263461
20 48 0.029925
20 49 0.999924
20 50 0.477022
20 51 0.974313
20 52 0.138922
20 53 0.838911
20 54 0.862254
20 55 0.988501
20 56 0.972594
20 57 0.995892
20 58 0.996753
20 59 0.997259
20 60 0.957037
20 61 0.924902
20 62 0.999797
20 63 0.996347
20 64 0.846427
20 65 0.069412
20 66 0.071949
20 67 0.998843
20 68 0.172989
20 69 0.973968
20 70 0.971149
20 71 0.029925
20 72 0.996100
20 73 0.924902
20 74 0.029925
20 75 0.703771
20 76 0.703771
20 77 0.268234
20 78 0.029925
20 79 0.372722
20 80 0.096388
20 81 0.329464
20 82 0.005177
20 83 0.997259
20 84 0.286770
20 85 0.992708
20 86 0.855444
20 87 0.999037
20 88 0.991363
20 89 0.949286
20 90 0.731785
20 91 0.999975
20 92 0.573990
20 93 0.999974
20 94 0.005177
20 95 0.993844
20 96 0.987725
20 97 0.876570
20 98 0.990289
20 99 0.987073
21 0 0.996753
21 1 0.999771
21 2 0.951799
21 3 0.703771
21 4 0.995892
21 5 0.929503
21 6 0.138922
21 7 0.791203
21 8 0.945939
21 9 0.998555
21 10 0.035762
21 11 0.961718
21 12 0.999132
21 13 0.781351
21 14 0.936253
21 15 0.982801
21 16 0.963627
21 17 0.991363
21 18 0.993516
21 19 0.138922
21 20 0.975602
21 21 0.000000
21 22 0.971149
21 23 0.831064
21 24 0.991800
21 25 0.928576
21 26 0.999657
21 27 0.965899
21 28 0.997259
21 29 0.998629
21 30 0.998555
21 31 0.168897
21 32 0.972958
21 33 0.996753
21 34 0.023583
21 35 0.999993
21 36 0.999086
21 37 0.901145
21 38 0.071949
21 39 0.172989
21 40 0.644918
21 41 0.029925
21 42 0.999229
21 43 0.998781
21 44 0.019299
21 45 0.096388
21 46 0.932960
21 47 0.951798
21 48 0.999968
21 49 0.415919
21 50 0.876571
21 51 0.982801
21 52 0.998048
21 53 0.998074
21 54 0.999949
21 55 0.029925
21 56 0.949286
21 57 0.096388
21 58 0.951799
21 59 0.971149
21 60 0.995892
21 61 0.971149
21 62 0.812062
21 63 0.071949
21 64 0.011782
21 65 0.172989
21 66 0.757621
21 67 0.458502
21 68 0.999695
21 69 0.979649
21 70 0.673535
21 71 0.999390
21 72 0.096388
21 73 0.659444
21 74 0.996917
21 75 0.982801
21 76 0.949286
21 77 0.227550
21 78 0.999543
21 79 0.997687
21 80 0.995133
21 81 0.967602
21 82 0.996917
21 83 0.719662
21 84 0.096388
21 85 0.453650
21 86 0.434867
21 87 0.992708
21 88 0.924902
21 89 0.985469
21 90 0.936253
21 91 0.757621
21 92 0.969629
21 93 0.286770
21 94 0.999543
21 95 0.986202
21 96 0.883941
21 97 0.985469
21 98 0.995672
21 99 0.999807
22 0 0.848329
22 1 0.434867
22 2 0.999975
22 3 0.998629
22 4 0.838911
22 5 0.959712
22 6 0.971149
22 7 0.096388
22 8 0.999771
22 9 0.997834
22 10 0.997718
22 11 0.743482
22 12 0.610510
22 13 0.971149
22 14 0.517913
22 15 0.995672
22 16 0.743482
22 17 0.924902
22 18 0.700405
22 19 0.967602
22 20 0.984698
22 21 0.971149
22 22 0.000000
22 23 0.999037
22 24 0.999932
22 25 0.993515
22 26 0.993170
22 27 0.517913
22 28 0.108547
22 29 0.138922
22 30 0.999187
22 31 0.936253
22 32 0.994526
22 33 0.901145
22 34 0.980672
22 35 0.988501
22 36 0.999187
22 37 0.987726
22 38 0.924902
22 39 0.391878
22 40 0.999132
22 41 0.719662
22 42 0.719662
22 43 0.996347
22 44 0.889496
22 45 0.838911
22 46 0.999451
22 47 0.138922
22 48 0.995133
22 49 0.673536
22 50 0.082237
22 51 0.987725
22 52 0.921048
22 53 0.659444
22 54 0.997944
22 55 0.974313
22 56 0.889496
22 57 0.999937
22 58 0.781351
22 59 0.855444
22 60 0.924902
22 61 0.060180
22 62 0.838911
22 63 0.999593
22 64 0.994234
22 65 0.981645
22 66 0.268234
22 67 0.990780
22 68 0.915921
22 69 0.862254
22 70 0.108547
22 71 0.998172
22 72 0.999828
22 73 0.990289
22 74 0.987073
22 75 0.999187
22 76 0.855444
22 77 0.995133
22 78 0.991363
22 79 0.997259
22 80 0.980672
22 81 0.659444
22 82 0.227550
22 83 0.999924
22 84 0.985469
22 85 0.987073
22 86 0.901144
22 87 0.999711
22 88 0.998781
22 89 0.997834
22 90 0.415919
22 91 0.999390
22 92 0.949287
22 93 0.997433
22 94 0.999932
22 95 0.971149
22 96 0.855444
22 97 0.329464
22 98 0.983668
22 99 0.870414
23 0 0.996752
23 1 0.677128
23 2 0.998971
23 3 0.051779
23 4 0.989633
23 5 0.286770
23 6 0.969629
23 7 0.999797
23 8 0.940181
23 9 0.870414
23 10 0.610510
23 11 0.138922
23 12 0.989633
23 13 0.943131
23 14 0.029925
23 15 0.781351
23 16 0.348574
23 17 0.999957
23 18 0.719662
23 19 0.991800
23 20 0.082237
23 21 0.831064
23 22 0.999037
23 23 0.000000
23 24 0.999771
23 25 0.945939
23 26 0.644918
23 27 0.227550
23 28 0.965899
23 29 0.172989
23 30 0.995379
23 31 0.990780
23 32 0.995892
23 33 0.999995
23 34 0.998375
23 35 0.936253
23 36 0.975602
23 37 0.329464
23 38 0.838911
23 39 0.992708
23 40 0.894800
23 41 0.659444
23 42 0.245316
23 43 0.029925
23 44 0.472229
23 45 0.108547
23 46 0.096388
23 47 0.996917
23 48 0.971149
23 49 0.029925
23 50 0.998781
23 51 0.999968
23 52 0.862254
23 53 0.997563
23 54 0.965899
23 55 0.991363
23 56 0.743482
23 57 0.868768
23 58 0.800669
23 59 0.883941
23 60 0.981645
23 61 0.959712
23 62 0.831065
23 63 0.882454
23 64 0.994803
23 65 0.838911
23 66 0.227550
23 67 0.415919
23 68 0.954792
23 69 0.982801
23 70 0.984490
23 71 0.997259
23 72 0.932960
23 73 0.999037
23 74 0.999988
23 75 0.768376
23 76 0.999924
23 77 0.999674
23 78 0.495294
23 79 0.969629
23 80 0.996753
23 81 0.995892
23 82 0.268234
23 83 0.943131
23 84 0.227550
23 85 0.957037
23 86 0.992215
23 87 0.862254
23 88 0.051779
23 89 0.071949
23 90 0.690668
23 91 0.227550
23 92 0.415919
23 93 0.138922
23 94 0.997563
23 95 0.029925
23 96 0.999837
23 97 0.838911
23 98 0.573990
23 99 0.082237
24 0 0.999962
24 1 0.168897
24 2 0.957038
24 3 0.999421
24 4 0.310464
24 5 0.957038
24 6 0.999593
24 7 0.517913
24 8 0.019299
24 9 0.992708
24 10 0.939390
24 11 0.029925
24 12 0.005177
24 13 0.997687
24 14 0.889495
24 15 0.945939
24 16 0.998172
24 17 0.876570
24 18 0.999886
24 19 0.096388
24 20 0.096388
24 21 0.991800
24 22 0.999932
24 23 0.999771
24 24 0.000000
24 25 0.138922
24 26 0.951799
24 27 0.999995
24 28 0.051779
24 29 0.999957
24 30 0.951799
24 31 0.999593
24 32 0.972594
24 33 0.987073
24 34 0.996100
24 35 0.019299
24 36 0.096388
24 37 0.980672
24 38 0.573990
24 39 0.096388
24 40 0.965899
24 41 0.434867
24 42 0.138922
24 43 0.905920
24 44 0.924902
24 45 0.096388
24 46 0.999977
24 47 0.096388
24 48 0.029925
24 49 0.979649
24 50 0.189109
24 51 0.268234
24 52 0.999957
24 53 0.936254
24 54 0.268234
24 55 0.995133
24 56 0.999914
24 57 0.005177
24 58 0.990289
24 59 0.995133
24 60 0.415919
24 61 0.983667
24 62 0.951799
24 63 0.932960
24 64 0.961719
24 65 0.743482
24 66 0.999729
24 67 0.999848
24 68 0.138922
24 69 0.883941
24 70 0.999358
24 71 0.096388
24 72 0.029925
24 73 0.998265
24 74 0.974313
24 75 0.998049
24 76 0.999711
24 77 0.005177
24 78 0.051779
24 79 0.477022
24 80 0.227550
24 81 0.263461
24 82 0.991800
24 83 0.096388
24 84 0.994803
24 85 0.924902
24 86 0.071949
24 87 0.998457
24 88 0.998698
24 89 0.791203
24 90 0.610510
24 91 0.949286
24 92 0.096388
24 93 0.415919
24 94 0.981645
24 95 0.329464
24 96 0.372722
24 97 0.899866
24 98 0.940181
24 99 0.434867
25 0 0.971149
25 1 0.268234
25 2 0.286770
25 3 0.905921
25 4 0.051779
25 5 0.517913
25 6 0.999711
25 7 0.995892
25 8 0.977134
25 9 0.029925
25 10 0.855444
25 11 0.883941
25 12 0.981645
25 13 0.997687
25 14 0.965899
25 15 0.812062
25 16 0.071949
25 17 0.477022
25 18 0.051779
25 19 0.791203
25 20 0.286770
25 21 0.928576
25 22 0.993515
25 23 0.945939
25 24 0.138922
25 25 0.000000
25 26 0.372722
25 27 0.999977
25 28 0.477022
25 29 0.051779
25 30 0.981645
25 31 0.965899
25 32 0.997944
25 33 0.969221
25 34 0.096388
25 35 0.138922
25 36 0.305550
25 37 0.093361
25 38 0.901145
25 39 0.051779
25 40 0.978283
25 41 0.862254
25 42 0.915921
25 43 0.071949
25 44 0.993515
25 45 0.108547
25 46 0.641070
25 47 0.855444
25 48 0.096388
25 49 0.999949
25 50 0.894801
25 51 0.991800
25 52 0.029925
25 53 0.991363
25 54 0.690668
25 55 0.998903
25 56 0.189109
25 57 0.227550
25 58 0.071949
25 59 0.969629
25 60 0.999314
25 61 0.999957
25 62 0.791203
25 63 0.719662
25 64 0.999314
25 65 0.984698
25 66 0.997259
25 67 0.999771
25 68 0.999995
25 69 0.999924
25 70 0.071949
25 71 0.005177
25 72 0.189109
25 73 0.997563
25 74 0.980672
25 75 0.108547
25 76 0.029925
25 77 0.999228
25 78 0.989082
25 79 0.029925
25 80 0.999783
25 81 0.029925
25 82 0.812062
25 83 0.984490
25 84 0.981645
25 85 0.535509
25 86 0.999829
25 87 0.999999
25 88 0.998074
25 89 0.051779
25 90 0.969629
25 91 0.999924
25 92 0.957037
25 93 0.991800
25 94 0.949286
25 95 0.915921
25 96 0.945939
25 97 0.838911
25 98 0.071949
25 99 0.999983
26 0 0.987073
26 1 0.995133
26 2 0.977134
26 3 0.998457
26 4 0.924902
26 5 0.983668
26 6 0.626001
26 7 0.994873
26 8 0.969629
26 9 0.781351
26 10 0.791203
26 11 0.029925
26 12 0.998902
26 13 0.121504
26 14 0.998375
26 15 0.999037
26 16 0.848329
26 17 0.641070
26 18 0.992708
26 19 0.957037
26 20 0.999729
26 21 0.999657
26 22 0.993170
26 23 0.644918
26 24 0.951799
26 25 0.372722
26 26 0.000000
26 27 0.757621
26 28 0.924902
26 29 0.029925
26 30 0.998048
26 31 0.936254
26 32 0.991363
26 33 0.984698
26 34 0.949286
26 35 0.071949
26 36 0.610510
26 37 0.993515
26 38 0.999390
26 39 0.138922
26 40 0.803068
26 41 0.172989
26 42 0.071949
26 43 0.999543
26 44 0.172989
26 45 0.557193
26 46 0.999390
26 47 0.945939
26 48 0.994526
26 49 0.998172
26 50 0.999910
26 51 0.998375
26 52 0.172989
26 53 0.005177
26 54 0.477022
26 55 0.993844
26 56 0.997113
26 57 0.477022
26 58 0.999614
26 59 0.943131
26 60 0.108547
26 61 0.975602
26 62 0.071949
26 63 0.999593
26 64 0.974313
26 65 0.994526
26 66 0.573990
26 67 0.372722
26 68 0.997259
26 69 0.690668
26 70 0.310464
26 71 0.999797
26 72 0.905921
26 73 0.820692
26 74 0.999711
26 75 0.108547
26 76 0.996708
26 77 0.963627
26 78 0.999771
26 79 0.121504
26 80 0.971149
26 81 0.993516
26 82 0.071949
26 83 0.071949
26 84 0.998555
26 85 0.999458
26 86 0.993844
26 87 0.096388
26 88 0.268234
26 89 0.998555
26 90 0.659444
26 91 0.915921
26 92 0.719662
26 93 0.982801
26 94 0.757621
26 95 0.957038
26 96 0.999711
26 97 0.998375
26 98 0.415919
26 99 0.535509
27 0 0.949286
27 1 0.963627
27 2 0.985469
27 3 0.995379
27 4 0.978283
27 5 0.974313
27 6 0.035762
27 7 0.945939
27 8 0.989633
27 9 0.372722
27 10 0.011782
27 11 0.372722
27 12 0.876570
27 13 0.210224
27 14 0.998971
27 15 0.673535
27 16 0.921048
27 17 0.999786
27 18 0.998629
27 19 0.999924
27 20 0.035762
27 21 0.965899
27 22 0.517913
27 23 0.227550
27 24 0.999995
27 25 0.999977
27 26 0.757621
27 27 0.000000
27 28 0.768376
27 29 0.901145
27 30 0.690668
27 31 0.896141
27 32 0.477022
27 33 0.434867
27 34 0.812062
27 35 0.768376
27 36 0.998629
27 37 0.998629
27 38 0.035762
27 39 0.082237
27 40 0.051779
27 41 0.477022
27 42 0.995672
27 43 0.855444
27 44 0.477022
27 45 0.019299
27 46 0.138922
27 47 0.999871
27 48 0.943131
27 49 0.971149
27 50 0.991800
27 51 0.993077
