0 0 0.000000
0 1 0.001953
0 2 0.000002
0 3 0.425161
0 4 0.001953
0 5 0.001953
0 6 0.009291
0 7 0.029925
0 8 0.999976
0 9 0.000372
0 10 0.001953
0 11 0.000002
0 12 0.001953
0 13 0.999405
0 14 0.000003
0 15 0.999955
0 16 0.001953
0 17 0.001953
0 18 0.002681
0 19 0.999998
0 20 0.000027
0 21 0.001953
0 22 0.001953
0 23 0.001953
0 24 0.000003
0 25 0.998887
0 26 0.000194
0 27 0.999996
0 28 0.009291
0 29 0.999944
0 30 0.000372
0 31 0.009291
0 32 0.001953
0 33 0.000027
0 34 0.009291
0 35 0.999977
0 36 0.999999
0 37 0.001953
0 38 0.001953
0 39 0.999996
0 40 0.999929
0 41 0.001953
0 42 0.000027
0 43 0.999825
0 44 0.002681
0 45 0.999999
0 46 0.000002
0 47 0.001953
0 48 0.001953
0 49 0.002681
0 50 0.131614
0 51 0.999999
0 52 0.000123
0 53 0.000123
0 54 0.757621
0 55 0.001953
0 56 0.001953
0 57 0.999986
0 58 0.001953
0 59 0.000027
0 60 0.000027
0 61 0.999996
0 62 0.011782
0 63 0.000046
0 64 0.999998
0 65 0.980821
0 66 0.014763
0 67 0.001953
0 68 0.000556
0 69 0.014763
0 70 0.001953
0 71 0.001953
0 72 0.001953
0 73 0.001953
0 74 0.999952
0 75 0.969630
0 76 0.000194
0 77 0.999988
0 78 0.000001
0 79 0.001953
0 80 0.001953
0 81 0.001953
0 82 0.001953
0 83 0.999997
0 84 0.999985
0 85 0.000001
0 86 0.999979
0 87 0.009291
0 88 0.999982
0 89 0.001953
0 90 0.999999
0 91 0.000027
0 92 0.001953
0 93 0.001953
0 94 0.001953
0 95 0.001953
0 96 0.999924
0 97 0.004819
0 98 0.052160
0 99 0.999748
1 0 0.001953
1 1 0.000000
1 2 0.001168
1 3 0.610510
1 4 0.001953
1 5 0.000372
1 6 0.009291
1 7 0.999989
1 8 0.001953
1 9 0.011782
1 10 0.001953
1 11 0.001953
1 12 0.001953
1 13 0.998795
1 14 0.999991
1 15 0.999947
1 16 0.000046
1 17 0.009291
1 18 0.000372
1 19 0.999997
1 20 0.032668
1 21 0.000027
1 22 0.999995
1 23 0.999999
1 24 0.952968
1 25 0.999996
1 26 0.001953
1 27 0.000556
1 28 0.999999
1 29 0.000002
1 30 0.002681
1 31 0.001645
1 32 0.001953
1 33 0.000027
1 34 0.001953
1 35 0.008169
1 36 0.009291
1 37 0.000372
1 38 0.001953
1 39 0.999999
1 40 0.000002
1 41 0.000372
1 42 0.997363
1 43 0.001953
1 44 0.000002
1 45 0.999999
1 46 0.000001
1 47 0.999316
1 48 0.001953
1 49 0.995448
1 50 0.001953
1 51 0.001953
1 52 0.000372
1 53 0.001953
1 54 0.001953
1 55 0.999998
1 56 0.001953
1 57 0.999988
1 58 0.001953
1 59 0.001953
1 60 0.999699
1 61 0.999996
1 62 0.002681
1 63 0.002681
1 64 0.999652
1 65 0.001953
1 66 0.962647
1 67 0.042353
1 68 0.105307
1 69 0.009291
1 70 0.009291
1 71 0.003622
1 72 0.999998
1 73 0.999992
1 74 0.999999
1 75 0.999960
1 76 0.035762
1 77 0.105317
1 78 0.000814
1 79 0.999999
1 80 0.999991
1 81 0.999937
1 82 0.000372
1 83 0.001953
1 84 0.999973
1 85 0.517913
1 86 0.999998
1 87 0.999859
1 88 0.022408
1 89 0.000372
1 90 0.998215
1 91 0.999888
1 92 0.999989
1 93 0.999999
1 94 0.999997
1 95 0.000372
1 96 0.999994
1 97 0.003622
1 98 0.999994
1 99 0.029925
2 0 0.000002
2 1 0.001168
2 2 0.000000
2 3 0.999999
2 4 0.999996
2 5 0.999999
2 6 0.029925
2 7 0.999975
2 8 0.999945
2 9 0.996298
2 10 0.000372
2 11 0.000027
2 12 0.002681
2 13 0.999983
2 14 0.001953
2 15 0.999993
2 16 0.999997
2 17 0.999990
2 18 0.000556
2 19 0.001169
2 20 0.999996
2 21 0.999999
2 22 0.000372
2 23 0.999983
2 24 0.999991
2 25 0.001953
2 26 0.000002
2 27 0.990022
2 28 0.997687
2 29 0.999999
2 30 0.000372
2 31 0.406012
2 32 0.983229
2 33 0.998728
2 34 0.074653
2 35 0.990529
2 36 0.001953
2 37 0.999997
2 38 0.000027
2 39 0.999998
2 40 0.995494
2 41 0.011782
2 42 0.009291
2 43 0.001953
2 44 0.000372
2 45 0.000076
2 46 0.001953
2 47 0.970368
2 48 0.999999
2 49 0.001953
2 50 0.001953
2 51 0.004818
2 52 0.000372
2 53 0.003622
2 54 0.999999
2 55 0.000372
2 56 0.003622
2 57 0.999998
2 58 0.001953
2 59 0.009291
2 60 0.000002
2 61 0.999504
2 62 0.998571
2 63 0.999909
2 64 0.001953
2 65 0.999873
2 66 0.001953
2 67 0.018288
2 68 0.071949
2 69 0.999999
2 70 0.999688
2 71 0.001953
2 72 0.984490
2 73 0.008170
2 74 0.999982
2 75 0.985272
2 76 0.009291
2 77 0.452711
2 78 0.001953
2 79 0.999160
2 80 0.001953
2 81 0.999999
2 82 0.998053
2 83 0.987276
2 84 0.001953
2 85 0.022397
2 86 0.999988
2 87 0.999996
2 88 0.000020
2 89 0.000027
2 90 0.001953
2 91 0.999998
2 92 0.000372
2 93 0.001953
2 94 0.004819
2 95 0.000001
2 96 0.999166
2 97 0.992104
2 98 0.009291
2 99 0.517913
3 0 0.425161
3 1 0.610510
3 2 0.999999
3 3 0.000000
3 4 0.001953
3 5 0.001953
3 6 0.535509
3 7 0.999120
3 8 0.999998
3 9 0.001953
3 10 0.009291
3 11 0.000002
3 12 0.011782
3 13 0.009291
3 14 0.022404
3 15 0.999952
3 16 0.999989
3 17 0.263460
3 18 0.066918
3 19 0.000001
3 20 0.999998
3 21 0.014763
3 22 0.001953
3 23 0.000025
3 24 0.999955
3 25 0.999739
3 26 0.001953
3 27 0.999973
3 28 0.014763
3 29 0.011782
3 30 0.029925
3 31 0.009291
3 32 0.999984
3 33 0.999928
3 34 0.999996
3 35 0.999999
3 36 0.000002
3 37 0.000556
3 38 0.001953
3 39 0.999999
3 40 0.999939
3 41 0.009291
3 42 0.999629
3 43 0.001953
3 44 0.009291
3 45 0.999994
3 46 0.245315
3 47 0.003622
3 48 0.999913
3 49 0.000372
3 50 0.001953
3 51 0.001953
3 52 0.999999
3 53 0.022409
3 54 0.281399
3 55 0.009291
3 56 0.029925
3 57 0.000046
3 58 0.999998
3 59 0.999971
3 60 0.999821
3 61 0.415919
3 62 0.001953
3 63 0.999998
3 64 0.999994
3 65 0.009291
3 66 0.001953
3 67 0.001953
3 68 0.218117
3 69 0.917979
3 70 0.000372
3 71 0.999996
3 72 0.999993
3 73 0.968187
3 74 0.000372
3 75 0.066951
3 76 0.001953
3 77 0.011782
3 78 0.001953
3 79 0.001953
3 80 0.999999
3 81 0.703771
3 82 0.999984
3 83 0.011782
3 84 0.000001
3 85 0.000001
3 86 0.000027
3 87 0.000372
3 88 0.999997
3 89 0.009291
3 90 0.009291
3 91 0.997981
3 92 0.009291
3 93 0.999999
3 94 0.000046
3 95 0.001953
3 96 0.000002
3 97 0.005866
3 98 0.029925
3 99 0.003622
4 0 0.001953
4 1 0.001953
4 2 0.999996
4 3 0.001953
4 4 0.000000
4 5 0.001953
4 6 0.000002
4 7 0.984087
4 8 0.049728
4 9 0.009291
4 10 0.000556
4 11 0.999999
4 12 0.920212
4 13 0.001953
4 14 0.001168
4 15 0.227550
4 16 0.042353
4 17 0.386348
4 18 0.009291
4 19 0.071949
4 20 0.001953
4 21 0.001953
4 22 0.000814
4 23 0.009291
4 24 0.000556
4 25 0.999999
4 26 0.002681
4 27 0.999817
4 28 0.002681
4 29 0.310465
4 30 0.999237
4 31 0.000027
4 32 0.999997
4 33 0.999787
4 34 0.009291
4 35 0.002681
4 36 0.210224
4 37 0.009291
4 38 0.000556
4 39 0.009291
4 40 0.999999
4 41 0.029925
4 42 0.999987
4 43 0.002681
4 44 0.001953
4 45 0.000372
4 46 0.999996
4 47 0.001953
4 48 0.003622
4 49 0.999937
4 50 0.999974
4 51 0.011782
4 52 0.999988
4 53 0.001953
4 54 0.168897
4 55 0.000372
4 56 0.999812
4 57 0.381972
4 58 0.999998
4 59 0.999998
4 60 0.000372
4 61 0.999710
4 62 0.999991
4 63 0.000027
4 64 0.009291
4 65 0.999999
4 66 0.000002
4 67 0.000372
4 68 0.011782
4 69 0.001953
4 70 0.999999
4 71 0.999992
4 72 0.999874
4 73 0.035762
4 74 0.000372
4 75 0.000001
4 76 0.262807
4 77 0.977700
4 78 0.000372
4 79 0.000027
4 80 0.009291
4 81 0.009291
4 82 0.999998
4 83 0.009291
4 84 0.966735
4 85 0.999953
4 86 0.000372
4 87 0.009291
4 88 0.997876
4 89 0.999988
4 90 0.000813
4 91 0.001953
4 92 0.998591
4 93 0.000027
4 94 0.999808
4 95 0.001953
4 96 0.118059
4 97 0.999896
4 98 0.001953
4 99 0.001953
5 0 0.001953
5 1 0.000372
5 2 0.999999
5 3 0.001953
5 4 0.001953
5 5 0.000000
5 6 0.001953
5 7 0.999938
5 8 0.093360
5 9 0.001953
5 10 0.999251
5 11 0.001953
5 12 0.000027
5 13 0.009291
5 14 0.027181
5 15 0.000046
5 16 0.883941
5 17 0.018287
5 18 0.000027
5 19 0.999998
5 20 0.001953
5 21 0.009291
5 22 0.000027
5 23 0.999749
5 24 0.001953
5 25 0.245316
5 26 0.999998
5 27 0.922942
5 28 0.001953
5 29 0.999989
5 30 0.999775
5 31 0.011782
5 32 0.999998
5 33 0.999917
5 34 0.999860
5 35 0.999972
5 36 0.018286
5 37 0.001953
5 38 0.001953
5 39 0.000046
5 40 0.999989
5 41 0.999988
5 42 0.009291
5 43 0.001953
5 44 0.999996
5 45 0.348571
5 46 0.000372
5 47 0.000001
5 48 0.002681
5 49 0.001953
5 50 0.001953
5 51 0.000556
5 52 0.000027
5 53 0.001645
5 54 0.999986
5 55 0.001953
5 56 0.000556
5 57 0.999997
5 58 0.001953
5 59 0.999997
5 60 0.000556
5 61 0.003076
5 62 0.000002
5 63 0.011782
5 64 0.001953
5 65 0.999965
5 66 0.000123
5 67 0.001953
5 68 0.999997
5 69 0.778725
5 70 0.985420
5 71 0.001953
5 72 0.001953
5 73 0.001953
5 74 0.003622
5 75 0.001953
5 76 0.999998
5 77 0.001953
5 78 0.000006
5 79 0.386899
5 80 0.138922
5 81 0.001953
5 82 0.999999
5 83 0.000002
5 84 0.999978
5 85 0.000372
5 86 0.999990
5 87 0.999996
5 88 0.916443
5 89 0.994928
5 90 0.009291
5 91 0.001953
5 92 0.999996
5 93 0.001953
5 94 0.999320
5 95 0.001953
5 96 0.999913
5 97 0.009291
5 98 0.001953
5 99 0.999607
6 0 0.009291
6 1 0.009291
6 2 0.029925
6 3 0.535509
6 4 0.000002
6 5 0.001953
6 6 0.000000
6 7 0.076803
6 8 0.009291
6 9 0.999999
6 10 0.003622
6 11 0.001953
6 12 0.002681
6 13 0.001953
6 14 0.000027
6 15 0.999891
6 16 0.009291
6 17 0.999790
6 18 0.000002
6 19 0.999999
6 20 0.964203
6 21 0.013202
6 22 0.000372
6 23 0.999999
6 24 0.999984
6 25 0.009291
6 26 0.105315
6 27 0.001953
6 28 0.001953
6 29 0.009291
6 30 0.999931
6 31 0.001953
6 32 0.001953
6 33 0.001953
6 34 0.011782
6 35 0.029925
6 36 0.000001
6 37 0.999972
6 38 0.999988
6 39 0.000002
6 40 0.001643
6 41 0.009291
6 42 0.999988
6 43 0.999956
6 44 0.999984
6 45 0.009291
6 46 0.999993
6 47 0.840506
6 48 0.982878
6 49 0.999955
6 50 0.999999
6 51 0.999993
6 52 0.009291
6 53 0.999984
6 54 0.001953
6 55 0.011782
6 56 0.218197
6 57 0.001953
6 58 0.851826
6 59 0.996485
6 60 0.999996
6 61 0.000027
6 62 0.000123
6 63 0.002681
6 64 0.001672
6 65 0.999998
6 66 0.000814
6 67 0.000027
6 68 0.999937
6 69 0.001953
6 70 0.001953
6 71 0.001953
6 72 0.855444
6 73 0.000002
6 74 0.000372
6 75 0.001953
6 76 0.001953
6 77 0.000001
6 78 0.001953
6 79 0.999229
6 80 0.999999
6 81 0.999999
6 82 0.001953
6 83 0.999991
6 84 0.000027
6 85 0.999998
6 86 0.999996
6 87 0.999997
6 88 0.999996
6 89 0.001953
6 90 0.999998
6 91 0.006317
6 92 0.999657
6 93 0.009291
6 94 0.035762
6 95 0.999991
6 96 0.000556
6 97 0.001953
6 98 0.999996
6 99 0.999505
7 0 0.029925
7 1 0.999989
7 2 0.999975
7 3 0.999120
7 4 0.984087
7 5 0.999938
7 6 0.076803
7 7 0.000000
7 8 0.029925
7 9 0.001953
7 10 0.001953
7 11 0.999918
7 12 0.999991
7 13 0.976483
7 14 0.999986
7 15 0.011782
7 16 0.999999
7 17 0.999999
7 18 0.999987
7 19 0.001646
7 20 0.011782
7 21 0.999985
7 22 0.000001
7 23 0.999228
7 24 0.999993
7 25 0.001953
7 26 0.993759
7 27 0.009291
7 28 0.029925
7 29 0.348573
7 30 0.000027
7 31 0.970368
7 32 0.999996
7 33 0.000002
7 34 0.001953
7 35 0.008174
7 36 0.999992
7 37 0.002681
7 38 0.000027
7 39 0.001953
7 40 0.000002
7 41 0.000372
7 42 0.999609
7 43 0.999999
7 44 0.999999
7 45 0.001953
7 46 0.999972
7 47 0.001953
7 48 0.999976
7 49 0.999998
7 50 0.000556
7 51 0.008174
7 52 0.002681
7 53 0.009291
7 54 0.002681
7 55 0.000372
7 56 0.932960
7 57 0.001953
7 58 0.983667
7 59 0.009291
7 60 0.000002
7 61 0.997912
7 62 0.001953
7 63 0.000076
7 64 0.000372
7 65 0.758114
7 66 0.999996
7 67 0.001953
7 68 0.999998
7 69 0.962340
7 70 0.082236
7 71 0.009291
7 72 0.001953
7 73 0.009291
7 74 0.001953
7 75 0.999961
7 76 0.000027
7 77 0.001953
7 78 0.000002
7 79 0.999932
7 80 0.999987
7 81 0.003622
7 82 0.158409
7 83 0.999897
7 84 0.999998
7 85 0.999988
7 86 0.988626
7 87 0.009291
7 88 0.071949
7 89 0.000002
7 90 0.000006
7 91 0.001953
7 92 0.999993
7 93 0.999996
7 94 0.006316
7 95 0.001953
7 96 0.999995
7 97 0.009291
7 98 0.001953
7 99 0.000372
8 0 0.999976
8 1 0.001953
8 2 0.999945
8 3 0.999998
8 4 0.049728
8 5 0.093360
8 6 0.009291
8 7 0.029925
8 8 0.000000
8 9 0.001953
8 10 0.018288
8 11 0.001953
8 12 0.001953
8 13 0.999999
8 14 0.009291
8 15 0.999749
8 16 0.000027
8 17 0.999754
8 18 0.001953
8 19 0.218633
8 20 0.009291
8 21 0.001953
8 22 0.999413
8 23 0.996876
8 24 0.001953
8 25 0.999938
8 26 0.999463
8 27 0.001953
8 28 0.000046
8 29 0.000123
8 30 0.999983
8 31 0.009291
8 32 0.000372
8 33 0.000027
8 34 0.999996
8 35 0.999315
8 36 0.001953
8 37 0.009291
8 38 0.000556
8 39 0.999091
8 40 0.000002
8 41 0.011782
8 42 0.999997
8 43 0.999961
8 44 0.001953
8 45 0.001953
8 46 0.768374
8 47 0.999998
8 48 0.002681
8 49 0.009291
8 50 0.001953
8 51 0.999979
8 52 0.001953
8 53 0.001953
8 54 0.009291
8 55 0.999996
8 56 0.999995
8 57 0.001953
8 58 0.999925
8 59 0.010429
8 60 0.000372
8 61 0.999024
8 62 0.979374
8 63 0.999890
8 64 0.999999
8 65 0.001953
8 66 0.000372
8 67 0.001953
8 68 0.001953
8 69 0.000002
8 70 0.999990
8 71 0.000002
8 72 0.000372
8 73 0.999999
8 74 0.999998
8 75 0.999998
8 76 0.000372
8 77 0.001953
8 78 0.001953
8 79 0.000002
8 80 0.009291
8 81 0.008170
8 82 0.001953
8 83 0.999998
8 84 0.999780
8 85 0.022408
8 86 0.997151
8 87 0.000046
8 88 0.009291
8 89 0.000001
8 90 0.001953
8 91 0.001953
8 92 0.999999
8 93 0.038865
8 94 0.001953
8 95 0.009291
8 96 0.000372
8 97 0.999890
8 98 0.011782
8 99 0.001953
9 0 0.000372
9 1 0.011782
9 2 0.996298
9 3 0.001953
9 4 0.009291
9 5 0.001953
9 6 0.999999
9 7 0.001953
9 8 0.001953
9 9 0.000000
9 10 0.018287
9 11 0.000027
9 12 0.009291
9 13 0.001953
9 14 0.415919
9 15 0.001953
9 16 0.001953
9 17 0.000556
9 18 0.000002
9 19 0.995441
9 20 0.022411
9 21 0.001953
9 22 0.001953
9 23 0.999963
9 24 0.009291
9 25 0.000556
9 26 0.971149
9 27 0.001953
9 28 0.000027
9 29 0.999996
9 30 0.000001
9 31 0.001953
9 32 0.999999
9 33 0.000372
9 34 0.300631
9 35 0.009291
9 36 0.988924
9 37 0.018287
9 38 0.001953
9 39 0.999999
9 40 0.001953
9 41 0.000027
9 42 0.998735
9 43 0.999953
9 44 0.009291
9 45 0.999997
9 46 0.001953
9 47 0.999998
9 48 0.009291
9 49 0.000372
9 50 0.999996
9 51 0.011782
9 52 0.000046
9 53 0.210224
9 54 0.999996
9 55 0.000027
9 56 0.999754
9 57 0.999996
9 58 0.999949
9 59 0.999999
9 60 0.001953
9 61 0.001953
9 62 0.999996
9 63 0.000027
9 64 0.001953
9 65 0.000046
9 66 0.999995
9 67 0.001953
9 68 0.999989
9 69 0.000027
9 70 0.999979
9 71 0.999996
9 72 0.000027
9 73 0.002681
9 74 0.001953
9 75 0.999999
9 76 0.009291
9 77 0.001953
9 78 0.001953
9 79 0.001953
9 80 0.999999
9 81 0.999994
9 82 0.999998
9 83 0.999964
9 84 0.999988
9 85 0.009291
9 86 0.872320
9 87 0.999996
9 88 0.000372
9 89 0.001953
9 90 0.990400
9 91 0.000372
9 92 0.996965
9 93 0.001953
9 94 0.999999
9 95 0.999999
9 96 0.000372
9 97 0.999993
9 98 0.002681
9 99 0.000006
10 0 0.001953
10 1 0.001953
10 2 0.000372
10 3 0.009291
10 4 0.000556
10 5 0.999251
10 6 0.003622
10 7 0.001953
10 8 0.018288
10 9 0.018287
10 10 0.000000
10 11 0.999994
10 12 0.655713
10 13 0.999620
10 14 0.999991
10 15 0.001953
10 16 0.000027
10 17 0.002681
10 18 0.999997
10 19 0.000027
10 20 0.071949
10 21 0.001953
10 22 0.986608
10 23 0.035762
10 24 0.999999
10 25 0.009291
10 26 0.803068
10 27 0.999972
10 28 0.999972
10 29 0.009291
10 30 0.000027
10 31 0.000002
10 32 0.999999
10 33 0.999088
10 34 0.003622
10 35 0.000002
10 36 0.001953
10 37 0.001953
10 38 0.999999
10 39 0.009291
10 40 0.009291
10 41 0.999995
10 42 0.001953
10 43 0.999988
10 44 0.009291
10 45 0.999998
10 46 0.014763
10 47 0.001953
10 48 0.001953
10 49 0.008162
10 50 0.999998
10 51 0.011782
10 52 0.999985
10 53 0.999979
10 54 0.999999
10 55 0.001953
10 56 0.999991
10 57 0.009291
10 58 0.999973
10 59 0.002681
10 60 0.991578
10 61 0.001953
10 62 0.001953
10 63 0.999894
10 64 0.001953
10 65 0.999981
10 66 0.000002
10 67 0.001953
10 68 0.855007
10 69 0.991127
10 70 0.999985
10 71 0.001953
10 72 0.029925
10 73 0.001953
10 74 0.999988
10 75 0.999349
10 76 0.999853
10 77 0.002681
10 78 0.999987
10 79 0.001953
10 80 0.003622
10 81 0.999983
10 82 0.000372
10 83 0.880896
10 84 0.999999
10 85 0.000027
10 86 0.999941
10 87 0.001953
10 88 0.011782
10 89 0.001168
10 90 0.999938
10 91 0.000372
10 92 0.999912
10 93 0.999825
10 94 0.004817
10 95 0.000002
10 96 0.999807
10 97 0.000001
10 98 0.999960
10 99 0.009291
11 0 0.000002
11 1 0.001953
11 2 0.000027
11 3 0.000002
11 4 0.999999
11 5 0.001953
11 6 0.001953
11 7 0.999918
11 8 0.001953
11 9 0.000027
11 10 0.999994
11 11 0.000000
11 12 0.000556
11 13 0.000556
11 14 0.000556
11 15 0.997376
11 16 0.999994
11 17 0.001953
11 18 0.029925
11 19 0.000372
11 20 0.999987
11 21 0.000002
11 22 0.009291
11 23 0.001953
11 24 0.999999
11 25 0.000556
11 26 0.001953
11 27 0.000002
11 28 0.999999
11 29 0.153568
11 30 0.014763
11 31 0.042352
11 32 0.001953
11 33 0.999999
11 34 0.999995
11 35 0.001953
11 36 0.999999
11 37 0.001167
11 38 0.995458
11 39 0.000002
11 40 0.999999
11 41 0.002681
11 42 0.999992
11 43 0.014763
11 44 0.029925
11 45 0.001953
11 46 0.009291
11 47 0.011782
11 48 0.029925
11 49 0.999962
11 50 0.009291
11 51 0.999394
11 52 0.999999
11 53 0.009291
11 54 0.000372
11 55 0.000076
11 56 0.844506
11 57 0.999993
11 58 0.998564
11 59 0.002312
11 60 0.000002
11 61 0.029925
11 62 0.000002
11 63 0.035762
11 64 0.001953
11 65 0.999996
11 66 0.945242
11 67 0.009291
11 68 0.999994
11 69 0.014763
11 70 0.000002
11 71 0.038879
11 72 0.997873
11 73 0.999870
11 74 0.999976
11 75 0.999996
11 76 0.998220
11 77 0.999998
11 78 0.001953
11 79 0.998242
11 80 0.999917
11 81 0.999994
11 82 0.999998
11 83 0.003622
11 84 0.001953
11 85 0.999990
11 86 0.999895
11 87 0.001953
11 88 0.999889
11 89 0.999885
11 90 0.001953
11 91 0.009291
11 92 0.001953
11 93 0.001953
11 94 0.002681
11 95 0.999754
11 96 0.001953
11 97 0.000001
11 98 0.001953
11 99 0.001953
12 0 0.001953
12 1 0.001953
12 2 0.002681
12 3 0.011782
12 4 0.920212
12 5 0.000027
12 6 0.002681
12 7 0.999991
12 8 0.001953
12 9 0.009291
12 10 0.655713
12 11 0.000556
12 12 0.000000
12 13 0.000372
12 14 0.003622
12 15 0.009291
12 16 0.000002
12 17 0.003622
12 18 0.001953
12 19 0.009291
12 20 0.001953
12 21 0.626001
12 22 0.014763
12 23 0.999888
12 24 0.029925
12 25 0.999983
12 26 0.013197
12 27 0.000002
12 28 0.000027
12 29 0.009291
12 30 0.472227
12 31 0.999999
12 32 0.999981
12 33 0.999899
12 34 0.000027
12 35 0.999998
12 36 0.999802
12 37 0.001953
12 38 0.000076
12 39 0.999886
12 40 0.003622
12 41 0.999139
12 42 0.320012
12 43 0.999889
12 44 0.000027
12 45 0.999935
12 46 0.999217
12 47 0.000123
12 48 0.000372
12 49 0.049728
12 50 0.009291
12 51 0.994608
12 52 0.999998
12 53 0.001953
12 54 0.000027
12 55 0.001953
12 56 0.001953
12 57 0.999973
12 58 0.003621
12 59 0.000027
12 60 0.000046
12 61 0.999941
12 62 0.001953
12 63 0.992109
12 64 0.999999
12 65 0.999998
12 66 0.998067
12 67 0.000556
12 68 0.999750
12 69 0.999989
12 70 0.998592
12 71 0.329464
12 72 0.003398
12 73 0.011782
12 74 0.001953
12 75 0.001168
12 76 0.001953
12 77 0.002681
12 78 0.569663
12 79 0.000002
12 80 0.003110
12 81 0.941096
12 82 0.009291
12 83 0.999939
12 84 0.000002
12 85 0.999934
12 86 0.009291
12 87 0.999895
12 88 0.999927
12 89 0.001953
12 90 0.001953
12 91 0.999999
12 92 0.001953
12 93 0.999638
12 94 0.009291
12 95 0.001953
12 96 0.000194
12 97 0.999998
12 98 0.999999
12 99 0.999200
13 0 0.999405
13 1 0.998795
13 2 0.999983
13 3 0.009291
13 4 0.001953
13 5 0.009291
13 6 0.001953
13 7 0.976483
13 8 0.999999
13 9 0.001953
13 10 0.999620
13 11 0.000556
13 12 0.000372
13 13 0.000000
13 14 0.009291
13 15 0.071949
13 16 0.997772
13 17 0.001953
13 18 0.000046
13 19 0.000046
13 20 0.996876
13 21 0.999995
13 22 0.001953
13 23 0.526408
13 24 0.610510
13 25 0.001953
13 26 0.001953
13 27 0.000027
13 28 0.001953
13 29 0.001953
13 30 0.001953
13 31 0.004818
13 32 0.000038
13 33 0.009291
13 34 0.027016
13 35 0.999999
13 36 0.009291
13 37 0.042355
13 38 0.014763
13 39 0.985284
13 40 0.011782
13 41 0.999996
13 42 0.996198
13 43 0.032634
13 44 0.038707
13 45 0.999997
13 46 0.000002
13 47 0.001953
13 48 0.939392
13 49 0.300677
13 50 0.999999
13 51 0.999990
13 52 0.009291
13 53 0.009291
13 54 0.000814
13 55 0.988345
13 56 0.009291
13 57 0.999996
13 58 0.011782
13 59 0.997492
13 60 0.999922
13 61 0.009291
13 62 0.001953
13 63 0.001953
13 64 0.937769
13 65 0.001953
13 66 0.001953
13 67 0.999990
13 68 0.999937
13 69 0.999991
13 70 0.999982
13 71 0.066936
13 72 0.009291
13 73 0.999972
13 74 0.001953
13 75 0.001953
13 76 0.009291
13 77 0.001953
13 78 0.071949
13 79 0.999889
13 80 0.000372
13 81 0.999999
13 82 0.000001
13 83 0.999894
13 84 0.035762
13 85 0.022406
13 86 0.434866
13 87 0.011782
13 88 0.999984
13 89 0.999886
13 90 0.999968
13 91 0.950509
13 92 0.998730
13 93 0.991625
13 94 0.300646
13 95 0.003622
13 96 0.592400
13 97 0.001953
13 98 0.999963
13 99 0.999813
14 0 0.000003
14 1 0.999991
14 2 0.001953
14 3 0.022404
14 4 0.001168
14 5 0.027181
14 6 0.000027
14 7 0.999986
14 8 0.009291
14 9 0.415919
14 10 0.999991
14 11 0.000556
14 12 0.003622
14 13 0.009291
14 14 0.000000
14 15 0.999982
14 16 0.009291
14 17 0.977672
14 18 0.000001
14 19 0.001953
14 20 0.999998
14 21 0.000002
14 22 0.999943
14 23 0.998403
14 24 0.001953
14 25 0.999996
14 26 0.926143
14 27 0.000027
14 28 0.001953
14 29 0.035762
14 30 0.999995
14 31 0.999999
14 32 0.999998
14 33 0.001953
14 34 0.999988
14 35 0.984937
14 36 0.995781
14 37 0.000046
14 38 0.999999
14 39 0.970380
14 40 0.000027
14 41 0.999997
14 42 0.027092
14 43 0.001953
14 44 0.002681
14 45 0.904706
14 46 0.009291
14 47 0.001953
14 48 0.001953
14 49 0.029925
14 50 0.027174
14 51 0.934552
14 52 0.000027
14 53 0.999996
14 54 0.000194
14 55 0.001953
14 56 0.999982
14 57 0.999999
14 58 0.002280
14 59 0.001953
14 60 0.999993
14 61 0.001953
14 62 0.073078
14 63 0.001953
14 64 0.000027
14 65 0.000046
14 66 0.001953
14 67 0.000002
14 68 0.009291
14 69 0.998315
14 70 0.999999
14 71 0.999868
14 72 0.999972
14 73 0.865464
14 74 0.999999
14 75 0.999372
14 76 0.001953
14 77 0.998388
14 78 0.999999
14 79 0.001953
14 80 0.001953
14 81 0.001953
14 82 0.001953
14 83 0.000372
14 84 0.042352
14 85 0.974589
14 86 0.002681
14 87 0.000027
14 88 0.000002
14 89 0.001953
14 90 0.000046
14 91 0.999953
14 92 0.386884
14 93 0.000002
14 94 0.082238
14 95 0.035762
14 96 0.999999
14 97 0.000002
14 98 0.014763
14 99 0.999609
15 0 0.999955
15 1 0.999947
15 2 0.999993
15 3 0.999952
15 4 0.227550
15 5 0.000046
15 6 0.999891
15 7 0.011782
15 8 0.999749
15 9 0.001953
15 10 0.001953
15 11 0.997376
15 12 0.009291
15 13 0.071949
15 14 0.999982
15 15 0.000000
15 16 0.001953
15 17 0.001953
15 18 0.999979
15 19 0.999965
15 20 0.999963
15 21 0.029925
15 22 0.999979
15 23 0.001953
15 24 0.999988
15 25 0.001953
15 26 0.002681
15 27 0.999975
15 28 0.999991
15 29 0.009291
15 30 0.000001
15 31 0.001953
15 32 0.997126
15 33 0.001953
15 34 0.000372
15 35 0.001953
15 36 0.006320
15 37 0.001953
15 38 0.042353
15 39 0.138922
15 40 0.281923
15 41 0.009291
15 42 0.029925
15 43 0.227551
15 44 0.386897
15 45 0.999996
15 46 0.586160
15 47 0.999961
15 48 0.131328
15 49 0.999165
15 50 0.999997
15 51 0.999542
15 52 0.000671
15 53 0.000027
15 54 0.009291
15 55 0.999996
15 56 0.018288
15 57 0.999999
15 58 0.999849
15 59 0.999997
15 60 0.001953
15 61 0.999930
15 62 0.999996
15 63 0.000002
15 64 0.999992
15 65 0.001953
15 66 0.032542
15 67 0.000372
15 68 0.022404
15 69 0.001953
15 70 0.998681
15 71 0.002681
15 72 0.001953
15 73 0.000556
15 74 0.001953
15 75 0.001953
15 76 0.001953
15 77 0.001953
15 78 0.001953
15 79 0.995772
15 80 0.999996
15 81 0.999993
15 82 0.009291
15 83 0.999707
15 84 0.001953
15 85 0.999996
15 86 0.003622
15 87 0.999999
15 88 0.999999
15 89 0.001168
15 90 0.001953
15 91 0.253965
15 92 0.029925
15 93 0.898489
15 94 0.949355
15 95 0.981837
15 96 0.009291
15 97 0.001953
15 98 0.001953
15 99 0.999996
16 0 0.001953
16 1 0.000046
16 2 0.999997
16 3 0.999989
16 4 0.042353
16 5 0.883941
16 6 0.009291
16 7 0.999999
16 8 0.000027
16 9 0.001953
16 10 0.000027
16 11 0.999994
16 12 0.000002
16 13 0.997772
16 14 0.009291
16 15 0.001953
16 16 0.000000
16 17 0.999984
16 18 0.999918
16 19 0.999995
16 20 0.001953
16 21 0.001953
16 22 0.001953
16 23 0.001953
16 24 0.004818
16 25 0.001953
16 26 0.011782
16 27 0.018287
16 28 0.927662
16 29 0.000814
16 30 0.000046
16 31 0.904548
16 32 0.000372
16 33 0.001953
16 34 0.999992
16 35 0.999088
16 36 0.958546
16 37 0.029925
16 38 0.000372
16 39 0.027092
16 40 0.011782
16 41 0.000372
16 42 0.057922
16 43 0.009291
16 44 0.000372
16 45 0.001953
16 46 0.999999
16 47 0.000027
16 48 0.000300
16 49 0.014763
16 50 0.000372
16 51 0.992109
16 52 0.001953
16 53 0.999998
16 54 0.998404
16 55 0.001953
16 56 0.999870
16 57 0.999287
16 58 0.999999
16 59 0.049730
16 60 0.999998
16 61 0.999186
16 62 0.000027
16 63 0.009291
16 64 0.999999
16 65 0.000027
16 66 0.000001
16 67 0.999999
16 68 0.000372
16 69 0.001953
16 70 0.001953
16 71 0.999889
16 72 0.000046
16 73 0.998928
16 74 0.009291
16 75 0.000027
16 76 0.999797
16 77 0.001646
16 78 0.999998
16 79 0.001953
16 80 0.000027
16 81 0.000027
16 82 0.009291
16 83 0.000001
16 84 0.999953
16 85 0.999986
16 86 0.001953
16 87 0.999990
16 88 0.001953
16 89 0.004817
16 90 0.035762
16 91 0.995026
16 92 0.001953
16 93 0.001953
16 94 0.999986
16 95 0.009291
16 96 0.009291
16 97 0.999988
16 98 0.999988
16 99 0.999995
17 0 0.001953
17 1 0.009291
17 2 0.999990
17 3 0.263460
17 4 0.386348
17 5 0.018287
17 6 0.999790
17 7 0.999999
17 8 0.999754
17 9 0.000556
17 10 0.002681
17 11 0.001953
17 12 0.003622
17 13 0.001953
17 14 0.977672
17 15 0.001953
17 16 0.999984
17 17 0.000000
17 18 0.000372
17 19 0.999998
17 20 0.000372
17 21 0.999963
17 22 0.001953
17 23 0.999999
17 24 0.577453
17 25 0.011782
17 26 0.000813
17 27 0.000295
17 28 0.999776
17 29 0.001953
17 30 0.118084
17 31 0.000006
17 32 0.001953
17 33 0.009291
17 34 0.035762
17 35 0.999991
17 36 0.009291
17 37 0.001953
17 38 0.999747
17 39 0.999995
17 40 0.999998
17 41 0.002681
17 42 0.035762
17 43 0.001703
17 44 0.999937
17 45 0.000027
17 46 0.001953
17 47 0.999977
17 48 0.000001
17 49 0.000002
17 50 0.999987
17 51 0.945221
17 52 0.001953
17 53 0.999961
17 54 0.999897
17 55 0.000046
17 56 0.934328
17 57 0.006318
17 58 0.009291
17 59 0.990517
17 60 0.999999
17 61 0.009291
17 62 0.999999
17 63 0.999996
17 64 0.001953
17 65 0.001953
17 66 0.009291
17 67 0.000046
17 68 0.999924
17 69 0.009291
17 70 0.002681
17 71 0.011782
17 72 0.009291
17 73 0.001953
17 74 0.993751
17 75 0.002681
17 76 0.999996
17 77 0.000002
17 78 0.999999
17 79 0.001953
17 80 0.000556
17 81 0.000556
17 82 0.000372
17 83 0.000027
17 84 0.001953
17 85 0.000002
17 86 0.999994
17 87 0.009291
17 88 0.001614
17 89 0.950507
17 90 0.999997
17 91 0.000001
17 92 0.000002
17 93 0.999985
17 94 0.999999
17 95 0.005501
17 96 0.999374
17 97 0.999880
17 98 0.998766
17 99 0.999998
18 0 0.002681
18 1 0.000372
18 2 0.000556
18 3 0.066918
18 4 0.009291
18 5 0.000027
18 6 0.000002
18 7 0.999987
18 8 0.001953
18 9 0.000002
18 10 0.999997
18 11 0.029925
18 12 0.001953
18 13 0.000046
18 14 0.000001
18 15 0.999979
18 16 0.999918
18 17 0.000372
18 18 0.000000
18 19 0.001953
18 20 0.009291
18 21 0.004818
18 22 0.867140
18 23 0.999120
18 24 0.000372
18 25 0.011782
18 26 0.105305
18 27 0.000372
18 28 0.001953
18 29 0.999955
18 30 0.029925
18 31 0.999992
18 32 0.001953
18 33 0.999965
18 34 0.001953
18 35 0.357779
18 36 0.902206
18 37 0.009291
18 38 0.999927
18 39 0.011782
18 40 0.001953
18 41 0.998003
18 42 0.999996
18 43 0.010436
18 44 0.999434
18 45 0.999999
18 46 0.000193
18 47 0.999999
18 48 0.999996
18 49 0.999821
18 50 0.002681
18 51 0.001953
18 52 0.803068
18 53 0.999998
18 54 0.066933
18 55 0.999243
18 56 0.000027
18 57 0.300563
18 58 0.002681
18 59 0.002681
18 60 0.002681
18 61 0.999189
18 62 0.998301
18 63 0.001953
18 64 0.009291
18 65 0.472229
18 66 0.000449
18 67 0.000027
18 68 0.001953
18 69 0.999566
18 70 0.999979
18 71 0.001953
18 72 0.022414
18 73 0.000372
18 74 0.001953
18 75 0.001953
18 76 0.975273
18 77 0.001953
18 78 0.000027
18 79 0.009291
18 80 0.001953
18 81 0.009291
18 82 0.999988
18 83 0.000027
18 84 0.009291
18 85 0.001953
18 86 0.999998
18 87 0.617443
18 88 0.001953
18 89 0.001953
18 90 0.979374
18 91 0.000372
18 92 0.001953
18 93 0.788385
18 94 0.999459
18 95 0.153568
18 96 0.001953
18 97 0.001953
18 98 0.029925
18 99 0.001953
19 0 0.999998
19 1 0.999997
19 2 0.001169
19 3 0.000001
19 4 0.071949
19 5 0.999998
19 6 0.999999
19 7 0.001646
19 8 0.218633
19 9 0.995441
19 10 0.000027
19 11 0.000372
19 12 0.009291
19 13 0.000046
19 14 0.001953
19 15 0.999965
19 16 0.999995
19 17 0.999998
19 18 0.001953
19 19 0.000000
19 20 0.011782
19 21 0.011782
19 22 0.022404
19 23 0.000372
19 24 0.002681
19 25 0.000002
19 26 0.001953
19 27 0.000300
19 28 0.001953
19 29 0.994669
19 30 0.999996
19 31 0.014763
19 32 0.000027
19 33 0.001953
19 34 0.001953
19 35 0.999988
19 36 0.999755
19 37 0.001953
19 38 0.009291
19 39 0.000372
19 40 0.001953
19 41 0.964304
19 42 0.001953
19 43 0.982202
19 44 0.999999
19 45 0.000001
19 46 0.018287
19 47 0.999987
19 48 0.000001
19 49 0.001953
19 50 0.009291
19 51 0.999960
19 52 0.000027
19 53 0.000194
19 54 0.001953
19 55 0.001953
19 56 0.000027
19 57 0.001953
19 58 0.000769
19 59 0.001953
19 60 0.000372
19 61 0.000372
19 62 0.001953
19 63 0.029925
19 64 0.999997
19 65 0.000372
19 66 0.999996
19 67 0.000814
19 68 0.001953
19 69 0.001953
19 70 0.990755
19 71 0.000027
19 72 0.561039
19 73 0.419844
19 74 0.076782
19 75 0.000814
19 76 0.999938
19 77 0.003622
19 78 0.002681
19 79 0.009291
19 80 0.999991
19 81 0.009291
19 82 0.001953
19 83 0.999991
19 84 0.999954
19 85 0.009291
19 86 0.615537
19 87 0.999999
19 88 0.000027
19 89 0.001953
19 90 0.001953
19 91 0.999999
19 92 0.001953
19 93 0.000372
19 94 0.035762
19 95 0.998392
19 96 0.999998
19 97 0.000814
19 98 0.999996
19 99 0.000556
20 0 0.000027
20 1 0.032668
20 2 0.999996
20 3 0.999998
20 4 0.001953
20 5 0.001953
20 6 0.964203
20 7 0.011782
20 8 0.009291
20 9 0.022411
20 10 0.071949
20 11 0.999987
20 12 0.001953
20 13 0.996876
20 14 0.999998
20 15 0.999963
20 16 0.001953
20 17 0.000372
20 18 0.009291
20 19 0.011782
20 20 0.000000
20 21 0.001953
20 22 0.000001
20 23 0.999970
20 24 0.832922
20 25 0.001953
20 26 0.001953
20 27 0.000001
20 28 0.999889
20 29 0.946647
20 30 0.001953
20 31 0.011782
20 32 0.000001
20 33 0.001953
20 34 0.181619
20 35 0.000002
20 36 0.000002
20 37 0.009291
20 38 0.001953
20 39 0.000027
20 40 0.001953
20 41 0.010429
20 42 0.001953
20 43 0.999874
20 44 0.980961
20 45 0.001953
20 46 0.042353
20 47 0.999997
20 48 0.999984
20 49 0.000123
20 50 0.999997
20 51 0.000027
20 52 0.001953
20 53 0.999999
20 54 0.001953
20 55 0.001953
20 56 0.001953
20 57 0.999566
20 58 0.000027
20 59 0.000556
20 60 0.999983
20 61 0.942823
20 62 0.999931
20 63 0.992510
20 64 0.999996
20 65 0.000002
20 66 0.911627
20 67 0.999999
20 68 0.009291
20 69 0.997687
20 70 0.009291
20 71 0.018287
20 72 0.999992
20 73 0.029925
20 74 0.858752
20 75 0.000556
20 76 0.009291
20 77 0.999999
20 78 0.778409
20 79 0.001953
20 80 0.977134
20 81 0.999962
20 82 0.001953
20 83 0.018287
20 84 0.999999
20 85 0.999988
20 86 0.999965
20 87 0.098358
20 88 0.937775
20 89 0.001953
20 90 0.999965
20 91 0.997768
20 92 0.001953
20 93 0.999906
20 94 0.999999
20 95 0.001953
20 96 0.999999
20 97 0.009291
20 98 0.001953
20 99 0.002681
21 0 0.001953
21 1 0.000027
21 2 0.999999
21 3 0.014763
21 4 0.001953
21 5 0.009291
21 6 0.013202
21 7 0.999985
21 8 0.001953
21 9 0.001953
21 10 0.001953
21 11 0.000002
21 12 0.626001
21 13 0.999995
21 14 0.000002
21 15 0.029925
21 16 0.001953
21 17 0.999963
21 18 0.004818
21 19 0.011782
21 20 0.001953
21 21 0.000000
21 22 0.001953
21 23 0.999883
21 24 0.000556
21 25 0.001953
21 26 0.001953
21 27 0.001953
21 28 0.999991
21 29 0.001953
21 30 0.001953
21 31 0.001953
21 32 0.000556
21 33 0.001953
21 34 0.999846
21 35 0.001953
21 36 0.001953
21 37 0.057918
21 38 0.999998
21 39 0.999999
21 40 0.999922
21 41 0.001953
21 42 0.000027
21 43 0.001953
21 44 0.999939
21 45 0.999963
21 46 0.001953
21 47 0.991702
21 48 0.999996
21 49 0.999997
21 50 0.999117
21 51 0.066895
21 52 0.000372
21 53 0.035762
21 54 0.009291
21 55 0.999965
21 56 0.000372
21 57 0.001953
21 58 0.001953
21 59 0.999466
21 60 0.001953
21 61 0.009291
21 62 0.001953
21 63 0.002681
21 64 0.002681
21 65 0.001953
21 66 0.999989
21 67 0.004819
21 68 0.000001
21 69 0.000372
21 70 0.003622
21 71 0.001953
21 72 0.999998
21 73 0.011782
21 74 0.029925
21 75 0.999989
21 76 0.999997
21 77 0.999997
21 78 0.999907
21 79 0.999610
21 80 0.999918
21 81 0.000046
21 82 0.000027
21 83 0.001953
21 84 0.000372
21 85 0.001953
21 86 0.999998
21 87 0.999999
21 88 0.001953
21 89 0.000027
21 90 0.998242
21 91 0.001953
21 92 0.999924
21 93 0.999990
21 94 0.001953
21 95 0.001953
21 96 0.000002
21 97 0.002681
21 98 0.998011
21 99 0.000027
22 0 0.001953
22 1 0.999995
22 2 0.000372
22 3 0.001953
22 4 0.000814
22 5 0.000027
22 6 0.000372
22 7 0.000001
22 8 0.999413
22 9 0.001953
22 10 0.986608
22 11 0.009291
22 12 0.014763
22 13 0.001953
22 14 0.999943
22 15 0.999979
22 16 0.001953
22 17 0.001953
22 18 0.867140
22 19 0.022404
22 20 0.000001
22 21 0.001953
22 22 0.000000
22 23 0.999973
22 24 0.001953
22 25 0.009291
22 26 0.999944
22 27 0.999996
22 28 0.029925
22 29 0.979399
22 30 0.999937
22 31 0.999991
22 32 0.999849
22 33 0.999374
22 34 0.002681
22 35 0.001953
22 36 0.004818
22 37 0.001953
22 38 0.001953
22 39 0.999999
22 40 0.000002
22 41 0.987726
22 42 0.001953
22 43 0.001953
22 44 0.001953
22 45 0.992984
22 46 0.004818
22 47 0.001953
22 48 0.999055
22 49 0.976091
22 50 0.001953
22 51 0.000002
22 52 0.999978
22 53 0.999934
22 54 0.999998
22 55 0.001953
22 56 0.998762
22 57 0.006318
22 58 0.001953
22 59 0.999999
22 60 0.001953
22 61 0.999994
22 62 0.999999
22 63 0.009291
22 64 0.029925
22 65 0.999932
22 66 0.999996
22 67 0.999996
22 68 0.000372
22 69 0.035518
22 70 0.000002
22 71 0.000002
22 72 0.001953
22 73 0.002681
22 74 0.999753
22 75 0.999985
22 76 0.000194
22 77 0.001168
22 78 0.988924
22 79 0.000123
22 80 0.937769
22 81 0.009291
22 82 0.011782
22 83 0.009291
22 84 0.001953
22 85 0.962564
22 86 0.000076
22 87 0.009291
22 88 0.999997
22 89 0.011782
22 90 0.001953
22 91 0.999953
22 92 0.999990
22 93 0.999861
22 94 0.999923
22 95 0.003622
22 96 0.993340
22 97 0.999923
22 98 0.003619
22 99 0.000027
23 0 0.001953
23 1 0.999999
23 2 0.999983
23 3 0.000025
23 4 0.009291
23 5 0.999749
23 6 0.999999
23 7 0.999228
23 8 0.996876
23 9 0.999963
23 10 0.035762
23 11 0.001953
23 12 0.999888
23 13 0.526408
23 14 0.998403
23 15 0.001953
23 16 0.001953
23 17 0.999999
23 18 0.999120
23 19 0.000372
23 20 0.999970
23 21 0.999883
23 22 0.999973
23 23 0.000000
23 24 0.999999
23 25 0.001953
23 26 0.004830
23 27 0.000002
23 28 0.999995
23 29 0.000046
23 30 0.001953
23 31 0.029925
23 32 0.996884
23 33 0.001953
23 34 0.001953
23 35 0.999993
23 36 0.995094
23 37 0.999999
23 38 0.998035
23 39 0.000027
23 40 0.001953
23 41 0.999287
23 42 0.999995
23 43 0.001953
23 44 0.001953
23 45 0.000372
23 46 0.000372
23 47 0.000556
23 48 0.999585
23 49 0.000001
23 50 0.002077
23 51 0.029925
23 52 0.001953
23 53 0.001953
23 54 0.000556
23 55 0.999997
23 56 0.071949
23 57 0.000556
23 58 0.000002
23 59 0.000076
23 60 0.002681
23 61 0.009291
23 62 0.001953
23 63 0.009291
23 64 0.001953
23 65 0.009291
23 66 0.009291
23 67 0.001953
23 68 0.999999
23 69 0.001953
23 70 0.000001
23 71 0.999666
23 72 0.999999
23 73 0.009291
23 74 0.999686
23 75 0.999998
23 76 0.001953
23 77 0.979546
23 78 0.071949
23 79 0.998022
23 80 0.001953
23 81 0.997877
23 82 0.009291
23 83 0.000027
23 84 0.999505
23 85 0.001953
23 86 0.000027
23 87 0.999520
23 88 0.002681
23 89 0.951800
23 90 0.940844
23 91 0.999813
23 92 0.999998
23 93 0.011782
23 94 0.009291
23 95 0.001953
23 96 0.999995
23 97 0.999998
23 98 0.001953
23 99 0.999970
24 0 0.000003
24 1 0.952968
24 2 0.999991
24 3 0.999955
24 4 0.000556
24 5 0.001953
24 6 0.999984
24 7 0.999993
24 8 0.001953
24 9 0.009291
24 10 0.999999
24 11 0.999999
24 12 0.029925
24 13 0.610510
24 14 0.001953
24 15 0.999988
24 16 0.004818
24 17 0.577453
24 18 0.000372
24 19 0.002681
24 20 0.832922
24 21 0.000556
24 22 0.001953
24 23 0.999999
24 24 0.000000
24 25 0.999971
24 26 0.999994
24 27 0.001953
24 28 0.002681
24 29 0.001953
24 30 0.001953
24 31 0.001953
24 32 0.000002
24 33 0.001953
24 34 0.004818
24 35 0.000011
24 36 0.999999
24 37 0.153568
24 38 0.029925
24 39 0.991627
24 40 0.009291
24 41 0.992109
24 42 0.011782
24 43 0.938603
24 44 0.000002
24 45 0.000027
24 46 0.999999
24 47 0.001953
24 48 0.991046
24 49 0.011782
24 50 0.000372
24 51 0.952174
24 52 0.999997
24 53 0.999996
24 54 0.999963
24 55 0.582012
24 56 0.999980
24 57 0.001953
24 58 0.001953
24 59 0.002681
24 60 0.001953
24 61 0.009291
24 62 0.085747
24 63 0.999776
24 64 0.453650
24 65 0.999988
24 66 0.006317
24 67 0.999993
24 68 0.999972
24 69 0.000372
24 70 0.999998
24 71 0.000027
24 72 0.000002
24 73 0.001953
24 74 0.009291
24 75 0.001953
24 76 0.001953
24 77 0.001953
24 78 0.000002
24 79 0.009291
24 80 0.999997
24 81 0.000002
24 82 0.035762
24 83 0.000046
24 84 0.009291
24 85 0.000372
24 86 0.011782
24 87 0.009291
24 88 0.920020
24 89 0.000002
24 90 0.009291
24 91 0.000556
24 92 0.000027
24 93 0.999957
24 94 0.986725
24 95 0.009291
24 96 0.001953
24 97 0.001953
24 98 0.999952
24 99 0.001953
25 0 0.998887
25 1 0.999996
25 2 0.001953
25 3 0.999739
25 4 0.999999
25 5 0.245316
25 6 0.009291
25 7 0.001953
25 8 0.999938
25 9 0.000556
25 10 0.009291
25 11 0.000556
25 12 0.999983
25 13 0.001953
25 14 0.999996
25 15 0.001953
25 16 0.001953
25 17 0.011782
25 18 0.011782
25 19 0.000002
25 20 0.001953
25 21 0.001953
25 22 0.009291
25 23 0.001953
25 24 0.999971
25 25 0.000000
25 26 0.999998
25 27 0.009291
25 28 0.009291
25 29 0.999999
25 30 0.985587
25 31 0.001953
25 32 0.001953
25 33 0.001953
25 34 0.001953
25 35 0.011782
25 36 0.071949
25 37 0.999875
25 38 0.999983
25 39 0.001953
25 40 0.009291
25 41 0.000027
25 42 0.999997
25 43 0.003622
25 44 0.999999
25 45 0.000046
25 46 0.009291
25 47 0.962641
25 48 0.002681
25 49 0.999780
25 50 0.017914
25 51 0.001953
25 52 0.999995
25 53 0.009291
25 54 0.999996
25 55 0.000002
25 56 0.999985
25 57 0.009291
25 58 0.999970
25 59 0.001168
25 60 0.000002
25 61 0.009291
25 62 0.001953
25 63 0.999735
25 64 0.999788
25 65 0.002681
25 66 0.001953
25 67 0.001953
25 68 0.000027
25 69 0.001953
25 70 0.000001
25 71 0.997700
25 72 0.002681
25 73 0.999963
25 74 0.001953
25 75 0.001953
25 76 0.001953
25 77 0.001953
25 78 0.014763
25 79 0.000027
25 80 0.999773
25 81 0.018287
25 82 0.999459
25 83 0.002681
25 84 0.001953
25 85 0.999966
25 86 0.057915
25 87 0.000046
25 88 0.000002
25 89 0.999999
25 90 0.999997
25 91 0.683778
25 92 0.999998
25 93 0.999995
25 94 0.999997
25 95 0.997796
25 96 0.999992
25 97 0.335599
25 98 0.997162
25 99 0.000814
26 0 0.000194
26 1 0.001953
26 2 0.000002
26 3 0.001953
26 4 0.002681
26 5 0.999998
26 6 0.105315
26 7 0.993759
26 8 0.999463
26 9 0.971149
26 10 0.803068
26 11 0.001953
26 12 0.013197
26 13 0.001953
26 14 0.926143
26 15 0.002681
26 16 0.011782
26 17 0.000813
26 18 0.105305
26 19 0.001953
26 20 0.001953
26 21 0.001953
26 22 0.999944
26 23 0.004830
26 24 0.999994
26 25 0.999998
26 26 0.000000
26 27 0.009291
26 28 0.001953
26 29 0.002240
26 30 0.999988
26 31 0.999999
26 32 0.001953
26 33 0.029925
26 34 0.994024
26 35 0.001953
26 36 0.001953
26 37 0.999989
26 38 0.999995
26 39 0.000814
26 40 0.001953
26 41 0.009291
26 42 0.001953
26 43 0.001953
26 44 0.138922
26 45 0.000814
26 46 0.042353
26 47 0.999991
26 48 0.001953
26 49 0.001953
26 50 0.386893
26 51 0.999674
26 52 0.999999
26 53 0.001953
26 54 0.999960
26 55 0.009291
26 56 0.001953
26 57 0.999908
26 58 0.999999
26 59 0.001953
26 60 0.000046
26 61 0.001953
26 62 0.292758
26 63 0.999996
26 64 0.001953
26 65 0.999932
26 66 0.009291
26 67 0.490572
26 68 0.990026
26 69 0.002681
26 70 0.999998
26 71 0.999648
26 72 0.009291
26 73 0.001953
26 74 0.002681
26 75 0.001068
26 76 0.999859
26 77 0.001953
26 78 0.003622
26 79 0.999991
26 80 0.941096
26 81 0.999997
26 82 0.013158
26 83 0.999997
26 84 0.999771
26 85 0.999998
26 86 0.145505
26 87 0.000027
26 88 0.138922
26 89 0.009291
26 90 0.999952
26 91 0.999987
26 92 0.999998
26 93 0.471570
26 94 0.018287
26 95 0.300646
26 96 0.999984
26 97 0.001953
26 98 0.034727
26 99 0.029925
27 0 0.999996
27 1 0.000556
27 2 0.990022
27 3 0.999973
27 4 0.999817
27 5 0.922942
27 6 0.001953
27 7 0.009291
27 8 0.001953
27 9 0.001953
27 10 0.999972
27 11 0.000002
27 12 0.000002
27 13 0.000027
27 14 0.000027
27 15 0.999975
27 16 0.018287
27 17 0.000295
27 18 0.000372
27 19 0.000300
27 20 0.000001
27 21 0.001953
27 22 0.999996
27 23 0.000002
27 24 0.001953
27 25 0.009291
27 26 0.009291
27 27 0.000000
27 28 0.000372
27 29 0.999373
27 30 0.009291
27 31 0.000001
27 32 0.999971
27 33 0.001953
27 34 0.999995
27 35 0.001168
27 36 0.000027
27 37 0.001953
27 38 0.000001
27 39 0.001953
27 40 0.999947
27 41 0.001953
27 42 0.000046
27 43 0.973260
27 44 0.009291
27 45 0.000001
27 46 0.000001
27 47 0.001953
27 48 0.999995
27 49 0.999961
27 50 0.001953
27 51 0.000002
