0 0 0.000000
0 1 0.001953
0 2 0.000002
0 3 0.000001
0 4 0.001953
0 5 0.001953
0 6 0.009291
0 7 0.000027
0 8 0.999996
0 9 0.000372
0 10 0.001953
0 11 0.000002
0 12 0.999997
0 13 0.957849
0 14 0.000003
0 15 0.000001
0 16 0.000002
0 17 0.001953
0 18 0.002681
0 19 0.003826
0 20 0.000027
0 21 0.000001
0 22 0.001953
0 23 0.011782
0 24 0.000003
0 25 0.999940
0 26 0.000194
0 27 0.468959
0 28 0.009291
0 29 0.000022
0 30 0.000372
0 31 0.000002
0 32 0.998214
0 33 0.000027
0 34 0.000002
0 35 0.999991
0 36 0.999928
0 37 0.009291
0 38 0.001953
0 39 0.000390
0 40 0.998760
0 41 0.000001
0 42 0.000027
0 43 0.999979
0 44 0.000194
0 45 0.999996
0 46 0.000002
0 47 0.001953
0 48 0.000001
0 49 0.000046
0 50 0.000001
0 51 0.999979
0 52 0.000123
0 53 0.000123
0 54 0.900053
0 55 0.001953
0 56 0.001953
0 57 0.999991
0 58 0.000002
0 59 0.000027
0 60 0.000027
0 61 0.999986
0 62 0.000002
0 63 0.000046
0 64 0.011484
0 65 0.999995
0 66 0.000003
0 67 0.000076
0 68 0.000556
0 69 0.000003
0 70 0.001953
0 71 0.001953
0 72 0.001953
0 73 0.029925
0 74 0.000494
0 75 0.008018
0 76 0.000194
0 77 0.002706
0 78 0.000001
0 79 0.001953
0 80 0.001953
0 81 0.000001
0 82 0.001953
0 83 0.999996
0 84 0.999996
0 85 0.000001
0 86 0.999988
0 87 0.000002
0 88 0.000001
0 89 0.999998
0 90 0.999251
0 91 0.000027
0 92 0.001953
0 93 0.415919
0 94 0.000001
0 95 0.999963
0 96 0.999968
0 97 0.004819
0 98 0.000142
0 99 0.999813
1 0 0.001953
1 1 0.000000
1 2 0.001168
1 3 0.003721
1 4 0.001953
1 5 0.000372
1 6 0.000556
1 7 0.999997
1 8 0.001953
1 9 0.000002
1 10 0.001953
1 11 0.000027
1 12 0.000001
1 13 0.978051
1 14 0.999335
1 15 0.014107
1 16 0.000046
1 17 0.000002
1 18 0.000372
1 19 0.999972
1 20 0.000035
1 21 0.000027
1 22 0.016201
1 23 0.997583
1 24 0.999988
1 25 0.999995
1 26 0.001953
1 27 0.000556
1 28 0.000249
1 29 0.000002
1 30 0.002681
1 31 0.001645
1 32 0.009291
1 33 0.000027
1 34 0.000001
1 35 0.008169
1 36 0.999920
1 37 0.000372
1 38 0.001953
1 39 0.999978
1 40 0.000002
1 41 0.000001
1 42 0.000002
1 43 0.002681
1 44 0.000002
1 45 0.999900
1 46 0.000001
1 47 0.999963
1 48 0.001953
1 49 0.999996
1 50 0.002681
1 51 0.999995
1 52 0.000372
1 53 0.517913
1 54 0.001953
1 55 0.999963
1 56 0.001953
1 57 0.999988
1 58 0.000001
1 59 0.001953
1 60 0.999999
1 61 0.999299
1 62 0.000001
1 63 0.000001
1 64 0.000010
1 65 0.009291
1 66 0.999964
1 67 0.000076
1 68 0.001168
1 69 0.000002
1 70 0.000002
1 71 0.998475
1 72 0.999638
1 73 0.999999
1 74 0.001889
1 75 0.999965
1 76 0.000046
1 77 0.001168
1 78 0.000814
1 79 0.999951
1 80 0.000269
1 81 0.000239
1 82 0.000372
1 83 0.001953
1 84 0.941096
1 85 0.999963
1 86 0.999965
1 87 0.999998
1 88 0.000194
1 89 0.000372
1 90 0.026896
1 91 0.012964
1 92 0.999667
1 93 0.001984
1 94 0.001889
1 95 0.000372
1 96 0.999993
1 97 0.003622
1 98 0.999999
1 99 0.999997
2 0 0.000002
2 1 0.001168
2 2 0.000000
2 3 0.999996
2 4 0.998018
2 5 0.000002
2 6 0.000027
2 7 0.994921
2 8 0.999996
2 9 0.999999
2 10 0.000372
2 11 0.000027
2 12 0.000001
2 13 0.999997
2 14 0.001953
2 15 0.011418
2 16 0.999989
2 17 0.999984
2 18 0.000556
2 19 0.000001
2 20 0.995774
2 21 0.999965
2 22 0.000372
2 23 0.007659
2 24 0.999917
2 25 0.001953
2 26 0.000002
2 27 0.999990
2 28 0.999924
2 29 0.000358
2 30 0.000372
2 31 0.999999
2 32 0.999999
2 33 0.997310
2 34 0.000002
2 35 0.999991
2 36 0.001953
2 37 0.999995
2 38 0.000027
2 39 0.000002
2 40 0.998053
2 41 0.000002
2 42 0.009291
2 43 0.001953
2 44 0.000372
2 45 0.000076
2 46 0.001953
2 47 0.999998
2 48 0.913743
2 49 0.001953
2 50 0.227550
2 51 0.004818
2 52 0.000372
2 53 0.000001
2 54 0.999999
2 55 0.000372
2 56 0.000001
2 57 0.999960
2 58 0.001953
2 59 0.000027
2 60 0.000002
2 61 0.999869
2 62 0.006664
2 63 0.000150
2 64 0.001953
2 65 0.999903
2 66 0.000001
2 67 0.000194
2 68 0.911414
2 69 0.999981
2 70 0.000111
2 71 0.001953
2 72 0.000194
2 73 0.999199
2 74 0.999998
2 75 0.999104
2 76 0.009291
2 77 0.009886
2 78 0.001953
2 79 0.313994
2 80 0.009291
2 81 0.007660
2 82 0.999999
2 83 0.000007
2 84 0.001953
2 85 0.001644
2 86 0.999975
2 87 0.999998
2 88 0.000020
2 89 0.000027
2 90 0.000001
2 91 0.999999
2 92 0.000372
2 93 0.001953
2 94 0.004819
2 95 0.000001
2 96 0.000533
2 97 0.999993
2 98 0.009291
2 99 0.999870
3 0 0.000001
3 1 0.003721
3 2 0.999996
3 3 0.000000
3 4 0.001953
3 5 0.001953
3 6 0.000001
3 7 0.105924
3 8 0.999998
3 9 0.001953
3 10 0.000027
3 11 0.000002
3 12 0.000002
3 13 0.000372
3 14 0.000011
3 15 0.999996
3 16 0.999996
3 17 0.000006
3 18 0.000300
3 19 0.000001
3 20 0.999999
3 21 0.000003
3 22 0.001953
3 23 0.000025
3 24 0.911333
3 25 0.999987
3 26 0.001953
3 27 0.999996
3 28 0.000003
3 29 0.999998
3 30 0.999998
3 31 0.000027
3 32 0.011909
3 33 0.999807
3 34 0.999997
3 35 0.999999
3 36 0.000002
3 37 0.000556
3 38 0.009291
3 39 0.027411
3 40 0.999996
3 41 0.000002
3 42 0.000131
3 43 0.029925
3 44 0.000002
3 45 0.000357
3 46 0.913082
3 47 0.003622
3 48 0.999739
3 49 0.000372
3 50 0.000001
3 51 0.009291
3 52 0.999987
3 53 0.000002
3 54 0.999998
3 55 0.071949
3 56 0.000027
3 57 0.000046
3 58 0.000001
3 59 0.999700
3 60 0.998589
3 61 0.000372
3 62 0.001953
3 63 0.999855
3 64 0.009472
3 65 0.000002
3 66 0.001953
3 67 0.001953
3 68 0.000034
3 69 0.000449
3 70 0.000372
3 71 0.000007
3 72 0.004458
3 73 0.999983
3 74 0.000372
3 75 0.000300
3 76 0.071949
3 77 0.000002
3 78 0.000001
3 79 0.001953
3 80 0.000269
3 81 0.999914
3 82 0.998225
3 83 0.006317
3 84 0.000001
3 85 0.000001
3 86 0.000027
3 87 0.000372
3 88 0.999975
3 89 0.000002
3 90 0.105306
3 91 0.999997
3 92 0.000372
3 93 0.130440
3 94 0.000046
3 95 0.001953
3 96 0.000002
3 97 0.007614
3 98 0.000372
3 99 0.000003
4 0 0.001953
4 1 0.001953
4 2 0.998018
4 3 0.001953
4 4 0.000000
4 5 0.001953
4 6 0.000002
4 7 0.864241
4 8 0.000123
4 9 0.118058
4 10 0.000556
4 11 0.999994
4 12 0.000002
4 13 0.001953
4 14 0.001168
4 15 0.003622
4 16 0.000076
4 17 0.999953
4 18 0.000027
4 19 0.000076
4 20 0.001953
4 21 0.000001
4 22 0.000814
4 23 0.000002
4 24 0.000556
4 25 0.999920
4 26 0.999992
4 27 0.999997
4 28 0.997059
4 29 0.000027
4 30 0.001381
4 31 0.000027
4 32 0.999973
4 33 0.999999
4 34 0.000046
4 35 0.002681
4 36 0.000002
4 37 0.009291
4 38 0.000556
4 39 0.000002
4 40 0.999508
4 41 0.998414
4 42 0.999949
4 43 0.002681
4 44 0.009291
4 45 0.000372
4 46 0.999999
4 47 0.000001
4 48 0.000001
4 49 0.999999
4 50 0.435246
4 51 0.000002
4 52 0.993925
4 53 0.001953
4 54 0.000006
4 55 0.000372
4 56 0.999953
4 57 0.000269
4 58 0.999995
4 59 0.996978
4 60 0.000372
4 61 0.003587
4 62 0.000280
4 63 0.000027
4 64 0.000027
4 65 0.999999
4 66 0.000002
4 67 0.000372
4 68 0.000814
4 69 0.001953
4 70 0.009569
4 71 0.999984
4 72 0.999996
4 73 0.000046
4 74 0.000372
4 75 0.000001
4 76 0.000011
4 77 0.999471
4 78 0.000372
4 79 0.000027
4 80 0.000027
4 81 0.000002
4 82 0.999999
4 83 0.035762
4 84 0.999997
4 85 0.996834
4 86 0.000001
4 87 0.000002
4 88 0.001138
4 89 0.999999
4 90 0.000813
4 91 0.001953
4 92 0.999997
4 93 0.000027
4 94 0.999986
4 95 0.000001
4 96 0.001646
4 97 0.999728
4 98 0.001953
4 99 0.000001
5 0 0.001953
5 1 0.000372
5 2 0.000002
5 3 0.001953
5 4 0.001953
5 5 0.000000
5 6 0.001953
5 7 0.924099
5 8 0.000001
5 9 0.001953
5 10 0.999776
5 11 0.001953
5 12 0.000027
5 13 0.000002
5 14 0.000020
5 15 0.000046
5 16 0.999996
5 17 0.000006
5 18 0.000027
5 19 0.000185
5 20 0.000001
5 21 0.000123
5 22 0.000027
5 23 0.999999
5 24 0.001953
5 25 0.000814
5 26 0.999981
5 27 0.999999
5 28 0.001953
5 29 0.999477
5 30 0.999998
5 31 0.000002
5 32 0.999999
5 33 0.999998
5 34 0.999999
5 35 0.947655
5 36 0.000006
5 37 0.009291
5 38 0.000001
5 39 0.000046
5 40 0.999996
5 41 0.999996
5 42 0.000046
5 43 0.001953
5 44 0.965193
5 45 0.000076
5 46 0.000372
5 47 0.000001
5 48 0.000001
5 49 0.001953
5 50 0.001953
5 51 0.000556
5 52 0.000027
5 53 0.001645
5 54 0.992888
5 55 0.000001
5 56 0.000556
5 57 0.999981
5 58 0.000027
5 59 0.004091
5 60 0.000556
5 61 0.003076
5 62 0.000002
5 63 0.000556
5 64 0.001953
5 65 0.999998
5 66 0.000123
5 67 0.000002
5 68 0.001629
5 69 0.008170
5 70 0.999997
5 71 0.001953
5 72 0.000003
5 73 0.001953
5 74 0.003622
5 75 0.001953
5 76 0.000676
5 77 0.000001
5 78 0.000006
5 79 0.000194
5 80 0.000814
5 81 0.001953
5 82 0.999971
5 83 0.000002
5 84 0.999295
5 85 0.000372
5 86 0.999609
5 87 0.051492
5 88 0.999952
5 89 0.000032
5 90 0.002681
5 91 0.001953
5 92 0.471539
5 93 0.001953
5 94 0.999960
5 95 0.001953
5 96 0.999997
5 97 0.000002
5 98 0.000001
5 99 0.999917
6 0 0.009291
6 1 0.000556
6 2 0.000027
6 3 0.000001
6 4 0.000002
6 5 0.001953
6 6 0.000000
6 7 0.000004
6 8 0.000040
6 9 0.681433
6 10 0.000001
6 11 0.018290
6 12 0.011782
6 13 0.001953
6 14 0.000027
6 15 0.999997
6 16 0.009291
6 17 0.999973
6 18 0.000002
6 19 0.000003
6 20 0.957492
6 21 0.013202
6 22 0.000372
6 23 0.999995
6 24 0.999999
6 25 0.000556
6 26 0.006318
6 27 0.009291
6 28 0.001953
6 29 0.000002
6 30 0.000029
6 31 0.001953
6 32 0.014763
6 33 0.001953
6 34 0.000046
6 35 0.000027
6 36 0.000001
6 37 0.999982
6 38 0.999995
6 39 0.000002
6 40 0.001643
6 41 0.000002
6 42 0.320548
6 43 0.000011
6 44 0.999995
6 45 0.000814
6 46 0.999997
6 47 0.998348
6 48 0.999999
6 49 0.999997
6 50 0.999966
6 51 0.999997
6 52 0.009291
6 53 0.000001
6 54 0.001953
6 55 0.000002
6 56 0.053421
6 57 0.001953
6 58 0.006256
6 59 0.000026
6 60 0.007317
6 61 0.000027
6 62 0.000123
6 63 0.002681
6 64 0.001672
6 65 0.999995
6 66 0.000814
6 67 0.000027
6 68 0.999996
6 69 0.001953
6 70 0.001953
6 71 0.001953
6 72 0.023399
6 73 0.000002
6 74 0.000372
6 75 0.001953
6 76 0.001953
6 77 0.000001
6 78 0.001953
6 79 0.999993
6 80 0.999958
6 81 0.011327
6 82 0.001953
6 83 0.001921
6 84 0.000027
6 85 0.989367
6 86 0.999999
6 87 0.007615
6 88 0.999879
6 89 0.001953
6 90 0.000661
6 91 0.006317
6 92 0.051220
6 93 0.000002
6 94 0.999996
6 95 0.746925
6 96 0.000556
6 97 0.001953
6 98 0.999996
6 99 0.000045
7 0 0.000027
7 1 0.999997
7 2 0.994921
7 3 0.105924
7 4 0.864241
7 5 0.924099
7 6 0.000004
7 7 0.000000
7 8 0.957416
7 9 0.001953
7 10 0.160768
7 11 0.999824
7 12 0.995884
7 13 0.999997
7 14 0.036473
7 15 0.011782
7 16 0.050110
7 17 0.999999
7 18 0.999996
7 19 0.001646
7 20 0.000002
7 21 0.000001
7 22 0.000001
7 23 0.998968
7 24 0.999996
7 25 0.001953
7 26 0.999812
7 27 0.000002
7 28 0.006317
7 29 0.000814
7 30 0.000027
7 31 0.999999
7 32 0.999989
7 33 0.000002
7 34 0.001953
7 35 0.999786
7 36 0.999988
7 37 0.011782
7 38 0.000027
7 39 0.001953
7 40 0.000002
7 41 0.000372
7 42 0.999953
7 43 0.999999
7 44 0.999895
7 45 0.001953
7 46 0.001129
7 47 0.001953
7 48 0.999996
7 49 0.011500
7 50 0.000556
7 51 0.008174
7 52 0.002681
7 53 0.002681
7 54 0.002681
7 55 0.000372
7 56 0.999994
7 57 0.001953
7 58 0.010428
7 59 0.000002
7 60 0.000002
7 61 0.028053
7 62 0.001953
7 63 0.000076
7 64 0.000372
7 65 0.000003
7 66 0.999975
7 67 0.001953
7 68 0.001628
7 69 0.000224
7 70 0.000001
7 71 0.000002
7 72 0.862254
7 73 0.000001
7 74 0.001953
7 75 0.004780
7 76 0.000027
7 77 0.001953
7 78 0.000002
7 79 0.999991
7 80 0.999984
7 81 0.999998
7 82 0.999999
7 83 0.999953
7 84 0.927817
7 85 0.000567
7 86 0.999924
7 87 0.000002
7 88 0.000372
7 89 0.000002
7 90 0.000006
7 91 0.001953
7 92 0.999450
7 93 0.999098
7 94 0.006316
7 95 0.001953
7 96 0.908701
7 97 0.002681
7 98 0.001953
7 99 0.000372
8 0 0.999996
8 1 0.001953
8 2 0.999996
8 3 0.999998
8 4 0.000123
8 5 0.000001
8 6 0.000040
8 7 0.957416
8 8 0.000000
8 9 0.001953
8 10 0.000006
8 11 0.000001
8 12 0.999910
8 13 0.999963
8 14 0.000027
8 15 0.861476
8 16 0.000027
8 17 0.999815
8 18 0.000001
8 19 0.913751
8 20 0.009291
8 21 0.000001
8 22 0.367031
8 23 0.999987
8 24 0.001953
8 25 0.994734
8 26 0.999997
8 27 0.000194
8 28 0.000046
8 29 0.000123
8 30 0.000820
8 31 0.000002
8 32 0.000372
8 33 0.000027
8 34 0.001922
8 35 0.004498
8 36 0.001953
8 37 0.999965
8 38 0.000556
8 39 0.000357
8 40 0.000002
8 41 0.000002
8 42 0.999446
8 43 0.999995
8 44 0.000001
8 45 0.001953
8 46 0.000814
8 47 0.999941
8 48 0.002681
8 49 0.009194
8 50 0.001953
8 51 0.999998
8 52 0.001953
8 53 0.001953
8 54 0.000556
8 55 0.999889
8 56 0.999937
8 57 0.001953
8 58 0.999949
8 59 0.000001
8 60 0.000372
8 61 0.006807
8 62 0.010364
8 63 0.999993
8 64 0.999990
8 65 0.003622
8 66 0.000372
8 67 0.999988
8 68 0.001953
8 69 0.000002
8 70 0.999993
8 71 0.000002
8 72 0.000372
8 73 0.999992
8 74 0.999861
8 75 0.998068
8 76 0.000372
8 77 0.001953
8 78 0.001953
8 79 0.000002
8 80 0.000002
8 81 0.003103
8 82 0.000001
8 83 0.999996
8 84 0.999941
8 85 0.000194
8 86 0.999566
8 87 0.000046
8 88 0.999987
8 89 0.000001
8 90 0.001953
8 91 0.009291
8 92 0.000522
8 93 0.000671
8 94 0.001953
8 95 0.988682
8 96 0.000372
8 97 0.001465
8 98 0.000556
8 99 0.001953
9 0 0.000372
9 1 0.000002
9 2 0.999999
9 3 0.001953
9 4 0.118058
9 5 0.001953
9 6 0.681433
9 7 0.001953
9 8 0.001953
9 9 0.000000
9 10 0.000006
9 11 0.000027
9 12 0.009291
9 13 0.001953
9 14 0.999998
9 15 0.001953
9 16 0.001953
9 17 0.000556
9 18 0.000002
9 19 0.451669
9 20 0.000194
9 21 0.001953
9 22 0.001953
9 23 0.999579
9 24 0.049729
9 25 0.000556
9 26 0.998675
9 27 0.001953
9 28 0.000027
9 29 0.999761
9 30 0.000001
9 31 0.009291
9 32 0.999504
9 33 0.000372
9 34 0.000300
9 35 0.000027
9 36 0.001914
9 37 0.000006
9 38 0.210224
9 39 0.002906
9 40 0.001953
9 41 0.000027
9 42 0.074139
9 43 0.005122
9 44 0.009291
9 45 0.318742
9 46 0.000001
9 47 0.427888
9 48 0.000002
9 49 0.000372
9 50 0.000563
9 51 0.368572
9 52 0.000046
9 53 0.000002
9 54 0.922955
9 55 0.000027
9 56 0.999986
9 57 0.999917
9 58 0.000028
9 59 0.999469
9 60 0.001953
9 61 0.001953
9 62 0.076589
9 63 0.000027
9 64 0.000001
9 65 0.000046
9 66 0.999984
9 67 0.001953
9 68 0.996930
9 69 0.000027
9 70 0.005507
9 71 0.999961
9 72 0.000027
9 73 0.002681
9 74 0.001953
9 75 0.999886
9 76 0.000002
9 77 0.001953
9 78 0.001953
9 79 0.001953
9 80 0.000001
9 81 0.980071
9 82 0.999688
9 83 0.593259
9 84 0.067368
9 85 0.002681
9 86 0.009392
9 87 0.997868
9 88 0.000372
9 89 0.001953
9 90 0.999996
9 91 0.000372
9 92 0.999847
9 93 0.001953
9 94 0.999699
9 95 0.999996
9 96 0.000372
9 97 0.999943
9 98 0.002681
9 99 0.000006
10 0 0.001953
10 1 0.001953
10 2 0.000372
10 3 0.000027
10 4 0.000556
10 5 0.999776
10 6 0.000001
10 7 0.160768
10 8 0.000006
10 9 0.000006
10 10 0.000000
10 11 0.000046
10 12 0.999927
10 13 0.999996
10 14 0.999146
10 15 0.001953
10 16 0.000027
10 17 0.002681
10 18 0.999995
10 19 0.000027
10 20 0.000372
10 21 0.001953
10 22 0.006873
10 23 0.000046
10 24 0.001152
10 25 0.000002
10 26 0.004818
10 27 0.999998
10 28 0.000007
10 29 0.000027
10 30 0.000027
10 31 0.000002
10 32 0.999999
10 33 0.999993
10 34 0.003622
10 35 0.000002
10 36 0.000002
10 37 0.029925
10 38 0.999993
10 39 0.009291
10 40 0.009291
10 41 0.000812
10 42 0.001953
10 43 0.999998
10 44 0.006317
10 45 0.999797
10 46 0.999730
10 47 0.000001
10 48 0.000002
10 49 0.999998
10 50 0.999994
10 51 0.000002
10 52 0.999435
10 53 0.002265
10 54 0.999731
10 55 0.001953
10 56 0.999861
10 57 0.999999
10 58 0.017380
10 59 0.002681
10 60 0.999984
10 61 0.001953
10 62 0.001953
10 63 0.999997
10 64 0.000001
10 65 0.002723
10 66 0.000002
10 67 0.000001
10 68 0.999997
10 69 0.000385
10 70 0.000032
10 71 0.001953
10 72 0.000027
10 73 0.000001
10 74 0.997410
10 75 0.999986
10 76 0.999999
10 77 0.000001
10 78 0.008211
10 79 0.009291
10 80 0.000001
10 81 0.999997
10 82 0.000372
10 83 0.000035
10 84 0.982842
10 85 0.000027
10 86 0.000127
10 87 0.000001
10 88 0.011782
10 89 0.001168
10 90 0.999996
10 91 0.000372
10 92 0.996161
10 93 0.000005
10 94 0.004817
10 95 0.000002
10 96 0.996599
10 97 0.000001
10 98 0.999999
10 99 0.000027
11 0 0.000002
11 1 0.000027
11 2 0.000027
11 3 0.000002
11 4 0.999994
11 5 0.001953
11 6 0.018290
11 7 0.999824
11 8 0.000001
11 9 0.000027
11 10 0.000046
11 11 0.000000
11 12 0.000556
11 13 0.000556
11 14 0.000556
11 15 0.005640
11 16 0.999879
11 17 0.990289
11 18 0.000027
11 19 0.000372
11 20 0.999621
11 21 0.000002
11 22 0.000002
11 23 0.001953
11 24 0.999996
11 25 0.000556
11 26 0.001953
11 27 0.000002
11 28 0.907400
11 29 0.003622
11 30 0.999779
11 31 0.000076
11 32 0.001953
11 33 0.999984
11 34 0.999491
11 35 0.001953
11 36 0.999999
11 37 0.001167
11 38 0.999963
11 39 0.000002
11 40 0.000425
11 41 0.002681
11 42 0.011523
11 43 0.999671
11 44 0.000027
11 45 0.001953
11 46 0.000027
11 47 0.000046
11 48 0.000027
11 49 0.999984
11 50 0.999281
11 51 0.999690
11 52 0.999944
11 53 0.000002
11 54 0.000372
11 55 0.000076
11 56 0.999997
11 57 0.019488
11 58 0.999960
11 59 0.002312
11 60 0.000002
11 61 0.999998
11 62 0.000002
11 63 0.999996
11 64 0.001953
11 65 0.002012
11 66 0.999995
11 67 0.009291
11 68 0.999990
11 69 0.999991
11 70 0.000002
11 71 0.000671
11 72 0.999991
11 73 0.017197
11 74 0.999999
11 75 0.997172
11 76 0.999970
11 77 0.997771
11 78 0.000002
11 79 0.011828
11 80 0.999891
11 81 0.999997
11 82 0.999986
11 83 0.000001
11 84 0.001953
11 85 0.997200
11 86 0.000240
11 87 0.001953
11 88 0.000830
11 89 0.000110
11 90 0.001953
11 91 0.009291
11 92 0.001953
11 93 0.001953
11 94 0.002681
11 95 0.999999
11 96 0.001953
11 97 0.000001
11 98 0.836869
11 99 0.001953
12 0 0.999997
12 1 0.000001
12 2 0.000001
12 3 0.000002
12 4 0.000002
12 5 0.000027
12 6 0.011782
12 7 0.995884
12 8 0.999910
12 9 0.009291
12 10 0.999927
12 11 0.000556
12 12 0.000000
12 13 0.000372
12 14 0.000001
12 15 0.999940
12 16 0.000002
12 17 0.003622
12 18 0.001953
12 19 0.969535
12 20 0.001953
12 21 0.996551
12 22 0.014763
12 23 0.327586
12 24 0.000027
12 25 0.999999
12 26 0.000002
12 27 0.000002
12 28 0.000027
12 29 0.000027
12 30 0.001168
12 31 0.999999
12 32 0.031328
12 33 0.999996
12 34 0.000001
12 35 0.999998
12 36 0.999988
12 37 0.001953
12 38 0.000001
12 39 0.993591
12 40 0.003622
12 41 0.000783
12 42 0.000059
12 43 0.999941
12 44 0.000027
12 45 0.001471
12 46 0.000001
12 47 0.000123
12 48 0.000372
12 49 0.000123
12 50 0.999989
12 51 0.953589
12 52 0.999993
12 53 0.000372
12 54 0.000027
12 55 0.001953
12 56 0.000001
12 57 0.999944
12 58 0.003621
12 59 0.000027
12 60 0.000046
12 61 0.999980
12 62 0.001953
12 63 0.999996
12 64 0.999999
12 65 0.999999
12 66 0.999990
12 67 0.000556
12 68 0.998552
12 69 0.984616
12 70 0.000028
12 71 0.999997
12 72 0.003398
12 73 0.000002
12 74 0.001953
12 75 0.001168
12 76 0.000372
12 77 0.002681
12 78 0.999996
12 79 0.000002
12 80 0.003110
12 81 0.000047
12 82 0.000002
12 83 0.999988
12 84 0.000002
12 85 0.000034
12 86 0.999998
12 87 0.032480
12 88 0.999988
12 89 0.001953
12 90 0.000050
12 91 0.000001
12 92 0.001953
12 93 0.999996
12 94 0.002681
12 95 0.001953
12 96 0.000194
12 97 0.999887
12 98 0.999984
12 99 0.999993
13 0 0.957849
13 1 0.978051
13 2 0.999997
13 3 0.000372
13 4 0.001953
13 5 0.000002
13 6 0.001953
13 7 0.999997
13 8 0.999963
13 9 0.001953
13 10 0.999996
13 11 0.000556
13 12 0.000372
13 13 0.000000
13 14 0.002279
13 15 0.000556
13 16 0.999999
13 17 0.001953
13 18 0.000046
13 19 0.000046
13 20 0.999999
13 21 0.111985
13 22 0.001953
13 23 0.000001
13 24 0.000002
13 25 0.001953
13 26 0.000001
13 27 0.000027
13 28 0.001953
13 29 0.001953
13 30 0.000001
13 31 0.000020
13 32 0.000038
13 33 0.999892
13 34 0.996385
13 35 0.594070
13 36 0.009291
13 37 0.000814
13 38 0.014763
13 39 0.004773
13 40 0.434867
13 41 0.999977
13 42 0.002719
13 43 0.000035
13 44 0.999483
13 45 0.999977
13 46 0.000002
13 47 0.000001
13 48 0.000011
13 49 0.999993
13 50 0.999988
13 51 0.999993
13 52 0.000372
13 53 0.000002
13 54 0.000814
13 55 0.000001
13 56 0.014763
13 57 0.000011
13 58 0.000003
13 59 0.999963
13 60 0.973163
13 61 0.000027
13 62 0.009291
13 63 0.000001
13 64 0.999999
13 65 0.001953
13 66 0.001953
13 67 0.000219
13 68 0.002640
13 69 0.000148
13 70 0.999996
13 71 0.000001
13 72 0.000002
13 73 0.997689
13 74 0.000001
13 75 0.001953
13 76 0.009291
13 77 0.001953
13 78 0.000123
13 79 0.999921
13 80 0.000372
13 81 0.001617
13 82 0.000001
13 83 0.999994
13 84 0.000046
13 85 0.000011
13 86 0.000556
13 87 0.000001
13 88 0.999148
13 89 0.000001
13 90 0.000001
13 91 0.999992
13 92 0.999999
13 93 0.003405
13 94 0.998629
13 95 0.999988
13 96 0.008985
13 97 0.001953
13 98 0.999853
13 99 0.999963
14 0 0.000003
14 1 0.999335
14 2 0.001953
14 3 0.000011
14 4 0.001168
14 5 0.000020
14 6 0.000027
14 7 0.036473
14 8 0.000027
14 9 0.999998
14 10 0.999146
14 11 0.000556
14 12 0.000001
14 13 0.002279
14 14 0.000000
14 15 0.999978
14 16 0.000076
14 17 0.000152
14 18 0.000001
14 19 0.001953
14 20 0.000001
14 21 0.000002
14 22 0.001561
14 23 0.999822
14 24 0.001953
14 25 0.999997
14 26 0.002000
14 27 0.000027
14 28 0.000002
14 29 0.000814
14 30 0.999991
14 31 0.013380
14 32 0.999998
14 33 0.001953
14 34 0.502762
14 35 0.000016
14 36 0.998063
14 37 0.000046
14 38 0.999993
14 39 0.000004
14 40 0.000027
14 41 0.657928
14 42 0.000020
14 43 0.000001
14 44 0.011782
14 45 0.000002
14 46 0.999999
14 47 0.001953
14 48 0.001953
14 49 0.000027
14 50 0.020312
14 51 0.999987
14 52 0.000027
14 53 0.999996
14 54 0.000194
14 55 0.001953
14 56 0.999997
14 57 0.999995
14 58 0.002280
14 59 0.001953
14 60 0.999999
14 61 0.001953
14 62 0.000390
14 63 0.001953
14 64 0.000027
14 65 0.000046
14 66 0.000001
14 67 0.000002
14 68 0.000002
14 69 0.000027
14 70 0.999999
14 71 0.999935
14 72 0.999949
14 73 0.999999
14 74 0.999988
14 75 0.000013
14 76 0.009291
14 77 0.811147
14 78 0.000619
14 79 0.000001
14 80 0.001953
14 81 0.001953
14 82 0.001953
14 83 0.000372
14 84 0.000076
14 85 0.000365
14 86 0.002681
14 87 0.000027
14 88 0.000002
14 89 0.001953
14 90 0.000046
14 91 0.998710
14 92 0.000002
14 93 0.000002
14 94 0.000001
14 95 0.000001
14 96 0.999954
14 97 0.000002
14 98 0.000076
14 99 0.999940
15 0 0.000001
15 1 0.014107
15 2 0.011418
15 3 0.999996
15 4 0.003622
15 5 0.000046
15 6 0.999997
15 7 0.011782
15 8 0.861476
15 9 0.001953
15 10 0.001953
15 11 0.005640
15 12 0.999940
15 13 0.000556
15 14 0.999978
15 15 0.000000
15 16 0.001953
15 17 0.001953
15 18 0.999884
15 19 0.001126
15 20 0.999994
15 21 0.000372
15 22 0.999549
15 23 0.001953
15 24 0.999973
15 25 0.001953
15 26 0.002681
15 27 0.999889
15 28 0.999988
15 29 0.000372
15 30 0.000001
15 31 0.009291
15 32 0.998802
15 33 0.000001
15 34 0.000372
15 35 0.001953
15 36 0.001646
15 37 0.001953
15 38 0.999996
15 39 0.999998
15 40 0.000453
15 41 0.009291
15 42 0.999999
15 43 0.999478
15 44 0.999999
15 45 0.997873
15 46 0.008169
15 47 0.999999
15 48 0.794421
15 49 0.999996
15 50 0.999801
15 51 0.999852
15 52 0.000671
15 53 0.000027
15 54 0.982801
15 55 0.999999
15 56 0.001168
15 57 0.999973
15 58 0.999999
15 59 0.999996
15 60 0.000001
15 61 0.004739
15 62 0.999988
15 63 0.000002
15 64 0.956930
15 65 0.001953
15 66 0.000034
15 67 0.000372
15 68 0.022404
15 69 0.001953
15 70 0.999997
15 71 0.011782
15 72 0.001953
15 73 0.000556
15 74 0.999839
15 75 0.000027
15 76 0.001953
15 77 0.001953
15 78 0.001953
15 79 0.004721
15 80 0.999853
15 81 0.999999
15 82 0.000002
15 83 0.000074
15 84 0.001953
15 85 0.999938
15 86 0.000001
15 87 0.997916
15 88 0.010352
15 89 0.001168
15 90 0.001953
15 91 0.000970
15 92 0.000027
15 93 0.000004
15 94 0.999551
15 95 0.999964
15 96 0.000002
15 97 0.001953
15 98 0.001953
15 99 0.999991
16 0 0.000002
16 1 0.000046
16 2 0.999989
16 3 0.999996
16 4 0.000076
16 5 0.999996
16 6 0.009291
16 7 0.050110
16 8 0.000027
16 9 0.001953
16 10 0.000027
16 11 0.999879
16 12 0.000002
16 13 0.999999
16 14 0.000076
16 15 0.001953
16 16 0.000000
16 17 0.999899
16 18 0.996629
16 19 0.998564
16 20 0.001953
16 21 0.001953
16 22 0.000001
16 23 0.000001
16 24 0.263460
16 25 0.002681
16 26 0.000046
16 27 0.018287
16 28 0.009392
16 29 0.000814
16 30 0.000046
16 31 0.992481
16 32 0.000372
16 33 0.029925
16 34 0.994372
16 35 0.999977
16 36 0.999986
16 37 0.000027
16 38 0.000372
16 39 0.000020
16 40 0.000556
16 41 0.000372
16 42 0.000194
16 43 0.000027
16 44 0.000372
16 45 0.001953
16 46 0.011505
16 47 0.000027
16 48 0.000300
16 49 0.000076
16 50 0.000372
16 51 0.999900
16 52 0.001953
16 53 0.999995
16 54 0.000012
16 55 0.001953
16 56 0.000828
16 57 0.000058
16 58 0.999965
16 59 0.999578
16 60 0.999999
16 61 0.999996
16 62 0.000027
16 63 0.000002
16 64 0.999996
16 65 0.000027
16 66 0.000001
16 67 0.999567
16 68 0.000372
16 69 0.995555
16 70 0.999995
16 71 0.999995
16 72 0.000046
16 73 0.006644
16 74 0.000002
16 75 0.000027
16 76 0.999021
16 77 0.001646
16 78 0.999999
16 79 0.000001
16 80 0.000027
16 81 0.000027
16 82 0.000002
16 83 0.000001
16 84 0.993095
16 85 0.000115
16 86 0.001953
16 87 0.999996
16 88 0.001953
16 89 0.000006
16 90 0.000046
16 91 0.000425
16 92 0.001953
16 93 0.000372
16 94 0.003976
16 95 0.000027
16 96 0.000002
16 97 0.000440
16 98 0.999988
16 99 0.999638
17 0 0.001953
17 1 0.000002
17 2 0.999984
17 3 0.000006
17 4 0.999953
17 5 0.000006
17 6 0.999973
17 7 0.999999
17 8 0.999815
17 9 0.000556
17 10 0.002681
17 11 0.990289
17 12 0.003622
17 13 0.001953
17 14 0.000152
17 15 0.001953
17 16 0.999899
17 17 0.000000
17 18 0.000372
17 19 0.000357
17 20 0.000372
17 21 0.988193
17 22 0.001953
17 23 0.000001
17 24 0.000365
17 25 0.003622
17 26 0.000813
17 27 0.000295
17 28 0.004988
17 29 0.001953
17 30 0.001647
17 31 0.000006
17 32 0.000001
17 33 0.000366
17 34 0.000046
17 35 0.000065
17 36 0.009291
17 37 0.001953
17 38 0.999939
17 39 0.999988
17 40 0.626685
17 41 0.000001
17 42 0.000046
17 43 0.001703
17 44 0.000057
17 45 0.000027
17 46 0.001953
17 47 0.999998
17 48 0.000001
17 49 0.000002
17 50 0.999741
17 51 0.999988
17 52 0.001953
17 53 0.352295
17 54 0.999999
17 55 0.000046
17 56 0.999905
17 57 0.000001
17 58 0.009291
17 59 0.001369
17 60 0.999884
17 61 0.000002
17 62 0.999999
17 63 0.002640
17 64 0.001953
17 65 0.001953
17 66 0.000002
17 67 0.000046
17 68 0.999999
17 69 0.000002
17 70 0.000001
17 71 0.011782
17 72 0.009291
17 73 0.001953
17 74 0.000006
17 75 0.000001
17 76 0.999899
17 77 0.000002
17 78 0.999965
17 79 0.001953
17 80 0.000556
17 81 0.000556
17 82 0.000372
17 83 0.000027
17 84 0.029925
17 85 0.000002
17 86 0.999995
17 87 0.009291
17 88 0.000001
17 89 0.999957
17 90 0.999991
17 91 0.000001
17 92 0.000002
17 93 0.999997
17 94 0.999991
17 95 0.000001
17 96 0.999999
17 97 0.999990
17 98 0.002298
17 99 0.999996
18 0 0.002681
18 1 0.000372
18 2 0.000556
18 3 0.000300
18 4 0.000027
18 5 0.000027
18 6 0.000002
18 7 0.999996
18 8 0.000001
18 9 0.000002
18 10 0.999995
18 11 0.000027
18 12 0.001953
18 13 0.000046
18 14 0.000001
18 15 0.999884
18 16 0.996629
18 17 0.000372
18 18 0.000000
18 19 0.001953
18 20 0.000002
18 21 0.999997
18 22 0.000607
18 23 0.026375
18 24 0.000372
18 25 0.569659
18 26 0.000011
18 27 0.000372
18 28 0.001953
18 29 0.999999
18 30 0.000027
18 31 0.999979
18 32 0.000001
18 33 0.999989
18 34 0.001953
18 35 0.003578
18 36 0.000240
18 37 0.999999
18 38 0.005955
18 39 0.000046
18 40 0.000001
18 41 0.958293
18 42 0.999968
18 43 0.000001
18 44 0.004641
18 45 0.999999
18 46 0.000193
18 47 0.999815
18 48 0.999684
18 49 0.000008
18 50 0.999967
18 51 0.000001
18 52 0.000046
18 53 0.999963
18 54 0.000001
18 55 0.635737
18 56 0.000027
18 57 0.999982
18 58 0.000001
18 59 0.999988
18 60 0.002681
18 61 0.999999
18 62 0.999999
18 63 0.000001
18 64 0.000372
18 65 0.031452
18 66 0.000449
18 67 0.000027
18 68 0.001953
18 69 0.999998
18 70 0.000120
18 71 0.001953
18 72 0.000011
18 73 0.000372
18 74 0.999999
18 75 0.999999
18 76 0.022955
18 77 0.001953
18 78 0.000027
18 79 0.911627
18 80 0.001953
18 81 0.000002
18 82 0.999996
18 83 0.000027
18 84 0.000027
18 85 0.001953
18 86 0.000666
18 87 0.000174
18 88 0.000001
18 89 0.001953
18 90 0.997786
18 91 0.000372
18 92 0.001953
18 93 0.000981
18 94 0.999998
18 95 0.996118
18 96 0.000001
18 97 0.001953
18 98 0.000027
18 99 0.001953
19 0 0.003826
19 1 0.999972
19 2 0.000001
19 3 0.000001
19 4 0.000076
19 5 0.000185
19 6 0.000003
19 7 0.001646
19 8 0.913751
19 9 0.451669
19 10 0.000027
19 11 0.000372
19 12 0.969535
19 13 0.000046
19 14 0.001953
19 15 0.001126
19 16 0.998564
19 17 0.000357
19 18 0.001953
19 19 0.000000
19 20 0.000002
19 21 0.000076
19 22 0.999998
19 23 0.000372
19 24 0.002681
19 25 0.000002
19 26 0.001953
19 27 0.000300
19 28 0.001953
19 29 0.999940
19 30 0.999623
19 31 0.000003
19 32 0.000027
19 33 0.001953
19 34 0.001953
19 35 0.999988
19 36 0.998434
19 37 0.999934
19 38 0.000002
19 39 0.000372
19 40 0.000001
19 41 0.992020
19 42 0.001953
19 43 0.999999
19 44 0.999996
19 45 0.000001
19 46 0.022408
19 47 0.999261
19 48 0.000001
19 49 0.001953
19 50 0.000372
19 51 0.999998
19 52 0.000027
19 53 0.000194
19 54 0.001953
19 55 0.009291
19 56 0.000027
19 57 0.001953
19 58 0.000769
19 59 0.001953
19 60 0.000372
19 61 0.000372
19 62 0.001953
19 63 0.000027
19 64 0.066680
19 65 0.000372
19 66 0.999946
19 67 0.000814
19 68 0.001953
19 69 0.001953
19 70 0.999999
19 71 0.000027
19 72 0.999926
19 73 0.342521
19 74 0.000002
19 75 0.000814
19 76 0.000078
19 77 0.003622
19 78 0.000001
19 79 0.999996
19 80 0.999953
19 81 0.999996
19 82 0.000001
19 83 0.999985
19 84 0.999980
19 85 0.000384
19 86 0.000002
19 87 0.999986
19 88 0.000027
19 89 0.001953
19 90 0.001953
19 91 0.999999
19 92 0.000027
19 93 0.000372
19 94 0.000556
19 95 0.000044
19 96 0.998754
19 97 0.000814
19 98 0.022619
19 99 0.000556
20 0 0.000027
20 1 0.000035
20 2 0.995774
20 3 0.999999
20 4 0.001953
20 5 0.000001
20 6 0.957492
20 7 0.000002
20 8 0.009291
20 9 0.000194
20 10 0.000372
20 11 0.999621
20 12 0.001953
20 13 0.999999
20 14 0.000001
20 15 0.999994
20 16 0.001953
20 17 0.000372
20 18 0.000002
20 19 0.000002
20 20 0.000000
20 21 0.001953
20 22 0.000001
20 23 0.956655
20 24 0.993579
20 25 0.001953
20 26 0.000556
20 27 0.000001
20 28 0.018460
20 29 0.003110
20 30 0.000002
20 31 0.000002
20 32 0.000001
20 33 0.001953
20 34 0.000010
20 35 0.000002
20 36 0.000002
20 37 0.000002
20 38 0.001953
20 39 0.000027
20 40 0.001953
20 41 0.000001
20 42 0.001953
20 43 0.030322
20 44 0.000002
20 45 0.001953
20 46 0.000076
20 47 0.999998
20 48 0.895815
20 49 0.000123
20 50 0.012728
20 51 0.000027
20 52 0.001953
20 53 0.999999
20 54 0.001953
20 55 0.001953
20 56 0.001953
20 57 0.999999
20 58 0.000027
20 59 0.000556
20 60 0.985152
20 61 0.999985
20 62 0.999995
20 63 0.999999
20 64 0.999998
20 65 0.000002
20 66 0.999939
20 67 0.000010
20 68 0.003622
20 69 0.037797
20 70 0.000002
20 71 0.954187
20 72 0.999939
20 73 0.000003
20 74 0.913344
20 75 0.000556
20 76 0.000002
20 77 0.010303
20 78 0.999993
20 79 0.001953
20 80 0.000003
20 81 0.999997
20 82 0.000001
20 83 0.000123
20 84 0.000054
20 85 0.999996
20 86 0.999998
20 87 0.999988
20 88 0.000002
20 89 0.001953
20 90 0.999995
20 91 0.991530
20 92 0.000372
20 93 0.000001
20 94 0.999983
20 95 0.001953
20 96 0.999986
20 97 0.999973
20 98 0.000001
20 99 0.000001
21 0 0.000001
21 1 0.000027
21 2 0.999965
21 3 0.000003
21 4 0.000001
21 5 0.000123
21 6 0.013202
21 7 0.000001
21 8 0.000001
21 9 0.001953
21 10 0.001953
21 11 0.000002
21 12 0.996551
21 13 0.111985
21 14 0.000002
21 15 0.000372
21 16 0.001953
21 17 0.988193
21 18 0.999997
21 19 0.000076
21 20 0.001953
21 21 0.000000
21 22 0.001953
21 23 0.020241
21 24 0.000001
21 25 0.001953
21 26 0.001953
21 27 0.000001
21 28 0.999999
21 29 0.001953
21 30 0.210224
21 31 0.001953
21 32 0.000556
21 33 0.001953
21 34 0.999529
21 35 0.001953
21 36 0.001953
21 37 0.000002
21 38 0.999999
21 39 0.999999
21 40 0.034464
21 41 0.001953
21 42 0.000027
21 43 0.001953
21 44 0.999998
21 45 0.997680
21 46 0.001953
21 47 0.999985
21 48 0.999998
21 49 0.161507
21 50 0.719767
21 51 0.999992
21 52 0.000372
21 53 0.999998
21 54 0.009291
21 55 0.999998
21 56 0.000372
21 57 0.001953
21 58 0.000001
21 59 0.720430
21 60 0.001953
21 61 0.000002
21 62 0.029925
21 63 0.002681
21 64 0.999999
21 65 0.071949
21 66 0.000016
21 67 0.000006
21 68 0.000001
21 69 0.000372
21 70 0.003622
21 71 0.001953
21 72 0.000028
21 73 0.999996
21 74 0.000372
21 75 0.999942
21 76 0.999988
21 77 0.997872
21 78 0.999989
21 79 0.999998
21 80 0.999990
21 81 0.000046
21 82 0.000027
21 83 0.001953
21 84 0.000372
21 85 0.000001
21 86 0.999910
21 87 0.002876
21 88 0.001953
21 89 0.000027
21 90 0.045240
21 91 0.001953
21 92 0.000011
21 93 0.993932
21 94 0.001953
21 95 0.000001
21 96 0.000002
21 97 0.999995
21 98 0.999971
21 99 0.000027
22 0 0.001953
22 1 0.016201
22 2 0.000372
22 3 0.001953
22 4 0.000814
22 5 0.000027
22 6 0.000372
22 7 0.000001
22 8 0.367031
22 9 0.001953
22 10 0.006873
22 11 0.000002
22 12 0.014763
22 13 0.001953
22 14 0.001561
22 15 0.999549
22 16 0.000001
22 17 0.001953
22 18 0.000607
22 19 0.999998
22 20 0.000001
22 21 0.001953
22 22 0.000000
22 23 0.009526
22 24 0.000001
22 25 0.029925
22 26 0.999973
22 27 0.999996
22 28 0.000027
22 29 0.999922
22 30 0.000002
22 31 0.001047
22 32 0.999867
22 33 0.999980
22 34 0.002681
22 35 0.001953
22 36 0.004818
22 37 0.001953
22 38 0.001953
22 39 0.999999
22 40 0.000002
22 41 0.999996
22 42 0.001953
22 43 0.001953
22 44 0.001953
22 45 0.999990
22 46 0.871782
22 47 0.000001
22 48 0.811790
22 49 0.002794
22 50 0.001953
22 51 0.000002
22 52 0.999999
22 53 0.968825
22 54 0.000618
22 55 0.001953
22 56 0.007317
22 57 0.000001
22 58 0.001953
22 59 0.999980
22 60 0.001953
22 61 0.995209
22 62 0.000002
22 63 0.000002
22 64 0.000018
22 65 0.000062
22 66 0.999889
22 67 0.003665
22 68 0.000372
22 69 0.000548
22 70 0.000002
22 71 0.000002
22 72 0.000001
22 73 0.999889
22 74 0.994187
22 75 0.000011
22 76 0.000194
22 77 0.001168
22 78 0.000006
22 79 0.000001
22 80 0.999998
22 81 0.009291
22 82 0.000002
22 83 0.009291
22 84 0.000076
22 85 0.999985
22 86 0.000076
22 87 0.999998
22 88 0.998852
22 89 0.000002
22 90 0.001953
22 91 0.999999
22 92 0.999967
22 93 0.009823
22 94 0.999909
22 95 0.000003
22 96 0.000269
22 97 0.296550
22 98 0.000003
22 99 0.000027
23 0 0.011782
23 1 0.997583
23 2 0.007659
23 3 0.000025
23 4 0.000002
23 5 0.999999
23 6 0.999995
23 7 0.998968
23 8 0.999987
23 9 0.999579
23 10 0.000046
23 11 0.001953
23 12 0.327586
23 13 0.000001
23 14 0.999822
23 15 0.001953
23 16 0.000001
23 17 0.000001
23 18 0.026375
23 19 0.000372
23 20 0.956655
23 21 0.020241
23 22 0.009526
23 23 0.000000
23 24 0.999999
23 25 0.001953
23 26 0.004830
23 27 0.000002
23 28 0.999328
23 29 0.000046
23 30 0.001953
23 31 0.000027
23 32 0.999303
23 33 0.001953
23 34 0.001953
23 35 0.036238
23 36 0.001212
23 37 0.999996
23 38 0.999999
23 39 0.000027
23 40 0.001953
23 41 0.999889
23 42 0.999285
23 43 0.001953
23 44 0.003622
23 45 0.000372
23 46 0.000372
23 47 0.000556
23 48 0.993220
23 49 0.000001
23 50 0.009731
23 51 0.000027
23 52 0.001953
23 53 0.168897
23 54 0.000556
23 55 0.999998
23 56 0.082237
23 57 0.000556
23 58 0.000002
23 59 0.000076
23 60 0.000814
23 61 0.000002
23 62 0.001953
23 63 0.999987
23 64 0.001953
23 65 0.000002
23 66 0.009291
23 67 0.001953
23 68 0.999579
23 69 0.001953
23 70 0.000001
23 71 0.000080
23 72 0.999999
23 73 0.000027
23 74 0.988691
23 75 0.999551
23 76 0.000001
23 77 0.999647
23 78 0.000372
23 79 0.999952
23 80 0.001953
23 81 0.999963
23 82 0.000002
23 83 0.000027
23 84 0.000106
23 85 0.000001
23 86 0.000027
23 87 0.999998
23 88 0.002681
23 89 0.999740
23 90 0.999770
23 91 0.999999
23 92 0.999978
23 93 0.000002
23 94 0.000002
23 95 0.001953
23 96 0.999994
23 97 0.778987
23 98 0.001953
23 99 0.999999
24 0 0.000003
24 1 0.999988
24 2 0.999917
24 3 0.911333
24 4 0.000556
24 5 0.001953
24 6 0.999999
24 7 0.999996
24 8 0.001953
24 9 0.049729
24 10 0.001152
24 11 0.999996
24 12 0.000027
24 13 0.000002
24 14 0.001953
24 15 0.999973
24 16 0.263460
24 17 0.000365
24 18 0.000372
24 19 0.002681
24 20 0.993579
24 21 0.000001
24 22 0.000001
24 23 0.999999
24 24 0.000000
24 25 0.855097
24 26 0.999998
24 27 0.009291
24 28 0.002681
24 29 0.001953
24 30 0.001953
24 31 0.000001
24 32 0.000002
24 33 0.000001
24 34 0.000001
24 35 0.000011
24 36 0.999949
24 37 0.003622
24 38 0.000372
24 39 0.999996
24 40 0.000002
24 41 0.000002
24 42 0.011782
24 43 0.967397
24 44 0.000002
24 45 0.000027
24 46 0.987865
24 47 0.029925
24 48 0.999998
24 49 0.000002
24 50 0.000372
24 51 0.004550
24 52 0.999998
24 53 0.999999
24 54 0.999987
24 55 0.999998
24 56 0.999784
24 57 0.001953
24 58 0.001953
24 59 0.000002
24 60 0.001953
24 61 0.009291
24 62 0.000089
24 63 0.999995
24 64 0.000123
24 65 0.999988
24 66 0.000001
24 67 0.998536
24 68 0.999989
24 69 0.000372
24 70 0.999999
24 71 0.000027
24 72 0.000002
24 73 0.001953
24 74 0.000372
24 75 0.001953
24 76 0.001953
24 77 0.001953
24 78 0.000002
24 79 0.000027
24 80 0.000665
24 81 0.000002
24 82 0.000001
24 83 0.000046
24 84 0.999980
24 85 0.000372
24 86 0.000046
24 87 0.000002
24 88 0.000072
24 89 0.000002
24 90 0.009291
24 91 0.000556
24 92 0.000027
24 93 0.355053
24 94 0.000002
24 95 0.949284
24 96 0.001953
24 97 0.001953
24 98 0.092734
24 99 0.001953
25 0 0.999940
25 1 0.999995
25 2 0.001953
25 3 0.999987
25 4 0.999920
25 5 0.000814
25 6 0.000556
25 7 0.001953
25 8 0.994734
25 9 0.000556
25 10 0.000002
25 11 0.000556
25 12 0.999999
25 13 0.001953
25 14 0.999997
25 15 0.001953
25 16 0.002681
25 17 0.003622
25 18 0.569659
25 19 0.000002
25 20 0.001953
25 21 0.001953
25 22 0.029925
25 23 0.001953
25 24 0.855097
25 25 0.000000
25 26 0.999987
25 27 0.000002
25 28 0.000002
25 29 0.999812
25 30 0.003514
25 31 0.001953
25 32 0.001953
25 33 0.009291
25 34 0.001953
25 35 0.999972
25 36 0.000372
25 37 0.722312
25 38 0.999998
25 39 0.001953
25 40 0.000002
25 41 0.000027
25 42 0.978905
25 43 0.003622
25 44 0.860968
25 45 0.000046
25 46 0.999998
25 47 0.000831
25 48 0.000001
25 49 0.000055
25 50 0.000006
25 51 0.001953
25 52 0.998990
25 53 0.000027
25 54 0.999974
25 55 0.000002
25 56 0.003670
25 57 0.009291
25 58 0.000205
25 59 0.001168
25 60 0.000002
25 61 0.999998
25 62 0.001953
25 63 0.994792
25 64 0.999896
25 65 0.999999
25 66 0.001953
25 67 0.001953
25 68 0.000027
25 69 0.001953
25 70 0.000001
25 71 0.999996
25 72 0.002681
25 73 0.011215
25 74 0.001953
25 75 0.001953
25 76 0.001953
25 77 0.001953
25 78 0.000003
25 79 0.000027
25 80 0.108036
25 81 0.000006
25 82 0.996341
25 83 0.002681
25 84 0.002681
25 85 0.999996
25 86 0.001645
25 87 0.000046
25 88 0.000002
25 89 0.999999
25 90 0.000405
25 91 0.999999
25 92 0.999994
25 93 0.000062
25 94 0.999991
25 95 0.999704
25 96 0.999996
25 97 0.999998
25 98 0.999999
25 99 0.000814
26 0 0.000194
26 1 0.001953
26 2 0.000002
26 3 0.001953
26 4 0.999992
26 5 0.999981
26 6 0.006318
26 7 0.999812
26 8 0.999997
26 9 0.998675
26 10 0.004818
26 11 0.001953
26 12 0.000002
26 13 0.000001
26 14 0.002000
26 15 0.002681
26 16 0.000046
26 17 0.000813
26 18 0.000011
26 19 0.001953
26 20 0.000556
26 21 0.001953
26 22 0.999973
26 23 0.004830
26 24 0.999998
26 25 0.999987
26 26 0.000000
26 27 0.000027
26 28 0.001953
26 29 0.002240
26 30 0.013637
26 31 0.999965
26 32 0.001953
26 33 0.001168
26 34 0.014452
26 35 0.001953
26 36 0.001953
26 37 0.999996
26 38 0.999609
26 39 0.000814
26 40 0.001953
26 41 0.138922
26 42 0.001953
26 43 0.001953
26 44 0.999998
26 45 0.027174
26 46 0.000814
26 47 0.004860
26 48 0.001953
26 49 0.001953
26 50 0.999979
26 51 0.999998
26 52 0.004545
26 53 0.999995
26 54 0.999450
26 55 0.000002
26 56 0.000001
26 57 0.999996
26 58 0.990794
26 59 0.001953
26 60 0.000046
26 61 0.001953
26 62 0.009428
26 63 0.999996
26 64 0.001953
26 65 0.999998
26 66 0.009291
26 67 0.000151
26 68 0.998550
26 69 0.011782
26 70 0.999970
26 71 0.021454
26 72 0.000002
26 73 0.001953
26 74 0.999988
26 75 0.000001
26 76 0.999972
26 77 0.001953
26 78 0.003622
26 79 0.035468
26 80 0.999751
26 81 0.955894
26 82 0.000002
26 83 0.999976
26 84 0.002100
26 85 0.997413
26 86 0.890117
26 87 0.000027
26 88 0.002681
26 89 0.000002
26 90 0.999989
26 91 0.999984
26 92 0.020000
26 93 0.000011
26 94 0.000123
26 95 0.000001
26 96 0.002208
26 97 0.001953
26 98 0.000521
26 99 0.000027
27 0 0.468959
27 1 0.000556
27 2 0.999990
27 3 0.999996
27 4 0.999997
27 5 0.999999
27 6 0.009291
27 7 0.000002
27 8 0.000194
27 9 0.001953
27 10 0.999998
27 11 0.000002
27 12 0.000002
27 13 0.000027
27 14 0.000027
27 15 0.999889
27 16 0.018287
27 17 0.000295
27 18 0.000372
27 19 0.000300
27 20 0.000001
27 21 0.000001
27 22 0.999996
27 23 0.000002
27 24 0.009291
27 25 0.000002
27 26 0.000027
27 27 0.000000
27 28 0.000372
27 29 0.999972
27 30 0.000002
27 31 0.000001
27 32 0.014454
27 33 0.001953
27 34 0.996718
27 35 0.001168
27 36 0.000027
27 37 0.001953
27 38 0.000001
27 39 0.000001
27 40 0.999998
27 41 0.001953
27 42 0.000046
27 43 0.999996
27 44 0.000002
27 45 0.000001
27 46 0.000001
27 47 0.001953
27 48 0.999997
27 49 0.999580
27 50 0.001953
27 51 0.000002
