0 0 0.000000
0 1 0.001953
0 2 0.000002
0 3 0.969629
0 4 0.001953
0 5 0.001953
0 6 0.009291
0 7 0.009291
0 8 0.999999
0 9 0.000372
0 10 0.001953
0 11 0.009291
0 12 0.001953
0 13 0.472172
0 14 0.138922
0 15 0.820695
0 16 0.001953
0 17 0.001953
0 18 0.138922
0 19 0.677128
0 20 0.000027
0 21 0.001953
0 22 0.001953
0 23 0.001953
0 24 0.982801
0 25 0.610510
0 26 0.778725
0 27 0.999071
0 28 0.009291
0 29 0.999977
0 30 0.000372
0 31 0.009291
0 32 0.001953
0 33 0.009291
0 34 0.009291
0 35 0.946647
0 36 0.999985
0 37 0.001953
0 38 0.001953
0 39 0.999991
0 40 0.999862
0 41 0.001953
0 42 0.029925
0 43 0.999996
0 44 0.002681
0 45 0.999228
0 46 0.009291
0 47 0.001953
0 48 0.001953
0 49 0.138922
0 50 0.535509
0 51 0.999619
0 52 0.049733
0 53 0.049736
0 54 0.009291
0 55 0.001953
0 56 0.001953
0 57 0.988344
0 58 0.001953
0 59 0.009291
0 60 0.029925
0 61 0.009291
0 62 0.138922
0 63 0.035762
0 64 0.998916
0 65 0.998353
0 66 0.535507
0 67 0.001953
0 68 0.415919
0 69 0.082237
0 70 0.001953
0 71 0.001953
0 72 0.001953
0 73 0.001953
0 74 0.982801
0 75 0.009291
0 76 0.049729
0 77 0.999914
0 78 0.001953
0 79 0.001953
0 80 0.001953
0 81 0.001953
0 82 0.001953
0 83 0.999826
0 84 0.991239
0 85 0.002681
0 86 0.997565
0 87 0.009291
0 88 0.999997
0 89 0.001953
0 90 0.999954
0 91 0.000027
0 92 0.001953
0 93 0.001953
0 94 0.001953
0 95 0.001953
0 96 0.999674
0 97 0.004819
0 98 0.995058
0 99 0.999756
1 0 0.001953
1 1 0.000000
1 2 0.992708
1 3 0.009291
1 4 0.001953
1 5 0.071949
1 6 0.009291
1 7 0.999848
1 8 0.001953
1 9 0.848329
1 10 0.001953
1 11 0.001953
1 12 0.001953
1 13 0.999996
1 14 0.982801
1 15 0.999997
1 16 0.000046
1 17 0.009291
1 18 0.029925
1 19 0.999995
1 20 0.996753
1 21 0.000027
1 22 0.999749
1 23 0.932960
1 24 0.999657
1 25 0.999999
1 26 0.125000
1 27 0.082237
1 28 0.999543
1 29 0.000002
1 30 0.002681
1 31 0.972593
1 32 0.001953
1 33 0.000027
1 34 0.001953
1 35 0.329464
1 36 0.009291
1 37 0.029925
1 38 0.001953
1 39 0.998074
1 40 0.000002
1 41 0.000372
1 42 0.995892
1 43 0.001953
1 44 0.009291
1 45 0.999674
1 46 0.001953
1 47 0.993077
1 48 0.001953
1 49 0.949287
1 50 0.001953
1 51 0.001953
1 52 0.000372
1 53 0.001953
1 54 0.001953
1 55 0.987073
1 56 0.001953
1 57 0.999973
1 58 0.001953
1 59 0.001953
1 60 0.999970
1 61 0.434866
1 62 0.002681
1 63 0.002681
1 64 0.999674
1 65 0.001953
1 66 0.855444
1 67 0.014763
1 68 0.703771
1 69 0.009291
1 70 0.009291
1 71 0.003622
1 72 0.988355
1 73 0.963630
1 74 0.999996
1 75 0.999987
1 76 0.011782
1 77 0.987726
1 78 0.042359
1 79 0.998172
1 80 0.979373
1 81 0.987073
1 82 0.071949
1 83 0.001953
1 84 0.899864
1 85 0.029925
1 86 0.999229
1 87 0.999023
1 88 0.768374
1 89 0.029925
1 90 0.998172
1 91 0.999910
1 92 0.999979
1 93 0.610510
1 94 0.999978
1 95 0.071949
1 96 0.999999
1 97 0.125000
1 98 0.803068
1 99 0.029925
2 0 0.000002
2 1 0.992708
2 2 0.000000
2 3 0.972593
2 4 0.911627
2 5 0.999914
2 6 0.029925
2 7 0.999996
2 8 0.812061
2 9 0.803068
2 10 0.071949
2 11 0.029925
2 12 0.029925
2 13 0.029925
2 14 0.001953
2 15 0.999438
2 16 0.071949
2 17 0.999743
2 18 0.082237
2 19 0.453693
2 20 0.999998
2 21 0.009291
2 22 0.071949
2 23 0.999228
2 24 0.987073
2 25 0.001953
2 26 0.009291
2 27 0.999979
2 28 0.029925
2 29 0.329464
2 30 0.071949
2 31 0.915920
2 32 0.998629
2 33 0.999267
2 34 0.999984
2 35 0.986386
2 36 0.001953
2 37 0.999987
2 38 0.000027
2 39 0.517913
2 40 0.999997
2 41 0.029925
2 42 0.009291
2 43 0.001953
2 44 0.000372
2 45 0.042353
2 46 0.001953
2 47 0.990780
2 48 0.999996
2 49 0.001953
2 50 0.001953
2 51 0.004818
2 52 0.071949
2 53 0.153568
2 54 0.778733
2 55 0.071949
2 56 0.153568
2 57 0.999186
2 58 0.001953
2 59 0.210224
2 60 0.000002
2 61 0.995884
2 62 0.995672
2 63 0.999997
2 64 0.001953
2 65 0.999999
2 66 0.001953
2 67 0.911627
2 68 0.009291
2 69 0.999962
2 70 0.999742
2 71 0.001953
2 72 0.989772
2 73 0.994526
2 74 0.999998
2 75 0.003622
2 76 0.009291
2 77 0.999988
2 78 0.001953
2 79 0.999914
2 80 0.001953
2 81 0.999936
2 82 0.999998
2 83 0.999996
2 84 0.001953
2 85 0.993076
2 86 0.929503
2 87 0.029925
2 88 0.971149
2 89 0.029925
2 90 0.001953
2 91 0.999422
2 92 0.029925
2 93 0.001953
2 94 0.995672
2 95 0.000001
2 96 0.915921
2 97 0.994525
2 98 0.009291
2 99 0.029925
3 0 0.969629
3 1 0.009291
3 2 0.972593
3 3 0.000000
3 4 0.001953
3 5 0.001953
3 6 0.029925
3 7 0.883941
3 8 0.999919
3 9 0.001953
3 10 0.009291
3 11 0.009291
3 12 0.011782
3 13 0.009291
3 14 0.939388
3 15 0.999999
3 16 0.998172
3 17 0.210224
3 18 0.983667
3 19 0.001953
3 20 0.999999
3 21 0.014763
3 22 0.001953
3 23 0.999994
3 24 0.999856
3 25 0.999991
3 26 0.001953
3 27 0.999543
3 28 0.011782
3 29 0.011782
3 30 0.009291
3 31 0.009291
3 32 0.999996
3 33 0.999995
3 34 0.998172
3 35 0.995891
3 36 0.009291
3 37 0.000556
3 38 0.001953
3 39 0.995441
3 40 0.999998
3 41 0.009291
3 42 0.999910
3 43 0.001953
3 44 0.009291
3 45 0.999990
3 46 0.153567
3 47 0.003622
3 48 0.999639
3 49 0.071949
3 50 0.001953
3 51 0.001953
3 52 0.999962
3 53 0.889497
3 54 0.999999
3 55 0.009291
3 56 0.009291
3 57 0.011782
3 58 0.949286
3 59 0.999962
3 60 0.999999
3 61 0.009291
3 62 0.001953
3 63 0.999988
3 64 0.999984
3 65 0.210224
3 66 0.001953
3 67 0.001953
3 68 0.999979
3 69 0.999848
3 70 0.746454
3 71 0.996917
3 72 0.999963
3 73 0.999813
3 74 0.029925
3 75 0.997563
3 76 0.001953
3 77 0.011782
3 78 0.001953
3 79 0.001953
3 80 0.992319
3 81 0.071949
3 82 0.999999
3 83 0.011782
3 84 0.003622
3 85 0.001953
3 86 0.310464
3 87 0.000372
3 88 0.999964
3 89 0.009291
3 90 0.009291
3 91 0.961718
3 92 0.009291
3 93 0.999984
3 94 0.000046
3 95 0.001953
3 96 0.009291
3 97 0.995892
3 98 0.001953
3 99 0.329464
4 0 0.001953
4 1 0.001953
4 2 0.911627
4 3 0.001953
4 4 0.000000
4 5 0.001953
4 6 0.138922
4 7 0.999988
4 8 0.978283
4 9 0.009291
4 10 0.082237
4 11 0.999743
4 12 0.999995
4 13 0.001953
4 14 0.889494
4 15 0.009291
4 16 0.932960
4 17 0.997682
4 18 0.009291
4 19 0.009291
4 20 0.001953
4 21 0.001953
4 22 0.768376
4 23 0.009291
4 24 0.082237
4 25 0.999756
4 26 0.071949
4 27 0.009291
4 28 0.138922
4 29 0.009291
4 30 0.999973
4 31 0.000027
4 32 0.999743
4 33 0.999935
4 34 0.009291
4 35 0.907126
4 36 0.001953
4 37 0.009291
4 38 0.434867
4 39 0.009291
4 40 0.071949
4 41 0.009291
4 42 0.999993
4 43 0.002681
4 44 0.001953
4 45 0.000372
4 46 0.868767
4 47 0.001953
4 48 0.035762
4 49 0.716559
4 50 0.915920
4 51 0.138922
4 52 0.999996
4 53 0.001953
4 54 0.082237
4 55 0.009291
4 56 0.971150
4 57 0.999962
4 58 0.999936
4 59 0.999999
4 60 0.071949
4 61 0.999995
4 62 0.994234
4 63 0.029925
4 64 0.009291
4 65 0.999996
4 66 0.009291
4 67 0.029925
4 68 0.011782
4 69 0.001953
4 70 0.999743
4 71 0.227551
4 72 0.415919
4 73 0.210224
4 74 0.000372
4 75 0.001953
4 76 0.894849
4 77 0.994527
4 78 0.000372
4 79 0.000027
4 80 0.009291
4 81 0.009291
4 82 0.999886
4 83 0.009291
4 84 0.995672
4 85 0.999999
4 86 0.071949
4 87 0.009291
4 88 0.999223
4 89 0.999936
4 90 0.000813
4 91 0.001953
4 92 0.995892
4 93 0.000027
4 94 0.999542
4 95 0.001953
4 96 0.348573
4 97 0.999997
4 98 0.001953
4 99 0.001953
5 0 0.001953
5 1 0.071949
5 2 0.999914
5 3 0.001953
5 4 0.001953
5 5 0.000000
5 6 0.001953
5 7 0.999997
5 8 0.138922
5 9 0.001953
5 10 0.999999
5 11 0.001953
5 12 0.029925
5 13 0.210224
5 14 0.963629
5 15 0.035762
5 16 0.029925
5 17 0.812062
5 18 0.000027
5 19 0.998629
5 20 0.001953
5 21 0.009291
5 22 0.029925
5 23 0.999994
5 24 0.001953
5 25 0.029925
5 26 0.999687
5 27 0.999914
5 28 0.001953
5 29 0.999999
5 30 0.999977
5 31 0.227550
5 32 0.029925
5 33 0.990780
5 34 0.999996
5 35 0.999999
5 36 0.042351
5 37 0.001953
5 38 0.001953
5 39 0.035762
5 40 0.998629
5 41 0.999518
5 42 0.009291
5 43 0.125000
5 44 0.993277
5 45 0.035762
5 46 0.001953
5 47 0.936233
5 48 0.002681
5 49 0.001953
5 50 0.001953
5 51 0.000556
5 52 0.029925
5 53 0.992708
5 54 0.999674
5 55 0.001953
5 56 0.000556
5 57 0.999996
5 58 0.001953
5 59 0.949286
5 60 0.082236
5 61 0.995886
5 62 0.000002
5 63 0.138922
5 64 0.001953
5 65 0.999421
5 66 0.812062
5 67 0.001953
5 68 0.999995
5 69 0.610510
5 70 0.996753
5 71 0.001953
5 72 0.001953
5 73 0.001953
5 74 0.153566
5 75 0.001953
5 76 0.610510
5 77 0.001953
5 78 0.883941
5 79 0.453648
5 80 0.029925
5 81 0.001953
5 82 0.999674
5 83 0.011782
5 84 0.999993
5 85 0.029925
5 86 0.992318
5 87 0.993077
5 88 0.999786
5 89 0.999999
5 90 0.001953
5 91 0.001953
5 92 0.999985
5 93 0.001953
5 94 0.936229
5 95 0.001953
5 96 0.610510
5 97 0.009291
5 98 0.001953
5 99 0.999997
6 0 0.009291
6 1 0.009291
6 2 0.029925
6 3 0.029925
6 4 0.138922
6 5 0.001953
6 6 0.000000
6 7 0.965445
6 8 0.009291
6 9 0.999996
6 10 0.003622
6 11 0.001953
6 12 0.138922
6 13 0.001953
6 14 0.029925
6 15 0.999997
6 16 0.009291
6 17 0.996753
6 18 0.009291
6 19 0.977135
6 20 0.999994
6 21 0.965470
6 22 0.071949
6 23 0.999267
6 24 0.999998
6 25 0.009291
6 26 0.168907
6 27 0.001953
6 28 0.001953
6 29 0.009291
6 30 0.210224
6 31 0.001953
6 32 0.001953
6 33 0.001953
6 34 0.011782
6 35 0.310464
6 36 0.001953
6 37 0.992693
6 38 0.999990
6 39 0.009291
6 40 0.997563
6 41 0.009291
6 42 0.848329
6 43 0.997006
6 44 0.999996
6 45 0.009291
6 46 0.915921
6 47 0.999984
6 48 0.998171
6 49 0.999807
6 50 0.999998
6 51 0.999144
6 52 0.001953
6 53 0.971149
6 54 0.001953
6 55 0.011782
6 56 0.978283
6 57 0.001953
6 58 0.992708
6 59 0.082237
6 60 0.998172
6 61 0.029925
6 62 0.915918
6 63 0.029925
6 64 0.990803
6 65 0.999986
6 66 0.453638
6 67 0.000027
6 68 0.999987
6 69 0.001953
6 70 0.001953
6 71 0.001953
6 72 0.029925
6 73 0.009291
6 74 0.000372
6 75 0.001953
6 76 0.001953
6 77 0.000001
6 78 0.001953
6 79 0.227550
6 80 0.999971
6 81 0.907126
6 82 0.001953
6 83 0.999910
6 84 0.029925
6 85 0.994234
6 86 0.820692
6 87 0.994804
6 88 0.999995
6 89 0.001953
6 90 0.998173
6 91 0.862253
6 92 0.999988
6 93 0.009291
6 94 0.227550
6 95 0.990780
6 96 0.082237
6 97 0.001953
6 98 0.915911
6 99 0.963625
7 0 0.009291
7 1 0.999848
7 2 0.999996
7 3 0.883941
7 4 0.999988
7 5 0.999997
7 6 0.965445
7 7 0.000000
7 8 0.310464
7 9 0.001953
7 10 0.001953
7 11 0.961718
7 12 0.999187
7 13 0.999993
7 14 0.999936
7 15 0.011782
7 16 0.999996
7 17 0.999980
7 18 0.999998
7 19 0.778726
7 20 0.227550
7 21 0.999999
7 22 0.138922
7 23 0.014760
7 24 0.999952
7 25 0.001953
7 26 0.999390
7 27 0.009291
7 28 0.001953
7 29 0.153568
7 30 0.210224
7 31 0.963629
7 32 0.999987
7 33 0.009291
7 34 0.001953
7 35 0.996917
7 36 0.889492
7 37 0.002681
7 38 0.029925
7 39 0.001953
7 40 0.000002
7 41 0.029925
7 42 0.009291
7 43 0.999714
7 44 0.716438
7 45 0.001953
7 46 0.998916
7 47 0.001953
7 48 0.999996
7 49 0.999391
7 50 0.035762
7 51 0.992709
7 52 0.002681
7 53 0.009291
7 54 0.138921
7 55 0.029925
7 56 0.029925
7 57 0.001953
7 58 0.011781
7 59 0.009291
7 60 0.227550
7 61 0.999187
7 62 0.001953
7 63 0.812061
7 64 0.000372
7 65 0.999994
7 66 0.999963
7 67 0.001953
7 68 0.999438
7 69 0.999999
7 70 0.035762
7 71 0.009291
7 72 0.001953
7 73 0.009291
7 74 0.001953
7 75 0.999639
7 76 0.029925
7 77 0.001953
7 78 0.009291
7 79 0.125000
7 80 0.999997
7 81 0.153567
7 82 0.999996
7 83 0.690668
7 84 0.029925
7 85 0.997687
7 86 0.983667
7 87 0.009291
7 88 0.029925
7 89 0.227550
7 90 0.262242
7 91 0.001953
7 92 0.999187
7 93 0.999996
7 94 0.367727
7 95 0.001953
7 96 0.999894
7 97 0.009291
7 98 0.001953
7 99 0.071949
8 0 0.999999
8 1 0.001953
8 2 0.812061
8 3 0.999919
8 4 0.978283
8 5 0.138922
8 6 0.009291
8 7 0.310464
8 8 0.000000
8 9 0.001953
8 10 0.995672
8 11 0.001953
8 12 0.001953
8 13 0.999996
8 14 0.009291
8 15 0.999807
8 16 0.029925
8 17 0.999797
8 18 0.001953
8 19 0.997433
8 20 0.009291
8 21 0.001953
8 22 0.981890
8 23 0.999990
8 24 0.001953
8 25 0.999998
8 26 0.999518
8 27 0.001953
8 28 0.000046
8 29 0.703775
8 30 0.999998
8 31 0.009291
8 32 0.000372
8 33 0.029925
8 34 0.992708
8 35 0.999997
8 36 0.001953
8 37 0.009291
8 38 0.000556
8 39 0.999962
8 40 0.009291
8 41 0.227550
8 42 0.999848
8 43 0.999421
8 44 0.001953
8 45 0.001953
8 46 0.009291
8 47 0.999697
8 48 0.002681
8 49 0.009291
8 50 0.001953
8 51 0.999543
8 52 0.001953
8 53 0.001953
8 54 0.009291
8 55 0.999997
8 56 0.999995
8 57 0.001953
8 58 0.995672
8 59 0.920015
8 60 0.000372
8 61 0.138922
8 62 0.946647
8 63 0.915920
8 64 0.998971
8 65 0.001953
8 66 0.000372
8 67 0.001953
8 68 0.001953
8 69 0.009291
8 70 0.999973
8 71 0.001953
8 72 0.000372
8 73 0.990780
8 74 0.999936
8 75 0.999998
8 76 0.000372
8 77 0.001953
8 78 0.001953
8 79 0.011782
8 80 0.009291
8 81 0.168897
8 82 0.001953
8 83 0.995673
8 84 0.999760
8 85 0.348574
8 86 0.999998
8 87 0.000046
8 88 0.009291
8 89 0.003622
8 90 0.001953
8 91 0.001953
8 92 0.999743
8 93 0.990781
8 94 0.001953
8 95 0.009291
8 96 0.071949
8 97 0.999729
8 98 0.138922
8 99 0.001953
9 0 0.000372
9 1 0.848329
9 2 0.803068
9 3 0.001953
9 4 0.009291
9 5 0.001953
9 6 0.999996
9 7 0.001953
9 8 0.001953
9 9 0.000000
9 10 0.018287
9 11 0.009291
9 12 0.009291
9 13 0.001953
9 14 0.029925
9 15 0.001953
9 16 0.001953
9 17 0.000556
9 18 0.000002
9 19 0.001953
9 20 0.951800
9 21 0.001953
9 22 0.001953
9 23 0.996100
9 24 0.009291
9 25 0.138922
9 26 0.029925
9 27 0.001953
9 28 0.000027
9 29 0.987073
9 30 0.001953
9 31 0.001953
9 32 0.999988
9 33 0.071949
9 34 0.978283
9 35 0.009291
9 36 0.071949
9 37 0.210224
9 38 0.001953
9 39 0.999996
9 40 0.001953
9 41 0.000027
9 42 0.998074
9 43 0.999999
9 44 0.009291
9 45 0.001953
9 46 0.001953
9 47 0.999187
9 48 0.009291
9 49 0.029925
9 50 0.862256
9 51 0.009291
9 52 0.035762
9 53 0.001953
9 54 0.961718
9 55 0.029925
9 56 0.999996
9 57 0.348575
9 58 0.029925
9 59 0.999977
9 60 0.001953
9 61 0.001953
9 62 0.998074
9 63 0.029925
9 64 0.001953
9 65 0.415919
9 66 0.986386
9 67 0.001953
9 68 0.995892
9 69 0.000027
9 70 0.999743
9 71 0.999999
9 72 0.009291
9 73 0.071949
9 74 0.001953
9 75 0.997075
9 76 0.001953
9 77 0.001953
9 78 0.125000
9 79 0.001953
9 80 0.999999
9 81 0.990271
9 82 0.915921
9 83 0.999804
9 84 0.999983
9 85 0.009291
9 86 0.999997
9 87 0.348574
9 88 0.029925
9 89 0.001953
9 90 0.998629
9 91 0.000372
9 92 0.999971
9 93 0.001953
9 94 0.999023
9 95 0.999891
9 96 0.071949
9 97 0.999962
9 98 0.002681
9 99 0.915922
10 0 0.001953
10 1 0.001953
10 2 0.071949
10 3 0.009291
10 4 0.082237
10 5 0.999999
10 6 0.003622
10 7 0.001953
10 8 0.995672
10 9 0.018287
10 10 0.000000
10 11 0.987727
10 12 0.517913
10 13 0.889496
10 14 0.999952
10 15 0.001953
10 16 0.000027
10 17 0.002681
10 18 0.999999
10 19 0.029925
10 20 0.029925
10 21 0.001953
10 22 0.999946
10 23 0.517913
10 24 0.961718
10 25 0.009291
10 26 0.009291
10 27 0.999999
10 28 0.999966
10 29 0.009291
10 30 0.029925
10 31 0.009291
10 32 0.999995
10 33 0.996917
10 34 0.946647
10 35 0.000002
10 36 0.001953
10 37 0.001953
10 38 0.999639
10 39 0.009291
10 40 0.009291
10 41 0.999639
10 42 0.001953
10 43 0.999995
10 44 0.009291
10 45 0.594604
10 46 0.210224
10 47 0.001953
10 48 0.001953
10 49 0.993076
10 50 0.992708
10 51 0.011782
10 52 0.999855
10 53 0.984490
10 54 0.999996
10 55 0.001953
10 56 0.999997
10 57 0.009291
10 58 0.999390
10 59 0.029925
10 60 0.983668
10 61 0.001953
10 62 0.001953
10 63 0.998916
10 64 0.001953
10 65 0.999952
10 66 0.009291
10 67 0.001953
10 68 0.999997
10 69 0.996917
10 70 0.999421
10 71 0.001953
10 72 0.029925
10 73 0.001953
10 74 0.999963
10 75 0.961718
10 76 0.999247
10 77 0.002681
10 78 0.999999
10 79 0.001953
10 80 0.977134
10 81 0.999999
10 82 0.071949
10 83 0.992319
10 84 0.999987
10 85 0.029925
10 86 0.999228
10 87 0.001953
10 88 0.011782
10 89 0.029925
10 90 0.999991
10 91 0.071949
10 92 0.983668
10 93 0.999987
10 94 0.000814
10 95 0.000002
10 96 0.071949
10 97 0.000001
10 98 0.999996
10 99 0.009291
11 0 0.009291
11 1 0.001953
11 2 0.029925
11 3 0.009291
11 4 0.999743
11 5 0.001953
11 6 0.001953
11 7 0.961718
11 8 0.001953
11 9 0.009291
11 10 0.987727
11 11 0.000000
11 12 0.690668
11 13 0.434866
11 14 0.035762
11 15 0.999997
11 16 0.029925
11 17 0.001953
11 18 0.009291
11 19 0.000372
11 20 0.999988
11 21 0.000002
11 22 0.009291
11 23 0.001953
11 24 0.999999
11 25 0.434866
11 26 0.001953
11 27 0.009291
11 28 0.999937
11 29 0.035762
11 30 0.014763
11 31 0.082236
11 32 0.001953
11 33 0.996917
11 34 0.999996
11 35 0.001953
11 36 0.977135
11 37 0.105297
11 38 0.998172
11 39 0.009291
11 40 0.995869
11 41 0.002681
11 42 0.999999
11 43 0.153567
11 44 0.009291
11 45 0.001953
11 46 0.009291
11 47 0.071949
11 48 0.009291
11 49 0.999543
11 50 0.009291
11 51 0.999848
11 52 0.998629
11 53 0.009291
11 54 0.746454
11 55 0.348574
11 56 0.716442
11 57 0.999993
11 58 0.999996
11 59 0.954297
11 60 0.000002
11 61 0.001953
11 62 0.000002
11 63 0.035762
11 64 0.001953
11 65 0.999999
11 66 0.977134
11 67 0.009291
11 68 0.999946
11 69 0.014763
11 70 0.000002
11 71 0.999927
11 72 0.999998
11 73 0.999228
11 74 0.999807
11 75 0.329464
11 76 0.998698
11 77 0.999812
11 78 0.001953
11 79 0.999984
11 80 0.999390
11 81 0.999998
11 82 0.999996
11 83 0.071949
11 84 0.001953
11 85 0.984487
11 86 0.227551
11 87 0.001953
11 88 0.999658
11 89 0.936254
11 90 0.001953
11 91 0.009291
11 92 0.001953
11 93 0.001953
11 94 0.001953
11 95 0.999993
11 96 0.001953
11 97 0.000001
11 98 0.001953
11 99 0.001953
12 0 0.001953
12 1 0.001953
12 2 0.029925
12 3 0.011782
12 4 0.999995
12 5 0.029925
12 6 0.138922
12 7 0.999187
12 8 0.001953
12 9 0.009291
12 10 0.517913
12 11 0.690668
12 12 0.000000
12 13 0.071949
12 14 0.153569
12 15 0.001953
12 16 0.009291
12 17 0.035762
12 18 0.001953
12 19 0.009291
12 20 0.001953
12 21 0.035762
12 22 0.014763
12 23 0.999964
12 24 0.029925
12 25 0.971149
12 26 0.999964
12 27 0.009291
12 28 0.000027
12 29 0.009291
12 30 0.029925
12 31 0.998698
12 32 0.082237
12 33 0.999963
12 34 0.029925
12 35 0.999960
12 36 0.995890
12 37 0.001953
12 38 0.042353
12 39 0.009291
12 40 0.003622
12 41 0.227551
12 42 0.999987
12 43 0.999807
12 44 0.000027
12 45 0.999962
12 46 0.999984
12 47 0.049680
12 48 0.000372
12 49 0.894800
12 50 0.009291
12 51 0.998265
12 52 0.999994
12 53 0.001953
12 54 0.029925
12 55 0.001953
12 56 0.001953
12 57 0.703771
12 58 0.812060
12 59 0.029925
12 60 0.035762
12 61 0.999991
12 62 0.001953
12 63 0.992319
12 64 0.999998
12 65 0.998629
12 66 0.999988
12 67 0.434864
12 68 0.310465
12 69 0.999999
12 70 0.999995
12 71 0.029925
12 72 0.999996
12 73 0.011782
12 74 0.001953
12 75 0.552764
12 76 0.001953
12 77 0.001953
12 78 0.029925
12 79 0.878126
12 80 0.998699
12 81 0.029925
12 82 0.009291
12 83 0.029925
12 84 0.000002
12 85 0.961720
12 86 0.009291
12 87 0.999970
12 88 0.999729
12 89 0.001953
12 90 0.001953
12 91 0.999674
12 92 0.001953
12 93 0.999996
12 94 0.009291
12 95 0.001953
12 96 0.979370
12 97 0.999657
12 98 0.987073
12 99 0.999855
13 0 0.472172
13 1 0.999996
13 2 0.029925
13 3 0.009291
13 4 0.001953
13 5 0.210224
13 6 0.001953
13 7 0.999993
13 8 0.999996
13 9 0.001953
13 10 0.889496
13 11 0.434866
13 12 0.071949
13 13 0.000000
13 14 0.001953
13 15 0.029925
13 16 0.997563
13 17 0.001953
13 18 0.035762
13 19 0.227550
13 20 0.999999
13 21 0.999657
13 22 0.001953
13 23 0.915921
13 24 0.009291
13 25 0.001953
13 26 0.001953
13 27 0.000027
13 28 0.001953
13 29 0.001953
13 30 0.125000
13 31 0.310464
13 32 0.991756
13 33 0.210224
13 34 0.990289
13 35 0.994234
13 36 0.009291
13 37 0.949287
13 38 0.014763
13 39 0.138922
13 40 0.138922
13 41 0.999993
13 42 0.980418
13 43 0.569662
13 44 0.998263
13 45 0.848329
13 46 0.071949
13 47 0.001953
13 48 0.029925
13 49 0.997563
13 50 0.999807
13 51 0.999996
13 52 0.009291
13 53 0.210224
13 54 0.626001
13 55 0.011782
13 56 0.009291
13 57 0.961719
13 58 0.011782
13 59 0.999990
13 60 0.996752
13 61 0.009291
13 62 0.001953
13 63 0.001953
13 64 0.996100
13 65 0.001953
13 66 0.001953
13 67 0.999992
13 68 0.999995
13 69 0.999992
13 70 0.626001
13 71 0.415919
13 72 0.009291
13 73 0.999999
13 74 0.125000
13 75 0.001953
13 76 0.009291
13 77 0.001953
13 78 0.029925
13 79 0.994525
13 80 0.000372
13 81 0.999997
13 82 0.001953
13 83 0.999807
13 84 0.035762
13 85 0.227550
13 86 0.029925
13 87 0.011782
13 88 0.999420
13 89 0.999807
13 90 0.999228
13 91 0.987726
13 92 0.999999
13 93 0.997563
13 94 0.535509
13 95 0.003622
13 96 0.999674
13 97 0.001953
13 98 0.999996
13 99 0.983667
14 0 0.138922
14 1 0.982801
14 2 0.001953
14 3 0.939388
14 4 0.889494
14 5 0.963629
14 6 0.029925
14 7 0.999936
14 8 0.009291
14 9 0.029925
14 10 0.999952
14 11 0.035762
14 12 0.153569
14 13 0.001953
14 14 0.000000
14 15 0.999995
14 16 0.009291
14 17 0.997562
14 18 0.001953
14 19 0.001953
14 20 0.999228
14 21 0.011782
14 22 0.999996
14 23 0.999949
14 24 0.001953
14 25 0.999999
14 26 0.999991
14 27 0.000027
14 28 0.001953
14 29 0.035762
14 30 0.999886
14 31 0.999991
14 32 0.999964
14 33 0.001953
14 34 0.946647
14 35 0.999998
14 36 0.998629
14 37 0.035762
14 38 0.999977
14 39 0.995892
14 40 0.029925
14 41 0.999978
14 42 0.999971
14 43 0.001953
14 44 0.138922
14 45 0.245317
14 46 0.009291
14 47 0.001953
14 48 0.125000
14 49 0.029925
14 50 0.894800
14 51 0.978283
14 52 0.029925
14 53 0.971149
14 54 0.348574
14 55 0.001953
14 56 0.999639
14 57 0.999917
14 58 0.997433
14 59 0.001953
14 60 0.999884
14 61 0.001953
14 62 0.999994
14 63 0.001953
14 64 0.000027
14 65 0.000046
14 66 0.001953
14 67 0.009291
14 68 0.009291
14 69 0.999996
14 70 0.951797
14 71 0.999891
14 72 0.972594
14 73 0.093365
14 74 0.990290
14 75 0.999879
14 76 0.001953
14 77 0.992708
14 78 0.042355
14 79 0.001953
14 80 0.001953
14 81 0.001953
14 82 0.001953
14 83 0.210224
14 84 0.348571
14 85 0.999910
14 86 0.002681
14 87 0.029925
14 88 0.009291
14 89 0.001953
14 90 0.035762
14 91 0.998971
14 92 0.329464
14 93 0.001953
14 94 0.227551
14 95 0.009291
14 96 0.999997
14 97 0.009291
14 98 0.949286
14 99 0.517913
15 0 0.820695
15 1 0.999997
15 2 0.999438
15 3 0.999999
15 4 0.009291
15 5 0.035762
15 6 0.999997
15 7 0.011782
15 8 0.999807
15 9 0.001953
15 10 0.001953
15 11 0.999997
15 12 0.001953
15 13 0.029925
15 14 0.999995
15 15 0.000000
15 16 0.001953
15 17 0.001953
15 18 0.999999
15 19 0.999187
15 20 0.999988
15 21 0.029925
15 22 0.999936
15 23 0.001953
15 24 0.138922
15 25 0.001953
15 26 0.002681
15 27 0.999674
15 28 0.125000
15 29 0.009291
15 30 0.000001
15 31 0.001953
15 32 0.999936
15 33 0.125000
15 34 0.415919
15 35 0.001953
15 36 0.978285
15 37 0.001953
15 38 0.535509
15 39 0.001953
15 40 0.245314
15 41 0.009291
15 42 0.029925
15 43 0.125000
15 44 0.049728
15 45 0.983622
15 46 0.972593
15 47 0.999960
15 48 0.999987
15 49 0.971149
15 50 0.999910
15 51 0.071949
15 52 0.999989
15 53 0.029925
15 54 0.009291
15 55 0.946647
15 56 0.263463
15 57 0.999729
15 58 0.999419
15 59 0.999964
15 60 0.001953
15 61 0.997563
15 62 0.999998
15 63 0.138922
15 64 0.982801
15 65 0.001953
15 66 0.999962
15 67 0.000372
15 68 0.971149
15 69 0.001953
15 70 0.999998
15 71 0.002681
15 72 0.001953
15 73 0.035762
15 74 0.001953
15 75 0.001953
15 76 0.001953
15 77 0.001953
15 78 0.001953
15 79 0.983667
15 80 0.999886
15 81 0.999999
15 82 0.009291
15 83 0.453649
15 84 0.001953
15 85 0.999995
15 86 0.003622
15 87 0.009291
15 88 0.996920
15 89 0.915926
15 90 0.001953
15 91 0.999543
15 92 0.009291
15 93 0.999995
15 94 0.999797
15 95 0.999996
15 96 0.009291
15 97 0.001953
15 98 0.001953
15 99 0.971152
16 0 0.001953
16 1 0.000046
16 2 0.071949
16 3 0.998172
16 4 0.932960
16 5 0.029925
16 6 0.009291
16 7 0.999996
16 8 0.029925
16 9 0.001953
16 10 0.000027
16 11 0.029925
16 12 0.009291
16 13 0.997563
16 14 0.009291
16 15 0.001953
16 16 0.000000
16 17 0.009291
16 18 0.999994
16 19 0.210224
16 20 0.001953
16 21 0.001953
16 22 0.001953
16 23 0.125000
16 24 0.855444
16 25 0.001953
16 26 0.029925
16 27 0.035762
16 28 0.071949
16 29 0.093360
16 30 0.000046
16 31 0.999566
16 32 0.000372
16 33 0.001953
16 34 0.999999
16 35 0.972593
16 36 0.999999
16 37 0.029925
16 38 0.071949
16 39 0.999977
16 40 0.011782
16 41 0.029925
16 42 0.996753
16 43 0.009291
16 44 0.071949
16 45 0.001953
16 46 0.998971
16 47 0.677128
16 48 0.992708
16 49 0.014763
16 50 0.029925
16 51 0.993077
16 52 0.001953
16 53 0.029925
16 54 0.999986
16 55 0.001953
16 56 0.999936
16 57 0.999995
16 58 0.915920
16 59 0.992708
16 60 0.803068
16 61 0.999999
16 62 0.029925
16 63 0.009291
16 64 0.994525
16 65 0.000027
16 66 0.000001
16 67 0.855446
16 68 0.000372
16 69 0.001953
16 70 0.001953
16 71 0.999999
16 72 0.035762
16 73 0.999390
16 74 0.009291
16 75 0.000027
16 76 0.999996
16 77 0.954191
16 78 0.999756
16 79 0.001953
16 80 0.029925
16 81 0.029925
16 82 0.009291
16 83 0.690668
16 84 0.625999
16 85 0.999984
16 86 0.001953
16 87 0.999187
16 88 0.001953
16 89 0.820683
16 90 0.138922
16 91 0.746454
16 92 0.001953
16 93 0.001953
16 94 0.138922
16 95 0.009291
16 96 0.009291
16 97 0.998629
16 98 0.999187
16 99 0.983665
17 0 0.001953
17 1 0.009291
17 2 0.999743
17 3 0.210224
17 4 0.997682
17 5 0.812062
17 6 0.996753
17 7 0.999980
17 8 0.999797
17 9 0.000556
17 10 0.002681
17 11 0.001953
17 12 0.035762
17 13 0.001953
17 14 0.997562
17 15 0.001953
17 16 0.009291
17 17 0.000000
17 18 0.000372
17 19 0.999358
17 20 0.071949
17 21 0.999987
17 22 0.001953
17 23 0.125000
17 24 0.999541
17 25 0.011782
17 26 0.348522
17 27 0.919865
17 28 0.999891
17 29 0.001953
17 30 0.999797
17 31 0.168892
17 32 0.001953
17 33 0.009291
17 34 0.035762
17 35 0.999936
17 36 0.009291
17 37 0.001953
17 38 0.999993
17 39 0.963621
17 40 0.999971
17 41 0.138922
17 42 0.035762
17 43 0.994234
17 44 0.029925
17 45 0.000027
17 46 0.001953
17 47 0.071949
17 48 0.000556
17 49 0.009291
17 50 0.997563
17 51 0.703771
17 52 0.001953
17 53 0.949286
17 54 0.029925
17 55 0.690668
17 56 0.999952
17 57 0.994234
17 58 0.009291
17 59 0.998970
17 60 0.972594
17 61 0.009291
17 62 0.999919
17 63 0.999971
17 64 0.001953
17 65 0.001953
17 66 0.009291
17 67 0.035762
17 68 0.125000
17 69 0.210224
17 70 0.002681
17 71 0.011782
17 72 0.009291
17 73 0.001953
17 74 0.936161
17 75 0.002681
17 76 0.999187
17 77 0.009291
17 78 0.999998
17 79 0.001953
17 80 0.000556
17 81 0.227550
17 82 0.000372
17 83 0.029925
17 84 0.001953
17 85 0.000002
17 86 0.997433
17 87 0.009291
17 88 0.999541
17 89 0.996917
17 90 0.998172
17 91 0.001953
17 92 0.000002
17 93 0.987692
17 94 0.999999
17 95 0.999817
17 96 0.972596
17 97 0.987726
17 98 0.677128
17 99 0.999855
18 0 0.138922
18 1 0.029925
18 2 0.082237
18 3 0.983667
18 4 0.009291
18 5 0.000027
18 6 0.009291
18 7 0.999998
18 8 0.001953
18 9 0.000002
18 10 0.999999
18 11 0.009291
18 12 0.001953
18 13 0.035762
18 14 0.001953
18 15 0.999999
18 16 0.999994
18 17 0.000372
18 18 0.000000
18 19 0.001953
18 20 0.009291
18 21 0.848329
18 22 0.978283
18 23 0.029925
18 24 0.415919
18 25 0.011782
18 26 0.987073
18 27 0.000372
18 28 0.001953
18 29 0.999756
18 30 0.009291
18 31 0.227550
18 32 0.001953
18 33 0.998971
18 34 0.001953
18 35 0.993077
18 36 0.993426
18 37 0.009291
18 38 0.227550
18 39 0.011782
18 40 0.001953
18 41 0.153568
18 42 0.999999
18 43 0.997564
18 44 0.920034
18 45 0.996541
18 46 0.868665
18 47 0.936200
18 48 0.999807
18 49 0.920002
18 50 0.002681
18 51 0.001953
18 52 0.029925
18 53 0.768380
18 54 0.936254
18 55 0.999674
18 56 0.000027
18 57 0.992707
18 58 0.071949
18 59 0.002681
18 60 0.002681
18 61 0.999935
18 62 0.999935
18 63 0.001953
18 64 0.009291
18 65 0.014763
18 66 0.999891
18 67 0.000027
18 68 0.001953
18 69 0.999996
18 70 0.999984
18 71 0.001953
18 72 0.915925
18 73 0.071949
18 74 0.001953
18 75 0.001953
18 76 0.535509
18 77 0.001953
18 78 0.000027
18 79 0.009291
18 80 0.001953
18 81 0.009291
18 82 0.997804
18 83 0.029925
18 84 0.009291
18 85 0.001953
18 86 0.153565
18 87 0.999996
18 88 0.001953
18 89 0.001953
18 90 0.029925
18 91 0.000372
18 92 0.001953
18 93 0.999997
18 94 0.999935
18 95 0.009291
18 96 0.001953
18 97 0.001953
18 98 0.009291
18 99 0.001953
19 0 0.677128
19 1 0.999995
19 2 0.453693
19 3 0.001953
19 4 0.009291
19 5 0.998629
19 6 0.977135
19 7 0.778726
19 8 0.997433
19 9 0.001953
19 10 0.029925
19 11 0.000372
19 12 0.009291
19 13 0.227550
19 14 0.001953
19 15 0.999187
19 16 0.210224
19 17 0.999358
19 18 0.001953
19 19 0.000000
19 20 0.011782
19 21 0.011782
19 22 0.999848
19 23 0.071949
19 24 0.002681
19 25 0.011782
19 26 0.001953
19 27 0.988345
19 28 0.001953
19 29 0.990781
19 30 0.990290
19 31 0.153568
19 32 0.029925
19 33 0.001953
19 34 0.001953
19 35 0.999962
19 36 0.999993
19 37 0.001953
19 38 0.009291
19 39 0.071949
19 40 0.001953
19 41 0.999964
19 42 0.001953
19 43 0.153568
19 44 0.999964
19 45 0.001953
19 46 0.978283
19 47 0.812062
19 48 0.000001
19 49 0.001953
19 50 0.009291
19 51 0.999987
19 52 0.029925
19 53 0.009291
19 54 0.001953
19 55 0.001953
19 56 0.029925
19 57 0.001953
19 58 0.999664
19 59 0.001953
19 60 0.029925
19 61 0.000372
19 62 0.001953
19 63 0.029925
19 64 0.999977
19 65 0.000372
19 66 0.999999
19 67 0.453676
19 68 0.001953
19 69 0.001953
19 70 0.999998
19 71 0.000027
19 72 0.999848
19 73 0.999855
19 74 0.987725
19 75 0.453666
19 76 0.999996
19 77 0.535509
19 78 0.002681
19 79 0.009291
19 80 0.999995
19 81 0.009291
19 82 0.001953
19 83 0.999999
19 84 0.999960
19 85 0.009291
19 86 0.999807
19 87 0.998555
19 88 0.029925
19 89 0.001953
19 90 0.001953
19 91 0.999886
19 92 0.001953
19 93 0.000372
19 94 0.011782
19 95 0.999973
19 96 0.210224
19 97 0.703768
19 98 0.999999
19 99 0.000556
20 0 0.000027
20 1 0.996753
20 2 0.999998
20 3 0.999999
20 4 0.001953
20 5 0.001953
20 6 0.999994
20 7 0.227550
20 8 0.009291
20 9 0.951800
20 10 0.029925
20 11 0.999988
20 12 0.001953
20 13 0.999999
20 14 0.999228
20 15 0.999988
20 16 0.001953
20 17 0.071949
20 18 0.009291
20 19 0.011782
20 20 0.000000
20 21 0.001953
20 22 0.002681
20 23 0.999913
20 24 0.993077
20 25 0.001953
20 26 0.001953
20 27 0.002681
20 28 0.999667
20 29 0.009291
20 30 0.001953
20 31 0.011782
20 32 0.000001
20 33 0.001953
20 34 0.999999
20 35 0.000002
20 36 0.000002
20 37 0.009291
20 38 0.001953
20 39 0.000027
20 40 0.001953
20 41 0.983667
20 42 0.001953
20 43 0.999936
20 44 0.982801
20 45 0.001953
20 46 0.082237
20 47 0.999999
20 48 0.990289
20 49 0.367735
20 50 0.999996
20 51 0.000027
20 52 0.125000
20 53 0.915921
20 54 0.001953
20 55 0.001953
20 56 0.001953
20 57 0.035762
20 58 0.000027
20 59 0.000556
20 60 0.994526
20 61 0.999983
20 62 0.999187
20 63 0.971150
20 64 0.920069
20 65 0.009291
20 66 0.029925
20 67 0.999998
20 68 0.009291
20 69 0.071949
20 70 0.009291
20 71 0.961718
20 72 0.999995
20 73 0.029925
20 74 0.920017
20 75 0.082237
20 76 0.009291
20 77 0.999999
20 78 0.999998
20 79 0.001953
20 80 0.000372
20 81 0.999846
20 82 0.001953
20 83 0.812062
20 84 0.999999
20 85 0.999936
20 86 0.990289
20 87 0.999742
20 88 0.987726
20 89 0.001953
20 90 0.999886
20 91 0.999807
20 92 0.001953
20 93 0.998972
20 94 0.998172
20 95 0.001953
20 96 0.999729
20 97 0.009291
20 98 0.001953
20 99 0.415919
21 0 0.001953
21 1 0.000027
21 2 0.009291
21 3 0.014763
21 4 0.001953
21 5 0.009291
21 6 0.965470
21 7 0.999999
21 8 0.001953
21 9 0.001953
21 10 0.001953
21 11 0.000002
21 12 0.035762
21 13 0.999657
21 14 0.011782
21 15 0.029925
21 16 0.001953
21 17 0.999987
21 18 0.848329
21 19 0.011782
21 20 0.001953
21 21 0.000000
21 22 0.001953
21 23 0.999657
21 24 0.082237
21 25 0.001953
21 26 0.001953
21 27 0.001953
21 28 0.997563
21 29 0.001953
21 30 0.001953
21 31 0.001953
21 32 0.029925
21 33 0.001953
21 34 0.641070
21 35 0.001953
21 36 0.001953
21 37 0.125000
21 38 0.999999
21 39 0.018275
21 40 0.009291
21 41 0.001953
21 42 0.000027
21 43 0.001953
21 44 0.999952
21 45 0.999566
21 46 0.001953
21 47 0.999998
21 48 0.997804
21 49 0.999997
21 50 0.517913
21 51 0.993426
21 52 0.000372
21 53 0.009291
21 54 0.009291
21 55 0.999954
21 56 0.000372
21 57 0.001953
21 58 0.001953
21 59 0.999966
21 60 0.001953
21 61 0.009291
21 62 0.001953
21 63 0.002681
21 64 0.002681
21 65 0.001953
21 66 0.999991
21 67 0.703783
21 68 0.000001
21 69 0.029925
21 70 0.329464
21 71 0.001953
21 72 0.998971
21 73 0.227550
21 74 0.029925
21 75 0.999983
21 76 0.971149
21 77 0.899785
21 78 0.517913
21 79 0.999999
21 80 0.999951
21 81 0.329464
21 82 0.029925
21 83 0.001953
21 84 0.071949
21 85 0.001953
21 86 0.998629
21 87 0.999936
21 88 0.001953
21 89 0.029925
21 90 0.999999
21 91 0.001953
21 92 0.999276
21 93 0.999863
21 94 0.001953
21 95 0.001953
21 96 0.000002
21 97 0.138922
21 98 0.535507
21 99 0.029925
22 0 0.001953
22 1 0.999749
22 2 0.071949
22 3 0.001953
22 4 0.768376
22 5 0.029925
22 6 0.071949
22 7 0.138922
22 8 0.981890
22 9 0.001953
22 10 0.999946
22 11 0.009291
22 12 0.014763
22 13 0.001953
22 14 0.999996
22 15 0.999936
22 16 0.001953
22 17 0.001953
22 18 0.978283
22 19 0.999848
22 20 0.002681
22 21 0.001953
22 22 0.000000
22 23 0.999994
22 24 0.001953
22 25 0.009291
22 26 0.999543
22 27 0.999995
22 28 0.029925
22 29 0.029925
22 30 0.999935
22 31 0.963626
22 32 0.999998
22 33 0.894800
22 34 0.138922
22 35 0.001953
22 36 0.071949
22 37 0.001953
22 38 0.001953
22 39 0.996753
22 40 0.000002
22 41 0.071949
22 42 0.001953
22 43 0.001953
22 44 0.001953
22 45 0.939389
22 46 0.992708
22 47 0.001953
22 48 0.999996
22 49 0.999144
22 50 0.001953
22 51 0.000002
22 52 0.994525
22 53 0.999999
22 54 0.999999
22 55 0.001953
22 56 0.594604
22 57 0.991910
22 58 0.001953
22 59 0.999988
22 60 0.001953
22 61 0.009291
22 62 0.999998
22 63 0.009291
22 64 0.001953
22 65 0.999999
22 66 0.999997
22 67 0.999996
22 68 0.071949
22 69 0.999988
22 70 0.009291
22 71 0.009291
22 72 0.001953
22 73 0.071949
22 74 0.999993
22 75 0.071949
22 76 0.820692
22 77 0.987073
22 78 0.999229
22 79 0.894801
22 80 0.703770
22 81 0.009291
22 82 0.746454
22 83 0.009291
22 84 0.001953
22 85 0.999990
22 86 0.883941
22 87 0.009291
22 88 0.987073
22 89 0.011782
22 90 0.001953
22 91 0.999979
22 92 0.994234
22 93 0.999995
22 94 0.138922
22 95 0.153567
22 96 0.999657
22 97 0.986386
22 98 0.003619
22 99 0.029925
23 0 0.001953
23 1 0.932960
23 2 0.999228
23 3 0.999994
23 4 0.009291
23 5 0.999994
23 6 0.999267
23 7 0.014760
23 8 0.999990
23 9 0.996100
23 10 0.517913
23 11 0.001953
23 12 0.999964
23 13 0.915921
23 14 0.999949
23 15 0.001953
23 16 0.125000
23 17 0.125000
23 18 0.029925
23 19 0.071949
23 20 0.999913
23 21 0.999657
23 22 0.999994
23 23 0.000000
23 24 0.999998
23 25 0.001953
23 26 0.820770
23 27 0.011782
23 28 0.999987
23 29 0.011782
23 30 0.001953
23 31 0.029925
23 32 0.998629
23 33 0.001953
23 34 0.001953
23 35 0.999948
23 36 0.071949
23 37 0.999988
23 38 0.999960
23 39 0.000027
23 40 0.001953
23 41 0.999995
23 42 0.999910
23 43 0.001953
23 44 0.001953
23 45 0.071949
23 46 0.071949
23 47 0.000556
23 48 0.999984
23 49 0.001953
23 50 0.999999
23 51 0.029925
23 52 0.001953
23 53 0.001953
23 54 0.082236
23 55 0.996917
23 56 0.029925
23 57 0.000556
23 58 0.210224
23 59 0.626001
23 60 0.071949
23 61 0.009291
23 62 0.001953
23 63 0.210224
23 64 0.001953
23 65 0.009291
23 66 0.009291
23 67 0.001953
23 68 0.999996
23 69 0.001953
23 70 0.002681
23 71 0.999657
23 72 0.984283
23 73 0.009291
23 74 0.999998
23 75 0.999969
23 76 0.001953
23 77 0.998971
23 78 0.009291
23 79 0.998555
23 80 0.001953
23 81 0.999743
23 82 0.009291
23 83 0.029925
23 84 0.996753
23 85 0.001953
23 86 0.029925
23 87 0.992319
23 88 0.029925
23 89 0.029925
23 90 0.998629
23 91 0.999919
23 92 0.035762
23 93 0.011782
23 94 0.009291
23 95 0.001953
23 96 0.999998
23 97 0.803068
23 98 0.001953
23 99 0.999999
24 0 0.982801
24 1 0.999657
24 2 0.987073
24 3 0.999856
24 4 0.082237
24 5 0.001953
24 6 0.999998
24 7 0.999952
24 8 0.001953
24 9 0.009291
24 10 0.961718
24 11 0.999999
24 12 0.029925
24 13 0.009291
24 14 0.001953
24 15 0.138922
24 16 0.855444
24 17 0.999541
24 18 0.415919
24 19 0.002681
24 20 0.993077
24 21 0.082237
24 22 0.001953
24 23 0.999998
24 24 0.000000
24 25 0.999023
24 26 0.999983
24 27 0.001953
24 28 0.002681
24 29 0.001953
24 30 0.001953
24 31 0.001953
24 32 0.009291
24 33 0.001953
24 34 0.168895
24 35 0.022391
24 36 0.999993
24 37 0.029925
24 38 0.009291
24 39 0.983668
24 40 0.009291
24 41 0.993926
24 42 0.011782
24 43 0.999999
24 44 0.009291
24 45 0.029925
24 46 0.920051
24 47 0.001953
24 48 0.999999
24 49 0.071949
24 50 0.000372
24 51 0.999936
24 52 0.999999
24 53 0.999565
24 54 0.998555
24 55 0.994526
24 56 0.999999
24 57 0.001953
24 58 0.001953
24 59 0.002681
24 60 0.001953
24 61 0.009291
24 62 0.999999
24 63 0.011782
24 64 0.517913
24 65 0.999999
24 66 0.168898
24 67 0.999995
24 68 0.999999
24 69 0.000372
24 70 0.997073
24 71 0.029925
24 72 0.000002
24 73 0.001953
24 74 0.009291
24 75 0.001953
24 76 0.001953
24 77 0.001953
24 78 0.000002
24 79 0.210224
24 80 0.999984
24 81 0.000002
24 82 0.071949
24 83 0.000046
24 84 0.009291
24 85 0.000372
24 86 0.002681
24 87 0.009291
24 88 0.029925
24 89 0.011782
24 90 0.009291
24 91 0.848329
24 92 0.000027
24 93 0.996753
24 94 0.999797
24 95 0.001953
24 96 0.001953
24 97 0.001953
24 98 0.071949
24 99 0.001953
25 0 0.610510
25 1 0.999999
25 2 0.001953
25 3 0.999991
25 4 0.999756
25 5 0.029925
25 6 0.009291
25 7 0.001953
25 8 0.999998
25 9 0.138922
25 10 0.009291
25 11 0.434866
25 12 0.971149
25 13 0.001953
25 14 0.999999
25 15 0.001953
25 16 0.001953
25 17 0.011782
25 18 0.011782
25 19 0.011782
25 20 0.001953
25 21 0.001953
25 22 0.009291
25 23 0.001953
25 24 0.999023
25 25 0.000000
25 26 0.999919
25 27 0.009291
25 28 0.009291
25 29 0.987724
25 30 0.640496
25 31 0.001953
25 32 0.001953
25 33 0.001953
25 34 0.001953
25 35 0.011782
25 36 0.071949
25 37 0.999995
25 38 0.125000
25 39 0.001953
25 40 0.001953
25 41 0.000027
25 42 0.999932
25 43 0.003622
25 44 0.009291
25 45 0.035762
25 46 0.009291
25 47 0.963627
25 48 0.001953
25 49 0.997074
25 50 0.999909
25 51 0.001953
25 52 0.999880
25 53 0.009291
25 54 0.348573
25 55 0.000002
25 56 0.999797
25 57 0.001953
25 58 0.996092
25 59 0.641070
25 60 0.009291
25 61 0.009291
25 62 0.001953
25 63 0.990780
25 64 0.999807
25 65 0.071949
25 66 0.001953
25 67 0.001953
25 68 0.029925
25 69 0.001953
25 70 0.002681
25 71 0.999999
25 72 0.002681
25 73 0.999936
25 74 0.001953
25 75 0.001953
25 76 0.001953
25 77 0.001953
25 78 0.310465
25 79 0.000027
25 80 0.569657
25 81 0.093360
25 82 0.999847
25 83 0.002681
25 84 0.001953
25 85 0.415919
25 86 0.911627
25 87 0.000046
25 88 0.000002
25 89 0.998629
25 90 0.999358
25 91 0.999979
25 92 0.999390
25 93 0.951805
25 94 0.999984
25 95 0.999973
25 96 0.999990
25 97 0.999998
25 98 0.999995
25 99 0.082237
26 0 0.778725
26 1 0.125000
26 2 0.009291
26 3 0.001953
26 4 0.071949
26 5 0.999687
26 6 0.168907
26 7 0.999390
26 8 0.999518
26 9 0.029925
26 10 0.009291
26 11 0.001953
26 12 0.999964
26 13 0.001953
26 14 0.999991
26 15 0.002681
26 16 0.029925
26 17 0.348522
26 18 0.987073
26 19 0.001953
26 20 0.001953
26 21 0.001953
26 22 0.999543
26 23 0.820770
26 24 0.999983
26 25 0.999919
26 26 0.000000
26 27 0.001953
26 28 0.001953
26 29 0.990754
26 30 0.972594
26 31 0.998698
26 32 0.001953
26 33 0.594604
26 34 0.998162
26 35 0.001953
26 36 0.001953
26 37 0.999997
26 38 0.999997
26 39 0.883941
26 40 0.001953
26 41 0.009291
26 42 0.001953
26 43 0.001953
26 44 0.310464
26 45 0.000814
26 46 0.071949
26 47 0.999998
26 48 0.001953
26 49 0.001953
26 50 0.610510
26 51 0.227550
26 52 0.959712
26 53 0.001953
26 54 0.999915
26 55 0.009291
26 56 0.001953
26 57 0.999855
26 58 0.963611
26 59 0.001953
26 60 0.035762
26 61 0.001953
26 62 0.999999
26 63 0.999358
26 64 0.001953
26 65 0.999970
26 66 0.009291
26 67 0.042355
26 68 0.998629
26 69 0.002681
26 70 0.996753
26 71 0.990290
26 72 0.009291
26 73 0.001953
26 74 0.138922
26 75 0.999674
26 76 0.999950
26 77 0.001953
26 78 0.029925
26 79 0.999990
26 80 0.999977
26 81 0.768376
26 82 0.994525
26 83 0.999988
26 84 0.889495
26 85 0.999949
26 86 0.999998
26 87 0.029925
26 88 0.001953
26 89 0.009291
26 90 0.951797
26 91 0.999390
26 92 0.954187
26 93 0.999984
26 94 0.862254
26 95 0.961718
26 96 0.996753
26 97 0.001953
26 98 0.999990
26 99 0.029925
27 0 0.999071
27 1 0.082237
27 2 0.999979
27 3 0.999543
27 4 0.009291
27 5 0.999914
27 6 0.001953
27 7 0.009291
27 8 0.001953
27 9 0.001953
27 10 0.999999
27 11 0.009291
27 12 0.009291
27 13 0.000027
27 14 0.000027
27 15 0.999674
27 16 0.035762
27 17 0.919865
27 18 0.000372
27 19 0.988345
27 20 0.002681
27 21 0.001953
27 22 0.999995
27 23 0.011782
27 24 0.001953
27 25 0.009291
27 26 0.001953
27 27 0.000000
27 28 0.071949
27 29 0.999978
27 30 0.210224
27 31 0.001953
27 32 0.999995
27 33 0.001953
27 34 0.995892
27 35 0.535507
27 36 0.000027
27 37 0.001953
27 38 0.002681
27 39 0.001953
27 40 0.995892
27 41 0.001953
27 42 0.011782
27 43 0.919998
27 44 0.001953
27 45 0.001953
27 46 0.001953
27 47 0.001953
27 48 0.999540
27 49 0.987074
27 50 0.001953
27 51 0.000002
