0 0 0.000000
0 1 0.001953
0 2 0.000002
0 3 0.963627
0 4 0.001953
0 5 0.001953
0 6 0.009291
0 7 0.009291
0 8 0.999725
0 9 0.000372
0 10 0.001953
0 11 0.000002
0 12 0.001953
0 13 0.942369
0 14 0.690668
0 15 0.999897
0 16 0.001953
0 17 0.001953
0 18 0.002681
0 19 0.029925
0 20 0.000027
0 21 0.001953
0 22 0.001953
0 23 0.001953
0 24 0.245316
0 25 0.999987
0 26 0.057916
0 27 0.999999
0 28 0.009291
0 29 0.999914
0 30 0.000372
0 31 0.009291
0 32 0.001953
0 33 0.000027
0 34 0.009291
0 35 0.987073
0 36 0.999998
0 37 0.001953
0 38 0.001953
0 39 0.999917
0 40 0.999987
0 41 0.001953
0 42 0.000027
0 43 0.999984
0 44 0.002681
0 45 0.999987
0 46 0.000002
0 47 0.001953
0 48 0.001953
0 49 0.002681
0 50 0.999228
0 51 0.999989
0 52 0.000123
0 53 0.000123
0 54 0.009291
0 55 0.001953
0 56 0.001953
0 57 0.999780
0 58 0.001953
0 59 0.009291
0 60 0.029925
0 61 0.009291
0 62 0.011782
0 63 0.000046
0 64 0.999936
0 65 0.998514
0 66 0.153566
0 67 0.001953
0 68 0.082237
0 69 0.082237
0 70 0.001953
0 71 0.001953
0 72 0.001953
0 73 0.001953
0 74 0.999952
0 75 0.009291
0 76 0.868768
0 77 0.999998
0 78 0.001953
0 79 0.001953
0 80 0.001953
0 81 0.001953
0 82 0.001953
0 83 0.999996
0 84 0.999982
0 85 0.002681
0 86 0.999988
0 87 0.009291
0 88 0.999999
0 89 0.001953
0 90 0.999999
0 91 0.000027
0 92 0.001953
0 93 0.001953
0 94 0.001953
0 95 0.001953
0 96 0.999986
0 97 0.004819
0 98 0.999902
0 99 0.999072
1 0 0.001953
1 1 0.000000
1 2 0.990780
1 3 0.009291
1 4 0.001953
1 5 0.071949
1 6 0.009291
1 7 0.999999
1 8 0.001953
1 9 0.011782
1 10 0.001953
1 11 0.001953
1 12 0.001953
1 13 0.999987
1 14 0.996917
1 15 0.999996
1 16 0.000046
1 17 0.009291
1 18 0.029925
1 19 0.999995
1 20 0.998971
1 21 0.000027
1 22 0.999999
1 23 0.999543
1 24 0.998698
1 25 0.999988
1 26 0.001953
1 27 0.000556
1 28 0.999999
1 29 0.000002
1 30 0.002681
1 31 0.386889
1 32 0.001953
1 33 0.000027
1 34 0.001953
1 35 0.998971
1 36 0.009291
1 37 0.415919
1 38 0.001953
1 39 0.963631
1 40 0.000002
1 41 0.000372
1 42 0.281928
1 43 0.001953
1 44 0.009291
1 45 0.999996
1 46 0.001953
1 47 0.998764
1 48 0.001953
1 49 0.999657
1 50 0.001953
1 51 0.001953
1 52 0.000372
1 53 0.001953
1 54 0.001953
1 55 0.963627
1 56 0.001953
1 57 0.740591
1 58 0.001953
1 59 0.001953
1 60 0.999996
1 61 0.999914
1 62 0.002681
1 63 0.002681
1 64 0.999956
1 65 0.001953
1 66 0.963625
1 67 0.014763
1 68 0.348573
1 69 0.009291
1 70 0.009291
1 71 0.003622
1 72 0.999305
1 73 0.999268
1 74 0.999984
1 75 0.999996
1 76 0.011782
1 77 0.049735
1 78 0.042359
1 79 0.965413
1 80 0.999268
1 81 0.994526
1 82 0.071949
1 83 0.001953
1 84 0.904698
1 85 0.029925
1 86 0.999566
1 87 0.999990
1 88 0.828970
1 89 0.071949
1 90 0.997074
1 91 0.987723
1 92 0.999995
1 93 0.453650
1 94 0.999954
1 95 0.000372
1 96 0.999996
1 97 0.803068
1 98 0.911628
1 99 0.029925
2 0 0.000002
2 1 0.990780
2 2 0.000000
2 3 0.999991
2 4 0.998629
2 5 0.999990
2 6 0.029925
2 7 0.999963
2 8 0.987073
2 9 0.517913
2 10 0.000372
2 11 0.029925
2 12 0.071949
2 13 0.029925
2 14 0.001953
2 15 0.999998
2 16 0.517913
2 17 0.998697
2 18 0.082237
2 19 0.367781
2 20 0.999991
2 21 0.929503
2 22 0.000372
2 23 0.999939
2 24 0.999979
2 25 0.001953
2 26 0.009291
2 27 0.999891
2 28 0.415919
2 29 0.999543
2 30 0.000372
2 31 0.641067
2 32 0.997075
2 33 0.999826
2 34 0.999994
2 35 0.995672
2 36 0.001953
2 37 0.998700
2 38 0.000027
2 39 0.690668
2 40 0.999739
2 41 0.138922
2 42 0.009291
2 43 0.001953
2 44 0.000372
2 45 0.000076
2 46 0.001953
2 47 0.868767
2 48 0.999993
2 49 0.001953
2 50 0.001953
2 51 0.004818
2 52 0.071949
2 53 0.003622
2 54 0.999588
2 55 0.071949
2 56 0.003622
2 57 0.999807
2 58 0.001953
2 59 0.009291
2 60 0.000002
2 61 0.998696
2 62 0.999886
2 63 0.999999
2 64 0.001953
2 65 0.999920
2 66 0.001953
2 67 0.641071
2 68 0.009291
2 69 0.999988
2 70 0.999995
2 71 0.001953
2 72 0.889492
2 73 0.965442
2 74 0.999999
2 75 0.003622
2 76 0.009291
2 77 0.991457
2 78 0.001953
2 79 0.999674
2 80 0.001953
2 81 0.999999
2 82 0.999996
2 83 0.999999
2 84 0.001953
2 85 0.655674
2 86 0.153568
2 87 0.029925
2 88 0.999855
2 89 0.029925
2 90 0.001953
2 91 0.999954
2 92 0.071949
2 93 0.001953
2 94 0.168911
2 95 0.000001
2 96 0.999566
2 97 0.984488
2 98 0.009291
2 99 0.029925
3 0 0.963627
3 1 0.009291
3 2 0.999991
3 3 0.000000
3 4 0.001953
3 5 0.001953
3 6 0.415919
3 7 0.949286
3 8 0.999826
3 9 0.001953
3 10 0.009291
3 11 0.000002
3 12 0.011782
3 13 0.009291
3 14 0.022404
3 15 0.999974
3 16 0.999952
3 17 0.210224
3 18 0.994803
3 19 0.001953
3 20 0.999997
3 21 0.014763
3 22 0.001953
3 23 0.957391
3 24 0.999991
3 25 0.999899
3 26 0.001953
3 27 0.988335
3 28 0.035762
3 29 0.011782
3 30 0.009291
3 31 0.009291
3 32 0.999937
3 33 0.999601
3 34 0.998629
3 35 0.999891
3 36 0.009291
3 37 0.000556
3 38 0.001953
3 39 0.999880
3 40 0.999999
3 41 0.009291
3 42 0.999228
3 43 0.001953
3 44 0.009291
3 45 0.999988
3 46 0.153567
3 47 0.003622
3 48 0.995891
3 49 0.000372
3 50 0.001953
3 51 0.001953
3 52 0.972616
3 53 0.004818
3 54 0.999988
3 55 0.009291
3 56 0.009291
3 57 0.011782
3 58 0.999421
3 59 0.998697
3 60 0.999996
3 61 0.009291
3 62 0.001953
3 63 0.999995
3 64 0.999963
3 65 0.009291
3 66 0.001953
3 67 0.001953
3 68 0.993421
3 69 0.988354
3 70 0.000372
3 71 0.999980
3 72 0.999956
3 73 0.999860
3 74 0.071949
3 75 0.998265
3 76 0.001953
3 77 0.011782
3 78 0.001953
3 79 0.001953
3 80 0.999962
3 81 0.138922
3 82 0.999994
3 83 0.011782
3 84 0.003622
3 85 0.001953
3 86 0.029925
3 87 0.000372
3 88 0.999996
3 89 0.009291
3 90 0.009291
3 91 0.042353
3 92 0.009291
3 93 0.999966
3 94 0.000046
3 95 0.001953
3 96 0.009291
3 97 0.999989
3 98 0.001953
3 99 0.082237
4 0 0.001953
4 1 0.001953
4 2 0.998629
4 3 0.001953
4 4 0.000000
4 5 0.001953
4 6 0.011782
4 7 0.999691
4 8 0.049728
4 9 0.009291
4 10 0.000556
4 11 0.999997
4 12 0.999999
4 13 0.001953
4 14 0.093358
4 15 0.009291
4 16 0.042353
4 17 0.999960
4 18 0.009291
4 19 0.009291
4 20 0.001953
4 21 0.001953
4 22 0.093360
4 23 0.009291
4 24 0.000556
4 25 0.999999
4 26 0.071949
4 27 0.009291
4 28 0.002681
4 29 0.009291
4 30 0.999988
4 31 0.000027
4 32 0.995065
4 33 0.997021
4 34 0.009291
4 35 0.517913
4 36 0.001953
4 37 0.009291
4 38 0.082237
4 39 0.009291
4 40 0.883941
4 41 0.009291
4 42 0.999996
4 43 0.002681
4 44 0.001953
4 45 0.000372
4 46 0.999981
4 47 0.001953
4 48 0.035762
4 49 0.655849
4 50 0.997687
4 51 0.011782
4 52 0.999984
4 53 0.001953
4 54 0.042353
4 55 0.415919
4 56 0.939391
4 57 0.999996
4 58 0.999879
4 59 0.999992
4 60 0.071949
4 61 0.841761
4 62 0.999914
4 63 0.029925
4 64 0.009291
4 65 0.999939
4 66 0.009291
4 67 0.029925
4 68 0.011782
4 69 0.001953
4 70 0.999999
4 71 0.995672
4 72 0.999543
4 73 0.746454
4 74 0.000372
4 75 0.000001
4 76 0.999268
4 77 0.999891
4 78 0.000372
4 79 0.000027
4 80 0.009291
4 81 0.009291
4 82 0.999855
4 83 0.009291
4 84 0.999984
4 85 0.999997
4 86 0.071949
4 87 0.009291
4 88 0.999896
4 89 0.999999
4 90 0.000813
4 91 0.001953
4 92 0.998353
4 93 0.000027
4 94 0.999964
4 95 0.001953
4 96 0.641070
4 97 0.999999
4 98 0.001953
4 99 0.001953
5 0 0.001953
5 1 0.071949
5 2 0.999990
5 3 0.001953
5 4 0.001953
5 5 0.000000
5 6 0.001953
5 7 0.999995
5 8 0.757621
5 9 0.001953
5 10 0.999991
5 11 0.001953
5 12 0.029925
5 13 0.009291
5 14 0.490589
5 15 0.000046
5 16 0.029925
5 17 0.915921
5 18 0.000027
5 19 0.999988
5 20 0.001953
5 21 0.009291
5 22 0.000027
5 23 0.999999
5 24 0.001953
5 25 0.029925
5 26 0.999901
5 27 0.999586
5 28 0.001953
5 29 0.999979
5 30 0.999889
5 31 0.011782
5 32 0.610510
5 33 0.999024
5 34 0.999921
5 35 0.999943
5 36 0.552761
5 37 0.001953
5 38 0.001953
5 39 0.000046
5 40 0.999756
5 41 0.999999
5 42 0.009291
5 43 0.001953
5 44 0.999987
5 45 0.035762
5 46 0.001953
5 47 0.105230
5 48 0.002681
5 49 0.001953
5 50 0.001953
5 51 0.000556
5 52 0.029925
5 53 0.994803
5 54 0.999941
5 55 0.001953
5 56 0.000556
5 57 0.999996
5 58 0.001953
5 59 0.992708
5 60 0.082236
5 61 0.998696
5 62 0.000002
5 63 0.227550
5 64 0.001953
5 65 0.999999
5 66 0.641025
5 67 0.001953
5 68 0.999862
5 69 0.690668
5 70 0.999997
5 71 0.001953
5 72 0.001953
5 73 0.001953
5 74 0.003622
5 75 0.001953
5 76 0.996753
5 77 0.001953
5 78 0.992708
5 79 0.641068
5 80 0.029925
5 81 0.001953
5 82 0.999999
5 83 0.011782
5 84 0.999990
5 85 0.000372
5 86 0.999996
5 87 0.999954
5 88 0.999995
5 89 0.999993
5 90 0.001953
5 91 0.001953
5 92 0.999998
5 93 0.001953
5 94 0.999998
5 95 0.001953
5 96 0.992708
5 97 0.009291
5 98 0.001953
5 99 0.999949
6 0 0.009291
6 1 0.009291
6 2 0.029925
6 3 0.415919
6 4 0.011782
6 5 0.001953
6 6 0.000000
6 7 0.131617
6 8 0.009291
6 9 0.999993
6 10 0.003622
6 11 0.001953
6 12 0.002681
6 13 0.001953
6 14 0.029925
6 15 0.999953
6 16 0.009291
6 17 0.995891
6 18 0.000002
6 19 0.999886
6 20 0.999991
6 21 0.740689
6 22 0.000372
6 23 0.988923
6 24 0.999980
6 25 0.009291
6 26 0.168907
6 27 0.001953
6 28 0.001953
6 29 0.009291
6 30 0.210224
6 31 0.001953
6 32 0.001953
6 33 0.001953
6 34 0.011782
6 35 0.029925
6 36 0.001953
6 37 0.999816
6 38 0.999997
6 39 0.009291
6 40 0.828938
6 41 0.009291
6 42 0.999910
6 43 0.999600
6 44 0.999996
6 45 0.009291
6 46 0.998629
6 47 0.999999
6 48 0.999964
6 49 0.999998
6 50 0.999960
6 51 0.999962
6 52 0.009291
6 53 0.999952
6 54 0.001953
6 55 0.011782
6 56 0.999984
6 57 0.001953
6 58 0.999451
6 59 0.889495
6 60 0.569594
6 61 0.000027
6 62 0.862249
6 63 0.029925
6 64 0.729254
6 65 0.999976
6 66 0.000814
6 67 0.000027
6 68 0.993082
6 69 0.001953
6 70 0.001953
6 71 0.001953
6 72 0.029925
6 73 0.009291
6 74 0.000372
6 75 0.001953
6 76 0.001953
6 77 0.000001
6 78 0.001953
6 79 0.999886
6 80 0.999999
6 81 0.998916
6 82 0.001953
6 83 0.999995
6 84 0.000027
6 85 0.999891
6 86 0.984490
6 87 0.965445
6 88 0.999993
6 89 0.001953
6 90 0.999892
6 91 0.049728
6 92 0.999578
6 93 0.009291
6 94 0.011782
6 95 0.991246
6 96 0.082237
6 97 0.001953
6 98 0.999998
6 99 0.655701
7 0 0.009291
7 1 0.999999
7 2 0.999963
7 3 0.949286
7 4 0.999691
7 5 0.999995
7 6 0.131617
7 7 0.000000
7 8 0.029925
7 9 0.001953
7 10 0.001953
7 11 0.972594
7 12 0.999228
7 13 0.999973
7 14 0.999990
7 15 0.011782
7 16 0.999999
7 17 0.985248
7 18 0.999977
7 19 0.118060
7 20 0.011782
7 21 0.999998
7 22 0.000001
7 23 0.014760
7 24 0.999985
7 25 0.001953
7 26 0.920002
7 27 0.009291
7 28 0.001953
7 29 0.003622
7 30 0.029925
7 31 0.954192
7 32 0.999999
7 33 0.009291
7 34 0.001953
7 35 0.980413
7 36 0.999936
7 37 0.002681
7 38 0.000027
7 39 0.001953
7 40 0.000002
7 41 0.071949
7 42 0.746454
7 43 0.999998
7 44 0.999817
7 45 0.001953
7 46 0.998971
7 47 0.001953
7 48 0.999995
7 49 0.920049
7 50 0.082237
7 51 0.899876
7 52 0.002681
7 53 0.009291
7 54 0.002681
7 55 0.000372
7 56 0.029925
7 57 0.001953
7 58 0.011781
7 59 0.009291
7 60 0.000002
7 61 0.999590
7 62 0.001953
7 63 0.042352
7 64 0.000372
7 65 0.999988
7 66 0.999957
7 67 0.001953
7 68 0.999913
7 69 0.999996
7 70 0.035762
7 71 0.009291
7 72 0.001953
7 73 0.009291
7 74 0.001953
7 75 0.999995
7 76 0.029925
7 77 0.001953
7 78 0.009291
7 79 0.125000
7 80 0.999986
7 81 0.003622
7 82 0.999988
7 83 0.932960
7 84 0.999839
7 85 0.998698
7 86 0.999674
7 87 0.009291
7 88 0.029925
7 89 0.011782
7 90 0.262242
7 91 0.001953
7 92 0.965441
7 93 0.999998
7 94 0.105301
7 95 0.001953
7 96 0.999991
7 97 0.009291
7 98 0.001953
7 99 0.071949
8 0 0.999725
8 1 0.001953
8 2 0.987073
8 3 0.999826
8 4 0.049728
8 5 0.757621
8 6 0.009291
8 7 0.029925
8 8 0.000000
8 9 0.001953
8 10 0.951799
8 11 0.001953
8 12 0.001953
8 13 0.999261
8 14 0.009291
8 15 0.999817
8 16 0.029925
8 17 0.999918
8 18 0.001953
8 19 0.994526
8 20 0.009291
8 21 0.001953
8 22 0.999999
8 23 0.999985
8 24 0.001953
8 25 0.999998
8 26 0.999970
8 27 0.001953
8 28 0.000046
8 29 0.641075
8 30 0.999993
8 31 0.009291
8 32 0.000372
8 33 0.000027
8 34 0.999997
8 35 0.999995
8 36 0.001953
8 37 0.009291
8 38 0.000556
8 39 0.999908
8 40 0.000002
8 41 0.011782
8 42 0.999999
8 43 0.999984
8 44 0.001953
8 45 0.001953
8 46 0.009291
8 47 0.999995
8 48 0.002681
8 49 0.009291
8 50 0.001953
8 51 0.999998
8 52 0.001953
8 53 0.001953
8 54 0.009291
8 55 0.996267
8 56 0.999997
8 57 0.001953
8 58 0.999936
8 59 0.788680
8 60 0.000372
8 61 0.610510
8 62 0.227550
8 63 0.999964
8 64 0.999756
8 65 0.001953
8 66 0.000372
8 67 0.001953
8 68 0.001953
8 69 0.009291
8 70 0.999991
8 71 0.009291
8 72 0.000372
8 73 0.999999
8 74 0.996297
8 75 0.999446
8 76 0.000372
8 77 0.001953
8 78 0.001953
8 79 0.011782
8 80 0.009291
8 81 0.569659
8 82 0.001953
8 83 0.999984
8 84 0.999988
8 85 0.828969
8 86 0.999996
8 87 0.000046
8 88 0.009291
8 89 0.003622
8 90 0.001953
8 91 0.001953
8 92 0.999863
8 93 0.954194
8 94 0.001953
8 95 0.009291
8 96 0.071949
8 97 0.998264
8 98 0.011782
8 99 0.001953
9 0 0.000372
9 1 0.011782
9 2 0.517913
9 3 0.001953
9 4 0.009291
9 5 0.001953
9 6 0.999993
9 7 0.001953
9 8 0.001953
9 9 0.000000
9 10 0.018287
9 11 0.009291
9 12 0.009291
9 13 0.001953
9 14 0.029925
9 15 0.001953
9 16 0.001953
9 17 0.000556
9 18 0.000002
9 19 0.001953
9 20 0.281937
9 21 0.001953
9 22 0.001953
9 23 0.967165
9 24 0.009291
9 25 0.138922
9 26 0.029925
9 27 0.001953
9 28 0.000027
9 29 0.999995
9 30 0.001953
9 31 0.001953
9 32 0.999999
9 33 0.000372
9 34 0.998971
9 35 0.009291
9 36 0.071949
9 37 0.959712
9 38 0.001953
9 39 0.999991
9 40 0.001953
9 41 0.000027
9 42 0.999657
9 43 0.999997
9 44 0.009291
9 45 0.415919
9 46 0.001953
9 47 0.999988
9 48 0.009291
9 49 0.029925
9 50 0.998764
9 51 0.009291
9 52 0.000046
9 53 0.001953
9 54 0.996917
9 55 0.000027
9 56 0.999998
9 57 0.993077
9 58 0.029925
9 59 0.999413
9 60 0.001953
9 61 0.001953
9 62 0.999914
9 63 0.029925
9 64 0.001953
9 65 0.035762
9 66 0.998172
9 67 0.001953
9 68 0.999999
9 69 0.000027
9 70 0.999691
9 71 0.999937
9 72 0.009291
9 73 0.071949
9 74 0.001953
9 75 0.999999
9 76 0.001953
9 77 0.001953
9 78 0.001953
9 79 0.001953
9 80 0.999989
9 81 0.999855
9 82 0.999855
9 83 0.999991
9 84 0.999999
9 85 0.009291
9 86 0.999993
9 87 0.894801
9 88 0.029925
9 89 0.001953
9 90 0.999995
9 91 0.000372
9 92 0.999862
9 93 0.001953
9 94 0.999942
9 95 0.999065
9 96 0.071949
9 97 0.999964
9 98 0.002681
9 99 0.168901
10 0 0.001953
10 1 0.001953
10 2 0.000372
10 3 0.009291
10 4 0.000556
10 5 0.999991
10 6 0.003622
10 7 0.001953
10 8 0.951799
10 9 0.018287
10 10 0.000000
10 11 0.999768
10 12 0.138922
10 13 0.999862
10 14 0.999995
10 15 0.001953
10 16 0.000027
10 17 0.002681
10 18 0.999999
10 19 0.000027
10 20 0.029925
10 21 0.001953
10 22 0.997559
10 23 0.138921
10 24 0.999996
10 25 0.009291
10 26 0.009291
10 27 0.999991
10 28 0.999999
10 29 0.009291
10 30 0.029925
10 31 0.009291
10 32 0.999999
10 33 0.999588
10 34 0.535509
10 35 0.000002
10 36 0.001953
10 37 0.001953
10 38 0.999987
10 39 0.009291
10 40 0.009291
10 41 0.999988
10 42 0.001953
10 43 0.999474
10 44 0.009291
10 45 0.415919
10 46 0.071949
10 47 0.001953
10 48 0.001953
10 49 0.201342
10 50 0.972598
10 51 0.011782
10 52 0.999999
10 53 0.998764
10 54 0.999983
10 55 0.001953
10 56 0.999987
10 57 0.009291
10 58 0.999991
10 59 0.029925
10 60 0.999998
10 61 0.001953
10 62 0.001953
10 63 0.997563
10 64 0.001953
10 65 0.999994
10 66 0.000002
10 67 0.001953
10 68 0.999996
10 69 0.999995
10 70 0.999998
10 71 0.001953
10 72 0.029925
10 73 0.001953
10 74 0.999996
10 75 0.999917
10 76 0.999940
10 77 0.002681
10 78 0.999999
10 79 0.001953
10 80 0.153567
10 81 0.999812
10 82 0.000372
10 83 0.999886
10 84 0.999889
10 85 0.000027
10 86 0.999918
10 87 0.001953
10 88 0.011782
10 89 0.982802
10 90 0.999999
10 91 0.000372
10 92 0.984490
10 93 0.999999
10 94 0.000814
10 95 0.000002
10 96 0.138922
10 97 0.000001
10 98 0.999999
10 99 0.009291
11 0 0.000002
11 1 0.001953
11 2 0.029925
11 3 0.000002
11 4 0.999997
11 5 0.001953
11 6 0.001953
11 7 0.972594
11 8 0.001953
11 9 0.009291
11 10 0.999768
11 11 0.000000
11 12 0.035762
11 13 0.000556
11 14 0.035762
11 15 0.999230
11 16 0.999960
11 17 0.001953
11 18 0.310464
11 19 0.000372
11 20 0.999996
11 21 0.000002
11 22 0.009291
11 23 0.001953
11 24 0.999990
11 25 0.082237
11 26 0.001953
11 27 0.009291
11 28 0.998730
11 29 0.035762
11 30 0.014763
11 31 0.003622
11 32 0.001953
11 33 0.999674
11 34 0.999999
11 35 0.001953
11 36 0.999971
11 37 0.105297
11 38 0.999997
11 39 0.009291
11 40 0.996079
11 41 0.002681
11 42 0.999999
11 43 0.014763
11 44 0.009291
11 45 0.001953
11 46 0.009291
11 47 0.071949
11 48 0.009291
11 49 0.999954
11 50 0.009291
11 51 0.999999
11 52 0.998265
11 53 0.009291
11 54 0.000372
11 55 0.042353
11 56 0.472235
11 57 0.999996
11 58 0.999993
11 59 0.301517
11 60 0.000002
11 61 0.310464
11 62 0.000002
11 63 0.035762
11 64 0.001953
11 65 0.999981
11 66 0.768375
11 67 0.009291
11 68 0.998168
11 69 0.014763
11 70 0.000002
11 71 0.236161
11 72 0.999895
11 73 0.997803
11 74 0.999999
11 75 0.990289
11 76 0.999897
11 77 0.999999
11 78 0.001953
11 79 0.999998
11 80 0.999991
11 81 0.999999
11 82 0.999993
11 83 0.071949
11 84 0.001953
11 85 0.999897
11 86 0.757621
11 87 0.001953
11 88 0.999999
11 89 0.778726
11 90 0.001953
11 91 0.009291
11 92 0.001953
11 93 0.001953
11 94 0.009291
11 95 0.999999
11 96 0.001953
11 97 0.000001
11 98 0.001953
11 99 0.001953
12 0 0.001953
12 1 0.001953
12 2 0.071949
12 3 0.011782
12 4 0.999999
12 5 0.029925
12 6 0.002681
12 7 0.999228
12 8 0.001953
12 9 0.009291
12 10 0.138922
12 11 0.035762
12 12 0.000000
12 13 0.000372
12 14 0.003622
12 15 0.001953
12 16 0.000002
12 17 0.434864
12 18 0.001953
12 19 0.009291
12 20 0.001953
12 21 0.035762
12 22 0.014763
12 23 0.999450
12 24 0.029925
12 25 0.263460
12 26 0.999305
12 27 0.009291
12 28 0.000027
12 29 0.009291
12 30 0.029925
12 31 0.999995
12 32 0.535509
12 33 0.999940
12 34 0.000027
12 35 0.999987
12 36 0.988338
12 37 0.001953
12 38 0.042353
12 39 0.009291
12 40 0.003622
12 41 0.994526
12 42 0.998267
12 43 0.999996
12 44 0.000027
12 45 0.999999
12 46 0.999991
12 47 0.000123
12 48 0.000372
12 49 0.049728
12 50 0.009291
12 51 0.999897
12 52 0.999979
12 53 0.001953
12 54 0.029925
12 55 0.001953
12 56 0.001953
12 57 0.996917
12 58 0.153566
12 59 0.000027
12 60 0.000046
12 61 0.999895
12 62 0.001953
12 63 0.915922
12 64 0.999982
12 65 0.965441
12 66 0.999999
12 67 0.000556
12 68 0.969629
12 69 0.999994
12 70 0.999997
12 71 0.071949
12 72 0.999615
12 73 0.011782
12 74 0.001953
12 75 0.105306
12 76 0.001953
12 77 0.210224
12 78 0.029925
12 79 0.227551
12 80 0.995318
12 81 0.029925
12 82 0.009291
12 83 0.415919
12 84 0.000002
12 85 0.994803
12 86 0.009291
12 87 0.999914
12 88 0.999972
12 89 0.001953
12 90 0.001953
12 91 0.999072
12 92 0.001953
12 93 0.999972
12 94 0.009291
12 95 0.001953
12 96 0.728624
12 97 0.999999
12 98 0.999999
12 99 0.999985
13 0 0.942369
13 1 0.999987
13 2 0.029925
13 3 0.009291
13 4 0.001953
13 5 0.009291
13 6 0.001953
13 7 0.999973
13 8 0.999261
13 9 0.001953
13 10 0.999862
13 11 0.000556
13 12 0.000372
13 13 0.000000
13 14 0.009291
13 15 0.029925
13 16 0.999990
13 17 0.001953
13 18 0.035762
13 19 0.000046
13 20 0.999999
13 21 0.999024
13 22 0.001953
13 23 0.979374
13 24 0.009291
13 25 0.001953
13 26 0.001953
13 27 0.000027
13 28 0.001953
13 29 0.001953
13 30 0.001953
13 31 0.610510
13 32 0.685794
13 33 0.009291
13 34 0.999914
13 35 0.894800
13 36 0.009291
13 37 0.042355
13 38 0.014763
13 39 0.995672
13 40 0.011782
13 41 0.999937
13 42 0.999609
13 43 0.508632
13 44 0.997914
13 45 0.994527
13 46 0.227551
13 47 0.001953
13 48 0.029925
13 49 0.999674
13 50 0.995068
13 51 0.999997
13 52 0.009291
13 53 0.009291
13 54 0.768376
13 55 0.011782
13 56 0.009291
13 57 0.999919
13 58 0.011782
13 59 0.999988
13 60 0.999807
13 61 0.009291
13 62 0.001953
13 63 0.001953
13 64 0.991689
13 65 0.001953
13 66 0.001953
13 67 0.999999
13 68 0.999979
13 69 0.999972
13 70 0.995892
13 71 0.990289
13 72 0.009291
13 73 0.999939
13 74 0.125000
13 75 0.001953
13 76 0.009291
13 77 0.001953
13 78 0.071949
13 79 0.999996
13 80 0.000372
13 81 0.999997
13 82 0.001953
13 83 0.999998
13 84 0.035762
13 85 0.987073
13 86 0.029925
13 87 0.011782
13 88 0.999980
13 89 0.999766
13 90 0.988345
13 91 0.728682
13 92 0.999990
13 93 0.999914
13 94 0.978283
13 95 0.003622
13 96 0.999973
13 97 0.001953
13 98 0.999996
13 99 0.999993
14 0 0.690668
14 1 0.996917
14 2 0.001953
14 3 0.022404
14 4 0.093358
14 5 0.490589
14 6 0.029925
14 7 0.999990
14 8 0.009291
14 9 0.029925
14 10 0.999995
14 11 0.035762
14 12 0.003622
14 13 0.009291
14 14 0.000000
14 15 0.999995
14 16 0.009291
14 17 0.999566
14 18 0.000001
14 19 0.001953
14 20 0.999988
14 21 0.011782
14 22 0.999995
14 23 0.999991
14 24 0.001953
14 25 0.999984
14 26 0.999921
14 27 0.000027
14 28 0.001953
14 29 0.035762
14 30 0.999939
14 31 0.999920
14 32 0.999999
14 33 0.001953
14 34 0.999999
14 35 0.999999
14 36 0.988346
14 37 0.035762
14 38 0.999807
14 39 0.999892
14 40 0.029925
14 41 0.999987
14 42 0.996097
14 43 0.001953
14 44 0.002681
14 45 0.820692
14 46 0.009291
14 47 0.001953
14 48 0.125000
14 49 0.029925
14 50 0.991246
14 51 0.993077
14 52 0.029925
14 53 0.999228
14 54 0.168897
14 55 0.001953
14 56 0.999952
14 57 0.999994
14 58 0.994526
14 59 0.001953
14 60 0.998681
14 61 0.001953
14 62 0.999995
14 63 0.001953
14 64 0.000027
14 65 0.000046
14 66 0.001953
14 67 0.009291
14 68 0.009291
14 69 0.999996
14 70 0.999855
14 71 0.999923
14 72 0.942378
14 73 0.920016
14 74 0.984491
14 75 0.999855
14 76 0.001953
14 77 0.999999
14 78 0.042355
14 79 0.001953
14 80 0.001953
14 81 0.001953
14 82 0.001953
14 83 0.677128
14 84 0.042352
14 85 0.999984
14 86 0.002681
14 87 0.029925
14 88 0.009291
14 89 0.001953
14 90 0.035762
14 91 0.999988
14 92 0.997563
14 93 0.001953
14 94 0.011782
14 95 0.009291
14 96 0.999997
14 97 0.009291
14 98 0.014763
14 99 0.949286
15 0 0.999897
15 1 0.999996
15 2 0.999998
15 3 0.999974
15 4 0.009291
15 5 0.000046
15 6 0.999953
15 7 0.011782
15 8 0.999817
15 9 0.001953
15 10 0.001953
15 11 0.999230
15 12 0.001953
15 13 0.029925
15 14 0.999995
15 15 0.000000
15 16 0.001953
15 17 0.001953
15 18 0.999991
15 19 0.999971
15 20 0.999975
15 21 0.029925
15 22 0.999897
15 23 0.001953
15 24 0.998555
15 25 0.001953
15 26 0.002681
15 27 0.999996
15 28 0.210224
15 29 0.009291
15 30 0.000001
15 31 0.001953
15 32 0.999450
15 33 0.125000
15 34 0.000372
15 35 0.001953
15 36 0.472257
15 37 0.001953
15 38 0.245316
15 39 0.001953
15 40 0.703770
15 41 0.009291
15 42 0.029925
15 43 0.009291
15 44 0.049728
15 45 0.104646
15 46 0.728666
15 47 0.999935
15 48 0.999566
15 49 0.998265
15 50 0.999807
15 51 0.071949
15 52 0.999995
15 53 0.000027
15 54 0.009291
15 55 0.999638
15 56 0.018288
15 57 0.999999
15 58 0.998347
15 59 0.999989
15 60 0.001953
15 61 0.999984
15 62 0.999990
15 63 0.610509
15 64 0.995892
15 65 0.001953
15 66 0.973946
15 67 0.000372
15 68 0.828962
15 69 0.001953
15 70 0.999998
15 71 0.002681
15 72 0.001953
15 73 0.434867
15 74 0.001953
15 75 0.001953
15 76 0.001953
15 77 0.001953
15 78 0.001953
15 79 0.954188
15 80 0.999991
15 81 0.999981
15 82 0.009291
15 83 0.168896
15 84 0.001953
15 85 0.999995
15 86 0.003622
15 87 0.415919
15 88 0.923979
15 89 0.894808
15 90 0.001953
15 91 0.993427
15 92 0.009291
15 93 0.999996
15 94 0.999963
15 95 0.999997
15 96 0.009291
15 97 0.001953
15 98 0.001953
15 99 0.999891
16 0 0.001953
16 1 0.000046
16 2 0.517913
16 3 0.999952
16 4 0.042353
16 5 0.029925
16 6 0.009291
16 7 0.999999
16 8 0.029925
16 9 0.001953
16 10 0.000027
16 11 0.999960
16 12 0.000002
16 13 0.999990
16 14 0.009291
16 15 0.001953
16 16 0.000000
16 17 0.009291
16 18 0.999632
16 19 0.999144
16 20 0.001953
16 21 0.001953
16 22 0.001953
16 23 0.001953
16 24 0.552764
16 25 0.001953
16 26 0.029925
16 27 0.035762
16 28 0.757621
16 29 0.093360
16 30 0.000046
16 31 0.999996
16 32 0.000372
16 33 0.001953
16 34 0.999993
16 35 0.999588
16 36 0.999996
16 37 0.029925
16 38 0.071949
16 39 0.999971
16 40 0.011782
16 41 0.029925
16 42 0.984491
16 43 0.009291
16 44 0.000372
16 45 0.001953
16 46 0.999996
16 47 0.029925
16 48 0.998698
16 49 0.014763
16 50 0.029925
16 51 0.788674
16 52 0.001953
16 53 0.989772
16 54 0.999400
16 55 0.001953
16 56 0.999455
16 57 0.999988
16 58 0.999980
16 59 0.263462
16 60 0.998555
16 61 0.999984
16 62 0.029925
16 63 0.009291
16 64 0.999863
16 65 0.000027
16 66 0.000001
16 67 0.999855
16 68 0.000372
16 69 0.001953
16 70 0.001953
16 71 0.999995
16 72 0.035762
16 73 0.999999
16 74 0.009291
16 75 0.000027
16 76 0.999993
16 77 0.118070
16 78 0.999992
16 79 0.001953
16 80 0.000027
16 81 0.029925
16 82 0.009291
16 83 0.000001
16 84 0.998265
16 85 0.999998
16 86 0.001953
16 87 0.999999
16 88 0.001953
16 89 0.168881
16 90 0.035762
16 91 0.994234
16 92 0.001953
16 93 0.001953
16 94 0.977134
16 95 0.009291
16 96 0.009291
16 97 0.997802
16 98 0.939392
16 99 0.999984
17 0 0.001953
17 1 0.009291
17 2 0.998697
17 3 0.210224
17 4 0.999960
17 5 0.915921
17 6 0.995891
17 7 0.985248
17 8 0.999918
17 9 0.000556
17 10 0.002681
17 11 0.001953
17 12 0.434864
17 13 0.001953
17 14 0.999566
17 15 0.001953
17 16 0.009291
17 17 0.000000
17 18 0.000372
17 19 0.999988
17 20 0.000372
17 21 0.999808
17 22 0.001953
17 23 0.982802
17 24 0.999891
17 25 0.011782
17 26 0.453599
17 27 0.405299
17 28 0.999994
17 29 0.001953
17 30 0.899875
17 31 0.018286
17 32 0.001953
17 33 0.009291
17 34 0.035762
17 35 0.999965
17 36 0.009291
17 37 0.001953
17 38 0.999993
17 39 0.999756
17 40 0.999999
17 41 0.002681
17 42 0.035762
17 43 0.999744
17 44 0.959712
17 45 0.000027
17 46 0.001953
17 47 0.961718
17 48 0.000556
17 49 0.009291
17 50 0.999984
17 51 0.093360
17 52 0.001953
17 53 0.999999
17 54 0.415919
17 55 0.035762
17 56 0.999939
17 57 0.263466
17 58 0.009291
17 59 0.999817
17 60 0.999954
17 61 0.009291
17 62 0.999990
17 63 0.999999
17 64 0.001953
17 65 0.001953
17 66 0.009291
17 67 0.000046
17 68 0.999839
17 69 0.210224
17 70 0.002681
17 71 0.011782
17 72 0.009291
17 73 0.001953
17 74 0.919899
17 75 0.002681
17 76 0.999918
17 77 0.009291
17 78 0.999970
17 79 0.001953
17 80 0.000556
17 81 0.329464
17 82 0.000372
17 83 0.000027
17 84 0.001953
17 85 0.000002
17 86 0.990288
17 87 0.009291
17 88 0.988310
17 89 0.956463
17 90 0.999024
17 91 0.001953
17 92 0.000002
17 93 0.999998
17 94 0.999998
17 95 0.999609
17 96 0.994804
17 97 0.999451
17 98 0.999946
17 99 0.999998
18 0 0.002681
18 1 0.029925
18 2 0.082237
18 3 0.994803
18 4 0.009291
18 5 0.000027
18 6 0.000002
18 7 0.999977
18 8 0.001953
18 9 0.000002
18 10 0.999999
18 11 0.310464
18 12 0.001953
18 13 0.035762
18 14 0.000001
18 15 0.999991
18 16 0.999632
18 17 0.000372
18 18 0.000000
18 19 0.001953
18 20 0.009291
18 21 0.434867
18 22 0.991249
18 23 0.989772
18 24 0.000372
18 25 0.011782
18 26 0.453646
18 27 0.000372
18 28 0.001953
18 29 0.999986
18 30 0.009291
18 31 0.535509
18 32 0.001953
18 33 0.999996
18 34 0.001953
18 35 0.998764
18 36 0.998886
18 37 0.009291
18 38 0.035762
18 39 0.011782
18 40 0.001953
18 41 0.998629
18 42 0.999963
18 43 0.991247
18 44 0.995068
18 45 0.999977
18 46 0.057778
18 47 0.999954
18 48 0.999996
18 49 0.997223
18 50 0.002681
18 51 0.001953
18 52 0.029925
18 53 0.472237
18 54 0.923919
18 55 0.999304
18 56 0.000027
18 57 0.984487
18 58 0.517913
18 59 0.002681
18 60 0.002681
18 61 0.999667
18 62 0.993404
18 63 0.001953
18 64 0.009291
18 65 0.014763
18 66 0.844367
18 67 0.000027
18 68 0.001953
18 69 0.999965
18 70 0.999999
18 71 0.001953
18 72 0.954193
18 73 0.071949
18 74 0.001953
18 75 0.001953
18 76 0.768375
18 77 0.001953
18 78 0.000027
18 79 0.009291
18 80 0.001953
18 81 0.009291
18 82 0.999995
18 83 0.000027
18 84 0.009291
18 85 0.001953
18 86 0.993077
18 87 0.999847
18 88 0.001953
18 89 0.001953
18 90 0.029925
18 91 0.000372
18 92 0.001953
18 93 0.999998
18 94 0.999953
18 95 0.310464
18 96 0.001953
18 97 0.001953
18 98 0.009291
18 99 0.001953
19 0 0.029925
19 1 0.999995
19 2 0.367781
19 3 0.001953
19 4 0.009291
19 5 0.999988
19 6 0.999886
19 7 0.118060
19 8 0.994526
19 9 0.001953
19 10 0.000027
19 11 0.000372
19 12 0.009291
19 13 0.000046
19 14 0.001953
19 15 0.999971
19 16 0.999144
19 17 0.999988
19 18 0.001953
19 19 0.000000
19 20 0.011782
19 21 0.011782
19 22 0.979373
19 23 0.000372
19 24 0.002681
19 25 0.000002
19 26 0.001953
19 27 0.942377
19 28 0.001953
19 29 0.998764
19 30 0.999566
19 31 0.014763
19 32 0.000027
19 33 0.001953
19 34 0.001953
19 35 0.999999
19 36 0.999983
19 37 0.001953
19 38 0.009291
19 39 0.000372
19 40 0.001953
19 41 0.999263
19 42 0.001953
19 43 0.999743
19 44 0.999981
19 45 0.001953
19 46 0.018287
19 47 0.894802
19 48 0.000001
19 49 0.001953
19 50 0.009291
19 51 0.999999
19 52 0.000027
19 53 0.610510
19 54 0.001953
19 55 0.001953
19 56 0.000027
19 57 0.001953
19 58 0.999940
19 59 0.001953
19 60 0.029925
19 61 0.000372
19 62 0.001953
19 63 0.029925
19 64 0.999996
19 65 0.000372
19 66 0.999667
19 67 0.093376
19 68 0.001953
19 69 0.001953
19 70 0.999999
19 71 0.000027
19 72 0.999919
19 73 0.999913
19 74 0.490568
19 75 0.000814
19 76 0.993373
19 77 0.003622
19 78 0.002681
19 79 0.009291
19 80 0.999999
19 81 0.009291
19 82 0.001953
19 83 0.999991
19 84 0.999966
19 85 0.009291
19 86 0.999997
19 87 0.999999
19 88 0.000027
19 89 0.001953
19 90 0.001953
19 91 0.999991
19 92 0.001953
19 93 0.000372
19 94 0.011782
19 95 0.999950
19 96 0.989772
19 97 0.093358
19 98 0.999999
19 99 0.000556
20 0 0.000027
20 1 0.998971
20 2 0.999991
20 3 0.999997
20 4 0.001953
20 5 0.001953
20 6 0.999991
20 7 0.011782
20 8 0.009291
20 9 0.281937
20 10 0.029925
20 11 0.999996
20 12 0.001953
20 13 0.999999
20 14 0.999988
20 15 0.999975
20 16 0.001953
20 17 0.000372
20 18 0.009291
20 19 0.011782
20 20 0.000000
20 21 0.001953
20 22 0.000001
20 23 0.999998
20 24 0.836902
20 25 0.001953
20 26 0.001953
20 27 0.000001
20 28 0.999467
20 29 0.009291
20 30 0.001953
20 31 0.011782
20 32 0.000001
20 33 0.001953
20 34 0.993863
20 35 0.000002
20 36 0.000002
20 37 0.009291
20 38 0.001953
20 39 0.000027
20 40 0.001953
20 41 0.973967
20 42 0.001953
20 43 0.999972
20 44 0.988345
20 45 0.001953
20 46 0.626001
20 47 0.999999
20 48 0.999936
20 49 0.000123
20 50 0.999999
20 51 0.000027
20 52 0.001953
20 53 0.997073
20 54 0.001953
20 55 0.001953
20 56 0.001953
20 57 0.035762
20 58 0.000027
20 59 0.000556
20 60 0.999674
20 61 0.999996
20 62 0.999963
20 63 0.984491
20 64 0.999691
20 65 0.000002
20 66 0.029925
20 67 0.999996
20 68 0.009291
20 69 0.071949
20 70 0.009291
20 71 0.862253
20 72 0.999997
20 73 0.029925
20 74 0.954191
20 75 0.082237
20 76 0.009291
20 77 0.999446
20 78 0.999996
20 79 0.001953
20 80 0.000372
20 81 0.996048
20 82 0.001953
20 83 0.093361
20 84 0.999996
20 85 0.999954
20 86 0.998698
20 87 0.984445
20 88 0.985269
20 89 0.001953
20 90 0.999996
20 91 0.999997
20 92 0.001953
20 93 0.999939
20 94 0.999985
20 95 0.001953
20 96 0.999979
20 97 0.009291
20 98 0.001953
20 99 0.071949
21 0 0.001953
21 1 0.000027
21 2 0.929503
21 3 0.014763
21 4 0.001953
21 5 0.009291
21 6 0.740689
21 7 0.999998
21 8 0.001953
21 9 0.001953
21 10 0.001953
21 11 0.000002
21 12 0.035762
21 13 0.999024
21 14 0.011782
21 15 0.029925
21 16 0.001953
21 17 0.999808
21 18 0.434867
21 19 0.011782
21 20 0.001953
21 21 0.000000
21 22 0.001953
21 23 0.655482
21 24 0.000556
21 25 0.001953
21 26 0.001953
21 27 0.001953
21 28 0.999964
21 29 0.001953
21 30 0.001953
21 31 0.001953
21 32 0.415919
21 33 0.001953
21 34 0.828969
21 35 0.001953
21 36 0.001953
21 37 0.210224
21 38 0.999964
21 39 0.105266
21 40 0.009291
21 41 0.001953
21 42 0.000027
21 43 0.001953
21 44 0.999957
21 45 0.999991
21 46 0.001953
21 47 0.999980
21 48 0.999997
21 49 0.999923
21 50 0.329464
21 51 0.405942
21 52 0.000372
21 53 0.009291
21 54 0.009291
21 55 0.999956
21 56 0.000372
21 57 0.001953
21 58 0.001953
21 59 0.999999
21 60 0.001953
21 61 0.009291
21 62 0.001953
21 63 0.002681
21 64 0.002681
21 65 0.001953
21 66 0.999997
21 67 0.093371
21 68 0.000001
21 69 0.029925
21 70 0.153568
21 71 0.001953
21 72 0.991239
21 73 0.011782
21 74 0.029925
21 75 0.999988
21 76 0.999973
21 77 0.999945
21 78 0.992319
21 79 0.999998
21 80 0.999686
21 81 0.000046
21 82 0.000027
21 83 0.001953
21 84 0.000372
21 85 0.001953
21 86 0.999999
21 87 0.999449
21 88 0.001953
21 89 0.029925
21 90 0.999262
21 91 0.001953
21 92 0.999999
21 93 0.999999
21 94 0.001953
21 95 0.001953
21 96 0.000002
21 97 0.002681
21 98 0.998971
21 99 0.029925
22 0 0.001953
22 1 0.999999
22 2 0.000372
22 3 0.001953
22 4 0.093360
22 5 0.000027
22 6 0.000372
22 7 0.000001
22 8 0.999999
22 9 0.001953
22 10 0.997559
22 11 0.009291
22 12 0.014763
22 13 0.001953
22 14 0.999995
22 15 0.999897
22 16 0.001953
22 17 0.001953
22 18 0.991249
22 19 0.979373
22 20 0.000001
22 21 0.001953
22 22 0.000000
22 23 0.999997
22 24 0.001953
22 25 0.009291
22 26 0.999999
22 27 0.999891
22 28 0.029925
22 29 0.415919
22 30 0.999999
22 31 0.956464
22 32 0.999996
22 33 0.991246
22 34 0.138922
22 35 0.001953
22 36 0.969629
22 37 0.001953
22 38 0.001953
22 39 0.999991
22 40 0.000002
22 41 0.071949
22 42 0.001953
22 43 0.001953
22 44 0.001953
22 45 0.999826
22 46 0.168896
22 47 0.001953
22 48 0.999999
22 49 0.997563
22 50 0.001953
22 51 0.000002
22 52 0.655653
22 53 0.999999
22 54 0.997569
22 55 0.001953
22 56 0.996579
22 57 0.768376
22 58 0.001953
22 59 0.999969
22 60 0.001953
22 61 0.999358
22 62 0.999917
22 63 0.009291
22 64 0.001953
22 65 0.999988
22 66 0.999999
22 67 0.999999
22 68 0.000372
22 69 0.999964
22 70 0.009291
22 71 0.009291
22 72 0.001953
22 73 0.138922
22 74 0.999953
22 75 0.138922
22 76 0.828969
22 77 0.894801
22 78 0.999939
22 79 0.049729
22 80 0.999756
22 81 0.009291
22 82 0.610510
22 83 0.009291
22 84 0.001953
22 85 0.999939
22 86 0.535509
22 87 0.009291
22 88 0.999566
22 89 0.011782
22 90 0.001953
22 91 0.999991
22 92 0.999390
22 93 0.999522
22 94 0.138922
22 95 0.003622
22 96 0.988346
22 97 0.999932
22 98 0.003619
22 99 0.029925
23 0 0.001953
23 1 0.999543
23 2 0.999939
23 3 0.957391
23 4 0.009291
23 5 0.999999
23 6 0.988923
23 7 0.014760
23 8 0.999985
23 9 0.967165
23 10 0.138921
23 11 0.001953
23 12 0.999450
23 13 0.979374
23 14 0.999991
23 15 0.001953
23 16 0.001953
23 17 0.982802
23 18 0.989772
23 19 0.000372
23 20 0.999998
23 21 0.655482
23 22 0.999997
23 23 0.000000
23 24 0.999999
23 25 0.001953
23 26 0.004830
23 27 0.011782
23 28 0.999999
23 29 0.011782
23 30 0.001953
23 31 0.029925
23 32 0.999973
23 33 0.001953
23 34 0.001953
23 35 0.999804
23 36 0.517913
23 37 0.999578
23 38 0.998979
23 39 0.000027
23 40 0.001953
23 41 0.995030
23 42 0.999991
23 43 0.001953
23 44 0.001953
23 45 0.071949
23 46 0.000372
23 47 0.000556
23 48 0.999999
23 49 0.000001
23 50 0.999059
23 51 0.029925
23 52 0.001953
23 53 0.001953
23 54 0.082236
23 55 0.991246
23 56 0.029925
23 57 0.000556
23 58 0.009291
23 59 0.703771
23 60 0.002681
23 61 0.009291
23 62 0.001953
23 63 0.009291
23 64 0.001953
23 65 0.009291
23 66 0.009291
23 67 0.001953
23 68 0.999999
23 69 0.001953
23 70 0.000001
23 71 0.965435
23 72 0.999998
23 73 0.009291
23 74 0.999998
23 75 0.999962
23 76 0.001953
23 77 0.999815
23 78 0.009291
23 79 0.820692
23 80 0.001953
23 81 0.999450
23 82 0.009291
23 83 0.029925
23 84 0.997687
23 85 0.001953
23 86 0.029925
23 87 0.990780
23 88 0.029925
23 89 0.071949
23 90 0.991247
23 91 0.999691
23 92 0.035762
23 93 0.011782
23 94 0.009291
23 95 0.001953
23 96 0.994953
23 97 0.889495
23 98 0.001953
23 99 0.999999
24 0 0.245316
24 1 0.998698
24 2 0.999979
24 3 0.999991
24 4 0.000556
24 5 0.001953
24 6 0.999980
24 7 0.999985
24 8 0.001953
24 9 0.009291
24 10 0.999996
24 11 0.999990
24 12 0.029925
24 13 0.009291
24 14 0.001953
24 15 0.998555
24 16 0.552764
24 17 0.999891
24 18 0.000372
24 19 0.002681
24 20 0.836902
24 21 0.000556
24 22 0.001953
24 23 0.999999
24 24 0.000000
24 25 0.999993
24 26 0.999999
24 27 0.001953
24 28 0.002681
24 29 0.001953
24 30 0.001953
24 31 0.001953
24 32 0.009291
24 33 0.001953
24 34 0.004818
24 35 0.000011
24 36 0.999979
24 37 0.610510
24 38 0.009291
24 39 0.999421
24 40 0.009291
24 41 0.932960
24 42 0.011782
24 43 0.999987
24 44 0.009291
24 45 0.000027
24 46 0.997917
24 47 0.001953
24 48 0.999999
24 49 0.610509
24 50 0.000372
24 51 0.999985
24 52 0.999963
24 53 0.981255
24 54 0.999991
24 55 0.999997
24 56 0.999689
24 57 0.001953
24 58 0.001953
24 59 0.002681
24 60 0.001953
24 61 0.009291
24 62 0.998339
24 63 0.329464
24 64 0.153568
24 65 0.999999
24 66 0.263462
24 67 0.999997
24 68 0.999988
24 69 0.000372
24 70 0.999996
24 71 0.029925
24 72 0.000002
24 73 0.001953
24 74 0.009291
24 75 0.001953
24 76 0.001953
24 77 0.001953
24 78 0.000002
24 79 0.009291
24 80 0.999998
24 81 0.000002
24 82 0.071949
24 83 0.000046
24 84 0.009291
24 85 0.000372
24 86 0.002681
24 87 0.009291
24 88 0.082237
24 89 0.011782
24 90 0.009291
24 91 0.434867
24 92 0.000027
24 93 0.983668
24 94 0.998265
24 95 0.001953
24 96 0.001953
24 97 0.001953
24 98 0.071949
24 99 0.001953
25 0 0.999987
25 1 0.999988
25 2 0.001953
25 3 0.999899
25 4 0.999999
25 5 0.029925
25 6 0.009291
25 7 0.001953
25 8 0.999998
25 9 0.138922
25 10 0.009291
25 11 0.082237
25 12 0.263460
25 13 0.001953
25 14 0.999984
25 15 0.001953
25 16 0.001953
25 17 0.011782
25 18 0.011782
25 19 0.000002
25 20 0.001953
25 21 0.001953
25 22 0.009291
25 23 0.001953
25 24 0.999993
25 25 0.000000
25 26 0.999998
25 27 0.009291
25 28 0.009291
25 29 0.988343
25 30 0.998349
25 31 0.001953
25 32 0.001953
25 33 0.001953
25 34 0.001953
25 35 0.011782
25 36 0.071949
25 37 0.998567
25 38 0.125000
25 39 0.001953
25 40 0.001953
25 41 0.000027
25 42 0.999999
25 43 0.003622
25 44 0.009291
25 45 0.035762
25 46 0.009291
25 47 0.788683
25 48 0.210224
25 49 0.999986
25 50 0.999999
25 51 0.001953
25 52 0.999936
25 53 0.009291
25 54 0.979374
25 55 0.000002
25 56 0.999997
25 57 0.001953
25 58 0.999587
25 59 0.105307
25 60 0.009291
25 61 0.009291
25 62 0.001953
25 63 0.999993
25 64 0.999755
25 65 0.071949
25 66 0.001953
25 67 0.001953
25 68 0.000027
25 69 0.001953
25 70 0.000001
25 71 0.999984
25 72 0.002681
25 73 0.999690
25 74 0.001953
25 75 0.001953
25 76 0.001953
25 77 0.001953
25 78 0.946647
25 79 0.000027
25 80 0.999994
25 81 0.168896
25 82 0.999999
25 83 0.002681
25 84 0.001953
25 85 0.517913
25 86 0.990289
25 87 0.000046
25 88 0.000002
25 89 0.999268
25 90 0.999997
25 91 0.999996
25 92 0.965441
25 93 0.999566
25 94 0.999998
25 95 0.999989
25 96 0.999998
25 97 0.999754
25 98 0.999997
25 99 0.915921
26 0 0.057916
26 1 0.001953
26 2 0.009291
26 3 0.001953
26 4 0.071949
26 5 0.999901
26 6 0.168907
26 7 0.920002
26 8 0.999970
26 9 0.029925
26 10 0.009291
26 11 0.001953
26 12 0.999305
26 13 0.001953
26 14 0.999921
26 15 0.002681
26 16 0.029925
26 17 0.453599
26 18 0.453646
26 19 0.001953
26 20 0.001953
26 21 0.001953
26 22 0.999999
26 23 0.004830
26 24 0.999999
26 25 0.999998
26 26 0.000000
26 27 0.001953
26 28 0.001953
26 29 0.988313
26 30 0.995066
26 31 0.999305
26 32 0.001953
26 33 0.029925
26 34 0.999224
26 35 0.001953
26 36 0.001953
26 37 0.999998
26 38 0.999999
26 39 0.329464
26 40 0.001953
26 41 0.009291
26 42 0.001953
26 43 0.001953
26 44 0.029925
26 45 0.000814
26 46 0.535509
26 47 0.999996
26 48 0.001953
26 49 0.001953
26 50 0.082237
26 51 0.996753
26 52 0.961718
26 53 0.001953
26 54 0.999999
26 55 0.009291
26 56 0.001953
26 57 0.999862
26 58 0.999966
26 59 0.001953
26 60 0.035762
26 61 0.001953
26 62 0.999988
26 63 0.999797
26 64 0.001953
26 65 0.999962
26 66 0.009291
26 67 0.042355
26 68 0.988345
26 69 0.002681
26 70 0.998972
26 71 0.997687
26 72 0.009291
26 73 0.001953
26 74 0.002681
26 75 0.999998
26 76 0.999870
26 77 0.001953
26 78 0.029925
26 79 0.999990
26 80 0.999999
26 81 0.641070
26 82 0.991247
26 83 0.999997
26 84 0.999228
26 85 0.999992
26 86 0.999991
26 87 0.000027
26 88 0.001953
26 89 0.009291
26 90 0.999566
26 91 0.999988
26 92 0.999942
26 93 0.999879
26 94 0.263461
26 95 0.972594
26 96 0.999743
26 97 0.001953
26 98 0.999965
26 99 0.029925
27 0 0.999999
27 1 0.000556
27 2 0.999891
27 3 0.988335
27 4 0.009291
27 5 0.999586
27 6 0.001953
27 7 0.009291
27 8 0.001953
27 9 0.001953
27 10 0.999991
27 11 0.009291
27 12 0.009291
27 13 0.000027
27 14 0.000027
27 15 0.999996
27 16 0.035762
27 17 0.405299
27 18 0.000372
27 19 0.942377
27 20 0.000001
27 21 0.001953
27 22 0.999891
27 23 0.011782
27 24 0.001953
27 25 0.009291
27 26 0.001953
27 27 0.000000
27 28 0.000372
27 29 0.999954
27 30 0.009291
27 31 0.001953
27 32 0.999959
27 33 0.001953
27 34 0.999756
27 35 0.920014
27 36 0.000027
27 37 0.001953
27 38 0.002681
27 39 0.001953
27 40 0.999891
27 41 0.001953
27 42 0.011782
27 43 0.981393
27 44 0.001953
27 45 0.001953
27 46 0.000001
27 47 0.001953
27 48 0.999918
27 49 0.862260
27 50 0.001953
27 51 0.000002
