0 0 0.000000
0 1 0.999964
0 2 0.999871
0 3 0.096388
0 4 0.557193
0 5 0.999999
0 6 0.999998
0 7 0.999390
0 8 0.999879
0 9 0.268234
0 10 0.999932
0 11 0.969629
0 12 0.999999
0 13 0.999619
0 14 0.268234
0 15 0.943131
0 16 0.999998
0 17 0.954792
0 18 0.883941
0 19 0.921048
0 20 0.477022
0 21 0.210224
0 22 0.999970
0 23 0.719662
0 24 0.995947
0 25 0.999729
0 26 0.979649
0 27 0.992319
0 28 0.915921
0 29 0.415919
0 30 0.999999
0 31 0.803068
0 32 0.999996
0 33 0.954792
0 34 0.969629
0 35 0.994873
0 36 0.210224
0 37 0.954792
0 38 0.986386
0 39 0.999920
0 40 0.999920
0 41 0.999880
0 42 0.998716
0 43 0.999955
0 44 0.999937
0 45 0.999880
0 46 0.999277
0 47 0.096388
0 48 0.999679
0 49 0.954792
0 50 0.029925
0 51 0.999999
0 52 0.999857
0 53 0.999946
0 54 0.999999
0 55 0.029925
0 56 0.029925
0 57 0.982801
0 58 0.978283
0 59 0.998074
0 60 0.999518
0 61 0.998074
0 62 0.210224
0 63 0.999986
0 64 0.803068
0 65 0.999955
0 66 0.998074
0 67 0.999277
0 68 0.999998
0 69 0.096388
0 70 0.999771
0 71 0.999679
0 72 0.999880
0 73 0.969629
0 74 0.999898
0 75 0.999955
0 76 0.996579
0 77 0.999880
0 78 0.999998
0 79 0.999593
0 80 0.863976
0 81 0.994873
0 82 0.999594
0 83 0.999999
0 84 0.210224
0 85 0.997113
0 86 0.029925
0 87 0.996579
0 88 0.999277
0 89 0.999848
0 90 0.998916
0 91 0.998074
0 92 0.999729
0 93 0.999989
0 94 0.988501
0 95 0.210224
0 96 0.998074
0 97 0.803068
0 98 0.999999
0 99 0.998716
1 0 0.999964
1 1 0.000000
1 2 0.999999
1 3 0.883941
1 4 0.998716
1 5 0.999980
1 6 0.990289
1 7 0.996579
1 8 0.999619
1 9 0.999819
1 10 0.999946
1 11 0.096388
1 12 0.969629
1 13 0.986386
1 14 0.999975
1 15 0.999786
1 16 0.029925
1 17 0.999998
1 18 0.993516
1 19 0.988501
1 20 0.999997
1 21 0.999999
1 22 0.999997
1 23 0.999848
1 24 0.999998
1 25 0.992319
1 26 0.096388
1 27 0.855444
1 28 0.999946
1 29 0.999998
1 30 0.999880
1 31 0.999932
1 32 0.996347
1 33 0.932960
1 34 0.999920
1 35 0.999786
1 36 0.988501
1 37 0.994873
1 38 0.999984
1 39 0.998375
1 40 0.096388
1 41 0.990903
1 42 0.969629
1 43 0.992319
1 44 0.210224
1 45 0.995672
1 46 0.999932
1 47 0.982801
1 48 0.415919
1 49 0.997718
1 50 0.757621
1 51 0.999997
1 52 0.138922
1 53 0.803068
1 54 0.901145
1 55 0.999955
1 56 0.999857
1 57 0.969629
1 58 0.995672
1 59 0.999679
1 60 0.999970
1 61 0.096388
1 62 0.999992
1 63 0.210224
1 64 0.999819
1 65 0.994873
1 66 0.757621
1 67 0.999429
1 68 0.990903
1 69 0.999994
1 70 0.993515
1 71 0.901145
1 72 0.863976
1 73 0.999997
1 74 0.999999
1 75 0.986386
1 76 0.353553
1 77 0.999657
1 78 0.999920
1 79 0.969629
1 80 0.999970
1 81 0.999429
1 82 0.999729
1 83 0.995672
1 84 0.999429
1 85 0.999518
1 86 0.999679
1 87 0.415919
1 88 0.985469
1 89 0.999999
1 90 0.719662
1 91 0.096388
1 92 0.999996
1 93 0.999920
1 94 0.999970
1 95 0.998916
1 96 0.999518
1 97 0.932960
1 98 0.999983
1 99 0.990290
2 0 0.999871
2 1 0.999999
2 2 0.000000
2 3 0.999998
2 4 0.999518
2 5 0.999920
2 6 0.096388
2 7 0.999980
2 8 0.999819
2 9 0.999898
2 10 0.557193
2 11 0.993926
2 12 0.659444
2 13 0.995672
2 14 0.964107
2 15 0.979649
2 16 0.999998
2 17 0.999989
2 18 0.996579
2 19 0.988501
2 20 0.998074
2 21 0.999619
2 22 0.997113
2 23 0.999970
2 24 0.998916
2 25 0.096388
2 26 0.610510
2 27 0.999999
2 28 0.999992
2 29 0.677128
2 30 0.096388
2 31 0.961718
2 32 0.994873
2 33 0.998074
2 34 0.995672
2 35 0.999679
2 36 0.999729
2 37 0.210224
2 38 0.096388
2 39 0.992319
2 40 0.999277
2 41 0.999980
2 42 0.999914
2 43 0.138922
2 44 0.999786
2 45 0.863976
2 46 0.964107
2 47 0.995672
2 48 0.096388
2 49 0.999999
2 50 0.999999
2 51 0.999899
2 52 0.999992
2 53 0.999277
2 54 0.999920
2 55 0.921048
2 56 0.210224
2 57 0.096388
2 58 0.999997
2 59 0.096388
2 60 0.029925
2 61 0.999992
2 62 0.998478
2 63 0.907126
2 64 0.999999
2 65 0.757621
2 66 0.998716
2 67 0.557193
2 68 0.096388
2 69 0.999962
2 70 0.990903
2 71 0.999999
2 72 0.831064
2 73 0.999848
2 74 0.988501
2 75 0.096388
2 76 0.999594
2 77 0.999729
2 78 0.999819
2 79 0.557193
2 80 0.999987
2 81 0.610510
2 82 0.831064
2 83 0.999619
2 84 0.999998
2 85 0.999998
2 86 0.610510
2 87 0.415919
2 88 0.999786
2 89 0.719662
2 90 0.999998
2 91 0.999819
2 92 0.932960
2 93 0.415919
2 94 0.999998
2 95 0.999995
2 96 0.096388
2 97 0.999898
2 98 0.998375
2 99 0.096388
3 0 0.096388
3 1 0.883941
3 2 0.999998
3 3 0.000000
3 4 0.005177
3 5 0.863976
3 6 0.988501
3 7 0.997113
3 8 0.771105
3 9 0.998716
3 10 0.964107
3 11 0.954792
3 12 0.946647
3 13 0.998916
3 14 0.883941
3 15 0.979649
3 16 0.994873
3 17 0.999729
3 18 0.921048
3 19 0.999999
3 20 0.999891
3 21 0.415919
3 22 0.988501
3 23 0.610510
3 24 0.999277
3 25 0.998916
3 26 0.992319
3 27 0.999998
3 28 0.999986
3 29 0.096388
3 30 0.997718
3 31 0.999786
3 32 0.999819
3 33 0.820692
3 34 0.029925
3 35 0.986386
3 36 0.969629
3 37 0.999593
3 38 0.719662
3 39 0.946647
3 40 0.096388
3 41 0.999997
3 42 0.986386
3 43 0.999995
3 44 0.557193
3 45 0.719662
3 46 0.982801
3 47 0.999983
3 48 0.677128
3 49 0.999970
3 50 0.999679
3 51 0.999880
3 52 0.096388
3 53 0.999898
3 54 0.999786
3 55 0.954792
3 56 0.831064
3 57 0.999679
3 58 0.999729
3 59 0.999144
3 60 0.999880
3 61 0.954792
3 62 0.210224
3 63 0.999968
3 64 0.992319
3 65 0.771105
3 66 0.677128
3 67 0.998074
3 68 0.999920
3 69 0.210224
3 70 0.999518
3 71 0.999920
3 72 0.997718
3 73 0.999999
3 74 0.999880
3 75 0.998074
3 76 0.210224
3 77 0.999619
3 78 0.999144
3 79 0.998916
3 80 0.999998
3 81 0.999429
3 82 0.979649
3 83 0.590400
3 84 0.990903
3 85 0.999999
3 86 0.999999
3 87 0.883941
3 88 0.999879
3 89 0.999920
3 90 0.703771
3 91 0.979649
3 92 0.999989
3 93 0.999980
3 94 0.990289
3 95 0.999996
3 96 0.999987
3 97 0.954792
3 98 0.995672
3 99 0.997563
4 0 0.557193
4 1 0.998716
4 2 0.999518
4 3 0.005177
4 4 0.000000
4 5 0.659444
4 6 0.979649
4 7 0.659444
4 8 0.096388
4 9 0.999999
4 10 0.557193
4 11 0.999970
4 12 0.677128
4 13 0.999679
4 14 0.998716
4 15 0.757621
4 16 0.999955
4 17 0.999593
4 18 0.999992
4 19 0.096388
4 20 0.969629
4 21 0.992319
4 22 0.995672
4 23 0.999880
4 24 0.883941
4 25 0.999880
4 26 0.998629
4 27 0.096388
4 28 0.415919
4 29 0.994873
4 30 0.268234
4 31 0.999593
4 32 0.999144
4 33 0.883941
4 34 0.999998
4 35 0.972594
4 36 0.990903
4 37 0.998629
4 38 0.535509
4 39 0.210224
4 40 0.997563
4 41 0.999962
4 42 0.999983
4 43 0.719662
4 44 0.982801
4 45 0.999932
4 46 0.999518
4 47 0.921048
4 48 0.907126
4 49 0.883941
4 50 0.999277
4 51 0.999992
4 52 0.999999
4 53 0.415919
4 54 0.999144
4 55 0.999518
4 56 0.999962
4 57 0.992319
4 58 0.863976
4 59 0.998716
4 60 0.991800
4 61 0.992319
4 62 0.999880
4 63 0.999848
4 64 0.992319
4 65 0.999920
4 66 0.999277
4 67 0.961718
4 68 0.999786
4 69 0.999920
4 70 0.999998
4 71 0.907126
4 72 0.268234
4 73 0.999898
4 74 0.974313
4 75 0.415919
4 76 0.999955
4 77 0.997113
4 78 0.999729
4 79 0.268234
4 80 0.999997
4 81 0.999998
4 82 0.029925
4 83 0.999920
4 84 0.999746
4 85 0.999946
4 86 0.999998
4 87 0.999390
4 88 0.999277
4 89 0.999932
4 90 0.982801
4 91 0.999277
4 92 0.557193
4 93 0.954792
4 94 0.876568
4 95 0.999277
4 96 0.998375
4 97 0.988501
4 98 0.993516
4 99 0.999905
5 0 0.999999
5 1 0.999980
5 2 0.999920
5 3 0.863976
5 4 0.659444
5 5 0.000000
5 6 0.883941
5 7 0.999996
5 8 0.999729
5 9 0.999997
5 10 0.999996
5 11 0.993516
5 12 0.999429
5 13 0.992319
5 14 0.999518
5 15 0.998716
5 16 0.964107
5 17 0.998916
5 18 0.921048
5 19 0.992319
5 20 0.803068
5 21 0.998629
5 22 0.996579
5 23 0.999986
5 24 0.863976
5 25 0.946647
5 26 0.999429
5 27 0.999518
5 28 0.999970
5 29 0.999989
5 30 0.999679
5 31 0.610510
5 32 0.993515
5 33 0.993516
5 34 0.999905
5 35 0.999998
5 36 0.994873
5 37 0.974313
5 38 0.719662
5 39 0.997113
5 40 0.999998
5 41 0.210224
5 42 0.096388
5 43 0.268234
5 44 0.610510
5 45 0.998716
5 46 0.999995
5 47 0.999976
5 48 0.999999
5 49 0.999991
5 50 0.999898
5 51 0.999983
5 52 0.999992
5 53 0.998916
5 54 0.096388
5 55 0.996347
5 56 0.477022
5 57 0.415919
5 58 0.982801
5 59 0.954792
5 60 0.998375
5 61 0.994873
5 62 0.999920
5 63 0.999679
5 64 0.969629
5 65 0.998916
5 66 0.999998
5 67 0.999518
5 68 0.999992
5 69 0.969629
5 70 0.855444
5 71 0.999979
5 72 0.969629
5 73 0.677128
5 74 0.979649
5 75 0.999679
5 76 0.994873
5 77 0.998074
5 78 0.982801
5 79 0.993926
5 80 0.883941
5 81 0.999518
5 82 0.477022
5 83 0.907126
5 84 0.997563
5 85 0.719662
5 86 0.999987
5 87 0.999786
5 88 0.268234
5 89 0.999593
5 90 0.096388
5 91 0.999983
5 92 0.999518
5 93 0.096388
5 94 0.999997
5 95 0.999998
5 96 0.995672
5 97 0.096388
5 98 0.996579
5 99 0.969629
6 0 0.999998
6 1 0.990289
6 2 0.096388
6 3 0.988501
6 4 0.979649
6 5 0.883941
6 6 0.000000
6 7 0.999992
6 8 0.969629
6 9 0.998074
6 10 0.999980
6 11 0.999486
6 12 0.999848
6 13 0.996347
6 14 0.999998
6 15 0.999970
6 16 0.999746
6 17 0.979649
6 18 0.415919
6 19 0.921048
6 20 0.990903
6 21 0.353553
6 22 0.999880
6 23 0.803068
6 24 0.999880
6 25 0.990289
6 26 0.999932
6 27 0.210224
6 28 0.998074
6 29 0.999999
6 30 0.096388
6 31 0.997113
6 32 0.268234
6 33 0.999997
6 34 0.998074
6 35 0.999786
6 36 0.998074
6 37 0.999848
6 38 0.999994
6 39 0.415919
6 40 0.999999
6 41 0.994873
6 42 0.921048
6 43 0.997113
6 44 0.999729
6 45 0.999990
6 46 0.999999
6 47 0.557193
6 48 0.999992
6 49 0.992319
6 50 0.996347
6 51 0.999997
6 52 0.999999
6 53 0.985469
6 54 0.999932
6 55 0.988501
6 56 0.993516
6 57 0.997113
6 58 0.999987
6 59 0.999955
6 60 0.998375
6 61 0.999991
6 62 0.138922
6 63 0.990903
6 64 0.999920
6 65 0.999920
6 66 0.999999
6 67 0.677128
6 68 0.999994
6 69 0.096388
6 70 0.029925
6 71 0.999970
6 72 0.979649
6 73 0.999991
6 74 0.999983
6 75 0.999920
6 76 0.988501
6 77 0.901145
6 78 0.999390
6 79 0.999819
6 80 0.999998
6 81 0.096388
6 82 0.999594
6 83 0.946647
6 84 0.138922
6 85 0.999277
6 86 0.998074
6 87 0.983886
6 88 0.999920
6 89 0.999996
6 90 0.677128
6 91 0.996348
6 92 0.999997
6 93 0.415919
6 94 0.978282
6 95 0.979649
6 96 0.921048
6 97 0.999619
6 98 0.999980
6 99 0.999880
7 0 0.999390
7 1 0.996579
7 2 0.999980
7 3 0.997113
7 4 0.659444
7 5 0.999996
7 6 0.999992
7 7 0.000000
7 8 0.954792
7 9 0.999772
7 10 0.831064
7 11 0.999144
7 12 0.096388
7 13 0.999144
7 14 0.005177
7 15 0.999997
7 16 0.999983
7 17 0.999593
7 18 0.999999
7 19 0.096388
7 20 0.999905
7 21 0.988501
7 22 0.921048
7 23 0.999932
7 24 0.999518
7 25 0.997113
7 26 0.210224
7 27 0.863976
7 28 0.996347
7 29 0.999920
7 30 0.964107
7 31 0.999880
7 32 0.999898
7 33 0.999983
7 34 0.999955
7 35 0.029925
7 36 0.999920
7 37 0.999593
7 38 0.999228
7 39 0.988501
7 40 0.999979
7 41 0.969629
7 42 0.993926
7 43 0.999946
7 44 0.999905
7 45 0.999729
7 46 0.978282
7 47 0.999995
7 48 0.999390
7 49 0.999429
7 50 0.999390
7 51 0.921048
7 52 0.998716
7 53 0.999819
7 54 0.999997
7 55 0.993516
7 56 0.998916
7 57 0.757621
7 58 0.996579
7 59 0.999998
7 60 0.999990
7 61 0.999857
7 62 0.999997
7 63 0.995947
7 64 0.990903
7 65 0.999144
7 66 0.719662
7 67 0.999905
7 68 0.210224
7 69 0.988501
7 70 0.138922
7 71 0.029925
7 72 0.993515
7 73 0.999999
7 74 0.096388
7 75 0.999819
7 76 0.954792
7 77 0.999679
7 78 0.982801
7 79 0.268234
7 80 0.999998
7 81 0.974313
7 82 0.988501
7 83 0.997113
7 84 0.997563
7 85 0.946647
7 86 0.096388
7 87 0.995947
7 88 0.999920
7 89 0.998074
7 90 0.969629
7 91 0.937084
7 92 0.719662
7 93 0.803068
7 94 0.999518
7 95 0.999898
7 96 0.268234
7 97 0.863976
7 98 0.999880
7 99 0.999955
8 0 0.999879
8 1 0.999619
8 2 0.999819
8 3 0.771105
8 4 0.096388
8 5 0.999729
8 6 0.969629
8 7 0.954792
8 8 0.000000
8 9 0.029925
8 10 0.961718
8 11 0.863976
8 12 0.998916
8 13 0.029925
8 14 0.096388
8 15 0.999518
8 16 0.535509
8 17 0.998478
8 18 0.999995
8 19 0.999997
8 20 0.999390
8 21 0.999998
8 22 0.999996
8 23 0.990903
8 24 0.210224
8 25 0.803068
8 26 0.999857
8 27 0.946647
8 28 0.999429
8 29 0.999086
8 30 0.999848
8 31 0.557193
8 32 0.998716
8 33 0.999932
8 34 0.999277
8 35 0.029925
8 36 0.999992
8 37 0.907126
8 38 0.999976
8 39 0.557193
8 40 0.969629
8 41 0.999999
8 42 0.999997
8 43 0.999992
8 44 0.964107
8 45 0.803068
8 46 0.999998
8 47 0.999920
8 48 0.996579
8 49 0.096388
8 50 0.990903
8 51 0.995672
8 52 0.999999
8 53 0.096388
8 54 0.999998
8 55 0.096388
8 56 0.999898
8 57 0.999946
8 58 0.999995
8 59 0.999999
8 60 0.719662
8 61 0.994873
8 62 0.029925
8 63 0.999979
8 64 0.997718
8 65 0.999996
8 66 0.029925
8 67 0.999593
8 68 0.999593
8 69 0.999962
8 70 0.932960
8 71 0.210224
8 72 0.677128
8 73 0.999786
8 74 0.999999
8 75 0.998074
8 76 0.964107
8 77 0.997113
8 78 0.999679
8 79 0.999679
8 80 0.995672
8 81 0.999999
8 82 0.999998
8 83 0.210224
8 84 0.096388
8 85 0.974313
8 86 0.999990
8 87 0.999786
8 88 0.096388
8 89 0.997718
8 90 0.999998
8 91 0.999998
8 92 0.999914
8 93 0.999729
8 94 0.964107
8 95 0.999999
8 96 0.096388
8 97 0.999998
8 98 0.659444
8 99 0.999997
9 0 0.268234
9 1 0.999819
9 2 0.999898
9 3 0.998716
9 4 0.999999
9 5 0.999997
9 6 0.998074
9 7 0.999772
9 8 0.029925
9 9 0.000000
9 10 0.210224
9 11 0.999857
9 12 0.985469
9 13 0.961718
9 14 0.210224
9 15 0.005177
9 16 0.210224
9 17 0.946647
9 18 0.999975
9 19 0.999970
9 20 0.999997
9 21 0.999997
9 22 0.329464
9 23 0.999989
9 24 0.353553
9 25 0.999144
9 26 0.029925
9 27 0.999786
9 28 0.999657
9 29 0.677128
9 30 0.954792
9 31 0.986386
9 32 0.999989
9 33 0.985469
9 34 0.138922
9 35 0.954792
9 36 0.210224
9 37 0.994873
9 38 0.999857
9 39 0.189109
9 40 0.999277
9 41 0.999997
9 42 0.610510
9 43 0.999997
9 44 0.557193
9 45 0.921048
9 46 0.999998
9 47 0.268234
9 48 0.988501
9 49 0.999277
9 50 0.986386
9 51 0.999899
9 52 0.999144
9 53 0.029925
9 54 0.999999
9 55 0.999880
9 56 0.982801
9 57 0.999996
9 58 0.096388
9 59 0.029925
9 60 0.999992
9 61 0.999999
9 62 0.999999
9 63 0.999999
9 64 0.999144
9 65 0.096388
9 66 0.999847
9 67 0.803068
9 68 0.999979
9 69 0.999943
9 70 0.999518
9 71 0.005177
9 72 0.993516
9 73 0.979649
9 74 0.210224
9 75 0.999786
9 76 0.719662
9 77 0.999989
9 78 0.999819
9 79 0.210224
9 80 0.975926
9 81 0.998843
9 82 0.988501
9 83 0.999997
9 84 0.999429
9 85 0.999946
9 86 0.996579
9 87 0.999819
9 88 0.096388
9 89 0.996579
9 90 0.029925
9 91 0.954792
9 92 0.999999
9 93 0.883941
9 94 0.029925
9 95 0.096388
9 96 0.831064
9 97 0.994873
9 98 0.946647
9 99 0.997113
10 0 0.999932
10 1 0.999946
10 2 0.557193
10 3 0.964107
10 4 0.557193
10 5 0.999996
10 6 0.999980
10 7 0.831064
10 8 0.961718
10 9 0.210224
10 10 0.000000
10 11 0.999995
10 12 0.096388
10 13 0.610510
10 14 0.999999
10 15 0.999999
10 16 0.999593
10 17 0.999987
10 18 0.998716
10 19 0.999955
10 20 0.999998
10 21 0.999946
10 22 0.998916
10 23 0.996347
10 24 0.993926
10 25 0.999518
10 26 0.997718
10 27 0.999880
10 28 0.982801
10 29 0.999990
10 30 0.997113
10 31 0.999980
10 32 0.096388
10 33 0.999679
10 34 0.998716
10 35 0.988501
10 36 0.999975
10 37 0.999998
10 38 0.999593
10 39 0.999786
10 40 0.999995
10 41 0.999880
10 42 0.268234
10 43 0.999999
10 44 0.901145
10 45 0.999518
10 46 0.998716
10 47 0.415919
10 48 0.999679
10 49 0.999970
10 50 0.997113
10 51 0.999593
10 52 0.999920
10 53 0.999990
10 54 0.969629
10 55 0.999998
10 56 0.988501
10 57 0.996917
10 58 0.999593
10 59 0.999486
10 60 0.988501
10 61 0.999979
10 62 0.998629
10 63 0.998375
10 64 0.138922
10 65 0.999998
10 66 0.353553
10 67 0.999619
10 68 0.096388
10 69 0.557193
10 70 0.999980
10 71 0.996579
10 72 0.995672
10 73 0.999998
10 74 0.999997
10 75 0.999999
10 76 0.999932
10 77 0.986386
10 78 0.992319
10 79 0.719661
10 80 0.999955
10 81 0.999277
10 82 0.999679
10 83 0.982801
10 84 0.999429
10 85 0.999999
10 86 0.999983
10 87 0.990903
10 88 0.999998
10 89 0.998916
10 90 0.535509
10 91 0.096388
10 92 0.999679
10 93 0.997718
10 94 0.096388
10 95 0.029925
10 96 0.999992
10 97 0.979649
10 98 0.999970
10 99 0.029925
11 0 0.969629
11 1 0.096388
11 2 0.993926
11 3 0.954792
11 4 0.999970
11 5 0.993516
11 6 0.999486
11 7 0.999144
11 8 0.863976
11 9 0.999857
11 10 0.999995
11 11 0.000000
11 12 0.677128
11 13 0.998478
11 14 0.996347
11 15 0.210224
11 16 0.998716
11 17 0.974313
11 18 0.999997
11 19 0.999772
11 20 0.997563
11 21 0.996347
11 22 0.997113
11 23 0.999619
11 24 0.999994
11 25 0.999880
11 26 0.999937
11 27 0.999998
11 28 0.998074
11 29 0.969629
11 30 0.986386
11 31 0.998074
11 32 0.997113
11 33 0.096388
11 34 0.996347
11 35 0.210224
11 36 0.999390
11 37 0.999996
11 38 0.996579
11 39 0.992319
11 40 0.993515
11 41 0.999992
11 42 0.029925
11 43 0.999979
11 44 0.994526
11 45 0.029925
11 46 0.999144
11 47 0.986386
11 48 0.999983
11 49 0.999976
11 50 0.999771
11 51 0.997563
11 52 0.210224
11 53 0.999880
11 54 0.992319
11 55 0.982801
11 56 0.997113
11 57 0.999998
11 58 0.268234
11 59 0.863976
11 60 0.998916
11 61 0.999679
11 62 0.610510
11 63 0.210224
11 64 0.415919
11 65 0.997563
11 66 0.999144
11 67 0.999968
11 68 0.999952
11 69 0.999999
11 70 0.210224
11 71 0.999999
11 72 0.999991
11 73 0.999992
11 74 0.999848
11 75 0.999962
11 76 0.883941
11 77 0.946647
11 78 0.998074
11 79 0.999746
11 80 0.946647
11 81 0.415919
11 82 0.096388
11 83 0.268234
11 84 0.803068
11 85 0.999390
11 86 0.969629
11 87 0.863976
11 88 0.999786
11 89 0.990289
11 90 0.999943
11 91 0.999786
11 92 0.994873
11 93 0.999819
11 94 0.996579
11 95 0.268234
11 96 0.999999
11 97 0.029925
11 98 0.999983
11 99 0.974313
12 0 0.999999
12 1 0.969629
12 2 0.659444
12 3 0.946647
12 4 0.677128
12 5 0.999429
12 6 0.999848
12 7 0.096388
12 8 0.998916
12 9 0.985469
12 10 0.096388
12 11 0.677128
12 12 0.000000
12 13 0.999898
12 14 0.999880
12 15 0.863976
12 16 0.999619
12 17 0.999857
12 18 0.803068
12 19 0.999819
12 20 0.982801
12 21 0.997113
12 22 0.999955
12 23 0.998375
12 24 0.998716
12 25 0.999946
12 26 0.096388
12 27 0.993516
12 28 0.998478
12 29 0.096388
12 30 0.999920
12 31 0.995672
12 32 0.998916
12 33 0.999998
12 34 0.210224
12 35 0.138922
12 36 0.803068
12 37 0.999970
12 38 0.999429
12 39 0.268234
12 40 0.999518
12 41 0.999593
12 42 0.999593
12 43 0.995672
12 44 0.994873
12 45 0.999955
12 46 0.029925
12 47 0.999899
12 48 0.096388
12 49 0.999593
12 50 0.863976
12 51 0.999987
12 52 0.999970
12 53 0.982801
12 54 0.210224
12 55 0.029925
12 56 0.999997
12 57 0.999946
12 58 0.921048
12 59 0.999390
12 60 0.994873
12 61 0.999819
12 62 0.998074
12 63 0.999992
12 64 0.999999
12 65 0.329464
12 66 0.610510
12 67 0.999144
12 68 0.999880
12 69 0.999518
12 70 0.982801
12 71 0.999899
12 72 0.999819
12 73 0.138922
12 74 0.999920
12 75 0.268234
12 76 0.999998
12 77 0.998716
12 78 0.982801
12 79 0.883941
12 80 0.415919
12 81 0.610510
12 82 0.901145
12 83 0.999989
12 84 0.999998
12 85 0.999970
12 86 0.210224
12 87 0.999518
12 88 0.999997
12 89 0.901145
12 90 0.999983
12 91 0.096388
12 92 0.998074
12 93 0.992319
12 94 0.999946
12 95 0.029925
12 96 0.415919
12 97 0.557193
12 98 0.863976
12 99 0.999429
13 0 0.999619
13 1 0.986386
13 2 0.995672
13 3 0.998916
13 4 0.999679
13 5 0.992319
13 6 0.996347
13 7 0.999144
13 8 0.029925
13 9 0.961718
13 10 0.610510
13 11 0.998478
13 12 0.999898
13 13 0.000000
13 14 0.999998
13 15 0.999991
13 16 0.999998
13 17 0.999975
13 18 0.999819
13 19 0.969629
13 20 0.477022
13 21 0.999946
13 22 0.096388
13 23 0.029925
13 24 0.999992
13 25 0.992319
13 26 0.999994
13 27 0.659444
13 28 0.999999
13 29 0.415919
13 30 0.994873
13 31 0.998074
13 32 0.986386
13 33 0.999998
13 34 0.557193
13 35 0.979649
13 36 0.979649
13 37 0.964107
13 38 0.096388
13 39 0.998074
13 40 0.998074
13 41 0.995672
13 42 0.999996
13 43 0.969629
13 44 0.992319
13 45 0.999144
13 46 0.999920
13 47 0.988501
13 48 0.999848
13 49 0.557193
13 50 0.999992
13 51 0.999144
13 52 0.029925
13 53 0.096388
13 54 0.999277
13 55 0.557193
13 56 0.096388
13 57 0.999871
13 58 0.982801
13 59 0.757621
13 60 0.999990
13 61 0.997563
13 62 0.999946
13 63 0.999997
13 64 0.998375
13 65 0.982801
13 66 0.999999
13 67 0.999955
13 68 0.999729
13 69 0.096388
13 70 0.921048
13 71 0.992319
13 72 0.999964
13 73 0.999998
13 74 0.995672
13 75 0.995672
13 76 0.999992
13 77 0.999848
13 78 0.999144
13 79 0.994873
13 80 0.999998
13 81 0.997563
13 82 0.999975
13 83 0.999970
13 84 0.992319
13 85 0.974313
13 86 0.998074
13 87 0.863976
13 88 0.999857
13 89 0.996579
13 90 0.992319
13 91 0.096388
13 92 0.901145
13 93 0.999997
13 94 0.999928
13 95 0.999898
13 96 0.831064
13 97 0.610510
13 98 0.999920
13 99 0.986386
14 0 0.268234
14 1 0.999975
14 2 0.964107
14 3 0.883941
14 4 0.998716
14 5 0.999518
14 6 0.999998
14 7 0.005177
14 8 0.096388
14 9 0.210224
14 10 0.999999
14 11 0.996347
14 12 0.999880
14 13 0.999998
14 14 0.000000
14 15 0.477022
14 16 0.996347
14 17 0.210224
14 18 0.943131
14 19 0.138922
14 20 0.096388
14 21 0.986386
14 22 0.997563
14 23 0.964107
14 24 0.831064
14 25 0.998629
14 26 0.990903
14 27 0.999962
14 28 0.999819
14 29 0.999679
14 30 0.999880
14 31 0.210224
14 32 0.999998
14 33 0.901145
14 34 0.999518
14 35 0.863976
14 36 0.999937
14 37 0.992319
14 38 0.998478
14 39 0.997113
14 40 0.992319
14 41 0.990903
14 42 0.999975
14 43 0.999943
14 44 0.999848
14 45 0.951799
14 46 0.999989
14 47 0.979649
14 48 0.999992
14 49 0.969629
14 50 0.992319
14 51 0.855444
14 52 0.993516
14 53 0.999998
14 54 0.391878
14 55 0.999518
14 56 0.986386
14 57 0.994873
14 58 0.999991
14 59 0.999998
14 60 0.096388
14 61 0.907126
14 62 0.999920
14 63 0.999997
14 64 0.999975
14 65 0.999970
14 66 0.999996
14 67 0.999920
14 68 0.986386
14 69 0.029925
14 70 0.998074
14 71 0.999786
14 72 0.998716
14 73 0.999390
14 74 0.921048
14 75 0.969629
14 76 0.096388
14 77 0.999989
14 78 0.998916
14 79 0.999880
14 80 0.921048
14 81 0.999819
14 82 0.998375
14 83 0.999771
14 84 0.997113
14 85 0.988501
14 86 0.999593
14 87 0.999999
14 88 0.907126
14 89 0.907126
14 90 0.999983
14 91 0.999995
14 92 0.998375
14 93 0.999857
14 94 0.999980
14 95 0.992319
14 96 0.998375
14 97 0.883941
14 98 0.999390
14 99 0.999429
15 0 0.943131
15 1 0.999786
15 2 0.979649
15 3 0.979649
15 4 0.757621
15 5 0.998716
15 6 0.999970
15 7 0.999997
15 8 0.999518
15 9 0.005177
15 10 0.999999
15 11 0.210224
15 12 0.863976
15 13 0.999991
15 14 0.477022
15 15 0.000000
15 16 0.610510
15 17 0.997718
15 18 0.138922
15 19 0.999983
15 20 0.979649
15 21 0.999999
15 22 0.477022
15 23 0.997718
15 24 0.863976
15 25 0.677128
15 26 0.999986
15 27 0.353553
15 28 0.210224
15 29 0.999144
15 30 0.995672
15 31 0.999998
15 32 0.999729
15 33 0.096388
15 34 0.921048
15 35 0.210224
15 36 0.999997
15 37 0.415919
15 38 0.996579
15 39 0.999848
15 40 0.329464
15 41 0.999976
15 42 0.999946
15 43 0.946647
15 44 0.979649
15 45 0.943131
15 46 0.946647
15 47 0.995672
15 48 0.999970
15 49 0.996579
15 50 0.771105
15 51 0.096388
15 52 0.999992
15 53 0.999983
15 54 0.677128
15 55 0.901145
15 56 0.999920
15 57 0.964107
15 58 0.999786
15 59 0.994873
15 60 0.994526
15 61 0.999995
15 62 0.996579
15 63 0.999920
15 64 0.999986
15 65 0.986386
15 66 0.831064
15 67 0.415919
15 68 0.999998
15 69 0.999085
15 70 0.999819
15 71 0.210224
15 72 0.999998
15 73 0.999998
15 74 0.997113
15 75 0.999955
15 76 0.999989
15 77 0.610510
15 78 0.999998
15 79 0.954792
15 80 0.557193
15 81 0.999898
15 82 0.999962
15 83 0.998916
15 84 0.999964
15 85 0.999086
15 86 0.999920
15 87 0.998074
15 88 0.999932
15 89 0.994873
15 90 0.096388
15 91 0.999086
15 92 0.096388
15 93 0.998074
15 94 0.996347
15 95 0.999920
15 96 0.999518
15 97 0.999880
15 98 0.999994
15 99 0.999786
16 0 0.999998
16 1 0.029925
16 2 0.999998
16 3 0.994873
16 4 0.999955
16 5 0.964107
16 6 0.999746
16 7 0.999983
16 8 0.535509
16 9 0.210224
16 10 0.999593
16 11 0.998716
16 12 0.999619
16 13 0.999998
16 14 0.996347
16 15 0.610510
16 16 0.000000
16 17 0.999144
16 18 0.999996
16 19 0.005177
16 20 0.863976
16 21 0.999955
16 22 0.999998
16 23 0.999989
16 24 0.990289
16 25 0.210224
16 26 0.029925
16 27 0.999962
16 28 0.096388
16 29 0.999390
16 30 0.969629
16 31 0.999857
16 32 0.994526
16 33 0.051779
16 34 0.999980
16 35 0.979649
16 36 0.415919
16 37 0.992319
16 38 0.996347
16 39 0.999998
16 40 0.999999
16 41 0.964107
16 42 0.964107
16 43 0.415919
16 44 0.029925
16 45 0.999997
16 46 0.791202
16 47 0.999998
16 48 0.757621
16 49 0.876570
16 50 0.988501
16 51 0.999144
16 52 0.999679
16 53 0.999898
16 54 0.999429
16 55 0.999932
16 56 0.999518
16 57 0.883941
16 58 0.993926
16 59 0.999228
16 60 0.999962
16 61 0.967602
16 62 0.096388
16 63 0.883941
16 64 0.999989
16 65 0.999786
16 66 0.096388
16 67 0.921048
16 68 0.999991
16 69 0.999962
16 70 0.999880
16 71 0.999729
16 72 0.979649
16 73 0.999932
16 74 0.840896
16 75 0.932960
16 76 0.999946
16 77 0.999994
16 78 0.998716
16 79 0.992319
16 80 0.999996
16 81 0.986386
16 82 0.999144
16 83 0.982801
16 84 0.946647
16 85 0.998916
16 86 0.999970
16 87 0.999679
16 88 0.997113
16 89 0.999996
16 90 0.999920
16 91 0.988501
16 92 0.999880
16 93 0.998916
16 94 0.999920
16 95 0.999979
16 96 0.096388
16 97 0.993516
16 98 0.999946
16 99 0.999518
17 0 0.954792
17 1 0.999998
17 2 0.999989
17 3 0.999729
17 4 0.999593
17 5 0.998916
17 6 0.979649
17 7 0.999593
17 8 0.998478
17 9 0.946647
17 10 0.999987
17 11 0.974313
17 12 0.999857
17 13 0.999975
17 14 0.210224
17 15 0.997718
17 16 0.999144
17 17 0.000000
17 18 0.999998
17 19 0.999987
17 20 0.210224
17 21 0.999277
17 22 0.415919
17 23 0.999679
17 24 0.999786
17 25 0.029925
17 26 0.096388
17 27 0.999986
17 28 0.997563
17 29 0.999518
17 30 0.999999
17 31 0.999946
17 32 0.557193
17 33 0.991800
17 34 0.610510
17 35 0.921048
17 36 0.999999
17 37 0.999987
17 38 0.999998
17 39 0.946647
17 40 0.946647
17 41 0.999962
17 42 0.998916
17 43 0.415919
17 44 0.932960
17 45 0.096388
17 46 0.999998
17 47 0.999997
17 48 0.999998
17 49 0.210224
17 50 0.995672
17 51 0.096388
17 52 0.993516
17 53 0.999848
17 54 0.946647
17 55 0.210224
17 56 0.997944
17 57 0.999975
17 58 0.999980
17 59 0.901145
17 60 0.998375
17 61 0.999987
17 62 0.999998
17 63 0.999786
17 64 0.999786
17 65 0.415919
17 66 0.999946
17 67 0.982801
17 68 0.999995
17 69 0.999729
17 70 0.992319
17 71 0.096388
17 72 0.999987
17 73 0.999729
17 74 0.029925
17 75 0.415919
17 76 0.210224
17 77 0.999679
17 78 0.999996
17 79 0.999999
17 80 0.557193
17 81 0.999144
17 82 0.999996
17 83 0.999970
17 84 0.803068
17 85 0.943131
17 86 0.029925
17 87 0.999975
17 88 0.999390
17 89 0.998074
17 90 0.096388
17 91 0.921048
17 92 0.999955
17 93 0.999970
17 94 0.999975
17 95 0.999970
17 96 0.998716
17 97 0.999819
17 98 0.999880
17 99 0.996579
18 0 0.883941
18 1 0.993516
18 2 0.996579
18 3 0.921048
18 4 0.999992
18 5 0.921048
18 6 0.415919
18 7 0.999999
18 8 0.999995
18 9 0.999975
18 10 0.998716
18 11 0.999997
18 12 0.803068
18 13 0.999819
18 14 0.943131
18 15 0.138922
18 16 0.999996
18 17 0.999998
18 18 0.000000
18 19 0.987726
18 20 0.999999
18 21 0.210224
18 22 0.029925
18 23 0.999991
18 24 0.329464
18 25 0.677128
18 26 0.992319
18 27 0.557193
18 28 0.954792
18 29 0.138922
18 30 0.999277
18 31 0.921048
18 32 0.998074
18 33 0.999429
18 34 0.943131
18 35 0.982801
18 36 0.999786
18 37 0.999982
18 38 0.803068
18 39 0.999819
18 40 0.994873
18 41 0.999277
18 42 0.999999
18 43 0.998916
18 44 0.999994
18 45 0.998916
18 46 0.999880
18 47 0.999999
18 48 0.999932
18 49 0.863976
18 50 0.995672
18 51 0.999946
18 52 0.993516
18 53 0.999819
18 54 0.943131
18 55 0.803068
18 56 0.999786
18 57 0.096388
18 58 0.999786
18 59 0.883941
18 60 0.610510
18 61 0.138922
18 62 0.999991
18 63 0.999994
18 64 0.771105
18 65 0.999995
18 66 0.999991
18 67 0.999997
18 68 0.999920
18 69 0.999518
18 70 0.999786
18 71 0.999144
18 72 0.979649
18 73 0.005177
18 74 0.998629
18 75 0.998716
18 76 0.996579
18 77 0.921048
18 78 0.990289
18 79 0.999277
18 80 0.999998
18 81 0.999999
18 82 0.999871
18 83 0.964107
18 84 0.999983
18 85 0.982801
18 86 0.992319
18 87 0.937084
18 88 0.999991
18 89 0.998716
18 90 0.932960
18 91 0.999593
18 92 0.974313
18 93 0.986386
18 94 0.996579
18 95 0.210224
18 96 0.999996
18 97 0.999997
18 98 0.096388
18 99 0.096388
19 0 0.921048
19 1 0.988501
19 2 0.988501
19 3 0.999999
19 4 0.096388
19 5 0.992319
19 6 0.921048
19 7 0.096388
19 8 0.999997
19 9 0.999970
19 10 0.999955
19 11 0.999772
19 12 0.999819
19 13 0.969629
19 14 0.138922
19 15 0.999983
19 16 0.005177
19 17 0.999987
19 18 0.987726
19 19 0.000000
19 20 0.999983
19 21 0.803068
19 22 0.999390
19 23 0.946647
19 24 0.999144
19 25 0.988501
19 26 0.997113
19 27 0.999277
19 28 0.659444
19 29 0.992319
19 30 0.329464
19 31 0.998716
19 32 0.999848
19 33 0.210224
19 34 0.999390
19 35 0.975926
19 36 0.969629
19 37 0.999997
19 38 0.999970
19 39 0.999997
19 40 0.999998
19 41 0.996347
19 42 0.997113
19 43 0.096388
19 44 0.999518
19 45 0.863976
19 46 0.999996
19 47 0.883941
19 48 0.999980
19 49 0.999997
19 50 0.998478
19 51 0.988501
19 52 0.999819
19 53 0.999999
19 54 0.979649
19 55 0.999857
19 56 0.999999
19 57 0.999975
19 58 0.999998
19 59 0.999594
19 60 0.993926
19 61 0.415919
19 62 0.992319
19 63 0.999786
19 64 0.659444
19 65 0.096388
19 66 0.999998
19 67 0.999994
19 68 0.992319
19 69 0.999880
19 70 0.999991
19 71 0.999771
19 72 0.999997
19 73 0.029925
19 74 0.999998
19 75 0.999968
19 76 0.999955
19 77 0.883941
19 78 0.979649
19 79 0.993926
19 80 0.029925
19 81 0.999920
19 82 0.210224
19 83 0.999786
19 84 0.029925
19 85 0.999932
19 86 0.985469
19 87 0.557193
19 88 0.995672
19 89 0.983886
19 90 0.999679
19 91 0.992319
19 92 0.988501
19 93 0.096388
19 94 0.961719
19 95 0.999085
19 96 0.999984
19 97 0.610510
19 98 0.999999
19 99 0.999228
20 0 0.477022
20 1 0.999997
20 2 0.998074
20 3 0.999891
20 4 0.969629
20 5 0.803068
20 6 0.990903
20 7 0.999905
20 8 0.999390
20 9 0.999997
20 10 0.999998
20 11 0.997563
20 12 0.982801
20 13 0.477022
20 14 0.096388
20 15 0.979649
20 16 0.863976
20 17 0.210224
20 18 0.999999
20 19 0.999983
20 20 0.000000
20 21 0.999999
20 22 0.677128
20 23 0.998916
20 24 0.993926
20 25 0.999729
20 26 0.999819
20 27 0.999998
20 28 0.659444
20 29 0.415919
20 30 0.999992
20 31 0.029925
20 32 0.986386
20 33 0.557193
20 34 0.961718
20 35 0.964107
20 36 0.883941
20 37 0.029925
20 38 0.979649
20 39 0.029925
20 40 0.998916
20 41 0.029925
20 42 0.210224
20 43 0.997718
20 44 0.999998
20 45 0.969629
20 46 0.863976
20 47 0.999983
20 48 0.999987
20 49 0.863976
20 50 0.051779
20 51 0.863976
20 52 0.999994
20 53 0.999657
20 54 0.096388
20 55 0.995672
20 56 0.969629
20 57 0.999593
20 58 0.999819
20 59 0.999992
20 60 0.557193
20 61 0.999729
20 62 0.096388
20 63 0.999983
20 64 0.999871
20 65 0.999807
20 66 0.096388
20 67 0.999998
20 68 0.999879
20 69 0.999932
20 70 0.998375
20 71 0.719662
20 72 0.997113
20 73 0.979649
20 74 0.831064
20 75 0.999943
20 76 0.975926
20 77 0.999594
20 78 0.985469
20 79 0.999899
20 80 0.997944
20 81 0.999848
20 82 0.999819
20 83 0.998074
20 84 0.999819
20 85 0.998916
20 86 0.999955
20 87 0.096388
20 88 0.096388
20 89 0.415919
20 90 0.994873
20 91 0.415919
20 92 0.998375
20 93 0.999970
20 94 0.999518
20 95 0.610510
20 96 0.999992
20 97 0.999899
20 98 0.999999
20 99 0.987726
21 0 0.210224
21 1 0.999999
21 2 0.999619
21 3 0.415919
21 4 0.992319
21 5 0.998629
21 6 0.353553
21 7 0.988501
21 8 0.999998
21 9 0.999997
21 10 0.999946
21 11 0.996347
21 12 0.997113
21 13 0.999946
21 14 0.986386
21 15 0.999999
21 16 0.999955
21 17 0.999277
21 18 0.210224
21 19 0.803068
21 20 0.999999
21 21 0.000000
21 22 0.999994
21 23 0.999996
21 24 0.992319
21 25 0.907126
21 26 0.999993
21 27 0.999994
21 28 0.999992
21 29 0.999999
21 30 0.999962
21 31 0.998916
21 32 0.803068
21 33 0.995672
21 34 0.999996
21 35 0.610510
21 36 0.995672
21 37 0.096388
21 38 0.999277
21 39 0.999962
21 40 0.999999
21 41 0.096388
21 42 0.353553
21 43 0.999970
21 44 0.999518
21 45 0.999880
21 46 0.999998
21 47 0.999619
21 48 0.999772
21 49 0.992319
21 50 0.999880
21 51 0.999593
21 52 0.999999
21 53 0.029925
21 54 0.990903
21 55 0.998716
21 56 0.999429
21 57 0.999920
21 58 0.999819
21 59 0.964107
21 60 0.999920
21 61 0.096388
21 62 0.268234
21 63 0.999998
21 64 0.610510
21 65 0.999970
21 66 0.210224
21 67 0.996579
21 68 0.999943
21 69 0.994873
21 70 0.999277
21 71 0.268234
21 72 0.999998
21 73 0.719662
21 74 0.210224
21 75 0.999086
21 76 0.994873
21 77 0.996579
21 78 0.999946
21 79 0.999964
21 80 0.096388
21 81 0.999994
21 82 0.946647
21 83 0.995672
21 84 0.999955
21 85 0.992319
21 86 0.967602
21 87 0.999920
21 88 0.999593
21 89 0.990289
21 90 0.005177
21 91 0.932960
21 92 0.999975
21 93 0.999998
21 94 0.990903
21 95 0.999983
21 96 0.998716
21 97 0.997563
21 98 0.907126
21 99 0.915920
22 0 0.999970
22 1 0.999997
22 2 0.997113
22 3 0.988501
22 4 0.995672
22 5 0.996579
22 6 0.999880
22 7 0.921048
22 8 0.999996
22 9 0.329464
22 10 0.998916
22 11 0.997113
22 12 0.999955
22 13 0.096388
22 14 0.997563
22 15 0.477022
22 16 0.999998
22 17 0.415919
22 18 0.029925
22 19 0.999390
22 20 0.677128
22 21 0.999994
22 22 0.000000
22 23 0.998074
22 24 0.964107
22 25 0.999518
22 26 0.999277
22 27 0.996579
22 28 0.138922
22 29 0.999998
22 30 0.997718
22 31 0.477022
22 32 0.999920
22 33 0.998716
22 34 0.999970
22 35 0.677128
22 36 0.999390
22 37 0.993515
22 38 0.999819
22 39 0.999679
22 40 0.999899
22 41 0.992319
22 42 0.999998
22 43 0.999786
22 44 0.998375
22 45 0.883941
22 46 0.998074
22 47 0.029925
22 48 0.999995
22 49 0.999962
22 50 0.954792
22 51 0.999144
22 52 0.999999
22 53 0.557193
22 54 0.210224
22 55 0.029925
22 56 0.999991
22 57 0.999987
22 58 0.999932
22 59 0.096388
22 60 0.993515
22 61 0.138922
22 62 0.999999
22 63 0.999880
22 64 0.610510
22 65 0.988501
22 66 0.969629
22 67 0.986386
22 68 0.993516
22 69 0.992319
22 70 0.988501
22 71 0.210224
22 72 0.757621
22 73 0.921048
22 74 0.096388
22 75 0.005177
22 76 0.329464
22 77 0.999848
22 78 0.391877
22 79 0.999998
22 80 0.999999
22 81 0.894799
22 82 0.210224
22 83 0.029925
22 84 0.999975
22 85 0.353553
22 86 0.907126
22 87 0.999679
22 88 0.329464
22 89 0.999144
22 90 0.999970
22 91 0.999619
22 92 0.932960
22 93 0.005177
22 94 0.921048
22 95 0.999992
22 96 0.990289
22 97 0.999277
22 98 0.415919
22 99 0.999999
23 0 0.719662
23 1 0.999848
23 2 0.999970
23 3 0.610510
23 4 0.999880
23 5 0.999986
23 6 0.803068
23 7 0.999932
23 8 0.990903
23 9 0.999989
23 10 0.996347
23 11 0.999619
23 12 0.998375
23 13 0.029925
23 14 0.964107
23 15 0.997718
23 16 0.999989
23 17 0.999679
23 18 0.999991
23 19 0.946647
23 20 0.998916
23 21 0.999996
23 22 0.998074
23 23 0.000000
23 24 0.998716
23 25 0.096388
23 26 0.999993
23 27 0.096388
23 28 0.992319
23 29 0.719662
23 30 0.998629
23 31 0.096388
23 32 0.999429
23 33 0.999390
23 34 0.999991
23 35 0.998716
23 36 0.999992
23 37 0.999975
23 38 0.477022
23 39 0.999679
23 40 0.999986
23 41 0.999970
23 42 0.999995
23 43 0.999914
23 44 0.964107
23 45 0.999992
23 46 0.999962
23 47 0.999819
23 48 0.803068
23 49 0.999819
23 50 0.210224
23 51 0.997113
23 52 0.999997
23 53 0.992319
23 54 0.096388
23 55 0.999920
23 56 0.999970
23 57 0.991800
23 58 0.831065
23 59 0.979649
23 60 0.096388
23 61 0.999984
23 62 0.999729
23 63 0.210224
23 64 0.677128
23 65 0.999999
23 66 0.999679
23 67 0.999997
23 68 0.946647
23 69 0.999880
23 70 0.998916
23 71 0.982801
23 72 0.210224
23 73 0.268234
23 74 0.964107
23 75 0.189109
23 76 0.999987
23 77 0.999994
23 78 0.999679
23 79 0.921048
23 80 0.557193
23 81 0.999975
23 82 0.096388
23 83 0.096388
23 84 0.863976
23 85 0.863976
23 86 0.997718
23 87 0.999955
23 88 0.964107
23 89 0.999997
23 90 0.988501
23 91 0.999518
23 92 0.999962
23 93 0.998478
23 94 0.210224
23 95 0.210224
23 96 0.096388
23 97 0.999970
23 98 0.999807
23 99 0.999729
24 0 0.995947
24 1 0.999998
24 2 0.998916
24 3 0.999277
24 4 0.883941
24 5 0.863976
24 6 0.999880
24 7 0.999518
24 8 0.210224
24 9 0.353553
24 10 0.993926
24 11 0.999994
24 12 0.998716
24 13 0.999992
24 14 0.831064
24 15 0.863976
24 16 0.990289
24 17 0.999786
24 18 0.329464
24 19 0.999144
24 20 0.993926
24 21 0.992319
24 22 0.964107
24 23 0.998716
24 24 0.000000
24 25 0.998375
24 26 0.999970
24 27 0.999998
24 28 0.999998
24 29 0.999898
24 30 0.831064
24 31 0.999980
24 32 0.096388
24 33 0.999946
24 34 0.996579
24 35 0.999997
24 36 0.999729
24 37 0.268234
24 38 0.990903
24 39 0.999679
24 40 0.096388
24 41 0.999518
24 42 0.138922
24 43 0.999999
24 44 0.999986
24 45 0.988501
24 46 0.659444
24 47 0.029925
24 48 0.999898
24 49 0.969629
24 50 0.999998
24 51 0.988501
24 52 0.999997
24 53 0.999594
24 54 0.998375
24 55 0.995672
24 56 0.415919
24 57 0.999999
24 58 0.029925
24 59 0.096388
24 60 0.999998
24 61 0.268234
24 62 0.999987
24 63 0.999999
24 64 0.096388
24 65 0.921048
24 66 0.992319
24 67 0.029925
24 68 0.982801
24 69 0.999729
24 70 0.993516
24 71 0.803068
24 72 0.999998
24 73 0.997113
24 74 0.999144
24 75 0.992319
24 76 0.998478
24 77 0.932960
24 78 0.990903
24 79 0.993516
24 80 0.863976
24 81 0.999983
24 82 0.999905
24 83 0.999994
24 84 0.999999
24 85 0.999819
24 86 0.998843
24 87 0.992319
24 88 0.831064
24 89 0.210224
24 90 0.999947
24 91 0.477022
24 92 0.415919
24 93 0.996347
24 94 0.999144
24 95 0.353553
24 96 0.999144
24 97 0.999920
24 98 0.999277
24 99 0.996347
25 0 0.999729
25 1 0.992319
25 2 0.096388
25 3 0.998916
25 4 0.999880
25 5 0.946647
25 6 0.990289
25 7 0.997113
25 8 0.803068
25 9 0.999144
25 10 0.999518
25 11 0.999880
25 12 0.999946
25 13 0.992319
25 14 0.998629
25 15 0.677128
25 16 0.210224
25 17 0.029925
25 18 0.677128
25 19 0.988501
25 20 0.999729
25 21 0.907126
25 22 0.999518
25 23 0.096388
25 24 0.998375
25 25 0.000000
25 26 0.999390
25 27 0.210224
25 28 0.999429
25 29 0.999932
25 30 0.999771
25 31 0.994873
25 32 0.967602
25 33 0.997718
25 34 0.993516
25 35 0.999996
25 36 0.210224
25 37 0.998074
25 38 0.096388
25 39 0.978283
25 40 0.979649
25 41 0.999390
25 42 0.975926
25 43 0.999998
25 44 0.855444
25 45 0.999976
25 46 0.535509
25 47 0.999144
25 48 0.995672
25 49 0.995672
25 50 0.999786
25 51 0.803068
25 52 0.999955
25 53 0.210224
25 54 0.999996
25 55 0.999970
25 56 0.999992
25 57 0.990903
25 58 0.990903
25 59 0.999999
25 60 0.907126
25 61 0.999987
25 62 0.954792
25 63 0.999277
25 64 0.990289
25 65 0.999997
25 66 0.999998
25 67 0.907126
25 68 0.999729
25 69 0.138922
25 70 0.996579
25 71 0.999880
25 72 0.999144
25 73 0.999983
25 74 0.999831
25 75 0.210224
25 76 0.268234
25 77 0.990289
25 78 0.986386
25 79 0.998478
25 80 0.998375
25 81 0.831064
25 82 0.883941
25 83 0.993926
25 84 0.999486
25 85 0.999998
25 86 0.999996
25 87 0.999970
25 88 0.610510
25 89 0.999998
25 90 0.995672
25 91 0.029925
25 92 0.995672
25 93 0.999997
25 94 0.995672
25 95 0.999277
25 96 0.999987
25 97 0.969629
25 98 0.999992
25 99 0.996579
26 0 0.979649
26 1 0.096388
26 2 0.610510
26 3 0.992319
26 4 0.998629
26 5 0.999429
26 6 0.999932
26 7 0.210224
26 8 0.999857
26 9 0.029925
26 10 0.997718
26 11 0.999937
26 12 0.096388
26 13 0.999994
26 14 0.990903
26 15 0.999986
26 16 0.029925
26 17 0.096388
26 18 0.992319
26 19 0.997113
26 20 0.999819
26 21 0.999993
26 22 0.999277
26 23 0.999993
26 24 0.999970
26 25 0.999390
26 26 0.000000
26 27 0.831064
26 28 0.998716
26 29 0.998074
26 30 0.998375
26 31 0.999898
26 32 0.999277
26 33 0.831064
26 34 0.096388
26 35 0.974313
26 36 0.535509
26 37 0.999955
26 38 0.999999
26 39 0.999999
26 40 0.999819
26 41 0.999390
26 42 0.999786
26 43 0.268234
26 44 0.979649
26 45 0.999998
26 46 0.999390
26 47 0.883941
26 48 0.610510
26 49 0.997563
26 50 0.831064
26 51 0.997718
26 52 0.992319
26 53 0.096388
26 54 0.210224
26 55 0.999998
26 56 0.999994
26 57 0.415919
26 58 0.999880
26 59 0.964107
26 60 0.996579
26 61 0.999946
26 62 0.975926
26 63 0.415919
26 64 0.954792
26 65 0.999144
26 66 0.999983
26 67 0.677128
26 68 0.210224
26 69 0.999979
26 70 0.999880
26 71 0.915919
26 72 0.964107
26 73 0.975926
26 74 0.999980
26 75 0.999679
26 76 0.999786
26 77 0.999999
26 78 0.999679
26 79 0.995672
26 80 0.988501
26 81 0.990289
26 82 0.999995
26 83 0.999943
26 84 0.999905
26 85 0.610510
26 86 0.990289
26 87 0.999898
26 88 0.997113
26 89 0.831064
26 90 0.998916
26 91 0.610510
26 92 0.964107
26 93 0.999144
26 94 0.999976
26 95 0.415919
26 96 0.719662
26 97 0.998375
26 98 0.883941
26 99 0.992319
27 0 0.992319
27 1 0.855444
27 2 0.999999
27 3 0.999998
27 4 0.096388
27 5 0.999518
27 6 0.210224
27 7 0.863976
27 8 0.946647
27 9 0.999786
27 10 0.999880
27 11 0.999998
27 12 0.993516
27 13 0.659444
27 14 0.999962
27 15 0.353553
27 16 0.999962
27 17 0.999986
27 18 0.557193
27 19 0.999277
27 20 0.999998
27 21 0.999994
27 22 0.996579
27 23 0.096388
27 24 0.999998
27 25 0.210224
27 26 0.831064
27 27 0.000000
27 28 0.999144
27 29 0.096388
27 30 0.999857
27 31 0.719662
27 32 0.999679
27 33 0.998716
27 34 0.964107
27 35 0.415919
27 36 0.986386
27 37 0.999518
27 38 0.986386
27 39 0.999999
27 40 0.990903
27 41 0.988501
27 42 0.979649
27 43 0.999786
27 44 0.982801
27 45 0.096388
27 46 0.557193
27 47 0.999277
27 48 0.988501
27 49 0.210224
27 50 0.995672
27 51 0.999679
