0 0 0.000000
0 1 0.973905
0 2 0.014543
0 3 0.962254
0 4 0.000020
0 5 0.997709
0 6 0.555924
0 7 0.989725
0 8 0.001149
0 9 0.999998
0 10 0.901868
0 11 0.066696
0 12 0.999993
0 13 0.999999
0 14 0.013139
0 15 0.999963
0 16 0.001346
0 17 0.999980
0 18 0.999998
0 19 0.000020
0 20 0.999990
0 21 0.999975
0 22 0.999771
0 23 0.013139
0 24 0.996425
0 25 0.075610
0 26 0.999998
0 27 0.781722
0 28 0.999853
0 29 0.013139
0 30 0.999998
0 31 0.999941
0 32 0.999994
0 33 0.999963
0 34 0.999061
0 35 0.338564
0 36 0.013139
0 37 0.013139
0 38 0.999996
0 39 0.014543
0 40 0.999924
0 41 0.999998
0 42 0.999998
0 43 0.199116
0 44 0.338564
0 45 0.071066
0 46 0.996249
0 47 0.999997
0 48 0.001829
0 49 0.000020
0 50 0.997482
0 51 0.854189
0 52 0.014543
0 53 0.013139
0 54 0.014543
0 55 0.013139
0 56 0.001346
0 57 0.001572
0 58 0.999999
0 59 0.014543
0 60 0.999998
0 61 0.516316
0 62 0.001346
0 63 0.999015
0 64 0.999998
0 65 0.001149
0 66 0.997540
0 67 0.999999
0 68 0.999829
0 69 0.013139
0 70 0.999977
0 71 0.000020
0 72 0.071066
0 73 0.999998
0 74 0.066696
0 75 0.999427
0 76 0.013139
0 77 0.999975
0 78 0.066696
0 79 0.999998
0 80 0.999440
0 81 0.001149
0 82 0.355984
0 83 0.001149
0 84 0.999998
0 85 0.999992
0 86 0.013139
0 87 0.999997
0 88 0.999748
0 89 0.017692
0 90 0.999998
0 91 0.001149
0 92 0.999997
0 93 0.013139
0 94 0.999999
0 95 0.013139
0 96 0.000020
0 97 0.686770
0 98 0.999965
0 99 0.963232
1 0 0.973905
1 1 0.000000
1 2 0.999015
1 3 0.001572
1 4 0.999942
1 5 0.962254
1 6 0.847674
1 7 0.999385
1 8 0.999999
1 9 0.013139
1 10 0.013139
1 11 0.999791
1 12 0.001346
1 13 0.999998
1 14 0.013139
1 15 0.999955
1 16 0.949480
1 17 0.000020
1 18 0.001149
1 19 0.066696
1 20 0.999916
1 21 0.090279
1 22 0.999104
1 23 0.080327
1 24 0.999999
1 25 0.013139
1 26 0.001149
1 27 0.999940
1 28 0.942978
1 29 0.001829
1 30 0.013139
1 31 0.016059
1 32 0.998462
1 33 0.013139
1 34 0.014543
1 35 0.999999
1 36 0.985082
1 37 0.013139
1 38 0.001149
1 39 0.762799
1 40 0.000020
1 41 0.999996
1 42 0.000020
1 43 0.001149
1 44 0.000020
1 45 0.013139
1 46 0.999105
1 47 0.014543
1 48 0.999985
1 49 0.999969
1 50 0.999938
1 51 0.999977
1 52 0.999427
1 53 0.066696
1 54 0.013139
1 55 0.013139
1 56 0.999997
1 57 0.071066
1 58 0.000026
1 59 0.014543
1 60 0.941643
1 61 0.999999
1 62 0.999760
1 63 0.013139
1 64 0.013139
1 65 0.999997
1 66 0.999998
1 67 0.071066
1 68 0.001346
1 69 0.080327
1 70 0.001346
1 71 0.999997
1 72 0.000020
1 73 0.001572
1 74 0.999991
1 75 0.066696
1 76 0.964031
1 77 0.003237
1 78 0.075609
1 79 0.999998
1 80 0.999633
1 81 0.001149
1 82 0.997598
1 83 0.999998
1 84 0.184104
1 85 0.013139
1 86 0.013139
1 87 0.206793
1 88 0.997598
1 89 0.999997
1 90 0.899635
1 91 0.999994
1 92 0.999848
1 93 0.999426
1 94 0.999868
1 95 0.908288
1 96 0.999999
1 97 0.985082
1 98 0.014543
1 99 0.985429
2 0 0.014543
2 1 0.999015
2 2 0.000000
2 3 0.013139
2 4 0.904054
2 5 0.066696
2 6 0.762799
2 7 0.999997
2 8 0.999991
2 9 0.013139
2 10 0.999999
2 11 0.017692
2 12 0.013139
2 13 0.999986
2 14 0.355984
2 15 0.013139
2 16 0.013139
2 17 0.999996
2 18 0.999962
2 19 0.901868
2 20 0.998968
2 21 0.000026
2 22 0.994006
2 23 0.013139
2 24 0.013139
2 25 0.017693
2 26 0.999994
2 27 0.085217
2 28 0.999991
2 29 0.998462
2 30 0.001149
2 31 0.013139
2 32 0.999996
2 33 0.850963
2 34 0.013139
2 35 0.999919
2 36 0.066696
2 37 0.013139
2 38 0.013139
2 39 0.999999
2 40 0.999985
2 41 0.999616
2 42 0.999998
2 43 0.001572
2 44 0.994145
2 45 0.066696
2 46 0.999857
2 47 0.014543
2 48 0.999902
2 49 0.985553
2 50 0.013139
2 51 0.999863
2 52 0.016059
2 53 0.017692
2 54 0.999355
2 55 0.999998
2 56 0.199118
2 57 0.001572
2 58 0.983220
2 59 0.001346
2 60 0.019446
2 61 0.013139
2 62 0.999793
2 63 0.999775
2 64 0.013139
2 65 0.013139
2 66 0.999989
2 67 0.013139
2 68 0.999760
2 69 0.999746
2 70 0.000020
2 71 0.999979
2 72 0.014543
2 73 0.999998
2 74 0.000020
2 75 0.013139
2 76 0.013139
2 77 0.904054
2 78 0.013139
2 79 0.999997
2 80 0.999941
2 81 0.999991
2 82 0.999998
2 83 0.999997
2 84 0.991082
2 85 0.013139
2 86 0.001346
2 87 0.014543
2 88 0.001149
2 89 0.996425
2 90 0.998992
2 91 0.001346
2 92 0.014543
2 93 0.066696
2 94 0.016059
2 95 0.999996
2 96 0.013139
2 97 0.016059
2 98 0.999983
2 99 0.999999
3 0 0.962254
3 1 0.001572
3 2 0.013139
3 3 0.000000
3 4 0.999846
3 5 0.999997
3 6 0.014543
3 7 0.999998
3 8 0.999998
3 9 0.000020
3 10 0.001149
3 11 0.085215
3 12 0.013139
3 13 0.019447
3 14 0.013139
3 15 0.013139
3 16 0.999998
3 17 0.847674
3 18 0.013139
3 19 0.990427
3 20 0.002447
3 21 0.985429
3 22 0.013139
3 23 0.001149
3 24 0.013139
3 25 0.976789
3 26 0.338564
3 27 0.999996
3 28 0.013139
3 29 0.999915
3 30 0.999642
3 31 0.999999
3 32 0.013139
3 33 0.001149
3 34 0.001346
3 35 0.983991
3 36 0.999978
3 37 0.016059
3 38 0.999911
3 39 0.999966
3 40 0.999908
3 41 0.017692
3 42 0.014543
3 43 0.013139
3 44 0.066696
3 45 0.999999
3 46 0.013139
3 47 0.996068
3 48 0.999999
3 49 0.016059
3 50 0.001149
3 51 0.999995
3 52 0.338564
3 53 0.999997
3 54 0.001346
3 55 0.001572
3 56 0.014543
3 57 0.014543
3 58 0.999625
3 59 0.999624
3 60 0.014543
3 61 0.999999
3 62 0.382146
3 63 0.000020
3 64 0.786248
3 65 0.066696
3 66 0.999999
3 67 0.999979
3 68 0.997644
3 69 0.000020
3 70 0.999994
3 71 0.999765
3 72 0.963122
3 73 0.014543
3 74 0.999999
3 75 0.013139
3 76 0.016059
3 77 0.999846
3 78 0.001149
3 79 0.013139
3 80 0.999990
3 81 0.002120
3 82 0.999976
3 83 0.997655
3 84 0.999771
3 85 0.013139
3 86 0.999996
3 87 0.001149
3 88 0.999065
3 89 0.000020
3 90 0.080327
3 91 0.013139
3 92 0.013139
3 93 0.001149
3 94 0.000020
3 95 0.013139
3 96 0.013139
3 97 0.199118
3 98 0.000026
3 99 0.910338
4 0 0.000020
4 1 0.999942
4 2 0.904054
4 3 0.999846
4 4 0.000000
4 5 0.999948
4 6 0.999952
4 7 0.934550
4 8 0.999999
4 9 0.013139
4 10 0.999999
4 11 0.961365
4 12 0.071066
4 13 0.184104
4 14 0.999873
4 15 0.001149
4 16 0.999978
4 17 0.016059
4 18 0.990869
4 19 0.000020
4 20 0.999985
4 21 0.013139
4 22 0.001149
4 23 0.013139
4 24 0.199118
4 25 0.786247
4 26 0.014543
4 27 0.206794
4 28 0.071066
4 29 0.999968
4 30 0.014543
4 31 0.013139
4 32 0.016059
4 33 0.999999
4 34 0.999998
4 35 0.999989
4 36 0.001149
4 37 0.985083
4 38 0.999992
4 39 0.013139
4 40 0.772428
4 41 0.999938
4 42 0.999999
4 43 0.013139
4 44 0.963970
4 45 0.999995
4 46 0.999998
4 47 0.066696
4 48 0.001149
4 49 0.017692
4 50 0.013139
4 51 0.998461
4 52 0.000020
4 53 0.999998
4 54 0.001829
4 55 0.014543
4 56 0.014543
4 57 0.013139
4 58 0.998498
4 59 0.013139
4 60 0.013139
4 61 0.999919
4 62 0.184104
4 63 0.001149
4 64 0.999991
4 65 0.936034
4 66 0.013139
4 67 0.013139
4 68 0.066696
4 69 0.013139
4 70 0.000020
4 71 0.999748
4 72 0.508189
4 73 0.071066
4 74 0.999976
4 75 0.508189
4 76 0.014543
4 77 0.998567
4 78 0.998533
4 79 0.347268
4 80 0.338564
4 81 0.014543
4 82 0.999997
4 83 0.001149
4 84 0.016059
4 85 0.942971
4 86 0.786247
4 87 0.999843
4 88 0.000020
4 89 0.013139
4 90 0.013139
4 91 0.999944
4 92 0.999977
4 93 0.013139
4 94 0.001346
4 95 0.999999
4 96 0.999997
4 97 0.999997
4 98 0.999039
4 99 0.999413
5 0 0.997709
5 1 0.962254
5 2 0.066696
5 3 0.999997
5 4 0.999948
5 5 0.000000
5 6 0.999905
5 7 0.999977
5 8 0.080327
5 9 0.999990
5 10 0.013139
5 11 0.999641
5 12 0.999999
5 13 0.999636
5 14 0.013139
5 15 0.999998
5 16 0.013139
5 17 0.001346
5 18 0.964800
5 19 0.516316
5 20 0.999997
5 21 0.001149
5 22 0.999998
5 23 0.001346
5 24 0.001149
5 25 0.999997
5 26 0.999953
5 27 0.999385
5 28 0.993863
5 29 0.999986
5 30 0.013139
5 31 0.066696
5 32 0.999999
5 33 0.013139
5 34 0.338564
5 35 0.017692
5 36 0.066696
5 37 0.999633
5 38 0.999989
5 39 0.184104
5 40 0.999984
5 41 0.001149
5 42 0.000020
5 43 0.001346
5 44 0.013139
5 45 0.999984
5 46 0.014543
5 47 0.999998
5 48 0.013139
5 49 0.994144
5 50 0.999615
5 51 0.983610
5 52 0.000020
5 53 0.085217
5 54 0.995973
5 55 0.016059
5 56 0.000020
5 57 0.999999
5 58 0.999963
5 59 0.999998
5 60 0.001149
5 61 0.071066
5 62 0.962254
5 63 0.013139
5 64 0.013139
5 65 0.014543
5 66 0.013139
5 67 0.013139
5 68 0.847674
5 69 0.999999
5 70 0.999039
5 71 0.999994
5 72 0.001572
5 73 0.999624
5 74 0.999853
5 75 0.013139
5 76 0.999849
5 77 0.013139
5 78 0.999988
5 79 0.994282
5 80 0.999994
5 81 0.013139
5 82 0.013139
5 83 0.999853
5 84 0.999996
5 85 0.975675
5 86 0.999999
5 87 0.016059
5 88 0.999624
5 89 0.999992
5 90 0.014543
5 91 0.013139
5 92 0.999999
5 93 0.994006
5 94 0.999899
5 95 0.001149
5 96 0.222459
5 97 0.999997
5 98 0.013139
5 99 0.999400
6 0 0.555924
6 1 0.847674
6 2 0.762799
6 3 0.014543
6 4 0.999952
6 5 0.999905
6 6 0.000000
6 7 0.184104
6 8 0.014543
6 9 0.001149
6 10 0.999765
6 11 0.001346
6 12 0.999996
6 13 0.999997
6 14 0.999440
6 15 0.680605
6 16 0.999962
6 17 0.999995
6 18 0.000020
6 19 0.996218
6 20 0.013139
6 21 0.000020
6 22 0.999991
6 23 0.999996
6 24 0.984363
6 25 0.999997
6 26 0.066696
6 27 0.071066
6 28 0.999991
6 29 0.999995
6 30 0.999962
6 31 0.999998
6 32 0.001149
6 33 0.532372
6 34 0.184104
6 35 0.999940
6 36 0.999990
6 37 0.000001
6 38 0.013139
6 39 0.985767
6 40 0.999997
6 41 0.013139
6 42 0.999962
6 43 0.998497
6 44 0.999998
6 45 0.001149
6 46 0.000020
6 47 0.999996
6 48 0.016059
6 49 0.071066
6 50 0.999846
6 51 0.013139
6 52 0.085217
6 53 0.000020
6 54 0.017692
6 55 0.001149
6 56 0.908286
6 57 0.001149
6 58 0.013139
6 59 0.976239
6 60 0.999904
6 61 0.999961
6 62 0.997709
6 63 0.983991
6 64 0.013139
6 65 0.999994
6 66 0.999941
6 67 0.013139
6 68 0.999999
6 69 0.999799
6 70 0.999413
6 71 0.999975
6 72 0.994168
6 73 0.001149
6 74 0.999999
6 75 0.999615
6 76 0.999995
6 77 0.017692
6 78 0.999355
6 79 0.781722
6 80 0.999979
6 81 0.999642
6 82 0.999986
6 83 0.999809
6 84 0.001149
6 85 0.976238
6 86 0.013139
6 87 0.999997
6 88 0.013139
6 89 0.016059
6 90 0.999997
6 91 0.013139
6 92 0.999413
6 93 0.014543
6 94 0.999996
6 95 0.999962
6 96 0.999990
6 97 0.999400
6 98 0.001149
6 99 0.999850
7 0 0.989725
7 1 0.999385
7 2 0.999997
7 3 0.999998
7 4 0.934550
7 5 0.999977
7 6 0.184104
7 7 0.000000
7 8 0.999940
7 9 0.066696
7 10 0.000020
7 11 0.990198
7 12 0.014543
7 13 0.999976
7 14 0.013139
7 15 0.781723
7 16 0.999995
7 17 0.762799
7 18 0.994146
7 19 0.013139
7 20 0.999999
7 21 0.999906
7 22 0.014543
7 23 0.990868
7 24 0.999994
7 25 0.001149
7 26 0.999632
7 27 0.993716
7 28 0.001346
7 29 0.999624
7 30 0.999754
7 31 0.999846
7 32 0.014543
7 33 0.906194
7 34 0.016059
7 35 0.999999
7 36 0.999904
7 37 0.975099
7 38 0.996507
7 39 0.999616
7 40 0.013139
7 41 0.940293
7 42 0.999997
7 43 0.071066
7 44 0.999989
7 45 0.999991
7 46 0.983610
7 47 0.001346
7 48 0.999966
7 49 0.000020
7 50 0.013139
7 51 0.013139
7 52 0.990427
7 53 0.001149
7 54 0.999998
7 55 0.999997
7 56 0.000020
7 57 0.999998
7 58 0.999998
7 59 0.013139
7 60 0.999999
7 61 0.999061
7 62 0.013139
7 63 0.680606
7 64 0.999998
7 65 0.013139
7 66 0.974509
7 67 0.508189
7 68 0.984363
7 69 0.075609
7 70 0.999996
7 71 0.000020
7 72 0.999921
7 73 0.999842
7 74 0.184104
7 75 0.999992
7 76 0.993981
7 77 0.571068
7 78 0.017692
7 79 0.013139
7 80 0.999908
7 81 0.999947
7 82 0.999994
7 83 0.017692
7 84 0.999997
7 85 0.999083
7 86 0.999606
7 87 0.999999
7 88 0.762799
7 89 0.013139
7 90 0.999998
7 91 0.668002
7 92 0.013139
7 93 0.999999
7 94 0.001149
7 95 0.001572
7 96 0.071066
7 97 0.000020
7 98 0.999994
7 99 0.999976
8 0 0.001149
8 1 0.999999
8 2 0.999991
8 3 0.999998
8 4 0.999999
8 5 0.080327
8 6 0.014543
8 7 0.999940
8 8 0.000000
8 9 0.999974
8 10 0.000020
8 11 0.013139
8 12 0.013139
8 13 0.001346
8 14 0.996776
8 15 0.066696
8 16 0.382126
8 17 0.999856
8 18 0.013139
8 19 0.014543
8 20 0.085217
8 21 0.013139
8 22 0.999943
8 23 0.999771
8 24 0.999908
8 25 0.999998
8 26 0.999999
8 27 0.999854
8 28 0.013139
8 29 0.999083
8 30 0.999987
8 31 0.014543
8 32 0.999953
8 33 0.013139
8 34 0.999975
8 35 0.013139
8 36 0.013139
8 37 0.999990
8 38 0.001149
8 39 0.999999
8 40 0.994305
8 41 0.999944
8 42 0.999999
8 43 0.001149
8 44 0.001149
8 45 0.001346
8 46 0.999984
8 47 0.999997
8 48 0.999999
8 49 0.013139
8 50 0.014543
8 51 0.016059
8 52 0.066696
8 53 0.000020
8 54 0.013139
8 55 0.066696
8 56 0.000020
8 57 0.999999
8 58 0.999818
8 59 0.013139
8 60 0.999979
8 61 0.013139
8 62 0.013139
8 63 0.019447
8 64 0.000020
8 65 0.000020
8 66 0.999963
8 67 0.000020
8 68 0.999917
8 69 0.999991
8 70 0.990427
8 71 0.999998
8 72 0.066696
8 73 0.013139
8 74 0.999640
8 75 0.000042
8 76 0.000026
8 77 0.998568
8 78 0.013139
8 79 0.960457
8 80 0.999998
8 81 0.013139
8 82 0.999399
8 83 0.999964
8 84 0.000020
8 85 0.997655
8 86 0.013139
8 87 0.999995
8 88 0.524377
8 89 0.013139
8 90 0.999996
8 91 0.000020
8 92 0.999943
8 93 0.000026
8 94 0.999995
8 95 0.355984
8 96 0.999994
8 97 0.655037
8 98 0.016059
8 99 0.999999
9 0 0.999998
9 1 0.013139
9 2 0.013139
9 3 0.000020
9 4 0.013139
9 5 0.999990
9 6 0.001149
9 7 0.066696
9 8 0.999974
9 9 0.000000
9 10 0.001149
9 11 0.999597
9 12 0.998568
9 13 0.999415
9 14 0.191553
9 15 0.999955
9 16 0.540296
9 17 0.941798
9 18 0.000020
9 19 0.999999
9 20 0.000020
9 21 0.999996
9 22 0.962254
9 23 0.999991
9 24 0.990869
9 25 0.997654
9 26 0.013139
9 27 0.066696
9 28 0.001346
9 29 0.066696
9 30 0.999995
9 31 0.001829
9 32 0.999997
9 33 0.080325
9 34 0.013139
9 35 0.014543
9 36 0.999647
9 37 0.999997
9 38 0.999962
9 39 0.996337
9 40 0.013139
9 41 0.013139
9 42 0.999998
9 43 0.985083
9 44 0.184104
9 45 0.080327
9 46 0.999987
9 47 0.999994
9 48 0.999991
9 49 0.013139
9 50 0.000020
9 51 0.999850
9 52 0.999995
9 53 0.999998
9 54 0.013139
9 55 0.998568
9 56 0.013139
9 57 0.999941
9 58 0.001572
9 59 0.999999
9 60 0.999534
9 61 0.999981
9 62 0.999938
9 63 0.999999
9 64 0.999770
9 65 0.999999
9 66 0.999992
9 67 0.013139
9 68 0.016059
9 69 0.013139
9 70 0.790688
9 71 0.013139
9 72 0.996160
9 73 0.001149
9 74 0.857347
9 75 0.999967
9 76 0.999996
9 77 0.090280
9 78 0.999999
9 79 0.997481
9 80 0.000026
9 81 0.998700
9 82 0.000020
9 83 0.999997
9 84 0.998533
9 85 0.013139
9 86 0.013139
9 87 0.013139
9 88 0.013139
9 89 0.001346
9 90 0.001149
9 91 0.999061
9 92 0.013139
9 93 0.999992
9 94 0.984727
9 95 0.999961
9 96 0.999985
9 97 0.001346
9 98 0.013139
9 99 0.013139
10 0 0.901868
10 1 0.013139
10 2 0.999999
10 3 0.001149
10 4 0.999999
10 5 0.013139
10 6 0.999765
10 7 0.000020
10 8 0.000020
10 9 0.001149
10 10 0.000000
10 11 0.019446
10 12 0.013139
10 13 0.191553
10 14 0.998992
10 15 0.984727
10 16 0.001149
10 17 0.000020
10 18 0.976239
10 19 0.999997
10 20 0.184104
10 21 0.001149
10 22 0.999999
10 23 0.013139
10 24 0.071066
10 25 0.999997
10 26 0.013139
10 27 0.961365
10 28 0.998425
10 29 0.013139
10 30 0.000020
10 31 0.999760
10 32 0.999979
10 33 0.999985
10 34 0.999104
10 35 0.014543
10 36 0.999985
10 37 0.999998
10 38 0.999991
10 39 0.999998
10 40 0.016059
10 41 0.999997
10 42 0.999990
10 43 0.999998
10 44 0.762799
10 45 0.999999
10 46 0.999615
10 47 0.999933
10 48 0.013139
10 49 0.013139
10 50 0.014543
10 51 0.999978
10 52 0.000026
10 53 0.014543
10 54 0.000020
10 55 0.999998
10 56 0.013139
10 57 0.999990
10 58 0.977326
10 59 0.000020
10 60 0.985429
10 61 0.014543
10 62 0.857349
10 63 0.999427
10 64 0.996161
10 65 0.999061
10 66 0.863475
10 67 0.066696
10 68 0.999991
10 69 0.013139
10 70 0.999988
10 71 0.989724
10 72 0.860447
10 73 0.000020
10 74 0.997763
10 75 0.013139
10 76 0.999998
10 77 0.016059
10 78 0.001149
10 79 0.013139
10 80 0.013139
10 81 0.999355
10 82 0.013139
10 83 0.999999
10 84 0.844319
10 85 0.000020
10 86 0.013139
10 87 0.001346
10 88 0.013139
10 89 0.999970
10 90 0.001149
10 91 0.999998
10 92 0.999996
10 93 0.904054
10 94 0.999427
10 95 0.013139
10 96 0.999998
10 97 0.001149
10 98 0.013139
10 99 0.996068
11 0 0.066696
11 1 0.999791
11 2 0.017692
11 3 0.085215
11 4 0.961365
11 5 0.999641
11 6 0.001346
11 7 0.990198
11 8 0.013139
11 9 0.999597
11 10 0.019446
11 11 0.000000
11 12 0.013139
11 13 0.999990
11 14 0.999385
11 15 0.999999
11 16 0.999615
11 17 0.999999
11 18 0.000020
11 19 0.999998
11 20 0.013139
11 21 0.013139
11 22 0.999997
11 23 0.999997
11 24 0.990869
11 25 0.901868
11 26 0.075610
11 27 0.999987
11 28 0.013139
11 29 0.961365
11 30 0.191553
11 31 0.990415
11 32 0.999989
11 33 0.001346
11 34 0.999944
11 35 0.001149
11 36 0.066696
11 37 0.999995
11 38 0.999996
11 39 0.021327
11 40 0.999991
11 41 0.000053
11 42 0.999962
11 43 0.973905
11 44 0.999997
11 45 0.071066
11 46 0.013139
11 47 0.999976
11 48 0.013139
11 49 0.000020
11 50 0.999999
11 51 0.000020
11 52 0.014543
11 53 0.999934
11 54 0.013139
11 55 0.857349
11 56 0.191553
11 57 0.999962
11 58 0.999975
11 59 0.999987
11 60 0.000033
11 61 0.999754
11 62 0.767655
11 63 0.184104
11 64 0.999846
11 65 0.001149
11 66 0.996250
11 67 0.999999
11 68 0.998992
11 69 0.999999
11 70 0.019447
11 71 0.014543
11 72 0.999944
11 73 0.999846
11 74 0.999962
11 75 0.355984
11 76 0.999997
11 77 0.999597
11 78 0.993862
11 79 0.999977
11 80 0.001149
11 81 0.999997
11 82 0.001346
11 83 0.000020
11 84 0.999899
11 85 0.013139
11 86 0.016059
11 87 0.999991
11 88 0.999991
11 89 0.999948
11 90 0.674340
11 91 0.998568
11 92 0.999615
11 93 0.999998
11 94 0.938905
11 95 0.999999
11 96 0.999759
11 97 0.016059
11 98 0.975099
11 99 0.001149
12 0 0.999993
12 1 0.001346
12 2 0.013139
12 3 0.013139
12 4 0.071066
12 5 0.999999
12 6 0.999996
12 7 0.014543
12 8 0.013139
12 9 0.998568
12 10 0.013139
12 11 0.013139
12 12 0.000000
12 13 0.001149
12 14 0.996216
12 15 0.013139
12 16 0.999998
12 17 0.000020
12 18 0.999640
12 19 0.999985
12 20 0.999956
12 21 0.516316
12 22 0.016059
12 23 0.016059
12 24 0.999999
12 25 0.999039
12 26 0.001149
12 27 0.066696
12 28 0.999991
12 29 0.184104
12 30 0.013139
12 31 0.013139
12 32 0.001346
12 33 0.686770
12 34 0.013139
12 35 0.914304
12 36 0.001346
12 37 0.001572
12 38 0.013139
12 39 0.013139
12 40 0.999937
12 41 0.999976
12 42 0.999174
12 43 0.999996
12 44 0.975099
12 45 0.000020
12 46 0.013139
12 47 0.996250
12 48 0.999998
12 49 0.674348
12 50 0.999843
12 51 0.066696
12 52 0.001149
12 53 0.013139
12 54 0.013139
12 55 0.206794
12 56 0.997540
12 57 0.000020
12 58 0.013139
12 59 0.206794
12 60 0.013139
12 61 0.001149
12 62 0.999997
12 63 0.014543
12 64 0.013139
12 65 0.001149
12 66 0.066696
12 67 0.996249
12 68 0.996423
12 69 0.013139
12 70 0.508189
12 71 0.999981
12 72 0.013139
12 73 0.000020
12 74 0.999999
12 75 0.002449
12 76 0.014543
12 77 0.999979
12 78 0.001346
12 79 0.999997
12 80 0.999979
12 81 0.013139
12 82 0.013139
12 83 0.013139
12 84 0.999987
12 85 0.999999
12 86 0.014543
12 87 0.999998
12 88 0.985768
12 89 0.999997
12 90 0.017692
12 91 0.000020
12 92 0.000020
12 93 0.999940
12 94 0.999997
12 95 0.999624
12 96 0.994007
12 97 0.013139
12 98 0.999998
12 99 0.999399
13 0 0.999999
13 1 0.999998
13 2 0.999986
13 3 0.019447
13 4 0.184104
13 5 0.999636
13 6 0.999997
13 7 0.999976
13 8 0.001346
13 9 0.999415
13 10 0.191553
13 11 0.999990
13 12 0.001149
13 13 0.000000
13 14 0.014543
13 15 0.999015
13 16 0.674349
13 17 0.999991
13 18 0.999988
13 19 0.999606
13 20 0.085217
13 21 0.001346
13 22 0.762799
13 23 0.013139
13 24 0.999977
13 25 0.066696
13 26 0.999999
13 27 0.199119
13 28 0.999998
13 29 0.013139
13 30 0.999857
13 31 0.997598
13 32 0.013139
13 33 0.996068
13 34 0.524377
13 35 0.184104
13 36 0.001149
13 37 0.013139
13 38 0.999781
13 39 0.999355
13 40 0.071066
13 41 0.999792
13 42 0.999999
13 43 0.999996
13 44 0.013139
13 45 0.191553
13 46 0.001346
13 47 0.014543
13 48 0.999975
13 49 0.516316
13 50 0.999407
13 51 0.999990
13 52 0.999274
13 53 0.999990
13 54 0.999781
13 55 0.999978
13 56 0.014543
13 57 0.999399
13 58 0.999997
13 59 0.996068
13 60 0.999999
13 61 0.364706
13 62 0.999996
13 63 0.999989
13 64 0.014543
13 65 0.999889
13 66 0.999998
13 67 0.987177
13 68 0.013139
13 69 0.013139
13 70 0.990651
13 71 0.524377
13 72 0.338564
13 73 0.013139
13 74 0.013139
13 75 0.999998
13 76 0.013139
13 77 0.985769
13 78 0.999997
13 79 0.999754
13 80 0.014543
13 81 0.000020
13 82 0.999977
13 83 0.013139
13 84 0.014543
13 85 0.999994
13 86 0.999606
13 87 0.013139
13 88 0.014543
13 89 0.999907
13 90 0.999996
13 91 0.001572
13 92 0.001346
13 93 0.000020
13 94 0.013139
13 95 0.999995
13 96 0.001149
13 97 0.999997
13 98 0.999083
13 99 0.013139
14 0 0.013139
14 1 0.013139
14 2 0.355984
14 3 0.013139
14 4 0.999873
14 5 0.013139
14 6 0.999440
14 7 0.013139
14 8 0.996776
14 9 0.191553
14 10 0.998992
14 11 0.999385
14 12 0.996216
14 13 0.014543
14 14 0.000000
14 15 0.013139
14 16 0.000020
14 17 0.013139
14 18 0.999992
14 19 0.014543
14 20 0.975099
14 21 0.013139
14 22 0.999999
14 23 0.001149
14 24 0.999997
14 25 0.013139
14 26 0.999977
14 27 0.000020
14 28 0.977326
14 29 0.071066
14 30 0.999998
14 31 0.001149
14 32 0.999771
14 33 0.014543
14 34 0.999980
14 35 0.355984
14 36 0.014543
14 37 0.000020
14 38 0.994275
14 39 0.071066
14 40 0.206794
14 41 0.999728
14 42 0.999999
14 43 0.999998
14 44 0.013139
14 45 0.075610
14 46 0.999825
14 47 0.999999
14 48 0.999999
14 49 0.999997
14 50 0.999997
14 51 0.869099
14 52 0.013139
14 53 0.014543
14 54 0.999990
14 55 0.014543
14 56 0.999994
14 57 0.066696
14 58 0.013139
14 59 0.994283
14 60 0.013139
14 61 0.999995
14 62 0.000020
14 63 0.999999
14 64 0.013139
14 65 0.066696
14 66 0.013139
14 67 0.999998
14 68 0.998498
14 69 0.999998
14 70 0.013139
14 71 0.999990
14 72 0.999765
14 73 0.999625
14 74 0.013139
14 75 0.999083
14 76 0.999998
14 77 0.001149
14 78 0.013139
14 79 0.661565
14 80 0.066696
14 81 0.000020
14 82 0.999985
14 83 0.002120
14 84 0.999991
14 85 0.996337
14 86 0.016059
14 87 0.013139
14 88 0.999998
14 89 0.999998
14 90 0.999997
14 91 0.014543
14 92 0.998387
14 93 0.001149
14 94 0.999991
14 95 0.999670
14 96 0.999999
14 97 0.999978
14 98 0.014543
14 99 0.001149
15 0 0.999963
15 1 0.999955
15 2 0.013139
15 3 0.013139
15 4 0.001149
15 5 0.999998
15 6 0.680605
15 7 0.781723
15 8 0.066696
15 9 0.999955
15 10 0.984727
15 11 0.999999
15 12 0.013139
15 13 0.999015
15 14 0.013139
15 15 0.000000
15 16 0.999999
15 17 0.013139
15 18 0.013139
15 19 0.999985
15 20 0.013139
15 21 0.998462
15 22 0.013139
15 23 0.013139
15 24 0.000026
15 25 0.017692
15 26 0.999938
15 27 0.013139
15 28 0.508189
15 29 0.974509
15 30 0.999997
15 31 0.013139
15 32 0.014543
15 33 0.999999
15 34 0.999942
15 35 0.014543
15 36 0.999852
15 37 0.999853
15 38 0.996337
15 39 0.999998
15 40 0.999061
15 41 0.998497
15 42 0.999996
15 43 0.013139
15 44 0.999930
15 45 0.000020
15 46 0.999385
15 47 0.001346
15 48 0.001572
15 49 0.019447
15 50 0.999994
15 51 0.975096
15 52 0.000020
15 53 0.071066
15 54 0.199118
15 55 0.999998
15 56 0.014543
15 57 0.071066
15 58 0.999997
15 59 0.001572
15 60 0.000026
15 61 0.999999
15 62 0.014543
15 63 0.999996
15 64 0.524377
15 65 0.002120
15 66 0.990869
15 67 0.085217
15 68 0.999994
15 69 0.001149
15 70 0.999999
15 71 0.066696
15 72 0.999969
15 73 0.999995
15 74 0.000020
15 75 0.999998
15 76 0.996250
15 77 0.014543
15 78 0.999754
15 79 0.941650
15 80 0.999999
15 81 0.016059
15 82 0.066696
15 83 0.999996
15 84 0.014543
15 85 0.777115
15 86 0.071066
15 87 0.001572
15 88 0.999985
15 89 0.508189
15 90 0.996068
15 91 0.013139
15 92 0.999994
15 93 0.985081
15 94 0.985083
15 95 0.901868
15 96 0.999999
15 97 0.661564
15 98 0.999998
15 99 0.071066
16 0 0.001346
16 1 0.949480
16 2 0.013139
16 3 0.999998
16 4 0.999978
16 5 0.013139
16 6 0.999962
16 7 0.999995
16 8 0.382126
16 9 0.540296
16 10 0.001149
16 11 0.999615
16 12 0.999998
16 13 0.674349
16 14 0.000020
16 15 0.999999
16 16 0.000000
16 17 0.013139
16 18 0.999989
16 19 0.338564
16 20 0.655037
16 21 0.977268
16 22 0.999273
16 23 0.997598
16 24 0.013139
16 25 0.996424
16 26 0.999633
16 27 0.013139
16 28 0.999908
16 29 0.999412
16 30 0.999991
16 31 0.997482
16 32 0.999913
16 33 0.999906
16 34 0.994005
16 35 0.013139
16 36 0.999905
16 37 0.390908
16 38 0.999174
16 39 0.001149
16 40 0.999998
16 41 0.001149
16 42 0.013139
16 43 0.014543
16 44 0.184104
16 45 0.016059
16 46 0.001572
16 47 0.996249
16 48 0.999999
16 49 0.999994
16 50 0.000020
16 51 0.014543
16 52 0.013139
16 53 0.999625
16 54 0.997709
16 55 0.999998
16 56 0.013139
16 57 0.001149
16 58 0.999994
16 59 0.999999
16 60 0.014543
16 61 0.999990
16 62 0.013139
16 63 0.999997
16 64 0.013139
16 65 0.017692
16 66 0.013139
16 67 0.999961
16 68 0.999977
16 69 0.993716
16 70 0.532372
16 71 0.013139
16 72 0.999947
16 73 0.001346
16 74 0.999854
16 75 0.999985
16 76 0.000026
16 77 0.999990
16 78 0.912363
16 79 0.999997
16 80 0.013139
16 81 0.001149
16 82 0.999999
16 83 0.999975
16 84 0.001149
16 85 0.857349
16 86 0.090279
16 87 0.014543
16 88 0.001149
16 89 0.001149
16 90 0.013139
16 91 0.999633
16 92 0.199118
16 93 0.994006
16 94 0.999996
16 95 0.959527
16 96 0.999772
16 97 0.994006
16 98 0.014543
16 99 0.001149
17 0 0.999980
17 1 0.000020
17 2 0.999996
17 3 0.847674
17 4 0.016059
17 5 0.001346
17 6 0.999995
17 7 0.762799
17 8 0.999856
17 9 0.941798
17 10 0.000020
17 11 0.999999
17 12 0.000020
17 13 0.999991
17 14 0.013139
17 15 0.013139
17 16 0.013139
17 17 0.000000
17 18 0.013139
17 19 0.013139
17 20 0.999998
17 21 0.999960
17 22 0.016059
17 23 0.001346
17 24 0.013139
17 25 0.013139
17 26 0.999995
17 27 0.938905
17 28 0.999989
17 29 0.013139
17 30 0.016059
17 31 0.999996
17 32 0.999523
17 33 0.999870
17 34 0.001346
17 35 0.999996
17 36 0.014543
17 37 0.999989
17 38 0.017692
17 39 0.001149
17 40 0.013139
17 41 0.399565
17 42 0.989964
17 43 0.013139
17 44 0.002820
17 45 0.999793
17 46 0.013139
17 47 0.066696
17 48 0.066696
17 49 0.999641
17 50 0.231562
17 51 0.999039
17 52 0.999904
17 53 0.999999
17 54 0.960457
17 55 0.355984
17 56 0.001149
17 57 0.976789
17 58 0.075609
17 59 0.999624
17 60 0.999992
17 61 0.013139
17 62 0.999994
17 63 0.066696
17 64 0.075610
17 65 0.999997
17 66 0.999999
17 67 0.999370
17 68 0.013139
17 69 0.999998
17 70 0.999995
17 71 0.999982
17 72 0.013139
17 73 0.999998
17 74 0.999091
17 75 0.999998
17 76 0.013139
17 77 0.066696
17 78 0.001149
17 79 0.999427
17 80 0.942978
17 81 0.001149
17 82 0.999413
17 83 0.999991
17 84 0.999999
17 85 0.000020
17 86 0.016059
17 87 0.382141
17 88 0.999651
17 89 0.066696
17 90 0.016059
17 91 0.999999
17 92 0.013139
17 93 0.013139
17 94 0.999760
17 95 0.013139
17 96 0.985429
17 97 0.999995
17 98 0.999977
17 99 0.999989
18 0 0.999998
18 1 0.001149
18 2 0.999962
18 3 0.013139
18 4 0.990869
18 5 0.964800
18 6 0.000020
18 7 0.994146
18 8 0.013139
18 9 0.000020
18 10 0.976239
18 11 0.000020
18 12 0.999640
18 13 0.999988
18 14 0.999992
18 15 0.013139
18 16 0.999989
18 17 0.013139
18 18 0.000000
18 19 0.524377
18 20 0.999995
18 21 0.013139
18 22 0.999765
18 23 0.999949
18 24 0.013139
18 25 0.001346
18 26 0.999658
18 27 0.983991
18 28 0.013139
18 29 0.001346
18 30 0.014543
18 31 0.013139
18 32 0.994283
18 33 0.001346
18 34 0.996160
18 35 0.963971
18 36 0.013139
18 37 0.999907
18 38 0.013139
18 39 0.001149
18 40 0.996159
18 41 0.999995
18 42 0.013139
18 43 0.999986
18 44 0.000042
18 45 0.668002
18 46 0.999999
18 47 0.999985
18 48 0.999975
18 49 0.013139
18 50 0.996250
18 51 0.999975
18 52 0.999897
18 53 0.013139
18 54 0.994146
18 55 0.013139
18 56 0.001149
18 57 0.999999
18 58 0.999255
18 59 0.013139
18 60 0.066696
18 61 0.013139
18 62 0.016059
18 63 0.000020
18 64 0.999990
18 65 0.777116
18 66 0.999615
18 67 0.013139
18 68 0.999765
18 69 0.080326
18 70 0.999999
18 71 0.994006
18 72 0.999998
18 73 0.999996
18 74 0.013139
18 75 0.184104
18 76 0.013139
18 77 0.999999
18 78 0.001149
18 79 0.000020
18 80 0.869376
18 81 0.999996
18 82 0.085218
18 83 0.013139
18 84 0.999994
18 85 0.001149
18 86 0.993863
18 87 0.001149
18 88 0.013139
18 89 0.013139
18 90 0.001149
18 91 0.999987
18 92 0.994659
18 93 0.999991
18 94 0.999899
18 95 0.999977
18 96 0.999999
18 97 0.974509
18 98 0.999412
18 99 0.013139
19 0 0.000020
19 1 0.066696
19 2 0.901868
19 3 0.990427
19 4 0.000020
19 5 0.516316
19 6 0.996218
19 7 0.013139
19 8 0.014543
19 9 0.999999
19 10 0.999997
19 11 0.999998
19 12 0.999985
19 13 0.999606
19 14 0.014543
19 15 0.999985
19 16 0.338564
19 17 0.013139
19 18 0.524377
19 19 0.000000
19 20 0.001149
19 21 0.075609
19 22 0.999999
19 23 0.001572
19 24 0.000042
19 25 0.014543
19 26 0.996233
19 27 0.013139
19 28 0.001149
19 29 0.999818
19 30 0.001149
19 31 0.999998
19 32 0.999996
19 33 0.001149
19 34 0.999997
19 35 0.999754
19 36 0.999848
19 37 0.999952
19 38 0.857350
19 39 0.184104
19 40 0.999995
19 41 0.013139
19 42 0.999994
19 43 0.013139
19 44 0.962253
19 45 0.013139
19 46 0.999943
19 47 0.999998
19 48 0.071066
19 49 0.014543
19 50 0.999986
19 51 0.001149
19 52 0.999985
19 53 0.999904
19 54 0.999998
19 55 0.001149
19 56 0.000020
19 57 0.000020
19 58 0.999999
19 59 0.001346
19 60 0.071066
19 61 0.999995
19 62 0.999997
19 63 0.002120
19 64 0.762799
19 65 0.001149
19 66 0.071066
19 67 0.071066
19 68 0.999996
19 69 0.995973
19 70 0.999991
19 71 0.999997
19 72 0.999997
19 73 0.999997
19 74 0.999985
19 75 0.997540
19 76 0.786249
19 77 0.001149
19 78 0.014543
19 79 0.017692
19 80 0.999954
19 81 0.013139
19 82 0.990885
19 83 0.998658
19 84 0.999990
19 85 0.021328
19 86 0.013139
19 87 0.940292
19 88 0.999943
19 89 0.066696
19 90 0.001149
19 91 0.001149
19 92 0.085217
19 93 0.999996
19 94 0.066696
19 95 0.999084
19 96 0.013139
19 97 0.000020
19 98 0.016059
19 99 0.013139
20 0 0.999990
20 1 0.999916
20 2 0.998968
20 3 0.002447
20 4 0.999985
20 5 0.999997
20 6 0.013139
20 7 0.999999
20 8 0.085217
20 9 0.000020
20 10 0.184104
20 11 0.013139
20 12 0.999956
20 13 0.085217
20 14 0.975099
20 15 0.013139
20 16 0.655037
20 17 0.999998
20 18 0.999995
20 19 0.001149
20 20 0.000000
20 21 0.999910
20 22 0.013139
20 23 0.999999
20 24 0.066696
20 25 0.014543
20 26 0.013139
20 27 0.999061
20 28 0.999998
20 29 0.001149
20 30 0.999985
20 31 0.999988
20 32 0.013139
20 33 0.013139
20 34 0.953708
20 35 0.000020
20 36 0.762799
20 37 0.014543
20 38 0.999976
20 39 0.001149
20 40 0.014543
20 41 0.014543
20 42 0.999994
20 43 0.999625
20 44 0.860460
20 45 0.000020
20 46 0.013139
20 47 0.786248
20 48 0.000020
20 49 0.999765
20 50 0.191553
20 51 0.999846
20 52 0.013139
20 53 0.999997
20 54 0.999616
20 55 0.999999
20 56 0.999853
20 57 0.013139
20 58 0.013139
20 59 0.999999
20 60 0.013139
20 61 0.013139
20 62 0.013139
20 63 0.013139
20 64 0.975099
20 65 0.999975
20 66 0.998565
20 67 0.999944
20 68 0.999998
20 69 0.014543
20 70 0.999994
20 71 0.999995
20 72 0.066696
20 73 0.999039
20 74 0.013139
20 75 0.999365
20 76 0.668002
20 77 0.999997
20 78 0.001346
20 79 0.014543
20 80 0.013139
20 81 0.066696
20 82 0.996589
20 83 0.767655
20 84 0.999854
20 85 0.999632
20 86 0.993565
20 87 0.680609
20 88 0.013139
20 89 0.998533
20 90 0.999997
20 91 0.013139
20 92 0.999917
20 93 0.013139
20 94 0.999994
20 95 0.997598
20 96 0.976239
20 97 0.013139
20 98 0.206794
20 99 0.071066
21 0 0.999975
21 1 0.090279
21 2 0.000026
21 3 0.985429
21 4 0.013139
21 5 0.001149
21 6 0.000020
21 7 0.999906
21 8 0.013139
21 9 0.999996
21 10 0.001149
21 11 0.013139
21 12 0.516316
21 13 0.001346
21 14 0.013139
21 15 0.998462
21 16 0.977268
21 17 0.999960
21 18 0.013139
21 19 0.075609
21 20 0.999910
21 21 0.000000
21 22 0.001346
21 23 0.999984
21 24 0.999975
21 25 0.199118
21 26 0.013139
21 27 0.994144
21 28 0.080327
21 29 0.999998
21 30 0.999988
21 31 0.999996
21 32 0.963971
21 33 0.001149
21 34 0.999015
21 35 0.001149
21 36 0.999956
21 37 0.000026
21 38 0.999992
21 39 0.999996
21 40 0.975675
21 41 0.013139
21 42 0.999964
21 43 0.001829
21 44 0.080327
21 45 0.984727
21 46 0.016059
21 47 0.999987
21 48 0.013139
21 49 0.373431
21 50 0.014543
21 51 0.013139
21 52 0.000020
21 53 0.999995
21 54 0.999413
21 55 0.999015
21 56 0.997705
21 57 0.999979
21 58 0.999987
21 59 0.066696
21 60 0.869371
21 61 0.013139
21 62 0.014543
21 63 0.999823
21 64 0.001149
21 65 0.934550
21 66 0.013139
21 67 0.999999
21 68 0.013139
21 69 0.999991
21 70 0.990650
21 71 0.066696
21 72 0.014543
21 73 0.013139
21 74 0.984727
21 75 0.962253
21 76 0.994282
21 77 0.013139
21 78 0.999997
21 79 0.013139
21 80 0.013139
21 81 0.014543
21 82 0.975099
21 83 0.191553
21 84 0.866468
21 85 0.999999
21 86 0.013139
21 87 0.013139
21 88 0.013139
21 89 0.075610
21 90 0.999999
21 91 0.999992
21 92 0.999977
21 93 0.963121
21 94 0.999960
21 95 0.999906
21 96 0.001346
21 97 0.019447
21 98 0.767655
21 99 0.985082
22 0 0.999771
22 1 0.999104
22 2 0.994006
22 3 0.013139
22 4 0.001149
22 5 0.999998
22 6 0.999991
22 7 0.014543
22 8 0.999943
22 9 0.962254
22 10 0.999999
22 11 0.999997
22 12 0.016059
22 13 0.762799
22 14 0.999999
22 15 0.013139
22 16 0.999273
22 17 0.016059
22 18 0.999765
22 19 0.999999
22 20 0.013139
22 21 0.001346
22 22 0.000000
22 23 0.000020
22 24 0.014543
22 25 0.999999
22 26 0.013139
22 27 0.999997
22 28 0.000020
22 29 0.013139
22 30 0.973905
22 31 0.847674
22 32 0.075609
22 33 0.014543
22 34 0.998462
22 35 0.000020
22 36 0.080327
22 37 0.999928
22 38 0.999992
22 39 0.999977
22 40 0.999994
22 41 0.016059
22 42 0.996507
22 43 0.999998
22 44 0.001149
22 45 0.908289
22 46 0.013139
22 47 0.016059
22 48 0.013139
22 49 0.990427
22 50 0.090315
22 51 0.999995
22 52 0.016059
22 53 0.999809
22 54 0.976239
22 55 0.999985
22 56 0.999998
22 57 0.013139
22 58 0.013139
22 59 0.901868
22 60 0.999995
22 61 0.013139
22 62 0.532368
22 63 0.013139
22 64 0.999991
22 65 0.999637
22 66 0.995973
22 67 0.013139
22 68 0.999998
22 69 0.985430
22 70 0.001149
22 71 0.999998
22 72 0.001346
22 73 0.999975
22 74 0.999990
22 75 0.001829
22 76 0.355984
22 77 0.013139
22 78 0.066696
22 79 0.001149
22 80 0.001572
22 81 0.999996
22 82 0.066696
22 83 0.999985
22 84 0.999976
22 85 0.989964
22 86 0.408245
22 87 0.013139
22 88 0.000020
22 89 0.001346
22 90 0.000026
22 91 0.999998
22 92 0.999965
22 93 0.199118
22 94 0.013139
22 95 0.013139
22 96 0.001346
22 97 0.961365
22 98 0.999996
22 99 0.965604
23 0 0.013139
23 1 0.080327
23 2 0.013139
23 3 0.001149
23 4 0.013139
23 5 0.001346
23 6 0.999996
23 7 0.990868
23 8 0.999771
23 9 0.999991
23 10 0.013139
23 11 0.999997
23 12 0.016059
23 13 0.013139
23 14 0.001149
23 15 0.013139
23 16 0.997598
23 17 0.001346
23 18 0.999949
23 19 0.001572
23 20 0.999999
23 21 0.999984
23 22 0.000020
23 23 0.000000
23 24 0.999760
23 25 0.199118
23 26 0.999995
23 27 0.001346
23 28 0.936034
23 29 0.941650
23 30 0.001149
23 31 0.000020
23 32 0.013139
23 33 0.999999
23 34 0.013139
23 35 0.999998
23 36 0.999991
23 37 0.000020
23 38 0.001346
23 39 0.532370
23 40 0.999932
23 41 0.999765
23 42 0.999990
23 43 0.013139
23 44 0.532369
23 45 0.364706
23 46 0.013139
23 47 0.999999
23 48 0.999942
23 49 0.999997
23 50 0.001346
23 51 0.013139
23 52 0.999999
23 53 0.999998
23 54 0.017692
23 55 0.999999
23 56 0.999997
23 57 0.001149
23 58 0.999999
23 59 0.013139
23 60 0.013139
23 61 0.001149
23 62 0.000020
23 63 0.013139
23 64 0.016059
23 65 0.013139
23 66 0.998498
23 67 0.066696
23 68 0.999615
23 69 0.013139
23 70 0.999627
23 71 0.001149
23 72 0.999670
23 73 0.013139
23 74 0.975676
23 75 0.999995
23 76 0.999904
23 77 0.999979
23 78 0.013139
23 79 0.014543
23 80 0.013139
23 81 0.999993
23 82 0.999943
23 83 0.999039
23 84 0.000020
23 85 0.013139
23 86 0.999979
23 87 0.975676
23 88 0.999999
23 89 0.999998
23 90 0.023341
23 91 0.066696
23 92 0.000020
23 93 0.984727
23 94 0.999995
23 95 0.013139
23 96 0.999995
23 97 0.013139
23 98 0.999998
23 99 0.999940
24 0 0.996425
24 1 0.999999
24 2 0.013139
24 3 0.013139
24 4 0.199118
24 5 0.001149
24 6 0.984363
24 7 0.999994
24 8 0.999908
24 9 0.990869
24 10 0.071066
24 11 0.990869
24 12 0.999999
24 13 0.999977
24 14 0.999997
24 15 0.000026
24 16 0.013139
24 17 0.013139
24 18 0.013139
24 19 0.000042
24 20 0.066696
24 21 0.999975
24 22 0.014543
24 23 0.999760
24 24 0.000000
24 25 0.958576
24 26 0.999989
24 27 0.963121
24 28 0.013139
24 29 0.066696
24 30 0.999998
24 31 0.013139
24 32 0.999996
24 33 0.999975
24 34 0.999998
24 35 0.555927
24 36 0.999985
24 37 0.999977
24 38 0.999996
24 39 0.975672
24 40 0.013139
24 41 0.999999
24 42 0.013139
24 43 0.999994
24 44 0.998425
24 45 0.996507
24 46 0.999943
24 47 0.999998
24 48 0.013139
24 49 0.071066
24 50 0.001149
24 51 0.013139
24 52 0.963218
24 53 0.990427
24 54 0.999850
24 55 0.382151
24 56 0.999868
24 57 0.999986
24 58 0.014543
24 59 0.001346
24 60 0.013139
24 61 0.066696
24 62 0.999992
24 63 0.999994
24 64 0.999999
24 65 0.075609
24 66 0.013139
24 67 0.998462
24 68 0.001149
24 69 0.014543
24 70 0.999775
24 71 0.934550
24 72 0.001149
24 73 0.013139
24 74 0.999624
24 75 0.199117
24 76 0.001149
24 77 0.508189
24 78 0.999943
24 79 0.999748
24 80 0.001149
24 81 0.016059
24 82 0.013139
24 83 0.999943
24 84 0.001149
24 85 0.999999
24 86 0.993863
24 87 0.999998
24 88 0.184104
24 89 0.999997
24 90 0.999809
24 91 0.999976
24 92 0.999994
24 93 0.013139
24 94 0.999991
24 95 0.857351
24 96 0.942911
24 97 0.013139
24 98 0.999998
24 99 0.999061
25 0 0.075610
25 1 0.013139
25 2 0.017693
25 3 0.976789
25 4 0.786247
25 5 0.999997
25 6 0.999997
25 7 0.001149
25 8 0.999998
25 9 0.997654
25 10 0.999997
25 11 0.901868
25 12 0.999039
25 13 0.066696
25 14 0.013139
25 15 0.017692
25 16 0.996424
25 17 0.013139
25 18 0.001346
25 19 0.014543
25 20 0.014543
25 21 0.199118
25 22 0.999999
25 23 0.199118
25 24 0.958576
25 25 0.000000
25 26 0.996337
25 27 0.999998
25 28 0.000033
25 29 0.013139
25 30 0.999992
25 31 0.085216
25 32 0.000020
25 33 0.999998
25 34 0.999998
25 35 0.999754
25 36 0.999991
25 37 0.013139
25 38 0.016059
25 39 0.999998
25 40 0.999992
25 41 0.013139
25 42 0.013139
25 43 0.999830
25 44 0.999976
25 45 0.999995
25 46 0.999988
25 47 0.999998
25 48 0.013139
25 49 0.999998
25 50 0.066696
25 51 0.016059
25 52 0.999910
25 53 0.013139
25 54 0.001149
25 55 0.999999
25 56 0.999995
25 57 0.000020
25 58 0.999996
25 59 0.014543
25 60 0.014543
25 61 0.017692
25 62 0.338564
25 63 0.013139
25 64 0.013139
25 65 0.996588
25 66 0.013139
25 67 0.013139
25 68 0.013139
25 69 0.999736
25 70 0.854189
25 71 0.655037
25 72 0.000033
25 73 0.222456
25 74 0.997540
25 75 0.013139
25 76 0.999765
25 77 0.013139
25 78 0.075610
25 79 0.999999
25 80 0.000020
25 81 0.016059
25 82 0.999963
25 83 0.066696
25 84 0.999997
25 85 0.013139
25 86 0.999995
25 87 0.999997
25 88 0.997655
25 89 0.013139
25 90 0.994006
25 91 0.996249
25 92 0.999998
25 93 0.001346
25 94 0.001829
25 95 0.987465
25 96 0.999998
25 97 0.999846
25 98 0.999996
25 99 0.847674
26 0 0.999998
26 1 0.001149
26 2 0.999994
26 3 0.338564
26 4 0.014543
26 5 0.999953
26 6 0.066696
26 7 0.999632
26 8 0.999999
26 9 0.013139
26 10 0.013139
26 11 0.075610
26 12 0.001149
26 13 0.999999
26 14 0.999977
26 15 0.999938
26 16 0.999633
26 17 0.999995
26 18 0.999658
26 19 0.996233
26 20 0.013139
26 21 0.013139
26 22 0.013139
26 23 0.999995
26 24 0.999989
26 25 0.996337
26 26 0.000000
26 27 0.066696
26 28 0.999944
26 29 0.999988
26 30 0.001149
26 31 0.013139
26 32 0.999948
26 33 0.001149
26 34 0.001149
26 35 0.999765
26 36 0.999999
26 37 0.013139
26 38 0.999996
26 39 0.661564
26 40 0.999996
26 41 0.998637
26 42 0.999941
26 43 0.914308
26 44 0.999850
26 45 0.999998
26 46 0.016059
26 47 0.999997
26 48 0.066696
26 49 0.013139
26 50 0.999998
26 51 0.085216
26 52 0.013139
26 53 0.999940
26 54 0.998534
26 55 0.998498
26 56 0.999961
26 57 0.999968
26 58 0.001149
26 59 0.963122
26 60 0.999428
26 61 0.013139
26 62 0.999981
26 63 0.999992
26 64 0.013139
26 65 0.999999
26 66 0.999941
26 67 0.844319
26 68 0.191553
26 69 0.999399
26 70 0.014543
26 71 0.548149
26 72 0.999986
26 73 0.999061
26 74 0.999963
26 75 0.000020
26 76 0.184104
26 77 0.000020
26 78 0.999771
26 79 0.001149
26 80 0.016059
26 81 0.001149
26 82 0.999624
26 83 0.014543
26 84 0.999765
26 85 0.214536
26 86 0.066696
26 87 0.013139
26 88 0.975675
26 89 0.999938
26 90 0.998570
26 91 0.999991
26 92 0.000020
26 93 0.013139
26 94 0.999945
26 95 0.999999
26 96 0.999853
26 97 0.999629
26 98 0.999991
26 99 0.191553
27 0 0.781722
27 1 0.999940
27 2 0.085217
27 3 0.999996
27 4 0.206794
27 5 0.999385
27 6 0.071066
27 7 0.993716
27 8 0.999854
27 9 0.066696
27 10 0.961365
27 11 0.999987
27 12 0.066696
27 13 0.199119
27 14 0.000020
27 15 0.013139
27 16 0.013139
27 17 0.938905
27 18 0.983991
27 19 0.013139
27 20 0.999061
27 21 0.994144
27 22 0.999997
27 23 0.001346
27 24 0.963121
27 25 0.999998
27 26 0.066696
27 27 0.000000
27 28 0.999976
27 29 0.013139
27 30 0.999997
27 31 0.999996
27 32 0.999997
27 33 0.999857
27 34 0.999965
27 35 0.984363
27 36 0.999990
27 37 0.999996
27 38 0.668002
27 39 0.001149
27 40 0.001829
27 41 0.999998
27 42 0.999986
27 43 0.999998
27 44 0.013139
27 45 0.000020
27 46 0.999998
27 47 0.066696
27 48 0.014543
27 49 0.993716
27 50 0.016059
27 51 0.066696
