0 0 0.000000
0 1 0.999997
0 2 0.000026
0 3 0.000202
0 4 0.000020
0 5 0.999997
0 6 0.999926
0 7 0.999997
0 8 0.000001
0 9 0.999821
0 10 0.999871
0 11 0.001149
0 12 0.999967
0 13 0.999994
0 14 0.000020
0 15 0.999998
0 16 0.999993
0 17 0.017604
0 18 0.999996
0 19 0.000020
0 20 0.999983
0 21 0.000052
0 22 0.999999
0 23 0.000020
0 24 0.999999
0 25 0.999997
0 26 0.999925
0 27 0.999947
0 28 0.999794
0 29 0.001149
0 30 0.999993
0 31 0.999999
0 32 0.000014
0 33 0.999999
0 34 0.999996
0 35 0.000053
0 36 0.999998
0 37 0.000020
0 38 0.999998
0 39 0.000026
0 40 0.999999
0 41 0.999438
0 42 0.000335
0 43 0.000042
0 44 0.016059
0 45 0.000053
0 46 0.999986
0 47 0.999997
0 48 0.001829
0 49 0.000020
0 50 0.000195
0 51 0.999984
0 52 0.000026
0 53 0.016059
0 54 0.000026
0 55 0.001366
0 56 0.000033
0 57 0.001572
0 58 0.999978
0 59 0.000026
0 60 0.945124
0 61 0.000001
0 62 0.001346
0 63 0.998033
0 64 0.002115
0 65 0.001149
0 66 0.000488
0 67 0.999999
0 68 0.999999
0 69 0.000020
0 70 0.999998
0 71 0.000020
0 72 0.000001
0 73 0.999995
0 74 0.999998
0 75 0.003606
0 76 0.999997
0 77 0.999996
0 78 0.001149
0 79 0.999995
0 80 0.002337
0 81 0.000001
0 82 0.000396
0 83 0.001149
0 84 0.999992
0 85 0.999999
0 86 0.000001
0 87 0.999974
0 88 0.999998
0 89 0.000001
0 90 0.999998
0 91 0.000026
0 92 0.999999
0 93 0.000020
0 94 0.999998
0 95 0.999995
0 96 0.000020
0 97 0.999995
0 98 0.999966
0 99 0.999995
1 0 0.999997
1 1 0.000000
1 2 0.999979
1 3 0.001572
1 4 0.999996
1 5 0.999999
1 6 0.999999
1 7 0.999995
1 8 0.999798
1 9 0.000020
1 10 0.000020
1 11 0.999916
1 12 0.016059
1 13 0.999999
1 14 0.000020
1 15 0.000049
1 16 0.999999
1 17 0.000001
1 18 0.001149
1 19 0.999998
1 20 0.999996
1 21 0.002449
1 22 0.999996
1 23 0.002820
1 24 0.997062
1 25 0.001149
1 26 0.001149
1 27 0.999999
1 28 0.999997
1 29 0.000066
1 30 0.000020
1 31 0.999997
1 32 0.999998
1 33 0.001149
1 34 0.999998
1 35 0.999998
1 36 0.999999
1 37 0.000020
1 38 0.000026
1 39 0.999957
1 40 0.000020
1 41 0.999997
1 42 0.000020
1 43 0.001149
1 44 0.000020
1 45 0.001149
1 46 0.999999
1 47 0.000026
1 48 0.999984
1 49 0.999996
1 50 0.999244
1 51 0.999994
1 52 0.999978
1 53 0.999979
1 54 0.000020
1 55 0.000104
1 56 0.999992
1 57 0.004225
1 58 0.000026
1 59 0.000026
1 60 0.999954
1 61 0.999979
1 62 0.999997
1 63 0.000020
1 64 0.000020
1 65 0.999994
1 66 0.999992
1 67 0.999973
1 68 0.000001
1 69 0.999591
1 70 0.000001
1 71 0.999998
1 72 0.000020
1 73 0.001829
1 74 0.000028
1 75 0.001149
1 76 0.999999
1 77 0.000002
1 78 0.999980
1 79 0.999975
1 80 0.998630
1 81 0.000001
1 82 0.999997
1 83 0.999972
1 84 0.999995
1 85 0.000020
1 86 0.000020
1 87 0.002449
1 88 0.999955
1 89 0.000041
1 90 0.000066
1 91 0.999866
1 92 0.999980
1 93 0.999674
1 94 0.999856
1 95 0.999868
1 96 0.000031
1 97 0.999881
1 98 0.000026
1 99 0.999998
2 0 0.000026
2 1 0.999979
2 2 0.000000
2 3 0.000020
2 4 0.999998
2 5 0.000026
2 6 0.998638
2 7 0.683264
2 8 0.999999
2 9 0.000020
2 10 0.999995
2 11 0.001829
2 12 0.999932
2 13 0.999998
2 14 0.000042
2 15 0.001149
2 16 0.000020
2 17 0.999990
2 18 0.999997
2 19 0.000001
2 20 0.999999
2 21 0.000026
2 22 0.999967
2 23 0.999999
2 24 0.000020
2 25 0.001829
2 26 0.001258
2 27 0.999984
2 28 0.999992
2 29 0.999941
2 30 0.001149
2 31 0.000026
2 32 0.999979
2 33 0.999971
2 34 0.000020
2 35 0.999999
2 36 0.019447
2 37 0.000020
2 38 0.001149
2 39 0.999999
2 40 0.999999
2 41 0.999995
2 42 0.999983
2 43 0.001572
2 44 0.186794
2 45 0.001149
2 46 0.999825
2 47 0.000026
2 48 0.999991
2 49 0.999987
2 50 0.000020
2 51 0.999995
2 52 0.000033
2 53 0.000042
2 54 0.000821
2 55 0.999995
2 56 0.999997
2 57 0.001572
2 58 0.000065
2 59 0.000001
2 60 0.000066
2 61 0.001149
2 62 0.995673
2 63 0.999999
2 64 0.999999
2 65 0.999995
2 66 0.999995
2 67 0.000020
2 68 0.999999
2 69 0.999999
2 70 0.000020
2 71 0.999998
2 72 0.999987
2 73 0.999985
2 74 0.000020
2 75 0.000033
2 76 0.999971
2 77 0.999919
2 78 0.000020
2 79 0.999999
2 80 0.999999
2 81 0.999871
2 82 0.999975
2 83 0.999995
2 84 0.999999
2 85 0.001149
2 86 0.001346
2 87 0.000033
2 88 0.000001
2 89 0.999998
2 90 0.999997
2 91 0.000001
2 92 0.000026
2 93 0.001796
2 94 0.000033
2 95 0.999999
2 96 0.999997
2 97 0.000001
2 98 0.999999
2 99 0.999999
3 0 0.000202
3 1 0.001572
3 2 0.000020
3 3 0.000000
3 4 0.999995
3 5 0.999999
3 6 0.000026
3 7 0.827056
3 8 0.999868
3 9 0.000020
3 10 0.999998
3 11 0.000001
3 12 0.999994
3 13 0.999973
3 14 0.000020
3 15 0.999996
3 16 0.999997
3 17 0.999997
3 18 0.001346
3 19 0.999999
3 20 0.000001
3 21 0.992011
3 22 0.000033
3 23 0.000001
3 24 0.000020
3 25 0.999947
3 26 0.999704
3 27 0.000048
3 28 0.000020
3 29 0.999995
3 30 0.999992
3 31 0.999997
3 32 0.000020
3 33 0.017692
3 34 0.000033
3 35 0.999987
3 36 0.999979
3 37 0.000033
3 38 0.999987
3 39 0.999987
3 40 0.999999
3 41 0.999995
3 42 0.000026
3 43 0.999988
3 44 0.001149
3 45 0.999995
3 46 0.000020
3 47 0.999998
3 48 0.999979
3 49 0.037829
3 50 0.001149
3 51 0.000001
3 52 0.000083
3 53 0.999998
3 54 0.000033
3 55 0.000001
3 56 0.999999
3 57 0.000026
3 58 0.999604
3 59 0.999998
3 60 0.000026
3 61 0.999924
3 62 0.999987
3 63 0.000020
3 64 0.000083
3 65 0.999924
3 66 0.005292
3 67 0.999991
3 68 0.999999
3 69 0.000020
3 70 0.000080
3 71 0.999995
3 72 0.999997
3 73 0.999990
3 74 0.002107
3 75 0.999914
3 76 0.999995
3 77 0.999999
3 78 0.001149
3 79 0.000020
3 80 0.999995
3 81 0.000001
3 82 0.999996
3 83 0.999999
3 84 0.999997
3 85 0.000602
3 86 0.999959
3 87 0.001149
3 88 0.999994
3 89 0.000020
3 90 0.000001
3 91 0.000020
3 92 0.999995
3 93 0.001149
3 94 0.000020
3 95 0.996854
3 96 0.000020
3 97 0.000001
3 98 0.000026
3 99 0.000849
4 0 0.000020
4 1 0.999996
4 2 0.999998
4 3 0.999995
4 4 0.000000
4 5 0.999998
4 6 0.999999
4 7 0.999993
4 8 0.999950
4 9 0.000228
4 10 0.999973
4 11 0.999503
4 12 0.001346
4 13 0.999970
4 14 0.002063
4 15 0.001149
4 16 0.999947
4 17 0.000033
4 18 0.999168
4 19 0.000020
4 20 0.999999
4 21 0.999951
4 22 0.001149
4 23 0.999990
4 24 0.999980
4 25 0.998157
4 26 0.000001
4 27 0.001816
4 28 0.999998
4 29 0.020179
4 30 0.000026
4 31 0.000020
4 32 0.000042
4 33 0.999998
4 34 0.999995
4 35 0.999998
4 36 0.001149
4 37 0.999987
4 38 0.999996
4 39 0.001149
4 40 0.000104
4 41 0.999994
4 42 0.999987
4 43 0.001572
4 44 0.999999
4 45 0.999999
4 46 0.999999
4 47 0.999998
4 48 0.001149
4 49 0.000042
4 50 0.001149
4 51 0.999995
4 52 0.000020
4 53 0.999593
4 54 0.999999
4 55 0.000026
4 56 0.000026
4 57 0.000020
4 58 0.999991
4 59 0.000020
4 60 0.000040
4 61 0.999996
4 62 0.999999
4 63 0.001149
4 64 0.999998
4 65 0.999999
4 66 0.000020
4 67 0.999998
4 68 0.000042
4 69 0.001149
4 70 0.000026
4 71 0.999997
4 72 0.000003
4 73 0.001346
4 74 0.999987
4 75 0.999992
4 76 0.000026
4 77 0.997821
4 78 0.999987
4 79 0.001346
4 80 0.999717
4 81 0.000026
4 82 0.001364
4 83 0.000026
4 84 0.000033
4 85 0.999978
4 86 0.999999
4 87 0.999947
4 88 0.000020
4 89 0.001829
4 90 0.000020
4 91 0.997646
4 92 0.999999
4 93 0.000020
4 94 0.001346
4 95 0.999995
4 96 0.999998
4 97 0.056745
4 98 0.999995
4 99 0.999997
5 0 0.999997
5 1 0.999999
5 2 0.000026
5 3 0.999999
5 4 0.999998
5 5 0.000000
5 6 0.999980
5 7 0.999999
5 8 0.001829
5 9 0.999990
5 10 0.000020
5 11 0.999996
5 12 0.999807
5 13 0.999992
5 14 0.000020
5 15 0.999998
5 16 0.000026
5 17 0.000001
5 18 0.999998
5 19 0.999917
5 20 0.999353
5 21 0.001149
5 22 0.999997
5 23 0.001346
5 24 0.014543
5 25 0.999651
5 26 0.999791
5 27 0.999997
5 28 0.999998
5 29 0.999967
5 30 0.000020
5 31 0.999999
5 32 0.999991
5 33 0.000020
5 34 0.999969
5 35 0.000001
5 36 0.999979
5 37 0.999968
5 38 0.999999
5 39 0.000026
5 40 0.999999
5 41 0.001149
5 42 0.000020
5 43 0.000001
5 44 0.001149
5 45 0.999996
5 46 0.999998
5 47 0.999998
5 48 0.002449
5 49 0.999747
5 50 0.999997
5 51 0.994518
5 52 0.000020
5 53 0.997646
5 54 0.000654
5 55 0.999998
5 56 0.000020
5 57 0.999998
5 58 0.999998
5 59 0.999999
5 60 0.001149
5 61 0.001346
5 62 0.999997
5 63 0.000020
5 64 0.994398
5 65 0.000026
5 66 0.999999
5 67 0.999746
5 68 0.999952
5 69 0.999996
5 70 0.999999
5 71 0.999998
5 72 0.000001
5 73 0.999994
5 74 0.999996
5 75 0.000020
5 76 0.999739
5 77 0.017734
5 78 0.999999
5 79 0.000030
5 80 0.999917
5 81 0.000020
5 82 0.000026
5 83 0.996931
5 84 0.999969
5 85 0.000431
5 86 0.999853
5 87 0.000001
5 88 0.999964
5 89 0.999992
5 90 0.000026
5 91 0.000020
5 92 0.999999
5 93 0.999677
5 94 0.014843
5 95 0.001149
5 96 0.003236
5 97 0.999975
5 98 0.000020
5 99 0.999923
6 0 0.999926
6 1 0.999999
6 2 0.998638
6 3 0.000026
6 4 0.999999
6 5 0.999980
6 6 0.000000
6 7 0.999992
6 8 0.999992
6 9 0.999978
6 10 0.999998
6 11 0.001346
6 12 0.999999
6 13 0.999799
6 14 0.998740
6 15 0.000001
6 16 0.999632
6 17 0.999996
6 18 0.000020
6 19 0.999993
6 20 0.001346
6 21 0.000020
6 22 0.999932
6 23 0.999986
6 24 0.999982
6 25 0.000002
6 26 0.999994
6 27 0.001346
6 28 0.999967
6 29 0.999999
6 30 0.000002
6 31 0.999873
6 32 0.001149
6 33 0.999998
6 34 0.999953
6 35 0.999502
6 36 0.999999
6 37 0.000001
6 38 0.000020
6 39 0.999999
6 40 0.999849
6 41 0.001149
6 42 0.017611
6 43 0.999998
6 44 0.999999
6 45 0.001149
6 46 0.000020
6 47 0.999997
6 48 0.000033
6 49 0.001346
6 50 0.000130
6 51 0.999879
6 52 0.999992
6 53 0.000020
6 54 0.001829
6 55 0.001149
6 56 0.999999
6 57 0.001829
6 58 0.000020
6 59 0.999991
6 60 0.999997
6 61 0.999970
6 62 0.000016
6 63 0.000020
6 64 0.000042
6 65 0.999985
6 66 0.999998
6 67 0.999673
6 68 0.999997
6 69 0.999997
6 70 0.999998
6 71 0.004004
6 72 0.997804
6 73 0.001149
6 74 0.999993
6 75 0.999999
6 76 0.999996
6 77 0.000042
6 78 0.999967
6 79 0.999914
6 80 0.999998
6 81 0.999998
6 82 0.999999
6 83 0.999982
6 84 0.001346
6 85 0.999997
6 86 0.999997
6 87 0.998646
6 88 0.000020
6 89 0.000033
6 90 0.999999
6 91 0.000020
6 92 0.997205
6 93 0.000026
6 94 0.999685
6 95 0.999998
6 96 0.999996
6 97 0.001075
6 98 0.999999
6 99 0.999965
7 0 0.999997
7 1 0.999995
7 2 0.683264
7 3 0.827056
7 4 0.999993
7 5 0.999999
7 6 0.999992
7 7 0.000000
7 8 0.999985
7 9 0.001572
7 10 0.000020
7 11 0.999997
7 12 0.000026
7 13 0.999648
7 14 0.999986
7 15 0.002449
7 16 0.999988
7 17 0.999999
7 18 0.999999
7 19 0.000020
7 20 0.999991
7 21 0.996641
7 22 0.001346
7 23 0.999995
7 24 0.999775
7 25 0.001149
7 26 0.999638
7 27 0.999999
7 28 0.000001
7 29 0.999992
7 30 0.999775
7 31 0.999980
7 32 0.999947
7 33 0.996780
7 34 0.000033
7 35 0.999565
7 36 0.999376
7 37 0.999058
7 38 0.999998
7 39 0.999997
7 40 0.999998
7 41 0.999999
7 42 0.999992
7 43 0.999997
7 44 0.999994
7 45 0.999912
7 46 0.999995
7 47 0.191553
7 48 0.999995
7 49 0.000020
7 50 0.999983
7 51 0.000020
7 52 0.999979
7 53 0.001149
7 54 0.999999
7 55 0.999869
7 56 0.000020
7 57 0.999995
7 58 0.999981
7 59 0.000020
7 60 0.000592
7 61 0.996677
7 62 0.999999
7 63 0.999999
7 64 0.999992
7 65 0.999996
7 66 0.000102
7 67 0.996417
7 68 0.999999
7 69 0.001572
7 70 0.999989
7 71 0.000020
7 72 0.999793
7 73 0.999996
7 74 0.000026
7 75 0.999998
7 76 0.999947
7 77 0.999987
7 78 0.000042
7 79 0.000020
7 80 0.924189
7 81 0.997461
7 82 0.999999
7 83 0.999989
7 84 0.999977
7 85 0.999933
7 86 0.999990
7 87 0.001843
7 88 0.000042
7 89 0.999979
7 90 0.999997
7 91 0.999998
7 92 0.999996
7 93 0.999980
7 94 0.000001
7 95 0.001572
7 96 0.999992
7 97 0.000020
7 98 0.999997
7 99 0.999997
8 0 0.000001
8 1 0.999798
8 2 0.999999
8 3 0.999868
8 4 0.999950
8 5 0.001829
8 6 0.999992
8 7 0.999985
8 8 0.000000
8 9 0.999973
8 10 0.000020
8 11 0.999924
8 12 0.001149
8 13 0.000001
8 14 0.999976
8 15 0.000001
8 16 0.999860
8 17 0.999996
8 18 0.999948
8 19 0.000026
8 20 0.002120
8 21 0.000020
8 22 0.999999
8 23 0.999998
8 24 0.999899
8 25 0.999996
8 26 0.999968
8 27 0.001815
8 28 0.000020
8 29 0.999999
8 30 0.999992
8 31 0.000026
8 32 0.999997
8 33 0.000020
8 34 0.999999
8 35 0.000020
8 36 0.001149
8 37 0.999995
8 38 0.000280
8 39 0.999979
8 40 0.999995
8 41 0.999997
8 42 0.999997
8 43 0.001149
8 44 0.999848
8 45 0.000001
8 46 0.999997
8 47 0.999972
8 48 0.999998
8 49 0.000020
8 50 0.999992
8 51 0.999995
8 52 0.000001
8 53 0.000001
8 54 0.000020
8 55 0.000001
8 56 0.000020
8 57 0.999989
8 58 0.999999
8 59 0.000026
8 60 0.999993
8 61 0.000033
8 62 0.000020
8 63 0.999947
8 64 0.000020
8 65 0.000020
8 66 0.999967
8 67 0.000020
8 68 0.999995
8 69 0.999721
8 70 0.999992
8 71 0.999991
8 72 0.001149
8 73 0.000020
8 74 0.999992
8 75 0.000042
8 76 0.000026
8 77 0.983484
8 78 0.000020
8 79 0.999992
8 80 0.999997
8 81 0.000001
8 82 0.999958
8 83 0.999933
8 84 0.000020
8 85 0.999998
8 86 0.999997
8 87 0.999996
8 88 0.999999
8 89 0.000020
8 90 0.999992
8 91 0.000020
8 92 0.999925
8 93 0.000026
8 94 0.999997
8 95 0.999999
8 96 0.999996
8 97 0.999997
8 98 0.000033
8 99 0.000028
9 0 0.999821
9 1 0.000020
9 2 0.000020
9 3 0.000020
9 4 0.000228
9 5 0.999990
9 6 0.999978
9 7 0.001572
9 8 0.999973
9 9 0.000000
9 10 0.999999
9 11 0.999452
9 12 0.999999
9 13 0.999999
9 14 0.999992
9 15 0.999995
9 16 0.000228
9 17 0.000001
9 18 0.000020
9 19 0.999998
9 20 0.000020
9 21 0.999997
9 22 0.999992
9 23 0.999985
9 24 0.999959
9 25 0.406532
9 26 0.001149
9 27 0.001346
9 28 0.001346
9 29 0.000001
9 30 0.999996
9 31 0.001829
9 32 0.999988
9 33 0.999998
9 34 0.000020
9 35 0.000026
9 36 0.999999
9 37 0.999982
9 38 0.999999
9 39 0.999992
9 40 0.000020
9 41 0.001149
9 42 0.999999
9 43 0.000777
9 44 0.999999
9 45 0.999999
9 46 0.999502
9 47 0.999997
9 48 0.999779
9 49 0.000001
9 50 0.000020
9 51 0.999999
9 52 0.999995
9 53 0.999986
9 54 0.999987
9 55 0.999999
9 56 0.000020
9 57 0.999648
9 58 0.001572
9 59 0.000259
9 60 0.999996
9 61 0.999993
9 62 0.002564
9 63 0.998960
9 64 0.999997
9 65 0.999320
9 66 0.999997
9 67 0.000020
9 68 0.000033
9 69 0.999997
9 70 0.999785
9 71 0.999942
9 72 0.000001
9 73 0.000001
9 74 0.999999
9 75 0.000120
9 76 0.999998
9 77 0.002449
9 78 0.973437
9 79 0.000077
9 80 0.000026
9 81 0.999998
9 82 0.000020
9 83 0.015554
9 84 0.999952
9 85 0.999998
9 86 0.999818
9 87 0.001149
9 88 0.000020
9 89 0.001346
9 90 0.001149
9 91 0.000004
9 92 0.000020
9 93 0.999918
9 94 0.999998
9 95 0.999922
9 96 0.998002
9 97 0.001346
9 98 0.000020
9 99 0.000020
10 0 0.999871
10 1 0.000020
10 2 0.999995
10 3 0.999998
10 4 0.999973
10 5 0.000020
10 6 0.999998
10 7 0.000020
10 8 0.000020
10 9 0.999999
10 10 0.000000
10 11 0.999989
10 12 0.003236
10 13 0.000033
10 14 0.999996
10 15 0.999983
10 16 0.001149
10 17 0.000020
10 18 0.999986
10 19 0.999952
10 20 0.000026
10 21 0.001149
10 22 0.999996
10 23 0.000020
10 24 0.000298
10 25 0.999996
10 26 0.000020
10 27 0.999997
10 28 0.999992
10 29 0.000020
10 30 0.000020
10 31 0.999951
10 32 0.999978
10 33 0.999988
10 34 0.999999
10 35 0.001346
10 36 0.999988
10 37 0.999998
10 38 0.999982
10 39 0.999995
10 40 0.999705
10 41 0.999933
10 42 0.999999
10 43 0.999969
10 44 0.999924
10 45 0.999998
10 46 0.999997
10 47 0.999999
10 48 0.001149
10 49 0.000020
10 50 0.000026
10 51 0.999999
10 52 0.000026
10 53 0.000026
10 54 0.000020
10 55 0.004460
10 56 0.000020
10 57 0.019333
10 58 0.999998
10 59 0.000020
10 60 0.297609
10 61 0.999997
10 62 0.014667
10 63 0.999994
10 64 0.999931
10 65 0.999969
10 66 0.000001
10 67 0.005437
10 68 0.999999
10 69 0.000020
10 70 0.999992
10 71 0.999996
10 72 0.999993
10 73 0.000020
10 74 0.004056
10 75 0.000020
10 76 0.001959
10 77 0.999998
10 78 0.001149
10 79 0.001572
10 80 0.998268
10 81 0.999942
10 82 0.000020
10 83 0.999947
10 84 0.001572
10 85 0.000020
10 86 0.999964
10 87 0.001346
10 88 0.000020
10 89 0.999987
10 90 0.001149
10 91 0.999999
10 92 0.999995
10 93 0.003236
10 94 0.999999
10 95 0.000020
10 96 0.999948
10 97 0.001149
10 98 0.000020
10 99 0.999991
11 0 0.001149
11 1 0.999916
11 2 0.001829
11 3 0.000001
11 4 0.999503
11 5 0.999996
11 6 0.001346
11 7 0.999997
11 8 0.999924
11 9 0.999452
11 10 0.999989
11 11 0.000000
11 12 0.000001
11 13 0.999337
11 14 0.999993
11 15 0.999999
11 16 0.999944
11 17 0.999988
11 18 0.000020
11 19 0.999989
11 20 0.999996
11 21 0.000042
11 22 0.999998
11 23 0.802131
11 24 0.999998
11 25 0.000053
11 26 0.001572
11 27 0.999952
11 28 0.000020
11 29 0.000178
11 30 0.999996
11 31 0.999995
11 32 0.999928
11 33 0.001346
11 34 0.999991
11 35 0.000001
11 36 0.000083
11 37 0.999999
11 38 0.040450
11 39 0.000001
11 40 0.999997
11 41 0.000053
11 42 0.999903
11 43 0.999944
11 44 0.999999
11 45 0.999998
11 46 0.000020
11 47 0.999999
11 48 0.000001
11 49 0.000020
11 50 0.999996
11 51 0.000020
11 52 0.000026
11 53 0.999917
11 54 0.000020
11 55 0.999999
11 56 0.999999
11 57 0.999999
11 58 0.999997
11 59 0.999997
11 60 0.000033
11 61 0.999997
11 62 0.999273
11 63 0.999830
11 64 0.999996
11 65 0.001149
11 66 0.999998
11 67 0.999999
11 68 0.999992
11 69 0.998627
11 70 0.000053
11 71 0.001572
11 72 0.999987
11 73 0.999999
11 74 0.000360
11 75 0.999991
11 76 0.999997
11 77 0.999925
11 78 0.999862
11 79 0.999998
11 80 0.999992
11 81 0.999996
11 82 0.001346
11 83 0.000020
11 84 0.000258
11 85 0.999972
11 86 0.000033
11 87 0.999947
11 88 0.999930
11 89 0.999983
11 90 0.000001
11 91 0.999910
11 92 0.999997
11 93 0.999999
11 94 0.999998
11 95 0.000189
11 96 0.999986
11 97 0.999999
11 98 0.999997
11 99 0.001149
12 0 0.999967
12 1 0.016059
12 2 0.999932
12 3 0.999994
12 4 0.001346
12 5 0.999807
12 6 0.999999
12 7 0.000026
12 8 0.001149
12 9 0.999999
12 10 0.003236
12 11 0.000001
12 12 0.000000
12 13 0.001149
12 14 0.999994
12 15 0.000020
12 16 0.999996
12 17 0.000020
12 18 0.999999
12 19 0.999992
12 20 0.999999
12 21 0.023341
12 22 0.000033
12 23 0.000033
12 24 0.999980
12 25 0.999972
12 26 0.000001
12 27 0.001149
12 28 0.999631
12 29 0.000026
12 30 0.999996
12 31 0.000020
12 32 0.001346
12 33 0.999999
12 34 0.000020
12 35 0.004219
12 36 0.001346
12 37 0.001572
12 38 0.000001
12 39 0.000020
12 40 0.999999
12 41 0.024830
12 42 0.999868
12 43 0.999971
12 44 0.999999
12 45 0.000020
12 46 0.000020
12 47 0.999992
12 48 0.999992
12 49 0.000001
12 50 0.999995
12 51 0.001149
12 52 0.001149
12 53 0.000020
12 54 0.000020
12 55 0.999917
12 56 0.999993
12 57 0.000020
12 58 0.000001
12 59 0.002120
12 60 0.000020
12 61 0.001149
12 62 0.999857
12 63 0.000026
12 64 0.999763
12 65 0.001149
12 66 0.999999
12 67 0.000099
12 68 0.999989
12 69 0.000020
12 70 0.999965
12 71 0.999998
12 72 0.001149
12 73 0.000020
12 74 0.999999
12 75 0.000001
12 76 0.014543
12 77 0.000651
12 78 0.001346
12 79 0.999999
12 80 0.999979
12 81 0.001149
12 82 0.001731
12 83 0.000020
12 84 0.999029
12 85 0.999996
12 86 0.000026
12 87 0.999997
12 88 0.999967
12 89 0.999999
12 90 0.999998
12 91 0.000020
12 92 0.000020
12 93 0.999999
12 94 0.002659
12 95 0.999998
12 96 0.000004
12 97 0.999985
12 98 0.999981
12 99 0.999986
13 0 0.999994
13 1 0.999999
13 2 0.999998
13 3 0.999973
13 4 0.999970
13 5 0.999992
13 6 0.999799
13 7 0.999648
13 8 0.000001
13 9 0.999999
13 10 0.000033
13 11 0.999337
13 12 0.001149
13 13 0.000000
13 14 0.003699
13 15 0.000158
13 16 0.000001
13 17 0.999873
13 18 0.999998
13 19 0.999953
13 20 0.002120
13 21 0.001346
13 22 0.001346
13 23 0.001149
13 24 0.999992
13 25 0.001346
13 26 0.999947
13 27 0.999996
13 28 0.994967
13 29 0.001149
13 30 0.999999
13 31 0.000350
13 32 0.000020
13 33 0.999973
13 34 0.999966
13 35 0.001346
13 36 0.001149
13 37 0.000001
13 38 0.999967
13 39 0.999936
13 40 0.001346
13 41 0.999999
13 42 0.999589
13 43 0.999979
13 44 0.000020
13 45 0.999995
13 46 0.000033
13 47 0.000026
13 48 0.999996
13 49 0.003701
13 50 0.999998
13 51 0.003767
13 52 0.999987
13 53 0.000228
13 54 0.999996
13 55 0.999995
13 56 0.001346
13 57 0.999999
13 58 0.002060
13 59 0.999996
13 60 0.999768
13 61 0.999994
13 62 0.999999
13 63 0.999998
13 64 0.001346
13 65 0.999998
13 66 0.999999
13 67 0.999849
13 68 0.999996
13 69 0.001346
13 70 0.146142
13 71 0.999999
13 72 0.999223
13 73 0.999998
13 74 0.000020
13 75 0.999534
13 76 0.000020
13 77 0.999891
13 78 0.007275
13 79 0.999947
13 80 0.000026
13 81 0.000020
13 82 0.999998
13 83 0.999991
13 84 0.000026
13 85 0.999995
13 86 0.999996
13 87 0.001346
13 88 0.999992
13 89 0.999999
13 90 0.999991
13 91 0.001572
13 92 0.000104
13 93 0.000020
13 94 0.000020
13 95 0.999995
13 96 0.001149
13 97 0.999993
13 98 0.999991
13 99 0.001149
14 0 0.000020
14 1 0.000020
14 2 0.000042
14 3 0.000020
14 4 0.002063
14 5 0.000020
14 6 0.998740
14 7 0.999986
14 8 0.999976
14 9 0.999992
14 10 0.999996
14 11 0.999993
14 12 0.999994
14 13 0.003699
14 14 0.000000
14 15 0.000038
14 16 0.000020
14 17 0.000026
14 18 0.991174
14 19 0.999692
14 20 0.993961
14 21 0.000026
14 22 0.999933
14 23 0.000026
14 24 0.999837
14 25 0.999967
14 26 0.999998
14 27 0.000020
14 28 0.000005
14 29 0.000001
14 30 0.999996
14 31 0.001149
14 32 0.999999
14 33 0.000033
14 34 0.999999
14 35 0.001572
14 36 0.000026
14 37 0.000020
14 38 0.000544
14 39 0.000001
14 40 0.999988
14 41 0.000049
14 42 0.999971
14 43 0.999997
14 44 0.000020
14 45 0.000001
14 46 0.999991
14 47 0.999998
14 48 0.000030
14 49 0.999991
14 50 0.999993
14 51 0.000001
14 52 0.999128
14 53 0.999978
14 54 0.999996
14 55 0.000066
14 56 0.999995
14 57 0.999999
14 58 0.000001
14 59 0.999690
14 60 0.000020
14 61 0.999997
14 62 0.000020
14 63 0.000012
14 64 0.000020
14 65 0.000007
14 66 0.999929
14 67 0.001479
14 68 0.999999
14 69 0.999994
14 70 0.002454
14 71 0.999994
14 72 0.999966
14 73 0.999987
14 74 0.000020
14 75 0.999996
14 76 0.999269
14 77 0.000026
14 78 0.999940
14 79 0.000001
14 80 0.001346
14 81 0.000020
14 82 0.999757
14 83 0.002120
14 84 0.998846
14 85 0.999728
14 86 0.000042
14 87 0.000020
14 88 0.999995
14 89 0.000546
14 90 0.997157
14 91 0.000026
14 92 0.999996
14 93 0.000026
14 94 0.999996
14 95 0.000033
14 96 0.999999
14 97 0.999997
14 98 0.000026
14 99 0.001149
15 0 0.999998
15 1 0.000049
15 2 0.001149
15 3 0.999996
15 4 0.001149
15 5 0.999998
15 6 0.000001
15 7 0.002449
15 8 0.000001
15 9 0.999995
15 10 0.999983
15 11 0.999999
15 12 0.000020
15 13 0.000158
15 14 0.000038
15 15 0.000000
15 16 0.999945
15 17 0.000020
15 18 0.999997
15 19 0.357574
15 20 0.000026
15 21 0.999996
15 22 0.999967
15 23 0.000033
15 24 0.000026
15 25 0.999997
15 26 0.999986
15 27 0.000026
15 28 0.002449
15 29 0.999995
15 30 0.999999
15 31 0.000020
15 32 0.000026
15 33 0.000027
15 34 0.000310
15 35 0.000026
15 36 0.999997
15 37 0.999997
15 38 0.993157
15 39 0.999997
15 40 0.999998
15 41 0.999997
15 42 0.999998
15 43 0.000405
15 44 0.000001
15 45 0.000020
15 46 0.999992
15 47 0.000033
15 48 0.000001
15 49 0.000053
15 50 0.999998
15 51 0.000066
15 52 0.000001
15 53 0.001572
15 54 0.000001
15 55 0.999996
15 56 0.001346
15 57 0.001346
15 58 0.999997
15 59 0.001572
15 60 0.000026
15 61 0.999987
15 62 0.000001
15 63 0.999974
15 64 0.999997
15 65 0.000066
15 66 0.484973
15 67 0.000001
15 68 0.999997
15 69 0.000026
15 70 0.999937
15 71 0.000001
15 72 0.999925
15 73 0.999996
15 74 0.000020
15 75 0.996029
15 76 0.998191
15 77 0.999998
15 78 0.962038
15 79 0.000006
15 80 0.997937
15 81 0.000004
15 82 0.001149
15 83 0.001165
15 84 0.000026
15 85 0.041495
15 86 0.000042
15 87 0.001572
15 88 0.999930
15 89 0.999859
15 90 0.999987
15 91 0.000020
15 92 0.999930
15 93 0.000034
15 94 0.999999
15 95 0.999999
15 96 0.999997
15 97 0.999997
15 98 0.999972
15 99 0.000033
16 0 0.999993
16 1 0.999999
16 2 0.000020
16 3 0.999997
16 4 0.999947
16 5 0.000026
16 6 0.999632
16 7 0.999988
16 8 0.999860
16 9 0.000228
16 10 0.001149
16 11 0.999944
16 12 0.999996
16 13 0.000001
16 14 0.000020
16 15 0.999945
16 16 0.000000
16 17 0.000020
16 18 0.999999
16 19 0.999992
16 20 0.999944
16 21 0.999996
16 22 0.999997
16 23 0.001616
16 24 0.000020
16 25 0.998909
16 26 0.999995
16 27 0.000020
16 28 0.999992
16 29 0.999991
16 30 0.999982
16 31 0.999998
16 32 0.999999
16 33 0.999995
16 34 0.998477
16 35 0.999986
16 36 0.999981
16 37 0.002821
16 38 0.999991
16 39 0.000001
16 40 0.999994
16 41 0.001149
16 42 0.000020
16 43 0.000026
16 44 0.000129
16 45 0.000033
16 46 0.001572
16 47 0.999995
16 48 0.999996
16 49 0.999996
16 50 0.000020
16 51 0.000026
16 52 0.000020
16 53 0.999998
16 54 0.999983
16 55 0.998380
16 56 0.999670
16 57 0.000001
16 58 0.999996
16 59 0.999969
16 60 0.000001
16 61 0.999995
16 62 0.000020
16 63 0.000543
16 64 0.999998
16 65 0.001829
16 66 0.000020
16 67 0.999999
16 68 0.999998
16 69 0.999997
16 70 0.999098
16 71 0.000020
16 72 0.000802
16 73 0.001346
16 74 0.999992
16 75 0.999997
16 76 0.000026
16 77 0.999999
16 78 0.999597
16 79 0.999999
16 80 0.000020
16 81 0.001149
16 82 0.999999
16 83 0.999455
16 84 0.001149
16 85 0.000083
16 86 0.000104
16 87 0.000026
16 88 0.001149
16 89 0.001149
16 90 0.000020
16 91 0.008697
16 92 0.000001
16 93 0.999997
16 94 0.999952
16 95 0.999937
16 96 0.000001
16 97 0.999994
16 98 0.996885
16 99 0.001149
17 0 0.017604
17 1 0.000001
17 2 0.999990
17 3 0.999997
17 4 0.000033
17 5 0.000001
17 6 0.999996
17 7 0.999999
17 8 0.999996
17 9 0.000001
17 10 0.000020
17 11 0.999988
17 12 0.000020
17 13 0.999873
17 14 0.000026
17 15 0.000020
17 16 0.000020
17 17 0.000000
17 18 0.000020
17 19 0.000020
17 20 0.999970
17 21 0.496737
17 22 0.001829
17 23 0.001346
17 24 0.000020
17 25 0.000020
17 26 0.999979
17 27 0.000492
17 28 0.999997
17 29 0.000026
17 30 0.000033
17 31 0.999979
17 32 0.000001
17 33 0.999997
17 34 0.001346
17 35 0.001476
17 36 0.000026
17 37 0.999988
17 38 0.999956
17 39 0.001149
17 40 0.000020
17 41 0.000002
17 42 0.999943
17 43 0.000020
17 44 0.002820
17 45 0.603920
17 46 0.999999
17 47 0.001346
17 48 0.999829
17 49 0.999999
17 50 0.999975
17 51 0.999948
17 52 0.999996
17 53 0.997937
17 54 0.999384
17 55 0.001572
17 56 0.999994
17 57 0.999997
17 58 0.999992
17 59 0.999407
17 60 0.999999
17 61 0.000020
17 62 0.999491
17 63 0.999999
17 64 0.999996
17 65 0.999999
17 66 0.999997
17 67 0.999991
17 68 0.001149
17 69 0.999997
17 70 0.999998
17 71 0.999974
17 72 0.999938
17 73 0.000097
17 74 0.999992
17 75 0.999080
17 76 0.000020
17 77 0.000026
17 78 0.000026
17 79 0.000089
17 80 0.007667
17 81 0.001149
17 82 0.999995
17 83 0.999994
17 84 0.999964
17 85 0.000020
17 86 0.000033
17 87 0.999998
17 88 0.996496
17 89 0.998770
17 90 0.999986
17 91 0.999999
17 92 0.999996
17 93 0.000001
17 94 0.999985
17 95 0.999992
17 96 0.999997
17 97 0.999998
17 98 0.969948
17 99 0.999998
18 0 0.999996
18 1 0.001149
18 2 0.999997
18 3 0.001346
18 4 0.999168
18 5 0.999998
18 6 0.000020
18 7 0.999999
18 8 0.999948
18 9 0.000020
18 10 0.999986
18 11 0.000020
18 12 0.999999
18 13 0.999998
18 14 0.991174
18 15 0.999997
18 16 0.999999
18 17 0.000020
18 18 0.000000
18 19 0.999997
18 20 0.999999
18 21 0.999999
18 22 0.999995
18 23 0.991823
18 24 0.000020
18 25 0.001346
18 26 0.999994
18 27 0.000030
18 28 0.000020
18 29 0.000001
18 30 0.999999
18 31 0.001572
18 32 0.999998
18 33 0.001346
18 34 0.999999
18 35 0.999994
18 36 0.000001
18 37 0.999989
18 38 0.000020
18 39 0.001149
18 40 0.000104
18 41 0.999935
18 42 0.000026
18 43 0.000001
18 44 0.000042
18 45 0.999947
18 46 0.999992
18 47 0.999996
18 48 0.999999
18 49 0.000020
18 50 0.999988
18 51 0.999999
18 52 0.999999
18 53 0.999999
18 54 0.999803
18 55 0.001149
18 56 0.000001
18 57 0.999980
18 58 0.000973
18 59 0.999998
18 60 0.001149
18 61 0.002449
18 62 0.000033
18 63 0.000020
18 64 0.999983
18 65 0.999995
18 66 0.999997
18 67 0.000020
18 68 0.999999
18 69 0.000001
18 70 0.999903
18 71 0.999999
18 72 0.999997
18 73 0.000019
18 74 0.000026
18 75 0.000096
18 76 0.999986
18 77 0.999987
18 78 0.000026
18 79 0.000020
18 80 0.999999
18 81 0.999995
18 82 0.999997
18 83 0.999989
18 84 0.999999
18 85 0.999999
18 86 0.999997
18 87 0.001149
18 88 0.000020
18 89 0.000042
18 90 0.999996
18 91 0.999998
18 92 0.999999
18 93 0.999998
18 94 0.999997
18 95 0.999996
18 96 0.999995
18 97 0.999992
18 98 0.999997
18 99 0.999998
19 0 0.000020
19 1 0.999998
19 2 0.000001
19 3 0.999999
19 4 0.000020
19 5 0.999917
19 6 0.999993
19 7 0.000020
19 8 0.000026
19 9 0.999998
19 10 0.999952
19 11 0.999989
19 12 0.999992
19 13 0.999953
19 14 0.999692
19 15 0.357574
19 16 0.999992
19 17 0.000020
19 18 0.999997
19 19 0.000000
19 20 0.001149
19 21 0.000061
19 22 0.025469
19 23 0.001829
19 24 0.000042
19 25 0.999933
19 26 0.999996
19 27 0.000020
19 28 0.001149
19 29 0.999997
19 30 0.000001
19 31 0.999825
19 32 0.999723
19 33 0.000001
19 34 0.999972
19 35 0.996151
19 36 0.999998
19 37 0.000654
19 38 0.999438
19 39 0.999999
19 40 0.961883
19 41 0.001149
19 42 0.000712
19 43 0.001149
19 44 0.999994
19 45 0.000020
19 46 0.000004
19 47 0.999995
19 48 0.001346
19 49 0.001346
19 50 0.999971
19 51 0.001149
19 52 0.000138
19 53 0.999954
19 54 0.999997
19 55 0.000001
19 56 0.000020
19 57 0.000020
19 58 0.999977
19 59 0.999947
19 60 0.000033
19 61 0.001495
19 62 0.999971
19 63 0.999302
19 64 0.999999
19 65 0.001149
19 66 0.001346
19 67 0.999727
19 68 0.003758
19 69 0.999999
19 70 0.999986
19 71 0.000189
19 72 0.999993
19 73 0.999990
19 74 0.999993
19 75 0.999997
19 76 0.000083
19 77 0.999997
19 78 0.000042
19 79 0.000042
19 80 0.999999
19 81 0.000020
19 82 0.999999
19 83 0.999997
19 84 0.999979
19 85 0.000001
19 86 0.999975
19 87 0.990948
19 88 0.999999
19 89 0.001149
19 90 0.001149
19 91 0.000026
19 92 0.000001
19 93 0.999998
19 94 0.999826
19 95 0.999999
19 96 0.000026
19 97 0.000020
19 98 0.999999
19 99 0.001346
20 0 0.999983
20 1 0.999996
20 2 0.999999
20 3 0.000001
20 4 0.999999
20 5 0.999353
20 6 0.001346
20 7 0.999991
20 8 0.002120
20 9 0.000020
20 10 0.000026
20 11 0.999996
20 12 0.999999
20 13 0.002120
20 14 0.993961
20 15 0.000026
20 16 0.999944
20 17 0.999970
20 18 0.999999
20 19 0.001149
20 20 0.000000
20 21 0.999997
20 22 0.000020
20 23 0.999998
20 24 0.000026
20 25 0.000026
20 26 0.000020
20 27 0.999995
20 28 0.999979
20 29 0.001149
20 30 0.999999
20 31 0.999821
20 32 0.999998
20 33 0.001149
20 34 0.999998
20 35 0.000020
20 36 0.999998
20 37 0.999992
20 38 0.999988
20 39 0.001149
20 40 0.000026
20 41 0.000026
20 42 0.999982
20 43 0.001079
20 44 0.999999
20 45 0.000020
20 46 0.000020
20 47 0.999997
20 48 0.000020
20 49 0.999998
20 50 0.001572
20 51 0.999998
20 52 0.999917
20 53 0.999989
20 54 0.999997
20 55 0.999998
20 56 0.018671
20 57 0.999999
20 58 0.999998
20 59 0.999990
20 60 0.001149
20 61 0.001149
20 62 0.000020
20 63 0.999973
20 64 0.999977
20 65 0.999495
20 66 0.000499
20 67 0.999996
20 68 0.999967
20 69 0.999999
20 70 0.999997
20 71 0.999578
20 72 0.001346
20 73 0.999961
20 74 0.000020
20 75 0.999947
20 76 0.999999
20 77 0.999999
20 78 0.001346
20 79 0.000001
20 80 0.000020
20 81 0.001223
20 82 0.000546
20 83 0.999998
20 84 0.999920
20 85 0.999999
20 86 0.999986
20 87 0.000001
20 88 0.000020
20 89 0.999979
20 90 0.999936
20 91 0.000020
20 92 0.999504
20 93 0.000020
20 94 0.999998
20 95 0.999995
20 96 0.999999
20 97 0.000033
20 98 0.999979
20 99 0.002846
21 0 0.000052
21 1 0.002449
21 2 0.000026
21 3 0.992011
21 4 0.999951
21 5 0.001149
21 6 0.000020
21 7 0.996641
21 8 0.000020
21 9 0.999997
21 10 0.001149
21 11 0.000042
21 12 0.023341
21 13 0.001346
21 14 0.000026
21 15 0.999996
21 16 0.999996
21 17 0.496737
21 18 0.999999
21 19 0.000061
21 20 0.999997
21 21 0.000000
21 22 0.001346
21 23 0.999925
21 24 0.999997
21 25 0.999988
21 26 0.999767
21 27 0.999991
21 28 0.999989
21 29 0.999995
21 30 0.999999
21 31 0.999993
21 32 0.999632
21 33 0.000001
21 34 0.999825
21 35 0.001149
21 36 0.998827
21 37 0.000026
21 38 0.999997
21 39 0.999997
21 40 0.999980
21 41 0.000001
21 42 0.999998
21 43 0.999999
21 44 0.000053
21 45 0.013908
21 46 0.000033
21 47 0.999953
21 48 0.000020
21 49 0.999891
21 50 0.000026
21 51 0.000020
21 52 0.000020
21 53 0.999993
21 54 0.999995
21 55 0.999995
21 56 0.999996
21 57 0.999991
21 58 0.999998
21 59 0.001149
21 60 0.999974
21 61 0.999991
21 62 0.000026
21 63 0.999996
21 64 0.000001
21 65 0.999996
21 66 0.000020
21 67 0.999998
21 68 0.000001
21 69 0.999999
21 70 0.999948
21 71 0.000026
21 72 0.999998
21 73 0.001346
21 74 0.999992
21 75 0.999999
21 76 0.999968
21 77 0.000020
21 78 0.999935
21 79 0.000020
21 80 0.000020
21 81 0.000026
21 82 0.999993
21 83 0.999987
21 84 0.999995
21 85 0.999995
21 86 0.999992
21 87 0.000020
21 88 0.000020
21 89 0.001572
21 90 0.999997
21 91 0.999735
21 92 0.999808
21 93 0.999988
21 94 0.999998
21 95 0.999999
21 96 0.000001
21 97 0.000053
21 98 0.001572
21 99 0.000342
22 0 0.999999
22 1 0.999996
22 2 0.999967
22 3 0.000033
22 4 0.001149
22 5 0.999997
22 6 0.999932
22 7 0.001346
22 8 0.999999
22 9 0.999992
22 10 0.999996
22 11 0.999998
22 12 0.000033
22 13 0.001346
22 14 0.999933
22 15 0.999967
22 16 0.999997
22 17 0.001829
22 18 0.999995
22 19 0.025469
22 20 0.000020
22 21 0.001346
22 22 0.000000
22 23 0.000020
22 24 0.999978
22 25 0.999996
22 26 0.000020
22 27 0.999999
22 28 0.000020
22 29 0.996488
22 30 0.000181
22 31 0.999999
22 32 0.000042
22 33 0.000026
22 34 0.999998
22 35 0.000020
22 36 0.001829
22 37 0.999999
22 38 0.999994
22 39 0.999454
22 40 0.000117
22 41 0.001829
22 42 0.999968
22 43 0.999998
22 44 0.000001
22 45 0.999999
22 46 0.000020
22 47 0.999974
22 48 0.998739
22 49 0.999995
22 50 0.002451
22 51 0.999999
22 52 0.999866
22 53 0.999995
22 54 0.999923
22 55 0.999993
22 56 0.999480
22 57 0.000033
22 58 0.000001
22 59 0.173855
22 60 0.999999
22 61 0.999984
22 62 0.999999
22 63 0.000020
22 64 0.999821
22 65 0.825083
22 66 0.999980
22 67 0.000020
22 68 0.999998
22 69 0.000001
22 70 0.001346
22 71 0.999988
22 72 0.001346
22 73 0.999999
22 74 0.999997
22 75 0.000001
22 76 0.000042
22 77 0.000020
22 78 0.001149
22 79 0.000042
22 80 0.000042
22 81 0.999993
22 82 0.999992
22 83 0.999991
22 84 0.999880
22 85 0.999920
22 86 0.999998
22 87 0.999999
22 88 0.000020
22 89 0.999038
22 90 0.000026
22 91 0.999993
22 92 0.999947
22 93 0.000042
22 94 0.000020
22 95 0.001149
22 96 0.999995
22 97 0.999997
22 98 0.999995
22 99 0.999836
23 0 0.000020
23 1 0.002820
23 2 0.999999
23 3 0.000001
23 4 0.999990
23 5 0.001346
23 6 0.999986
23 7 0.999995
23 8 0.999998
23 9 0.999985
23 10 0.000020
23 11 0.802131
23 12 0.000033
23 13 0.001149
23 14 0.000026
23 15 0.000033
23 16 0.001616
23 17 0.001346
23 18 0.991823
23 19 0.001829
23 20 0.999998
23 21 0.999925
23 22 0.000020
23 23 0.000000
23 24 0.999980
23 25 0.000129
23 26 0.270300
23 27 0.000001
23 28 0.999928
23 29 0.999998
23 30 0.001149
23 31 0.000020
23 32 0.000020
23 33 0.998267
23 34 0.999979
23 35 0.063443
23 36 0.999990
23 37 0.000020
23 38 0.001346
23 39 0.000066
23 40 0.999976
23 41 0.999998
23 42 0.999999
23 43 0.000026
23 44 0.999977
23 45 0.999996
23 46 0.000020
23 47 0.999814
23 48 0.999942
23 49 0.000020
23 50 0.000033
23 51 0.000026
23 52 0.999997
23 53 0.999622
23 54 0.000042
23 55 0.999997
23 56 0.999957
23 57 0.001149
23 58 0.999998
23 59 0.000001
23 60 0.999930
23 61 0.000026
23 62 0.000020
23 63 0.000020
23 64 0.001829
23 65 0.001346
23 66 0.999994
23 67 0.000042
23 68 0.000032
23 69 0.000020
23 70 0.999958
23 71 0.001149
23 72 0.999997
23 73 0.000020
23 74 0.999986
23 75 0.999997
23 76 0.999960
23 77 0.999996
23 78 0.000020
23 79 0.000053
23 80 0.000020
23 81 0.999979
23 82 0.000012
23 83 0.000001
23 84 0.000020
23 85 0.000020
23 86 0.000012
23 87 0.999920
23 88 0.996850
23 89 0.999999
23 90 0.000083
23 91 0.001149
23 92 0.000020
23 93 0.999934
23 94 0.999981
23 95 0.000020
23 96 0.000186
23 97 0.992335
23 98 0.999998
23 99 0.999991
24 0 0.999999
24 1 0.997062
24 2 0.000020
24 3 0.000020
24 4 0.999980
24 5 0.014543
24 6 0.999982
24 7 0.999775
24 8 0.999899
24 9 0.999959
24 10 0.000298
24 11 0.999998
24 12 0.999980
24 13 0.999992
24 14 0.999837
24 15 0.000026
24 16 0.000020
24 17 0.000020
24 18 0.000020
24 19 0.000042
24 20 0.000026
24 21 0.999997
24 22 0.999978
24 23 0.999980
24 24 0.000000
24 25 0.999996
24 26 0.999998
24 27 0.999023
24 28 0.000020
24 29 0.999996
24 30 0.999947
24 31 0.000020
24 32 0.999997
24 33 0.999869
24 34 0.999968
24 35 0.999997
24 36 0.999999
24 37 0.999977
24 38 0.999998
24 39 0.999997
24 40 0.000020
24 41 0.999920
24 42 0.999996
24 43 0.999992
24 44 0.999998
24 45 0.999983
24 46 0.999999
24 47 0.999987
24 48 0.999996
24 49 0.000033
24 50 0.001149
24 51 0.000020
24 52 0.999991
24 53 0.993282
24 54 0.999978
24 55 0.000083
24 56 0.999999
24 57 0.999806
24 58 0.995527
24 59 0.001346
24 60 0.000020
24 61 0.000001
24 62 0.007507
24 63 0.999990
24 64 0.999967
24 65 0.001572
24 66 0.999998
24 67 0.999989
24 68 0.001149
24 69 0.999793
24 70 0.999998
24 71 0.002120
24 72 0.000001
24 73 0.000020
24 74 0.999920
24 75 0.999546
24 76 0.999972
24 77 0.999997
24 78 0.999999
24 79 0.999996
24 80 0.000066
24 81 0.000083
24 82 0.000020
24 83 0.999971
24 84 0.001149
24 85 0.999999
24 86 0.999998
24 87 0.999973
24 88 0.999992
24 89 0.999998
24 90 0.999997
24 91 0.999363
24 92 0.000034
24 93 0.000020
24 94 0.000097
24 95 0.000083
24 96 0.999995
24 97 0.001149
24 98 0.977853
24 99 0.999809
25 0 0.999997
25 1 0.001149
25 2 0.001829
25 3 0.999947
25 4 0.998157
25 5 0.999651
25 6 0.000002
25 7 0.001149
25 8 0.999996
25 9 0.406532
25 10 0.999996
25 11 0.000053
25 12 0.999972
25 13 0.001346
25 14 0.999967
25 15 0.999997
25 16 0.998909
25 17 0.000020
25 18 0.001346
25 19 0.999933
25 20 0.000026
25 21 0.999988
25 22 0.999996
25 23 0.000129
25 24 0.999996
25 25 0.000000
25 26 0.999996
25 27 0.999997
25 28 0.000033
25 29 0.000020
25 30 0.999999
25 31 0.000238
25 32 0.000020
25 33 0.999989
25 34 0.912185
25 35 0.000153
25 36 0.999706
25 37 0.999989
25 38 0.988022
25 39 0.999992
25 40 0.999999
25 41 0.000020
25 42 0.000026
25 43 0.999983
25 44 0.997330
25 45 0.999999
25 46 0.999989
25 47 0.999999
25 48 0.000020
25 49 0.998897
25 50 0.001346
25 51 0.000033
25 52 0.999994
25 53 0.017692
25 54 0.001149
25 55 0.999998
25 56 0.999989
25 57 0.000020
25 58 0.999825
25 59 0.000026
25 60 0.999998
25 61 0.000042
25 62 0.955129
25 63 0.000020
25 64 0.000020
25 65 0.000350
25 66 0.002022
25 67 0.999982
25 68 0.001149
25 69 0.999992
25 70 0.918326
25 71 0.999992
25 72 0.000033
25 73 0.999993
25 74 0.000229
25 75 0.000020
25 76 0.999916
25 77 0.001337
25 78 0.000001
25 79 0.892266
25 80 0.000020
25 81 0.000001
25 82 0.002119
25 83 0.000033
25 84 0.999990
25 85 0.000020
25 86 0.935391
25 87 0.999998
25 88 0.999998
25 89 0.000020
25 90 0.999995
25 91 0.999988
25 92 0.001341
25 93 0.001346
25 94 0.001829
25 95 0.999997
25 96 0.999891
25 97 0.999998
25 98 0.999999
25 99 0.001347
26 0 0.999925
26 1 0.001149
26 2 0.001258
26 3 0.999704
26 4 0.000001
26 5 0.999791
26 6 0.999994
26 7 0.999638
26 8 0.999968
26 9 0.001149
26 10 0.000020
26 11 0.001572
26 12 0.000001
26 13 0.999947
26 14 0.999998
26 15 0.999986
26 16 0.999995
26 17 0.999979
26 18 0.999994
26 19 0.999996
26 20 0.000020
26 21 0.999767
26 22 0.000020
26 23 0.270300
26 24 0.999998
26 25 0.999996
26 26 0.000000
26 27 0.001829
26 28 0.999961
26 29 0.001258
26 30 0.001149
26 31 0.000020
26 32 0.999987
26 33 0.000001
26 34 0.001149
26 35 0.999999
26 36 0.999995
26 37 0.000020
26 38 0.999996
26 39 0.999968
26 40 0.999998
26 41 0.000616
26 42 0.999992
26 43 0.004797
26 44 0.999989
26 45 0.000041
26 46 0.000033
26 47 0.999956
26 48 0.000001
26 49 0.999997
26 50 0.999993
26 51 0.000004
26 52 0.999702
26 53 0.999977
26 54 0.999987
26 55 0.992075
26 56 0.999995
26 57 0.999987
26 58 0.000006
26 59 0.999997
26 60 0.999990
26 61 0.001572
26 62 0.000341
26 63 0.999995
26 64 0.999957
26 65 0.999997
26 66 0.999999
26 67 0.001572
26 68 0.999996
26 69 0.999951
26 70 0.001346
26 71 0.000195
26 72 0.999999
26 73 0.000009
26 74 0.999979
26 75 0.000020
26 76 0.001346
26 77 0.000020
26 78 0.999932
26 79 0.001149
26 80 0.000033
26 81 0.001149
26 82 0.999992
26 83 0.001346
26 84 0.003647
26 85 0.999997
26 86 0.999996
26 87 0.000020
26 88 0.999996
26 89 0.530882
26 90 0.999996
26 91 0.999985
26 92 0.000020
26 93 0.999848
26 94 0.999992
26 95 0.999930
26 96 0.999999
26 97 0.999995
26 98 0.001254
26 99 0.999493
27 0 0.999947
27 1 0.999999
27 2 0.999984
27 3 0.000048
27 4 0.001816
27 5 0.999997
27 6 0.001346
27 7 0.999999
27 8 0.001815
27 9 0.001346
27 10 0.999997
27 11 0.999952
27 12 0.001149
27 13 0.999996
27 14 0.000020
27 15 0.000026
27 16 0.000020
27 17 0.000492
27 18 0.000030
27 19 0.000020
27 20 0.999995
27 21 0.999991
27 22 0.999999
27 23 0.000001
27 24 0.999023
27 25 0.999997
27 26 0.001829
27 27 0.000000
27 28 0.999998
27 29 0.000020
27 30 0.999999
27 31 0.999495
27 32 0.997629
27 33 0.979609
27 34 0.999997
27 35 0.999996
27 36 0.999999
27 37 0.000002
27 38 0.000001
27 39 0.001149
27 40 0.000001
27 41 0.001381
27 42 0.999998
27 43 0.397900
27 44 0.999997
27 45 0.000020
27 46 0.000271
27 47 0.999998
27 48 0.000026
27 49 0.999990
27 50 0.000033
27 51 0.001149
