0 0 0.000000
0 1 0.176777
0 2 0.066696
0 3 0.904056
0 4 0.000020
0 5 0.997540
0 6 0.989964
0 7 0.648420
0 8 0.001149
0 9 0.999748
0 10 0.066696
0 11 0.066696
0 12 0.999996
0 13 0.999994
0 14 0.013139
0 15 0.999355
0 16 0.071066
0 17 0.999960
0 18 0.989724
0 19 0.013139
0 20 0.999339
0 21 0.066696
0 22 0.904055
0 23 0.013139
0 24 0.999606
0 25 0.016059
0 26 0.999984
0 27 0.516316
0 28 0.989964
0 29 0.013139
0 30 0.998968
0 31 0.850960
0 32 0.999990
0 33 0.993716
0 34 0.998992
0 35 0.013139
0 36 0.013139
0 37 0.013139
0 38 0.999597
0 39 0.014543
0 40 0.999994
0 41 0.999975
0 42 0.999587
0 43 0.199116
0 44 0.013139
0 45 0.071066
0 46 0.998425
0 47 0.998462
0 48 0.364707
0 49 0.000020
0 50 0.767655
0 51 0.844319
0 52 0.014543
0 53 0.013139
0 54 0.014543
0 55 0.013139
0 56 0.001346
0 57 0.075605
0 58 0.999998
0 59 0.184104
0 60 0.989724
0 61 0.066696
0 62 0.071066
0 63 0.767655
0 64 0.989725
0 65 0.001149
0 66 0.995877
0 67 0.999899
0 68 0.999998
0 69 0.013139
0 70 0.999902
0 71 0.013139
0 72 0.176777
0 73 0.994006
0 74 0.066696
0 75 0.990199
0 76 0.013139
0 77 0.999984
0 78 0.066696
0 79 0.975099
0 80 0.984363
0 81 0.001149
0 82 0.016059
0 83 0.001149
0 84 0.993565
0 85 0.214575
0 86 0.013139
0 87 0.999938
0 88 0.066696
0 89 0.199118
0 90 0.999839
0 91 0.066696
0 92 0.998425
0 93 0.013139
0 94 0.999975
0 95 0.013139
0 96 0.000020
0 97 0.974509
0 98 0.999835
0 99 0.999994
1 0 0.176777
1 1 0.000000
1 2 0.999587
1 3 0.075609
1 4 0.999941
1 5 0.998968
1 6 0.897355
1 7 0.960457
1 8 0.999974
1 9 0.013139
1 10 0.013139
1 11 0.999015
1 12 0.001346
1 13 0.999983
1 14 0.013139
1 15 0.997541
1 16 0.999370
1 17 0.000020
1 18 0.001149
1 19 0.066696
1 20 0.999355
1 21 0.674347
1 22 0.999384
1 23 0.767655
1 24 0.990427
1 25 0.013139
1 26 0.001149
1 27 0.075610
1 28 0.989724
1 29 0.772427
1 30 0.013139
1 31 0.016059
1 32 0.993411
1 33 0.013139
1 34 0.184104
1 35 0.999960
1 36 0.191553
1 37 0.013139
1 38 0.066696
1 39 0.176777
1 40 0.013139
1 41 0.998992
1 42 0.013139
1 43 0.338564
1 44 0.013139
1 45 0.013139
1 46 0.999904
1 47 0.014543
1 48 0.999842
1 49 0.901868
1 50 0.347268
1 51 0.999752
1 52 0.904054
1 53 0.066696
1 54 0.013139
1 55 0.013139
1 56 0.974509
1 57 0.071066
1 58 0.014543
1 59 0.014543
1 60 0.993411
1 61 0.777115
1 62 0.974509
1 63 0.013139
1 64 0.013139
1 65 0.999992
1 66 0.999996
1 67 0.071066
1 68 0.001346
1 69 0.191553
1 70 0.001346
1 71 0.999998
1 72 0.013139
1 73 0.075610
1 74 0.999984
1 75 0.066696
1 76 0.998387
1 77 0.996160
1 78 0.347268
1 79 0.999839
1 80 0.989964
1 81 0.001149
1 82 0.989964
1 83 0.984727
1 84 0.066696
1 85 0.013139
1 86 0.013139
1 87 0.901868
1 88 0.998387
1 89 0.999993
1 90 0.013139
1 91 0.999984
1 92 0.934550
1 93 0.961365
1 94 0.999999
1 95 0.850963
1 96 0.975099
1 97 0.983991
1 98 0.014543
1 99 0.938903
2 0 0.066696
2 1 0.999587
2 2 0.000000
2 3 0.013139
2 4 0.184104
2 5 0.338564
2 6 0.013139
2 7 0.999997
2 8 0.994006
2 9 0.013139
2 10 0.997540
2 11 0.847674
2 12 0.013139
2 13 0.999847
2 14 0.191553
2 15 0.013139
2 16 0.013139
2 17 0.661564
2 18 0.999940
2 19 0.066696
2 20 0.338564
2 21 0.000026
2 22 0.508189
2 23 0.013139
2 24 0.013139
2 25 0.017693
2 26 0.959527
2 27 0.364707
2 28 0.999937
2 29 0.364707
2 30 0.066696
2 31 0.013139
2 32 0.999998
2 33 0.508189
2 34 0.013139
2 35 0.999754
2 36 0.066696
2 37 0.013139
2 38 0.013139
2 39 0.999999
2 40 0.999748
2 41 0.936034
2 42 0.999016
2 43 0.355984
2 44 0.999015
2 45 0.066696
2 46 0.999606
2 47 0.014543
2 48 0.508189
2 49 0.999975
2 50 0.013139
2 51 0.998498
2 52 0.016059
2 53 0.355984
2 54 0.762799
2 55 0.999940
2 56 0.075609
2 57 0.184104
2 58 0.013139
2 59 0.001346
2 60 0.080326
2 61 0.013139
2 62 0.999999
2 63 0.999990
2 64 0.013139
2 65 0.013139
2 66 0.999998
2 67 0.013139
2 68 0.999997
2 69 0.999984
2 70 0.013139
2 71 0.998992
2 72 0.066696
2 73 0.999597
2 74 0.013139
2 75 0.013139
2 76 0.013139
2 77 0.762799
2 78 0.013139
2 79 0.999999
2 80 0.960457
2 81 0.958576
2 82 0.993715
2 83 0.999016
2 84 0.990427
2 85 0.013139
2 86 0.071066
2 87 0.014543
2 88 0.338564
2 89 0.999754
2 90 0.338564
2 91 0.001346
2 92 0.184104
2 93 0.066696
2 94 0.191553
2 95 0.999940
2 96 0.013139
2 97 0.016059
2 98 0.999944
2 99 0.661565
3 0 0.904056
3 1 0.075609
3 2 0.013139
3 3 0.000000
3 4 0.767655
3 5 0.999994
3 6 0.014543
3 7 0.999960
3 8 0.999961
3 9 0.000020
3 10 0.001149
3 11 0.974509
3 12 0.013139
3 13 0.772427
3 14 0.013139
3 15 0.013139
3 16 0.999994
3 17 0.655037
3 18 0.013139
3 19 0.199117
3 20 0.090252
3 21 0.854188
3 22 0.013139
3 23 0.066696
3 24 0.013139
3 25 0.772427
3 26 0.013139
3 27 0.998425
3 28 0.013139
3 29 0.998498
3 30 0.860448
3 31 0.999999
3 32 0.013139
3 33 0.001149
3 34 0.071066
3 35 0.508189
3 36 0.999937
3 37 0.016059
3 38 0.993862
3 39 0.999998
3 40 0.999842
3 41 0.767655
3 42 0.184104
3 43 0.013139
3 44 0.013139
3 45 0.999962
3 46 0.013139
3 47 0.934550
3 48 0.937485
3 49 0.066696
3 50 0.001149
3 51 0.999899
3 52 0.013139
3 53 0.999937
3 54 0.655037
3 55 0.075609
3 56 0.014543
3 57 0.184104
3 58 0.999936
3 59 0.993716
3 60 0.066696
3 61 0.999997
3 62 0.532365
3 63 0.013139
3 64 0.959527
3 65 0.066696
3 66 0.999370
3 67 0.999984
3 68 0.999996
3 69 0.013139
3 70 0.999754
3 71 0.777117
3 72 0.540297
3 73 0.066696
3 74 0.999997
3 75 0.013139
3 76 0.516316
3 77 0.983610
3 78 0.001149
3 79 0.013139
3 80 0.999961
3 81 0.904055
3 82 0.999998
3 83 0.974509
3 84 0.984725
3 85 0.176777
3 86 0.999959
3 87 0.001149
3 88 0.655037
3 89 0.000020
3 90 0.668002
3 91 0.013139
3 92 0.013139
3 93 0.066696
3 94 0.000020
3 95 0.013139
3 96 0.013139
3 97 0.847674
3 98 0.014543
3 99 0.850963
4 0 0.000020
4 1 0.999941
4 2 0.184104
4 3 0.767655
4 4 0.000000
4 5 0.999994
4 6 0.998992
4 7 0.013139
4 8 0.999961
4 9 0.013139
4 10 0.999753
4 11 0.767655
4 12 0.347268
4 13 0.184104
4 14 0.989724
4 15 0.066696
4 16 0.999754
4 17 0.191553
4 18 0.993716
4 19 0.000020
4 20 0.999996
4 21 0.013139
4 22 0.001149
4 23 0.013139
4 24 0.075609
4 25 0.199117
4 26 0.014543
4 27 0.516316
4 28 0.071066
4 29 0.999999
4 30 0.014543
4 31 0.013139
4 32 0.071066
4 33 0.998992
4 34 0.993565
4 35 0.999937
4 36 0.001149
4 37 0.993566
4 38 0.999985
4 39 0.176777
4 40 0.176777
4 41 0.983610
4 42 0.999990
4 43 0.013139
4 44 0.995974
4 45 0.999748
4 46 0.999997
4 47 0.013139
4 48 0.001149
4 49 0.017692
4 50 0.013139
4 51 0.998968
4 52 0.000020
4 53 0.993716
4 54 0.973905
4 55 0.762799
4 56 0.897355
4 57 0.013139
4 58 0.997482
4 59 0.013139
4 60 0.013139
4 61 0.999899
4 62 0.066696
4 63 0.001149
4 64 0.999999
4 65 0.066696
4 66 0.013139
4 67 0.013139
4 68 0.013139
4 69 0.013139
4 70 0.013139
4 71 0.347268
4 72 0.013139
4 73 0.014543
4 74 0.938905
4 75 0.013139
4 76 0.014543
4 77 0.996160
4 78 0.999355
4 79 0.338564
4 80 0.176777
4 81 0.066696
4 82 0.999998
4 83 0.066696
4 84 0.016059
4 85 0.997540
4 86 0.983610
4 87 0.762799
4 88 0.000020
4 89 0.013139
4 90 0.013139
4 91 0.998425
4 92 0.999016
4 93 0.013139
4 94 0.001346
4 95 0.999998
4 96 0.999994
4 97 0.996067
4 98 0.364708
4 99 0.996067
5 0 0.997540
5 1 0.998968
5 2 0.338564
5 3 0.999994
5 4 0.999994
5 5 0.000000
5 6 0.993565
5 7 0.847674
5 8 0.772427
5 9 0.989966
5 10 0.013139
5 11 0.999984
5 12 0.850963
5 13 0.999902
5 14 0.013139
5 15 0.999838
5 16 0.013139
5 17 0.071066
5 18 0.985082
5 19 0.071066
5 20 0.999994
5 21 0.001149
5 22 0.999748
5 23 0.001346
5 24 0.001149
5 25 0.999997
5 26 0.999997
5 27 0.936034
5 28 0.901868
5 29 0.998462
5 30 0.013139
5 31 0.066696
5 32 0.999999
5 33 0.013139
5 34 0.013139
5 35 0.017692
5 36 0.066696
5 37 0.999370
5 38 0.999975
5 39 0.184104
5 40 0.899635
5 41 0.001149
5 42 0.000020
5 43 0.071066
5 44 0.013139
5 45 0.338564
5 46 0.014543
5 47 0.975099
5 48 0.013139
5 49 0.961366
5 50 0.937485
5 51 0.508189
5 52 0.000020
5 53 0.995973
5 54 0.934550
5 55 0.016059
5 56 0.000020
5 57 0.999960
5 58 0.999370
5 59 0.999999
5 60 0.001149
5 61 0.014543
5 62 0.772427
5 63 0.013139
5 64 0.013139
5 65 0.066696
5 66 0.013139
5 67 0.013139
5 68 0.184104
5 69 0.999998
5 70 0.937485
5 71 0.999975
5 72 0.355983
5 73 0.999355
5 74 0.998387
5 75 0.013139
5 76 0.995973
5 77 0.013139
5 78 0.999839
5 79 0.975099
5 80 0.999962
5 81 0.013139
5 82 0.013139
5 83 0.961365
5 84 0.997421
5 85 0.993565
5 86 0.983610
5 87 0.648420
5 88 0.975675
5 89 0.999355
5 90 0.014543
5 91 0.013139
5 92 0.998387
5 93 0.999597
5 94 0.989479
5 95 0.001149
5 96 0.373433
5 97 0.999754
5 98 0.013139
5 99 0.983990
6 0 0.989964
6 1 0.897355
6 2 0.013139
6 3 0.014543
6 4 0.998992
6 5 0.993565
6 6 0.000000
6 7 0.066696
6 8 0.014543
6 9 0.066696
6 10 0.995974
6 11 0.071066
6 12 0.999960
6 13 0.999975
6 14 0.999355
6 15 0.199118
6 16 0.989963
6 17 0.999355
6 18 0.000020
6 19 0.999960
6 20 0.013139
6 21 0.013139
6 22 0.999996
6 23 0.998992
6 24 0.071066
6 25 0.995974
6 26 0.066696
6 27 0.066696
6 28 0.999355
6 29 0.999995
6 30 0.998387
6 31 0.999996
6 32 0.001149
6 33 0.191553
6 34 0.066696
6 35 0.983991
6 36 0.013139
6 37 0.001149
6 38 0.013139
6 39 0.940287
6 40 0.999996
6 41 0.013139
6 42 0.997421
6 43 0.999597
6 44 0.999355
6 45 0.001149
6 46 0.013139
6 47 0.998387
6 48 0.016059
6 49 0.071066
6 50 0.993566
6 51 0.013139
6 52 0.850964
6 53 0.000020
6 54 0.075609
6 55 0.001149
6 56 0.937485
6 57 0.001149
6 58 0.013139
6 59 0.960456
6 60 0.995973
6 61 0.934550
6 62 0.999597
6 63 0.844319
6 64 0.013139
6 65 0.999990
6 66 0.993716
6 67 0.013139
6 68 0.984363
6 69 0.999990
6 70 0.983610
6 71 0.999742
6 72 0.999990
6 73 0.001149
6 74 0.999385
6 75 0.989724
6 76 0.999998
6 77 0.199118
6 78 0.013139
6 79 0.355983
6 80 0.999937
6 81 0.993862
6 82 0.999842
6 83 0.999997
6 84 0.001149
6 85 0.661564
6 86 0.013139
6 87 0.962254
6 88 0.013139
6 89 0.016059
6 90 0.999976
6 91 0.013139
6 92 0.975099
6 93 0.014543
6 94 0.997482
6 95 0.959528
6 96 0.999355
6 97 0.975099
6 98 0.001149
6 99 0.854189
7 0 0.648420
7 1 0.960457
7 2 0.999997
7 3 0.999960
7 4 0.013139
7 5 0.847674
7 6 0.066696
7 7 0.000000
7 8 0.075609
7 9 0.338564
7 10 0.013139
7 11 0.937485
7 12 0.066696
7 13 0.960456
7 14 0.013139
7 15 0.989725
7 16 0.999990
7 17 0.176777
7 18 0.999748
7 19 0.013139
7 20 0.999339
7 21 0.999984
7 22 0.184104
7 23 0.997540
7 24 0.999975
7 25 0.001149
7 26 0.983991
7 27 0.338564
7 28 0.001346
7 29 0.989724
7 30 0.999339
7 31 0.973905
7 32 0.014543
7 33 0.974509
7 34 0.347268
7 35 0.999999
7 36 0.989725
7 37 0.071066
7 38 0.999615
7 39 0.995877
7 40 0.013139
7 41 0.904053
7 42 0.999999
7 43 0.071066
7 44 0.999994
7 45 0.999998
7 46 0.066696
7 47 0.001346
7 48 0.999991
7 49 0.000020
7 50 0.013139
7 51 0.013139
7 52 0.995877
7 53 0.001149
7 54 0.999997
7 55 0.999998
7 56 0.013139
7 57 0.999995
7 58 0.999975
7 59 0.013139
7 60 0.999975
7 61 0.854190
7 62 0.013139
7 63 0.983610
7 64 0.999960
7 65 0.013139
7 66 0.071066
7 67 0.338564
7 68 0.844319
7 69 0.075609
7 70 0.999897
7 71 0.013139
7 72 0.999997
7 73 0.767655
7 74 0.508189
7 75 0.998992
7 76 0.999990
7 77 0.999842
7 78 0.347268
7 79 0.013139
7 80 0.961365
7 81 0.999996
7 82 0.999992
7 83 0.199118
7 84 0.998425
7 85 0.998992
7 86 0.995877
7 87 0.999997
7 88 0.013139
7 89 0.013139
7 90 0.997482
7 91 0.661565
7 92 0.013139
7 93 0.999940
7 94 0.001149
7 95 0.355984
7 96 0.071066
7 97 0.013139
7 98 0.999846
7 99 0.995973
8 0 0.001149
8 1 0.999974
8 2 0.994006
8 3 0.999961
8 4 0.999961
8 5 0.772427
8 6 0.014543
8 7 0.075609
8 8 0.000000
8 9 0.999999
8 10 0.000020
8 11 0.013139
8 12 0.013139
8 13 0.001346
8 14 0.999999
8 15 0.066696
8 16 0.999597
8 17 0.999940
8 18 0.013139
8 19 0.014543
8 20 0.904054
8 21 0.013139
8 22 0.999748
8 23 0.989724
8 24 0.999742
8 25 0.999839
8 26 0.999959
8 27 0.999937
8 28 0.013139
8 29 0.996068
8 30 0.999999
8 31 0.014543
8 32 0.999016
8 33 0.013139
8 34 0.850964
8 35 0.013139
8 36 0.013139
8 37 0.999897
8 38 0.001149
8 39 0.999999
8 40 0.999899
8 41 0.998425
8 42 0.999355
8 43 0.066696
8 44 0.013139
8 45 0.066696
8 46 0.973905
8 47 0.999839
8 48 0.999606
8 49 0.013139
8 50 0.184104
8 51 0.016059
8 52 0.013139
8 53 0.013139
8 54 0.013139
8 55 0.066696
8 56 0.000020
8 57 0.999996
8 58 0.999990
8 59 0.013139
8 60 0.989964
8 61 0.013139
8 62 0.013139
8 63 0.364709
8 64 0.000020
8 65 0.000020
8 66 0.999842
8 67 0.000020
8 68 0.999970
8 69 0.999370
8 70 0.998387
8 71 0.960456
8 72 0.066696
8 73 0.013139
8 74 0.999846
8 75 0.524377
8 76 0.014543
8 77 0.961365
8 78 0.013139
8 79 0.347268
8 80 0.998387
8 81 0.013139
8 82 0.767655
8 83 0.997541
8 84 0.000020
8 85 0.998349
8 86 0.013139
8 87 0.998462
8 88 0.355984
8 89 0.013139
8 90 0.936034
8 91 0.013139
8 92 0.995973
8 93 0.014543
8 94 0.999999
8 95 0.767655
8 96 0.993863
8 97 0.013139
8 98 0.191553
8 99 0.999754
9 0 0.999748
9 1 0.013139
9 2 0.013139
9 3 0.000020
9 4 0.013139
9 5 0.989966
9 6 0.066696
9 7 0.338564
9 8 0.999999
9 9 0.000000
9 10 0.001149
9 11 0.508189
9 12 0.974509
9 13 0.999937
9 14 0.767655
9 15 0.999996
9 16 0.904054
9 17 0.999742
9 18 0.013139
9 19 0.999998
9 20 0.000020
9 21 0.999979
9 22 0.901869
9 23 0.990202
9 24 0.993716
9 25 0.854197
9 26 0.013139
9 27 0.176777
9 28 0.071066
9 29 0.066696
9 30 0.998992
9 31 0.080328
9 32 0.999976
9 33 0.655037
9 34 0.013139
9 35 0.066696
9 36 0.999985
9 37 0.999994
9 38 0.999974
9 39 0.996068
9 40 0.176777
9 41 0.013139
9 42 0.999935
9 43 0.983991
9 44 0.066696
9 45 0.080327
9 46 0.999996
9 47 0.960456
9 48 0.999839
9 49 0.013139
9 50 0.013139
9 51 0.993411
9 52 0.996068
9 53 0.847674
9 54 0.013139
9 55 0.984363
9 56 0.013139
9 57 0.999899
9 58 0.075609
9 59 0.997421
9 60 0.999994
9 61 0.996068
9 62 0.993565
9 63 0.999994
9 64 0.995877
9 65 0.975098
9 66 0.999998
9 67 0.013139
9 68 0.191553
9 69 0.013139
9 70 0.999015
9 71 0.013139
9 72 0.993565
9 73 0.001149
9 74 0.767655
9 75 0.993254
9 76 0.998387
9 77 0.777116
9 78 0.998968
9 79 0.989479
9 80 0.000026
9 81 0.999984
9 82 0.013139
9 83 0.999996
9 84 0.989964
9 85 0.013139
9 86 0.013139
9 87 0.013139
9 88 0.013139
9 89 0.001346
9 90 0.001149
9 91 0.995973
9 92 0.013139
9 93 0.999965
9 94 0.936034
9 95 0.767655
9 96 0.995973
9 97 0.655037
9 98 0.013139
9 99 0.013139
10 0 0.066696
10 1 0.013139
10 2 0.997540
10 3 0.001149
10 4 0.999753
10 5 0.013139
10 6 0.995974
10 7 0.013139
10 8 0.000020
10 9 0.001149
10 10 0.000000
10 11 0.960456
10 12 0.176777
10 13 0.071066
10 14 0.071066
10 15 0.936034
10 16 0.066696
10 17 0.000020
10 18 0.989964
10 19 0.999975
10 20 0.184104
10 21 0.001149
10 22 0.999975
10 23 0.176777
10 24 0.762799
10 25 0.999999
10 26 0.013139
10 27 0.772428
10 28 0.191553
10 29 0.013139
10 30 0.000020
10 31 0.524377
10 32 0.999996
10 33 0.661564
10 34 0.781724
10 35 0.184104
10 36 0.655037
10 37 0.999990
10 38 0.999846
10 39 0.999940
10 40 0.014543
10 41 0.999899
10 42 0.995973
10 43 0.998992
10 44 0.013139
10 45 0.999974
10 46 0.999835
10 47 0.999998
10 48 0.013139
10 49 0.013139
10 50 0.014543
10 51 0.999990
10 52 0.014543
10 53 0.014543
10 54 0.013139
10 55 0.999996
10 56 0.013139
10 57 0.999982
10 58 0.999842
10 59 0.013139
10 60 0.532374
10 61 0.014543
10 62 0.767655
10 63 0.999385
10 64 0.934550
10 65 0.850963
10 66 0.997481
10 67 0.066696
10 68 0.999998
10 69 0.176777
10 70 0.999937
10 71 0.066696
10 72 0.937485
10 73 0.013139
10 74 0.996067
10 75 0.013139
10 76 0.999975
10 77 0.016059
10 78 0.001149
10 79 0.013139
10 80 0.013139
10 81 0.176777
10 82 0.013139
10 83 0.960457
10 84 0.013139
10 85 0.000020
10 86 0.013139
10 87 0.001346
10 88 0.013139
10 89 0.999901
10 90 0.066696
10 91 0.999935
10 92 0.999370
10 93 0.936034
10 94 0.997540
10 95 0.013139
10 96 0.999997
10 97 0.001149
10 98 0.013139
10 99 0.974509
11 0 0.066696
11 1 0.999015
11 2 0.847674
11 3 0.974509
11 4 0.767655
11 5 0.999984
11 6 0.071066
11 7 0.937485
11 8 0.013139
11 9 0.508189
11 10 0.960456
11 11 0.000000
11 12 0.013139
11 13 0.998943
11 14 0.191553
11 15 0.997359
11 16 0.904054
11 17 0.999978
11 18 0.000020
11 19 0.936034
11 20 0.013139
11 21 0.013139
11 22 0.999968
11 23 0.999984
11 24 0.996068
11 25 0.844319
11 26 0.075610
11 27 0.999999
11 28 0.013139
11 29 0.995877
11 30 0.516316
11 31 0.999354
11 32 0.999985
11 33 0.001346
11 34 0.999061
11 35 0.001149
11 36 0.013139
11 37 0.999984
11 38 0.999996
11 39 0.989724
11 40 0.999975
11 41 0.668005
11 42 0.999937
11 43 0.013139
11 44 0.999842
11 45 0.071066
11 46 0.013139
11 47 0.997421
11 48 0.013139
11 49 0.013139
11 50 0.999587
11 51 0.013139
11 52 0.014543
11 53 0.176777
11 54 0.013139
11 55 0.772427
11 56 0.516316
11 57 0.199117
11 58 0.655037
11 59 0.999748
11 60 0.767655
11 61 0.959527
11 62 0.176777
11 63 0.013139
11 64 0.937485
11 65 0.066696
11 66 0.989964
11 67 0.999975
11 68 0.066696
11 69 0.999975
11 70 0.772429
11 71 0.014543
11 72 0.999754
11 73 0.901868
11 74 0.847674
11 75 0.762799
11 76 0.854188
11 77 0.508189
11 78 0.974509
11 79 0.984727
11 80 0.001149
11 81 0.999999
11 82 0.071066
11 83 0.000020
11 84 0.176777
11 85 0.013139
11 86 0.655037
11 87 0.999992
11 88 0.998387
11 89 0.999990
11 90 0.989724
11 91 0.997482
11 92 0.901868
11 93 0.999996
11 94 0.199119
11 95 0.999999
11 96 0.937485
11 97 0.071066
11 98 0.973287
11 99 0.001149
12 0 0.999996
12 1 0.001346
12 2 0.013139
12 3 0.013139
12 4 0.347268
12 5 0.850963
12 6 0.999960
12 7 0.066696
12 8 0.013139
12 9 0.974509
12 10 0.176777
12 11 0.013139
12 12 0.000000
12 13 0.066696
12 14 0.999935
12 15 0.013139
12 16 0.999899
12 17 0.013139
12 18 0.997540
12 19 0.999975
12 20 0.999842
12 21 0.071066
12 22 0.016059
12 23 0.844319
12 24 0.999897
12 25 0.960457
12 26 0.001149
12 27 0.066696
12 28 0.996068
12 29 0.184104
12 30 0.013139
12 31 0.013139
12 32 0.001346
12 33 0.854189
12 34 0.013139
12 35 0.999385
12 36 0.071066
12 37 0.661564
12 38 0.013139
12 39 0.013139
12 40 0.066696
12 41 0.998387
12 42 0.999998
12 43 0.999984
12 44 0.013139
12 45 0.000020
12 46 0.013139
12 47 0.983610
12 48 0.999846
12 49 0.661565
12 50 0.066696
12 51 0.066696
12 52 0.001149
12 53 0.013139
12 54 0.013139
12 55 0.364707
12 56 0.661565
12 57 0.013139
12 58 0.013139
12 59 0.176777
12 60 0.013139
12 61 0.001149
12 62 0.999997
12 63 0.184104
12 64 0.013139
12 65 0.066696
12 66 0.066696
12 67 0.974509
12 68 0.961366
12 69 0.013139
12 70 0.066696
12 71 0.997421
12 72 0.013139
12 73 0.000020
12 74 0.999998
12 75 0.772427
12 76 0.014543
12 77 0.999039
12 78 0.001346
12 79 0.999975
12 80 0.999999
12 81 0.013139
12 82 0.176777
12 83 0.013139
12 84 0.999996
12 85 0.937485
12 86 0.014543
12 87 0.999962
12 88 0.984727
12 89 0.997540
12 90 0.959527
12 91 0.000020
12 92 0.000020
12 93 0.661564
12 94 0.999959
12 95 0.524378
12 96 0.960463
12 97 0.013139
12 98 0.999904
12 99 0.960457
13 0 0.999994
13 1 0.999983
13 2 0.999847
13 3 0.772427
13 4 0.184104
13 5 0.999902
13 6 0.999975
13 7 0.960456
13 8 0.001346
13 9 0.999937
13 10 0.071066
13 11 0.998943
13 12 0.066696
13 13 0.000000
13 14 0.184104
13 15 0.958576
13 16 0.847674
13 17 0.989724
13 18 0.995973
13 19 0.847674
13 20 0.995973
13 21 0.347268
13 22 0.013139
13 23 0.013139
13 24 0.999606
13 25 0.066696
13 26 0.999901
13 27 0.901869
13 28 0.999748
13 29 0.013139
13 30 0.999975
13 31 0.989479
13 32 0.013139
13 33 0.347268
13 34 0.973287
13 35 0.066696
13 36 0.066696
13 37 0.013139
13 38 0.999940
13 39 0.014543
13 40 0.176777
13 41 0.999996
13 42 0.999985
13 43 0.184104
13 44 0.013139
13 45 0.516316
13 46 0.897355
13 47 0.014543
13 48 0.355984
13 49 0.655037
13 50 0.999996
13 51 0.999742
13 52 0.999370
13 53 0.998992
13 54 0.997540
13 55 0.999984
13 56 0.014543
13 57 0.901869
13 58 0.999899
13 59 0.075610
13 60 0.999842
13 61 0.508189
13 62 0.993411
13 63 0.999999
13 64 0.184104
13 65 0.999998
13 66 0.999370
13 67 0.999996
13 68 0.013139
13 69 0.013139
13 70 0.995974
13 71 0.516316
13 72 0.013139
13 73 0.013139
13 74 0.013139
13 75 0.999996
13 76 0.013139
13 77 0.998425
13 78 0.999999
13 79 0.661565
13 80 0.897355
13 81 0.000020
13 82 0.995973
13 83 0.013139
13 84 0.066696
13 85 0.998349
13 86 0.983610
13 87 0.176777
13 88 0.014543
13 89 0.999899
13 90 0.999996
13 91 0.075609
13 92 0.013139
13 93 0.000020
13 94 0.013139
13 95 0.999961
13 96 0.066696
13 97 0.999938
13 98 0.997421
13 99 0.013139
14 0 0.013139
14 1 0.013139
14 2 0.191553
14 3 0.013139
14 4 0.989724
14 5 0.013139
14 6 0.999355
14 7 0.013139
14 8 0.999999
14 9 0.767655
14 10 0.071066
14 11 0.191553
14 12 0.999935
14 13 0.184104
14 14 0.000000
14 15 0.013139
14 16 0.000020
14 17 0.013139
14 18 0.999999
14 19 0.184104
14 20 0.066696
14 21 0.013139
14 22 0.999999
14 23 0.001149
14 24 0.999606
14 25 0.013139
14 26 0.999998
14 27 0.013139
14 28 0.781714
14 29 0.347268
14 30 0.999937
14 31 0.066696
14 32 0.961365
14 33 0.014543
14 34 0.999999
14 35 0.014543
14 36 0.014543
14 37 0.013139
14 38 0.999385
14 39 0.347268
14 40 0.364707
14 41 0.999999
14 42 0.999339
14 43 0.338564
14 44 0.013139
14 45 0.075610
14 46 0.999995
14 47 0.999998
14 48 0.998387
14 49 0.999997
14 50 0.999998
14 51 0.996241
14 52 0.013139
14 53 0.184104
14 54 0.999960
14 55 0.014543
14 56 0.937485
14 57 0.066696
14 58 0.013139
14 59 0.938905
14 60 0.013139
14 61 0.999990
14 62 0.013139
14 63 0.983991
14 64 0.013139
14 65 0.066696
14 66 0.013139
14 67 0.999846
14 68 0.937485
14 69 0.999748
14 70 0.013139
14 71 0.958576
14 72 0.999015
14 73 0.998387
14 74 0.013139
14 75 0.777115
14 76 0.998992
14 77 0.066696
14 78 0.013139
14 79 0.191553
14 80 0.648420
14 81 0.013139
14 82 0.996068
14 83 0.085216
14 84 0.990198
14 85 0.983991
14 86 0.016059
14 87 0.013139
14 88 0.997421
14 89 0.999990
14 90 0.999994
14 91 0.014543
14 92 0.013139
14 93 0.001149
14 94 0.999385
14 95 0.999991
14 96 0.999899
14 97 0.999754
14 98 0.014543
14 99 0.001149
15 0 0.999355
15 1 0.997541
15 2 0.013139
15 3 0.013139
15 4 0.066696
15 5 0.999838
15 6 0.199118
15 7 0.989725
15 8 0.066696
15 9 0.999996
15 10 0.936034
15 11 0.997359
15 12 0.013139
15 13 0.958576
15 14 0.013139
15 15 0.000000
15 16 0.999748
15 17 0.013139
15 18 0.013139
15 19 0.999935
15 20 0.013139
15 21 0.937485
15 22 0.013139
15 23 0.013139
15 24 0.014543
15 25 0.772427
15 26 0.997359
15 27 0.013139
15 28 0.066696
15 29 0.071066
15 30 0.999947
15 31 0.013139
15 32 0.762799
15 33 0.983610
15 34 0.999899
15 35 0.014543
15 36 0.998992
15 37 0.906191
15 38 0.989964
15 39 0.999998
15 40 0.984361
15 41 0.998387
15 42 0.996159
15 43 0.013139
15 44 0.999355
15 45 0.013139
15 46 0.901868
15 47 0.071066
15 48 0.355975
15 49 0.777117
15 50 0.999959
15 51 0.998349
15 52 0.013139
15 53 0.071066
15 54 0.191553
15 55 0.997482
15 56 0.014543
15 57 0.071066
15 58 0.999961
15 59 0.075610
15 60 0.184104
15 61 0.999997
15 62 0.014543
15 63 0.937485
15 64 0.184104
15 65 0.989964
15 66 0.996068
15 67 0.373431
15 68 0.998992
15 69 0.001149
15 70 0.999899
15 71 0.013139
15 72 0.999994
15 73 0.674345
15 74 0.013139
15 75 0.999597
15 76 0.998968
15 77 0.014543
15 78 0.655037
15 79 0.777115
15 80 0.999938
15 81 0.016059
15 82 0.066696
15 83 0.995778
15 84 0.014543
15 85 0.762799
15 86 0.014543
15 87 0.075608
15 88 0.975099
15 89 0.762799
15 90 0.655037
15 91 0.013139
15 92 0.999748
15 93 0.999587
15 94 0.997421
15 95 0.347268
15 96 0.999897
15 97 0.184104
15 98 0.995877
15 99 0.071066
16 0 0.071066
16 1 0.999370
16 2 0.013139
16 3 0.999994
16 4 0.999754
16 5 0.013139
16 6 0.989963
16 7 0.999990
16 8 0.999597
16 9 0.904054
16 10 0.066696
16 11 0.904054
16 12 0.999899
16 13 0.847674
16 14 0.000020
16 15 0.999748
16 16 0.000000
16 17 0.013139
16 18 0.999940
16 19 0.013139
16 20 0.013139
16 21 0.998992
16 22 0.999993
16 23 0.937485
16 24 0.013139
16 25 0.983994
16 26 0.993716
16 27 0.013139
16 28 0.850964
16 29 0.998425
16 30 0.999994
16 31 0.847674
16 32 0.994006
16 33 0.847674
16 34 0.993565
16 35 0.013139
16 36 0.850964
16 37 0.997482
16 38 0.989964
16 39 0.013139
16 40 0.999906
16 41 0.066696
16 42 0.013139
16 43 0.014543
16 44 0.013139
16 45 0.071066
16 46 0.001572
16 47 0.854187
16 48 0.999902
16 49 0.999355
16 50 0.000020
16 51 0.014543
16 52 0.013139
16 53 0.999935
16 54 0.999754
16 55 0.998349
16 56 0.013139
16 57 0.001149
16 58 0.999996
16 59 0.999983
16 60 0.014543
16 61 0.998943
16 62 0.013139
16 63 0.999597
16 64 0.013139
16 65 0.508189
16 66 0.013139
16 67 0.983610
16 68 0.983991
16 69 0.661564
16 70 0.071066
16 71 0.013139
16 72 0.999938
16 73 0.001346
16 74 0.999899
16 75 0.960456
16 76 0.000026
16 77 0.904053
16 78 0.999961
16 79 0.998992
16 80 0.013139
16 81 0.338564
16 82 0.999992
16 83 0.999999
16 84 0.001149
16 85 0.075610
16 86 0.532369
16 87 0.066696
16 88 0.001149
16 89 0.001149
16 90 0.013139
16 91 0.999748
16 92 0.347268
16 93 0.974509
16 94 0.999996
16 95 0.655037
16 96 0.999985
16 97 0.767655
16 98 0.762799
16 99 0.001149
17 0 0.999960
17 1 0.000020
17 2 0.661564
17 3 0.655037
17 4 0.191553
17 5 0.071066
17 6 0.999355
17 7 0.176777
17 8 0.999940
17 9 0.999742
17 10 0.000020
17 11 0.999978
17 12 0.013139
17 13 0.989724
17 14 0.013139
17 15 0.013139
17 16 0.013139
17 17 0.000000
17 18 0.013139
17 19 0.013139
17 20 0.998992
17 21 0.066696
17 22 0.016059
17 23 0.071066
17 24 0.013139
17 25 0.013139
17 26 0.993411
17 27 0.847674
17 28 0.999904
17 29 0.013139
17 30 0.016059
17 31 0.999901
17 32 0.999961
17 33 0.999999
17 34 0.001346
17 35 0.974509
17 36 0.014543
17 37 0.999990
17 38 0.017692
17 39 0.066696
17 40 0.013139
17 41 0.996068
17 42 0.347268
17 43 0.013139
17 44 0.998968
17 45 0.999924
17 46 0.013139
17 47 0.176777
17 48 0.066696
17 49 0.999940
17 50 0.999755
17 51 0.999960
17 52 0.347268
17 53 0.901868
17 54 0.071066
17 55 0.071066
17 56 0.001149
17 57 0.906194
17 58 0.184104
17 59 0.999370
17 60 0.997482
17 61 0.013139
17 62 0.999754
17 63 0.066696
17 64 0.071066
17 65 0.999959
17 66 0.999996
17 67 0.066696
17 68 0.013139
17 69 0.999998
17 70 0.938905
17 71 0.999998
17 72 0.013139
17 73 0.999846
17 74 0.998462
17 75 0.999999
17 76 0.013139
17 77 0.066696
17 78 0.013139
17 79 0.983991
17 80 0.989964
17 81 0.001149
17 82 0.996068
17 83 0.999990
17 84 0.989964
17 85 0.013139
17 86 0.016059
17 87 0.850959
17 88 0.999061
17 89 0.066696
17 90 0.016059
17 91 0.999996
17 92 0.013139
17 93 0.013139
17 94 0.998992
17 95 0.013139
17 96 0.993565
17 97 0.999996
17 98 0.998992
17 99 0.999994
18 0 0.989724
18 1 0.001149
18 2 0.999940
18 3 0.013139
18 4 0.993716
18 5 0.985082
18 6 0.000020
18 7 0.999748
18 8 0.013139
18 9 0.013139
18 10 0.989964
18 11 0.000020
18 12 0.997540
18 13 0.995973
18 14 0.999999
18 15 0.013139
18 16 0.999940
18 17 0.013139
18 18 0.000000
18 19 0.516316
18 20 0.999843
18 21 0.013139
18 22 0.668001
18 23 0.999999
18 24 0.013139
18 25 0.001346
18 26 0.976238
18 27 0.338564
18 28 0.013139
18 29 0.001346
18 30 0.014543
18 31 0.013139
18 32 0.975676
18 33 0.001346
18 34 0.974509
18 35 0.996068
18 36 0.013139
18 37 0.999597
18 38 0.013139
18 39 0.066696
18 40 0.899635
18 41 0.998387
18 42 0.013139
18 43 0.975675
18 44 0.199117
18 45 0.016059
18 46 0.999754
18 47 0.999984
18 48 0.998387
18 49 0.013139
18 50 0.938904
18 51 0.184104
18 52 0.176777
18 53 0.013139
18 54 0.938904
18 55 0.013139
18 56 0.001149
18 57 0.999961
18 58 0.999988
18 59 0.013139
18 60 0.066696
18 61 0.013139
18 62 0.655037
18 63 0.013139
18 64 0.655037
18 65 0.355984
18 66 0.997421
18 67 0.013139
18 68 0.993716
18 69 0.075609
18 70 0.904054
18 71 0.767655
18 72 0.997598
18 73 0.999742
18 74 0.013139
18 75 0.066696
18 76 0.013139
18 77 0.999998
18 78 0.066696
18 79 0.013139
18 80 0.997598
18 81 0.999994
18 82 0.206796
18 83 0.013139
18 84 0.997359
18 85 0.066696
18 86 0.524378
18 87 0.001149
18 88 0.013139
18 89 0.013139
18 90 0.001149
18 91 0.999975
18 92 0.999016
18 93 0.995973
18 94 0.899635
18 95 0.998992
18 96 0.999016
18 97 0.066696
18 98 0.993565
18 99 0.013139
19 0 0.013139
19 1 0.066696
19 2 0.066696
19 3 0.199117
19 4 0.000020
19 5 0.071066
19 6 0.999960
19 7 0.013139
19 8 0.014543
19 9 0.999998
19 10 0.999975
19 11 0.936034
19 12 0.999975
19 13 0.847674
19 14 0.184104
19 15 0.999935
19 16 0.013139
19 17 0.013139
19 18 0.516316
19 19 0.000000
19 20 0.066696
19 21 0.355984
19 22 0.999985
19 23 0.075610
19 24 0.959527
19 25 0.014543
19 26 0.998349
19 27 0.013139
19 28 0.001149
19 29 0.999839
19 30 0.001149
19 31 0.999975
19 32 0.999992
19 33 0.001149
19 34 0.999990
19 35 0.993411
19 36 0.959527
19 37 0.993863
19 38 0.850964
19 39 0.066696
19 40 0.999370
19 41 0.013139
19 42 0.995973
19 43 0.013139
19 44 0.772427
19 45 0.013139
19 46 0.999615
19 47 0.999759
19 48 0.071066
19 49 0.014543
19 50 0.999999
19 51 0.001149
19 52 0.983991
19 53 0.937485
19 54 0.998968
19 55 0.001149
19 56 0.000020
19 57 0.000020
19 58 0.999975
19 59 0.655037
19 60 0.184104
19 61 0.998387
19 62 0.999370
19 63 0.199118
19 64 0.013139
19 65 0.066696
19 66 0.071066
19 67 0.066696
19 68 0.999742
19 69 0.184104
19 70 0.999842
19 71 0.999999
19 72 0.999899
19 73 0.999998
19 74 0.999899
19 75 0.508189
19 76 0.983991
19 77 0.066696
19 78 0.014543
19 79 0.017692
19 80 0.999616
19 81 0.013139
19 82 0.999939
19 83 0.999998
19 84 0.998943
19 85 0.540297
19 86 0.013139
19 87 0.997359
19 88 0.999998
19 89 0.066696
19 90 0.001149
19 91 0.066696
19 92 0.206793
19 93 0.999897
19 94 0.066696
19 95 0.999385
19 96 0.013139
19 97 0.000020
19 98 0.016059
19 99 0.013139
20 0 0.999339
20 1 0.999355
20 2 0.338564
20 3 0.090252
20 4 0.999996
20 5 0.999994
20 6 0.013139
20 7 0.999339
20 8 0.904054
20 9 0.000020
20 10 0.184104
20 11 0.013139
20 12 0.999842
20 13 0.995973
20 14 0.066696
20 15 0.013139
20 16 0.013139
20 17 0.998992
20 18 0.999843
20 19 0.066696
20 20 0.000000
20 21 0.999962
20 22 0.013139
20 23 0.999994
20 24 0.066696
20 25 0.014543
20 26 0.013139
20 27 0.999606
20 28 0.999998
20 29 0.001149
20 30 0.999960
20 31 0.999902
20 32 0.013139
20 33 0.013139
20 34 0.999979
20 35 0.000020
20 36 0.013139
20 37 0.184104
20 38 0.998968
20 39 0.001149
20 40 0.014543
20 41 0.066696
20 42 0.999984
20 43 0.997482
20 44 0.999016
20 45 0.013139
20 46 0.013139
20 47 0.524377
20 48 0.013139
20 49 0.999754
20 50 0.897355
20 51 0.997421
20 52 0.013139
20 53 0.999999
20 54 0.999742
20 55 0.999998
20 56 0.961365
20 57 0.013139
20 58 0.013139
20 59 0.996068
20 60 0.013139
20 61 0.013139
20 62 0.013139
20 63 0.013139
20 64 0.762799
20 65 0.995974
20 66 0.993716
20 67 0.998462
20 68 0.998387
20 69 0.014543
20 70 0.989725
20 71 0.999587
20 72 0.013139
20 73 0.516316
20 74 0.013139
20 75 0.999990
20 76 0.071066
20 77 0.999968
20 78 0.001346
20 79 0.014543
20 80 0.013139
20 81 0.013139
20 82 0.999904
20 83 0.508189
20 84 0.999975
20 85 0.999899
20 86 0.013139
20 87 0.373438
20 88 0.013139
20 89 0.364707
20 90 0.999999
20 91 0.013139
20 92 0.999997
20 93 0.176777
20 94 0.762799
20 95 0.983991
20 96 0.772427
20 97 0.013139
20 98 0.850964
20 99 0.071066
21 0 0.066696
21 1 0.674347
21 2 0.000026
21 3 0.854188
21 4 0.013139
21 5 0.001149
21 6 0.013139
21 7 0.999984
21 8 0.013139
21 9 0.999979
21 10 0.001149
21 11 0.013139
21 12 0.071066
21 13 0.347268
21 14 0.013139
21 15 0.937485
21 16 0.998992
21 17 0.066696
21 18 0.013139
21 19 0.355984
21 20 0.999962
21 21 0.000000
21 22 0.071066
21 23 0.997482
21 24 0.899635
21 25 0.191553
21 26 0.013139
21 27 0.996066
21 28 0.655037
21 29 0.999742
21 30 0.999937
21 31 0.999939
21 32 0.993716
21 33 0.001149
21 34 0.995778
21 35 0.066696
21 36 0.999997
21 37 0.000026
21 38 0.999999
21 39 0.999935
21 40 0.973287
21 41 0.013139
21 42 0.990197
21 43 0.989479
21 44 0.080327
21 45 0.524378
21 46 0.191553
21 47 0.999976
21 48 0.013139
21 49 0.661564
21 50 0.014543
21 51 0.013139
21 52 0.000020
21 53 0.999962
21 54 0.999748
21 55 0.899635
21 56 0.999940
21 57 0.993716
21 58 0.999997
21 59 0.066696
21 60 0.994006
21 61 0.013139
21 62 0.184104
21 63 0.999998
21 64 0.001149
21 65 0.176777
21 66 0.013139
21 67 0.854174
21 68 0.013139
21 69 0.989964
21 70 0.989964
21 71 0.066696
21 72 0.014543
21 73 0.013139
21 74 0.901868
21 75 0.772426
21 76 0.938905
21 77 0.013139
21 78 0.999997
21 79 0.013139
21 80 0.013139
21 81 0.014543
21 82 0.983610
21 83 0.191553
21 84 0.993863
21 85 0.999998
21 86 0.013139
21 87 0.013139
21 88 0.013139
21 89 0.355985
21 90 0.999899
21 91 0.999996
21 92 0.961361
21 93 0.975099
21 94 0.762799
21 95 0.989725
21 96 0.508189
21 97 0.071066
21 98 0.066696
21 99 0.999354
22 0 0.904055
22 1 0.999384
22 2 0.508189
22 3 0.013139
22 4 0.001149
22 5 0.999748
22 6 0.999996
22 7 0.184104
22 8 0.999748
22 9 0.901869
22 10 0.999975
22 11 0.999968
22 12 0.016059
22 13 0.013139
22 14 0.999999
22 15 0.013139
22 16 0.999993
22 17 0.016059
22 18 0.668001
22 19 0.999985
22 20 0.013139
22 21 0.071066
22 22 0.000000
22 23 0.000020
22 24 0.014543
22 25 0.999960
22 26 0.013139
22 27 0.999742
22 28 0.013139
22 29 0.013139
22 30 0.066696
22 31 0.066696
22 32 0.071066
22 33 0.014543
22 34 0.998349
22 35 0.000020
22 36 0.199118
22 37 0.999991
22 38 0.975099
22 39 0.960456
22 40 0.999370
22 41 0.071066
22 42 0.996160
22 43 0.999937
22 44 0.001149
22 45 0.661565
22 46 0.013139
22 47 0.191553
22 48 0.013139
22 49 0.901868
22 50 0.854210
22 51 0.999960
22 52 0.516316
22 53 0.999998
22 54 0.901869
22 55 0.999754
22 56 0.767655
22 57 0.176777
22 58 0.013139
22 59 0.508189
22 60 0.996159
22 61 0.013139
22 62 0.075607
22 63 0.013139
22 64 0.999999
22 65 0.975099
22 66 0.508189
22 67 0.013139
22 68 0.938905
22 69 0.975099
22 70 0.001149
22 71 0.674367
22 72 0.071066
22 73 0.901868
22 74 0.959527
22 75 0.937485
22 76 0.347268
22 77 0.013139
22 78 0.066696
22 79 0.066696
22 80 0.075609
22 81 0.937485
22 82 0.338564
22 83 0.993411
22 84 0.993412
22 85 0.655037
22 86 0.993716
22 87 0.013139
22 88 0.000020
22 89 0.071066
22 90 0.014543
22 91 0.998425
22 92 0.998498
22 93 0.516316
22 94 0.013139
22 95 0.013139
22 96 0.001346
22 97 0.508189
22 98 0.984363
22 99 0.990426
23 0 0.013139
23 1 0.767655
23 2 0.013139
23 3 0.066696
23 4 0.013139
23 5 0.001346
23 6 0.998992
23 7 0.997540
23 8 0.989724
23 9 0.990202
23 10 0.176777
23 11 0.999984
23 12 0.844319
23 13 0.013139
23 14 0.001149
23 15 0.013139
23 16 0.937485
23 17 0.071066
23 18 0.999999
23 19 0.075610
23 20 0.999994
23 21 0.997482
23 22 0.000020
23 23 0.000000
23 24 0.998425
23 25 0.016059
23 26 0.998387
23 27 0.184104
23 28 0.013139
23 29 0.199115
23 30 0.001149
23 31 0.013139
23 32 0.013139
23 33 0.999754
23 34 0.013139
23 35 0.844319
23 36 0.999975
23 37 0.013139
23 38 0.071066
23 39 0.080325
23 40 0.999984
23 41 0.995974
23 42 0.936034
23 43 0.013139
23 44 0.668000
23 45 0.959527
23 46 0.013139
23 47 0.998425
23 48 0.997482
23 49 0.999997
23 50 0.001346
23 51 0.013139
23 52 0.999960
23 53 0.999904
23 54 0.191553
23 55 0.999839
23 56 0.989964
23 57 0.066696
23 58 0.999937
23 59 0.013139
23 60 0.013139
23 61 0.001149
23 62 0.000020
23 63 0.013139
23 64 0.191553
23 65 0.013139
23 66 0.999597
23 67 0.338564
23 68 0.532374
23 69 0.013139
23 70 0.847674
23 71 0.066696
23 72 0.999606
23 73 0.013139
23 74 0.958576
23 75 0.999996
23 76 0.936034
23 77 0.999998
23 78 0.013139
23 79 0.014543
23 80 0.013139
23 81 0.999975
23 82 0.999994
23 83 0.899635
23 84 0.000020
23 85 0.013139
23 86 0.993565
23 87 0.993565
23 88 0.999984
23 89 0.999999
23 90 0.984363
23 91 0.066696
23 92 0.000020
23 93 0.199118
23 94 0.999994
23 95 0.013139
23 96 0.989964
23 97 0.013139
23 98 0.999839
23 99 0.199117
24 0 0.999606
24 1 0.990427
24 2 0.013139
24 3 0.013139
24 4 0.075609
24 5 0.001149
24 6 0.071066
24 7 0.999975
24 8 0.999742
24 9 0.993716
24 10 0.762799
24 11 0.996068
24 12 0.999897
24 13 0.999606
24 14 0.999606
24 15 0.014543
24 16 0.013139
24 17 0.013139
24 18 0.013139
24 19 0.959527
24 20 0.066696
24 21 0.899635
24 22 0.014543
24 23 0.998425
24 24 0.000000
24 25 0.066696
24 26 0.999898
24 27 0.989964
24 28 0.013139
24 29 0.066696
24 30 0.844319
24 31 0.013139
24 32 0.999995
24 33 0.844319
24 34 0.999960
24 35 0.908288
24 36 0.999959
24 37 0.989964
24 38 0.999015
24 39 0.999587
24 40 0.013139
24 41 0.995877
24 42 0.013139
24 43 0.999961
24 44 0.071066
24 45 0.999039
24 46 0.999899
24 47 0.999748
24 48 0.013139
24 49 0.071066
24 50 0.001149
24 51 0.013139
24 52 0.844319
24 53 0.904053
24 54 0.993565
24 55 0.974509
24 56 0.999991
24 57 0.999999
24 58 0.014543
24 59 0.001346
24 60 0.013139
24 61 0.338564
24 62 0.999835
24 63 0.998387
24 64 0.999992
24 65 0.661564
24 66 0.013139
24 67 0.524379
24 68 0.066696
24 69 0.014543
24 70 0.999997
24 71 0.013139
24 72 0.001149
24 73 0.013139
24 74 0.995973
24 75 0.983610
24 76 0.001149
24 77 0.013139
24 78 0.674343
24 79 0.973905
24 80 0.001149
24 81 0.016059
24 82 0.013139
24 83 0.997482
24 84 0.066696
24 85 0.999996
24 86 0.524378
24 87 0.999961
24 88 0.013139
24 89 0.937485
24 90 0.999975
24 91 0.993411
24 92 0.997482
24 93 0.013139
24 94 0.993412
24 95 0.983610
24 96 0.854024
24 97 0.013139
24 98 0.999984
24 99 0.993715
25 0 0.016059
25 1 0.013139
25 2 0.017693
25 3 0.772427
25 4 0.199117
25 5 0.999997
25 6 0.995974
25 7 0.001149
25 8 0.999839
25 9 0.854197
25 10 0.999999
25 11 0.844319
25 12 0.960457
25 13 0.066696
25 14 0.013139
25 15 0.772427
25 16 0.983994
25 17 0.013139
25 18 0.001346
25 19 0.014543
25 20 0.014543
25 21 0.191553
25 22 0.999960
25 23 0.016059
25 24 0.066696
25 25 0.000000
25 26 0.938904
25 27 0.993411
25 28 0.071066
25 29 0.176777
25 30 0.998943
25 31 0.901868
25 32 0.013139
25 33 0.999998
25 34 0.999960
25 35 0.762799
25 36 0.998425
25 37 0.013139
25 38 0.016059
25 39 0.999960
25 40 0.999997
25 41 0.013139
25 42 0.013139
25 43 0.999998
25 44 0.999015
25 45 0.998425
25 46 0.999975
25 47 0.999748
25 48 0.013139
25 49 0.999897
25 50 0.013139
25 51 0.191553
25 52 0.993862
25 53 0.013139
25 54 0.066696
25 55 0.999015
25 56 0.999975
25 57 0.000020
25 58 0.999839
25 59 0.014543
25 60 0.014543
25 61 0.772428
25 62 0.013139
25 63 0.013139
25 64 0.013139
25 65 0.999413
25 66 0.013139
25 67 0.013139
25 68 0.013139
25 69 0.176777
25 70 0.844319
25 71 0.648420
25 72 0.000033
25 73 0.996068
25 74 0.847674
25 75 0.013139
25 76 0.904054
25 77 0.013139
25 78 0.661565
25 79 0.999606
25 80 0.013139
25 81 0.071066
25 82 0.904054
25 83 0.066696
25 84 0.999995
25 85 0.013139
25 86 0.960457
25 87 0.999996
25 88 0.847674
25 89 0.013139
25 90 0.995877
25 91 0.532370
25 92 0.999899
25 93 0.347268
25 94 0.075610
25 95 0.999997
25 96 0.999960
25 97 0.993565
25 98 0.999355
25 99 0.066696
26 0 0.999984
26 1 0.001149
26 2 0.959527
26 3 0.013139
26 4 0.014543
26 5 0.999997
26 6 0.066696
26 7 0.983991
26 8 0.999959
26 9 0.013139
26 10 0.013139
26 11 0.075610
26 12 0.001149
26 13 0.999901
26 14 0.999998
26 15 0.997359
26 16 0.993716
26 17 0.993411
26 18 0.976238
26 19 0.998349
26 20 0.013139
26 21 0.013139
26 22 0.013139
26 23 0.998387
26 24 0.999898
26 25 0.938904
26 26 0.000000
26 27 0.066696
26 28 0.999974
26 29 0.999994
26 30 0.001149
26 31 0.013139
26 32 0.999994
26 33 0.066696
26 34 0.001149
26 35 0.960456
26 36 0.999370
26 37 0.176777
26 38 0.364706
26 39 0.184104
26 40 0.999935
26 41 0.999994
26 42 0.998425
26 43 0.373428
26 44 0.999974
26 45 0.999960
26 46 0.016059
26 47 0.999994
26 48 0.176777
26 49 0.013139
26 50 0.999998
26 51 0.937485
26 52 0.013139
26 53 0.080326
26 54 0.999385
26 55 0.937485
26 56 0.999959
26 57 0.999999
26 58 0.001149
26 59 0.901868
26 60 0.999370
26 61 0.013139
26 62 0.998992
26 63 0.999938
26 64 0.013139
26 65 0.999998
26 66 0.999994
26 67 0.066696
26 68 0.184104
26 69 0.993411
26 70 0.014543
26 71 0.975099
26 72 0.999938
26 73 0.904053
26 74 0.999842
26 75 0.013139
26 76 0.338564
26 77 0.000020
26 78 0.990200
26 79 0.001149
26 80 0.016059
26 81 0.066696
26 82 0.990198
26 83 0.066696
26 84 0.999937
26 85 0.997421
26 86 0.176777
26 87 0.013139
26 88 0.767655
26 89 0.508189
26 90 0.999846
26 91 0.997421
26 92 0.000020
26 93 0.013139
26 94 0.999902
26 95 0.993565
26 96 0.999606
26 97 0.999997
26 98 0.995974
26 99 0.655037
27 0 0.516316
27 1 0.075610
27 2 0.364707
27 3 0.998425
27 4 0.516316
27 5 0.936034
27 6 0.066696
27 7 0.338564
27 8 0.999937
27 9 0.176777
27 10 0.772428
27 11 0.999999
27 12 0.066696
27 13 0.901869
27 14 0.013139
27 15 0.013139
27 16 0.013139
27 17 0.847674
27 18 0.338564
27 19 0.013139
27 20 0.999606
27 21 0.996066
27 22 0.999742
27 23 0.184104
27 24 0.989964
27 25 0.993411
27 26 0.066696
27 27 0.000000
27 28 0.847674
27 29 0.013139
27 30 0.999998
27 31 0.999994
27 32 0.999960
27 33 0.781724
27 34 0.998387
27 35 0.066696
27 36 0.999899
27 37 0.999999
27 38 0.516316
27 39 0.001149
27 40 0.191553
27 41 0.999996
27 42 0.999842
27 43 0.999937
27 44 0.013139
27 45 0.013139
27 46 0.999606
27 47 0.066696
27 48 0.066696
27 49 0.897355
27 50 0.016059
27 51 0.066696
