0 0 0.000000
0 1 0.655037
0 2 0.014543
0 3 0.940294
0 4 0.000020
0 5 0.985428
0 6 0.860447
0 7 0.998349
0 8 0.001149
0 9 0.985083
0 10 0.767655
0 11 0.066696
0 12 0.999995
0 13 0.999998
0 14 0.013139
0 15 0.999624
0 16 0.001346
0 17 0.999987
0 18 0.999990
0 19 0.000020
0 20 0.999370
0 21 0.999355
0 22 0.999850
0 23 0.013139
0 24 0.999853
0 25 0.075610
0 26 0.999999
0 27 0.906193
0 28 0.994006
0 29 0.013139
0 30 0.999985
0 31 0.994006
0 32 0.999943
0 33 0.999991
0 34 0.999624
0 35 0.013139
0 36 0.013139
0 37 0.013139
0 38 0.999985
0 39 0.014543
0 40 0.999981
0 41 0.999996
0 42 0.999999
0 43 0.199116
0 44 0.338564
0 45 0.071066
0 46 0.994005
0 47 0.999999
0 48 0.080327
0 49 0.000020
0 50 0.995973
0 51 0.937485
0 52 0.014543
0 53 0.013139
0 54 0.014543
0 55 0.013139
0 56 0.001346
0 57 0.001572
0 58 0.999997
0 59 0.014543
0 60 0.999999
0 61 0.071066
0 62 0.071066
0 63 0.989964
0 64 0.999938
0 65 0.001149
0 66 0.999015
0 67 0.999985
0 68 0.999932
0 69 0.013139
0 70 0.998557
0 71 0.000020
0 72 0.071066
0 73 0.999993
0 74 0.066696
0 75 0.985430
0 76 0.013139
0 77 0.999990
0 78 0.066696
0 79 0.999997
0 80 0.999083
0 81 0.001149
0 82 0.016059
0 83 0.001149
0 84 0.999904
0 85 0.999624
0 86 0.013139
0 87 0.999999
0 88 0.998387
0 89 0.017692
0 90 0.999997
0 91 0.001149
0 92 0.999906
0 93 0.013139
0 94 0.999999
0 95 0.013139
0 96 0.000020
0 97 0.984727
0 98 0.999991
0 99 0.786827
1 0 0.655037
1 1 0.000000
1 2 0.999842
1 3 0.001572
1 4 0.999991
1 5 0.984727
1 6 0.767655
1 7 0.996068
1 8 0.999997
1 9 0.013139
1 10 0.013139
1 11 0.999967
1 12 0.001346
1 13 0.999996
1 14 0.013139
1 15 0.999995
1 16 0.967366
1 17 0.000020
1 18 0.001149
1 19 0.066696
1 20 0.999998
1 21 0.090279
1 22 0.999642
1 23 0.199118
1 24 0.999857
1 25 0.013139
1 26 0.001149
1 27 0.999760
1 28 0.941651
1 29 0.080326
1 30 0.013139
1 31 0.016059
1 32 0.999016
1 33 0.013139
1 34 0.014543
1 35 0.999979
1 36 0.962253
1 37 0.013139
1 38 0.001149
1 39 0.338564
1 40 0.000020
1 41 0.999998
1 42 0.000020
1 43 0.001149
1 44 0.000020
1 45 0.013139
1 46 0.998569
1 47 0.014543
1 48 0.999962
1 49 0.999996
1 50 0.984363
1 51 0.999769
1 52 0.999061
1 53 0.066696
1 54 0.013139
1 55 0.013139
1 56 0.999996
1 57 0.071066
1 58 0.000026
1 59 0.014543
1 60 0.984725
1 61 0.999996
1 62 0.993862
1 63 0.013139
1 64 0.013139
1 65 0.999998
1 66 0.999997
1 67 0.071066
1 68 0.001346
1 69 0.668002
1 70 0.001346
1 71 0.999981
1 72 0.013139
1 73 0.001572
1 74 0.999998
1 75 0.066696
1 76 0.999063
1 77 0.100935
1 78 0.075609
1 79 0.999995
1 80 0.998498
1 81 0.001149
1 82 0.999615
1 83 0.999998
1 84 0.184104
1 85 0.013139
1 86 0.013139
1 87 0.532371
1 88 0.940293
1 89 0.999983
1 90 0.338564
1 91 0.999996
1 92 0.999961
1 93 0.999771
1 94 0.999999
1 95 0.680604
1 96 0.999906
1 97 0.940293
1 98 0.014543
1 99 0.994146
2 0 0.014543
2 1 0.999842
2 2 0.000000
2 3 0.013139
2 4 0.974509
2 5 0.066696
2 6 0.013139
2 7 0.999996
2 8 0.999776
2 9 0.013139
2 10 0.999998
2 11 0.017692
2 12 0.013139
2 13 0.999854
2 14 0.016059
2 15 0.013139
2 16 0.013139
2 17 0.996068
2 18 0.999990
2 19 0.516316
2 20 0.993411
2 21 0.000026
2 22 0.984727
2 23 0.013139
2 24 0.013139
2 25 0.017693
2 26 0.999998
2 27 0.085217
2 28 0.999999
2 29 0.984363
2 30 0.066696
2 31 0.013139
2 32 0.999997
2 33 0.937485
2 34 0.013139
2 35 0.999793
2 36 0.066696
2 37 0.013139
2 38 0.013139
2 39 0.999999
2 40 0.999985
2 41 0.999902
2 42 0.999994
2 43 0.001572
2 44 0.999850
2 45 0.066696
2 46 0.999633
2 47 0.014543
2 48 0.999597
2 49 0.999628
2 50 0.013139
2 51 0.999978
2 52 0.016059
2 53 0.017692
2 54 0.999835
2 55 0.999999
2 56 0.199118
2 57 0.001572
2 58 0.934550
2 59 0.001346
2 60 0.019446
2 61 0.013139
2 62 0.999947
2 63 0.999986
2 64 0.013139
2 65 0.013139
2 66 0.999995
2 67 0.013139
2 68 0.999990
2 69 0.999959
2 70 0.013139
2 71 0.999999
2 72 0.014543
2 73 0.999998
2 74 0.000020
2 75 0.013139
2 76 0.013139
2 77 0.772427
2 78 0.013139
2 79 0.999998
2 80 0.998498
2 81 0.999853
2 82 0.999998
2 83 0.999999
2 84 0.998568
2 85 0.013139
2 86 0.001346
2 87 0.014543
2 88 0.001149
2 89 0.990874
2 90 0.995973
2 91 0.001346
2 92 0.014543
2 93 0.066696
2 94 0.191553
2 95 0.999990
2 96 0.013139
2 97 0.016059
2 98 0.999712
2 99 0.999999
3 0 0.940294
3 1 0.001572
3 2 0.013139
3 3 0.000000
3 4 0.999754
3 5 0.999999
3 6 0.014543
3 7 0.999998
3 8 0.999979
3 9 0.000020
3 10 0.001149
3 11 0.085215
3 12 0.013139
3 13 0.019447
3 14 0.013139
3 15 0.013139
3 16 0.999999
3 17 0.847674
3 18 0.013139
3 19 0.940293
3 20 0.002447
3 21 0.990650
3 22 0.013139
3 23 0.001149
3 24 0.013139
3 25 0.996249
3 26 0.013139
3 27 0.999996
3 28 0.013139
3 29 0.999986
3 30 0.999633
3 31 0.999992
3 32 0.013139
3 33 0.001149
3 34 0.001346
3 35 0.772427
3 36 0.999999
3 37 0.016059
3 38 0.999911
3 39 0.999991
3 40 0.999633
3 41 0.017692
3 42 0.014543
3 43 0.013139
3 44 0.338564
3 45 0.999998
3 46 0.013139
3 47 0.998425
3 48 0.999850
3 49 0.516316
3 50 0.001149
3 51 0.999998
3 52 0.338564
3 53 0.999998
3 54 0.071066
3 55 0.001572
3 56 0.014543
3 57 0.014543
3 58 0.999904
3 59 0.999940
3 60 0.014543
3 61 0.999991
3 62 0.382146
3 63 0.000020
3 64 0.214575
3 65 0.066696
3 66 0.999994
3 67 0.999998
3 68 0.993981
3 69 0.000020
3 70 0.999998
3 71 0.999061
3 72 0.985082
3 73 0.014543
3 74 0.999999
3 75 0.013139
3 76 0.016059
3 77 0.996068
3 78 0.001149
3 79 0.013139
3 80 0.999992
3 81 0.002120
3 82 0.999994
3 83 0.999850
3 84 0.999963
3 85 0.013139
3 86 0.999937
3 87 0.001149
3 88 0.999616
3 89 0.000020
3 90 0.080327
3 91 0.013139
3 92 0.013139
3 93 0.001149
3 94 0.000020
3 95 0.013139
3 96 0.013139
3 97 0.355984
3 98 0.000026
3 99 0.786246
4 0 0.000020
4 1 0.999991
4 2 0.974509
4 3 0.999754
4 4 0.000000
4 5 0.999979
4 6 0.999988
4 7 0.762799
4 8 0.999994
4 9 0.013139
4 10 0.999964
4 11 0.938905
4 12 0.071066
4 13 0.184104
4 14 0.999980
4 15 0.001149
4 16 0.999859
4 17 0.016059
4 18 0.942980
4 19 0.000020
4 20 0.999904
4 21 0.013139
4 22 0.001149
4 23 0.013139
4 24 0.199118
4 25 0.214574
4 26 0.014543
4 27 0.017692
4 28 0.071066
4 29 0.999967
4 30 0.014543
4 31 0.013139
4 32 0.016059
4 33 0.999999
4 34 0.999999
4 35 0.999997
4 36 0.001149
4 37 0.990428
4 38 0.999995
4 39 0.013139
4 40 0.847674
4 41 0.999901
4 42 0.999996
4 43 0.013139
4 44 0.863485
4 45 0.999994
4 46 0.999997
4 47 0.066696
4 48 0.001149
4 49 0.017692
4 50 0.013139
4 51 0.999606
4 52 0.000020
4 53 0.999977
4 54 0.080326
4 55 0.184104
4 56 0.014543
4 57 0.013139
4 58 0.984727
4 59 0.013139
4 60 0.013139
4 61 0.999917
4 62 0.184104
4 63 0.001149
4 64 0.999998
4 65 0.767655
4 66 0.013139
4 67 0.013139
4 68 0.338564
4 69 0.013139
4 70 0.013139
4 71 0.998387
4 72 0.066696
4 73 0.014543
4 74 0.999962
4 75 0.338564
4 76 0.014543
4 77 0.999908
4 78 0.999624
4 79 0.655037
4 80 0.013139
4 81 0.014543
4 82 0.999999
4 83 0.001149
4 84 0.016059
4 85 0.910328
4 86 0.975675
4 87 0.999899
4 88 0.000020
4 89 0.013139
4 90 0.013139
4 91 0.999964
4 92 0.999996
4 93 0.013139
4 94 0.001346
4 95 0.999999
4 96 0.999998
4 97 0.999997
4 98 0.999385
4 99 0.999765
5 0 0.985428
5 1 0.984727
5 2 0.066696
5 3 0.999999
5 4 0.999979
5 5 0.000000
5 6 0.999756
5 7 0.999399
5 8 0.080327
5 9 0.999990
5 10 0.013139
5 11 0.999853
5 12 0.999849
5 13 0.999855
5 14 0.013139
5 15 0.999998
5 16 0.013139
5 17 0.001346
5 18 0.964800
5 19 0.071066
5 20 0.999998
5 21 0.001149
5 22 0.999981
5 23 0.001346
5 24 0.001149
5 25 0.999998
5 26 0.999970
5 27 0.996068
5 28 0.854189
5 29 0.999910
5 30 0.013139
5 31 0.066696
5 32 0.999993
5 33 0.013139
5 34 0.338564
5 35 0.017692
5 36 0.066696
5 37 0.999941
5 38 0.999997
5 39 0.184104
5 40 0.999937
5 41 0.001149
5 42 0.000020
5 43 0.001346
5 44 0.013139
5 45 0.999990
5 46 0.014543
5 47 0.999998
5 48 0.013139
5 49 0.996249
5 50 0.999385
5 51 0.655037
5 52 0.000020
5 53 0.085217
5 54 0.983991
5 55 0.016059
5 56 0.000020
5 57 0.999998
5 58 0.999994
5 59 0.999997
5 60 0.001149
5 61 0.071066
5 62 0.993863
5 63 0.013139
5 64 0.013139
5 65 0.014543
5 66 0.013139
5 67 0.013139
5 68 0.767655
5 69 0.999999
5 70 0.997540
5 71 0.999999
5 72 0.001572
5 73 0.984725
5 74 0.999962
5 75 0.013139
5 76 0.999990
5 77 0.013139
5 78 0.999990
5 79 0.996337
5 80 0.999986
5 81 0.013139
5 82 0.013139
5 83 0.999061
5 84 0.999999
5 85 0.854188
5 86 0.999994
5 87 0.016059
5 88 0.994006
5 89 0.999999
5 90 0.014543
5 91 0.013139
5 92 0.999997
5 93 0.962251
5 94 0.999742
5 95 0.001149
5 96 0.222459
5 97 0.999999
5 98 0.013139
5 99 0.999904
6 0 0.860447
6 1 0.767655
6 2 0.013139
6 3 0.014543
6 4 0.999988
6 5 0.999756
6 6 0.000000
6 7 0.184104
6 8 0.014543
6 9 0.001149
6 10 0.999399
6 11 0.071066
6 12 0.999996
6 13 0.999997
6 14 0.996336
6 15 0.857350
6 16 0.999976
6 17 0.999995
6 18 0.000020
6 19 0.976042
6 20 0.013139
6 21 0.000020
6 22 0.999985
6 23 0.999995
6 24 0.960457
6 25 0.999999
6 26 0.066696
6 27 0.347268
6 28 0.999997
6 29 0.999915
6 30 0.999940
6 31 0.999998
6 32 0.001149
6 33 0.532372
6 34 0.066696
6 35 0.999961
6 36 0.983991
6 37 0.001149
6 38 0.013139
6 39 0.944271
6 40 0.999999
6 41 0.013139
6 42 0.999985
6 43 0.999399
6 44 0.999938
6 45 0.001149
6 46 0.000020
6 47 0.999041
6 48 0.016059
6 49 0.071066
6 50 0.999385
6 51 0.013139
6 52 0.373431
6 53 0.000020
6 54 0.017692
6 55 0.001149
6 56 0.984727
6 57 0.001149
6 58 0.013139
6 59 0.680605
6 60 0.999904
6 61 0.999748
6 62 0.999850
6 63 0.983991
6 64 0.013139
6 65 0.999994
6 66 0.998498
6 67 0.013139
6 68 0.999998
6 69 0.999948
6 70 0.996249
6 71 0.999984
6 72 0.997663
6 73 0.001149
6 74 0.999413
6 75 0.999015
6 76 0.999995
6 77 0.017692
6 78 0.995877
6 79 0.938904
6 80 0.999994
6 81 0.998533
6 82 0.999942
6 83 0.999998
6 84 0.001149
6 85 0.857347
6 86 0.013139
6 87 0.999999
6 88 0.013139
6 89 0.016059
6 90 0.999992
6 91 0.013139
6 92 0.999624
6 93 0.014543
6 94 0.999994
6 95 0.999385
6 96 0.999996
6 97 0.999904
6 98 0.001149
6 99 0.999039
7 0 0.998349
7 1 0.996068
7 2 0.999996
7 3 0.999998
7 4 0.762799
7 5 0.999399
7 6 0.184104
7 7 0.000000
7 8 0.999615
7 9 0.066696
7 10 0.000020
7 11 0.984363
7 12 0.014543
7 13 0.962253
7 14 0.013139
7 15 0.961365
7 16 0.999997
7 17 0.648420
7 18 0.990427
7 19 0.013139
7 20 0.999998
7 21 0.999963
7 22 0.014543
7 23 0.863477
7 24 0.999990
7 25 0.001149
7 26 0.999623
7 27 0.993565
7 28 0.001346
7 29 0.906193
7 30 0.999606
7 31 0.999370
7 32 0.014543
7 33 0.993716
7 34 0.016059
7 35 0.999858
7 36 0.999961
7 37 0.901868
7 38 0.996423
7 39 0.999385
7 40 0.013139
7 41 0.906193
7 42 0.999998
7 43 0.071066
7 44 0.999995
7 45 0.999978
7 46 0.983610
7 47 0.001346
7 48 0.999966
7 49 0.000020
7 50 0.013139
7 51 0.013139
7 52 0.940293
7 53 0.001149
7 54 0.999997
7 55 0.999999
7 56 0.000020
7 57 0.999999
7 58 0.999997
7 59 0.013139
7 60 0.999996
7 61 0.985082
7 62 0.013139
7 63 0.857350
7 64 0.999939
7 65 0.013139
7 66 0.661564
7 67 0.508189
7 68 0.937485
7 69 0.075609
7 70 0.999995
7 71 0.013139
7 72 0.997985
7 73 0.999370
7 74 0.184104
7 75 0.999947
7 76 0.999034
7 77 0.914261
7 78 0.199118
7 79 0.013139
7 80 0.999633
7 81 0.999992
7 82 0.999998
7 83 0.017692
7 84 0.999999
7 85 0.985429
7 86 0.997481
7 87 0.999994
7 88 0.338564
7 89 0.013139
7 90 0.999941
7 91 0.772428
7 92 0.013139
7 93 0.999999
7 94 0.001149
7 95 0.001572
7 96 0.071066
7 97 0.000020
7 98 0.999642
7 99 0.999847
8 0 0.001149
8 1 0.999997
8 2 0.999776
8 3 0.999979
8 4 0.999994
8 5 0.080327
8 6 0.014543
8 7 0.999615
8 8 0.000000
8 9 0.999973
8 10 0.000020
8 11 0.013139
8 12 0.013139
8 13 0.001346
8 14 0.999967
8 15 0.066696
8 16 0.382126
8 17 0.999977
8 18 0.013139
8 19 0.014543
8 20 0.373431
8 21 0.013139
8 22 0.976794
8 23 0.999061
8 24 0.985080
8 25 0.999998
8 26 0.999996
8 27 0.999941
8 28 0.013139
8 29 0.994146
8 30 0.999673
8 31 0.014543
8 32 0.999996
8 33 0.013139
8 34 0.993716
8 35 0.013139
8 36 0.013139
8 37 0.999984
8 38 0.001149
8 39 0.999999
8 40 0.985484
8 41 0.863489
8 42 0.999850
8 43 0.001149
8 44 0.066696
8 45 0.001346
8 46 0.999975
8 47 0.999979
8 48 0.999765
8 49 0.013139
8 50 0.014543
8 51 0.016059
8 52 0.338564
8 53 0.000020
8 54 0.013139
8 55 0.066696
8 56 0.000020
8 57 0.999999
8 58 0.999953
8 59 0.013139
8 60 0.999999
8 61 0.013139
8 62 0.013139
8 63 0.019447
8 64 0.000020
8 65 0.000020
8 66 0.999906
8 67 0.000020
8 68 0.999947
8 69 0.999996
8 70 0.984727
8 71 0.999985
8 72 0.066696
8 73 0.013139
8 74 0.999640
8 75 0.017692
8 76 0.000026
8 77 0.790691
8 78 0.013139
8 79 0.516316
8 80 0.999963
8 81 0.013139
8 82 0.998462
8 83 0.999985
8 84 0.000020
8 85 0.999039
8 86 0.013139
8 87 0.999999
8 88 0.075609
8 89 0.013139
8 90 0.999994
8 91 0.000020
8 92 0.999083
8 93 0.000026
8 94 0.999979
8 95 0.355984
8 96 0.999943
8 97 0.934550
8 98 0.016059
8 99 0.999999
9 0 0.985083
9 1 0.013139
9 2 0.013139
9 3 0.000020
9 4 0.013139
9 5 0.999990
9 6 0.001149
9 7 0.066696
9 8 0.999973
9 9 0.000000
9 10 0.001149
9 11 0.997421
9 12 0.994146
9 13 0.999626
9 14 0.191553
9 15 0.999989
9 16 0.781723
9 17 0.908515
9 18 0.000020
9 19 0.999999
9 20 0.000020
9 21 0.999992
9 22 0.857350
9 23 0.999998
9 24 0.996337
9 25 0.941654
9 26 0.013139
9 27 0.066696
9 28 0.001346
9 29 0.066696
9 30 0.999992
9 31 0.080328
9 32 0.999998
9 33 0.364705
9 34 0.013139
9 35 0.184104
9 36 0.997741
9 37 0.999821
9 38 0.999996
9 39 0.985428
9 40 0.013139
9 41 0.013139
9 42 0.999996
9 43 0.990427
9 44 0.184104
9 45 0.080327
9 46 0.999992
9 47 0.999962
9 48 0.999991
9 49 0.013139
9 50 0.000020
9 51 0.993863
9 52 0.999998
9 53 0.999990
9 54 0.013139
9 55 0.996337
9 56 0.013139
9 57 0.999039
9 58 0.075609
9 59 0.999998
9 60 0.999952
9 61 0.999996
9 62 0.999938
9 63 0.999998
9 64 0.999962
9 65 0.999998
9 66 0.999999
9 67 0.013139
9 68 0.016059
9 69 0.013139
9 70 0.860445
9 71 0.013139
9 72 0.996068
9 73 0.001149
9 74 0.990198
9 75 0.999998
9 76 0.999998
9 77 0.090280
9 78 0.999998
9 79 0.999355
9 80 0.000026
9 81 0.999867
9 82 0.000020
9 83 0.999987
9 84 0.994146
9 85 0.013139
9 86 0.013139
9 87 0.013139
9 88 0.013139
9 89 0.001346
9 90 0.001149
9 91 0.997598
9 92 0.013139
9 93 0.999999
9 94 0.993716
9 95 0.999899
9 96 0.999976
9 97 0.001346
9 98 0.013139
9 99 0.013139
10 0 0.767655
10 1 0.013139
10 2 0.999998
10 3 0.001149
10 4 0.999964
10 5 0.013139
10 6 0.999399
10 7 0.000020
10 8 0.000020
10 9 0.001149
10 10 0.000000
10 11 0.019446
10 12 0.013139
10 13 0.071066
10 14 0.847674
10 15 0.999606
10 16 0.001149
10 17 0.000020
10 18 0.857350
10 19 0.999998
10 20 0.184104
10 21 0.001149
10 22 0.999998
10 23 0.013139
10 24 0.071066
10 25 0.999954
10 26 0.013139
10 27 0.938905
10 28 0.975099
10 29 0.013139
10 30 0.000020
10 31 0.999846
10 32 0.999999
10 33 0.999991
10 34 0.999857
10 35 0.014543
10 36 0.995974
10 37 0.999998
10 38 0.999941
10 39 0.999997
10 40 0.191553
10 41 0.999999
10 42 0.999998
10 43 0.999989
10 44 0.013139
10 45 0.999994
10 46 0.999016
10 47 0.999933
10 48 0.013139
10 49 0.013139
10 50 0.014543
10 51 0.999999
10 52 0.000026
10 53 0.014543
10 54 0.000020
10 55 0.999999
10 56 0.013139
10 57 0.999990
10 58 0.994146
10 59 0.000020
10 60 0.994146
10 61 0.014543
10 62 0.975675
10 63 0.999908
10 64 0.999754
10 65 0.999615
10 66 0.910332
10 67 0.066696
10 68 0.999999
10 69 0.013139
10 70 0.999996
10 71 0.516316
10 72 0.090279
10 73 0.000020
10 74 0.999771
10 75 0.013139
10 76 0.999998
10 77 0.016059
10 78 0.001149
10 79 0.013139
10 80 0.013139
10 81 0.999587
10 82 0.013139
10 83 0.999998
10 84 0.013139
10 85 0.000020
10 86 0.013139
10 87 0.001346
10 88 0.013139
10 89 0.999809
10 90 0.001149
10 91 0.999999
10 92 0.999060
10 93 0.904054
10 94 0.999633
10 95 0.013139
10 96 0.999999
10 97 0.001149
10 98 0.013139
10 99 0.993716
11 0 0.066696
11 1 0.999967
11 2 0.017692
11 3 0.085215
11 4 0.938905
11 5 0.999853
11 6 0.071066
11 7 0.984363
11 8 0.013139
11 9 0.997421
11 10 0.019446
11 11 0.000000
11 12 0.013139
11 13 0.999899
11 14 0.993716
11 15 0.999994
11 16 0.999615
11 17 0.999999
11 18 0.000020
11 19 0.999998
11 20 0.013139
11 21 0.013139
11 22 0.999999
11 23 0.999997
11 24 0.994146
11 25 0.191553
11 26 0.075610
11 27 0.999992
11 28 0.013139
11 29 0.984363
11 30 0.516316
11 31 0.906084
11 32 0.999998
11 33 0.001346
11 34 0.999105
11 35 0.001149
11 36 0.338564
11 37 0.999999
11 38 0.999994
11 39 0.214572
11 40 0.999991
11 41 0.019447
11 42 0.999940
11 43 0.958576
11 44 0.999994
11 45 0.071066
11 46 0.013139
11 47 0.999990
11 48 0.013139
11 49 0.013139
11 50 0.999975
11 51 0.000020
11 52 0.014543
11 53 0.998943
11 54 0.013139
11 55 0.940293
11 56 0.191553
11 57 0.996160
11 58 0.998425
11 59 0.999999
11 60 0.016059
11 61 0.999902
11 62 0.844319
11 63 0.508189
11 64 0.997540
11 65 0.066696
11 66 0.997598
11 67 0.999997
11 68 0.989724
11 69 0.999998
11 70 0.206797
11 71 0.014543
11 72 0.999994
11 73 0.961365
11 74 0.999754
11 75 0.661564
11 76 0.999999
11 77 0.983610
11 78 0.998425
11 79 0.999633
11 80 0.001149
11 81 0.999999
11 82 0.001346
11 83 0.000020
11 84 0.998349
11 85 0.013139
11 86 0.016059
11 87 0.999991
11 88 0.999940
11 89 0.999948
11 90 0.854184
11 91 0.985428
11 92 0.999385
11 93 0.999999
11 94 0.777117
11 95 0.999970
11 96 0.999615
11 97 0.191553
11 98 0.995974
11 99 0.001149
12 0 0.999995
12 1 0.001346
12 2 0.013139
12 3 0.013139
12 4 0.071066
12 5 0.999849
12 6 0.999996
12 7 0.014543
12 8 0.013139
12 9 0.994146
12 10 0.013139
12 11 0.013139
12 12 0.000000
12 13 0.001149
12 14 0.999030
12 15 0.013139
12 16 0.999978
12 17 0.000020
12 18 0.999942
12 19 0.999990
12 20 0.999972
12 21 0.071066
12 22 0.016059
12 23 0.016059
12 24 0.999996
12 25 0.674348
12 26 0.001149
12 27 0.066696
12 28 0.999991
12 29 0.184104
12 30 0.013139
12 31 0.013139
12 32 0.001346
12 33 0.548148
12 34 0.013139
12 35 0.866454
12 36 0.001346
12 37 0.001572
12 38 0.013139
12 39 0.013139
12 40 0.998387
12 41 0.999994
12 42 0.999868
12 43 0.999991
12 44 0.995877
12 45 0.000020
12 46 0.013139
12 47 0.994006
12 48 0.999999
12 49 0.080327
12 50 0.999975
12 51 0.066696
12 52 0.001149
12 53 0.013139
12 54 0.013139
12 55 0.206794
12 56 0.984363
12 57 0.000020
12 58 0.013139
12 59 0.960457
12 60 0.013139
12 61 0.001149
12 62 0.999981
12 63 0.014543
12 64 0.013139
12 65 0.001149
12 66 0.066696
12 67 0.990427
12 68 0.963971
12 69 0.013139
12 70 0.066696
12 71 0.999997
12 72 0.013139
12 73 0.000020
12 74 0.999999
12 75 0.382146
12 76 0.014543
12 77 0.999913
12 78 0.001346
12 79 0.999999
12 80 0.999910
12 81 0.013139
12 82 0.013139
12 83 0.013139
12 84 0.999992
12 85 0.999994
12 86 0.014543
12 87 0.999781
12 88 0.990868
12 89 0.999996
12 90 0.017692
12 91 0.000020
12 92 0.000020
12 93 0.999904
12 94 0.999999
12 95 0.999039
12 96 0.990428
12 97 0.013139
12 98 0.999998
12 99 0.999961
13 0 0.999998
13 1 0.999996
13 2 0.999854
13 3 0.019447
13 4 0.184104
13 5 0.999855
13 6 0.999997
13 7 0.962253
13 8 0.001346
13 9 0.999626
13 10 0.071066
13 11 0.999899
13 12 0.001149
13 13 0.000000
13 14 0.014543
13 15 0.999842
13 16 0.532372
13 17 0.999998
13 18 0.999998
13 19 0.999370
13 20 0.085217
13 21 0.071066
13 22 0.338564
13 23 0.013139
13 24 0.999963
13 25 0.066696
13 26 0.999977
13 27 0.199119
13 28 0.999999
13 29 0.013139
13 30 0.999964
13 31 0.984727
13 32 0.013139
13 33 0.983991
13 34 0.524377
13 35 0.184104
13 36 0.001149
13 37 0.013139
13 38 0.999943
13 39 0.767655
13 40 0.655037
13 41 0.999917
13 42 0.999994
13 43 0.999998
13 44 0.013139
13 45 0.191553
13 46 0.655037
13 47 0.014543
13 48 0.999370
13 49 0.071066
13 50 0.999962
13 51 0.999962
13 52 0.999954
13 53 0.999996
13 54 0.999910
13 55 0.999998
13 56 0.014543
13 57 0.940293
13 58 0.999994
13 59 0.999370
13 60 0.999998
13 61 0.850963
13 62 0.999748
13 63 0.999971
13 64 0.014543
13 65 0.999982
13 66 0.999998
13 67 0.999670
13 68 0.013139
13 69 0.013139
13 70 0.997598
13 71 0.772427
13 72 0.013139
13 73 0.013139
13 74 0.013139
13 75 0.999997
13 76 0.013139
13 77 0.990868
13 78 0.999997
13 79 0.999015
13 80 0.014543
13 81 0.000020
13 82 0.999994
13 83 0.013139
13 84 0.014543
13 85 0.999845
13 86 0.997482
13 87 0.013139
13 88 0.014543
13 89 0.999985
13 90 0.999989
13 91 0.001572
13 92 0.071066
13 93 0.000020
13 94 0.013139
13 95 0.999988
13 96 0.001149
13 97 0.999996
13 98 0.997598
13 99 0.013139
14 0 0.013139
14 1 0.013139
14 2 0.016059
14 3 0.013139
14 4 0.999980
14 5 0.013139
14 6 0.996336
14 7 0.013139
14 8 0.999967
14 9 0.191553
14 10 0.847674
14 11 0.993716
14 12 0.999030
14 13 0.014543
14 14 0.000000
14 15 0.013139
14 16 0.000020
14 17 0.013139
14 18 0.999999
14 19 0.014543
14 20 0.850963
14 21 0.013139
14 22 0.999999
14 23 0.001149
14 24 0.999999
14 25 0.013139
14 26 0.999999
14 27 0.000020
14 28 0.985429
14 29 0.071066
14 30 0.999985
14 31 0.001149
14 32 0.990650
14 33 0.014543
14 34 0.999677
14 35 0.661564
14 36 0.014543
14 37 0.000020
14 38 0.999633
14 39 0.071066
14 40 0.206794
14 41 0.999993
14 42 0.999999
14 43 0.999997
14 44 0.013139
14 45 0.075610
14 46 0.999821
14 47 0.999998
14 48 0.999985
14 49 0.999992
14 50 0.999996
14 51 0.914122
14 52 0.013139
14 53 0.014543
14 54 0.999936
14 55 0.014543
14 56 0.999977
14 57 0.066696
14 58 0.013139
14 59 0.863481
14 60 0.013139
14 61 0.999996
14 62 0.013139
14 63 0.999998
14 64 0.013139
14 65 0.066696
14 66 0.013139
14 67 0.999998
14 68 0.990427
14 69 0.999941
14 70 0.013139
14 71 0.999935
14 72 0.999399
14 73 0.999850
14 74 0.013139
14 75 0.997654
14 76 0.999998
14 77 0.001149
14 78 0.013139
14 79 0.191553
14 80 0.066696
14 81 0.000020
14 82 0.999940
14 83 0.002120
14 84 0.998533
14 85 0.999061
14 86 0.016059
14 87 0.013139
14 88 0.999985
14 89 0.999752
14 90 0.999998
14 91 0.014543
14 92 0.998968
14 93 0.001149
14 94 0.999941
14 95 0.999947
14 96 0.999996
14 97 0.999633
14 98 0.014543
14 99 0.001149
15 0 0.999624
15 1 0.999995
15 2 0.013139
15 3 0.013139
15 4 0.001149
15 5 0.999998
15 6 0.857350
15 7 0.961365
15 8 0.066696
15 9 0.999989
15 10 0.999606
15 11 0.999994
15 12 0.013139
15 13 0.999842
15 14 0.013139
15 15 0.000000
15 16 0.999996
15 17 0.013139
15 18 0.013139
15 19 0.999975
15 20 0.013139
15 21 0.996068
15 22 0.013139
15 23 0.013139
15 24 0.014543
15 25 0.017692
15 26 0.999975
15 27 0.013139
15 28 0.066696
15 29 0.661564
15 30 0.999999
15 31 0.013139
15 32 0.014543
15 33 0.999996
15 34 0.999977
15 35 0.014543
15 36 0.999055
15 37 0.996249
15 38 0.999413
15 39 0.999984
15 40 0.999399
15 41 0.999038
15 42 0.999771
15 43 0.013139
15 44 0.999998
15 45 0.013139
15 46 0.984363
15 47 0.001346
15 48 0.075605
15 49 0.019447
15 50 0.999990
15 51 0.995973
15 52 0.000020
15 53 0.071066
15 54 0.524377
15 55 0.999997
15 56 0.014543
15 57 0.071066
15 58 0.999995
15 59 0.001572
15 60 0.014543
15 61 0.999999
15 62 0.014543
15 63 0.999990
15 64 0.847674
15 65 0.002120
15 66 0.990651
15 67 0.085217
15 68 0.999940
15 69 0.001149
15 70 0.999999
15 71 0.338564
15 72 0.999995
15 73 0.999996
15 74 0.013139
15 75 0.999975
15 76 0.962257
15 77 0.014543
15 78 0.998992
15 79 0.857349
15 80 0.999991
15 81 0.016059
15 82 0.066696
15 83 0.999990
15 84 0.014543
15 85 0.937485
15 86 0.347268
15 87 0.075608
15 88 0.999940
15 89 0.508189
15 90 0.999370
15 91 0.013139
15 92 0.999990
15 93 0.908282
15 94 0.975676
15 95 0.901868
15 96 0.999997
15 97 0.191553
15 98 0.999990
15 99 0.071066
16 0 0.001346
16 1 0.967366
16 2 0.013139
16 3 0.999999
16 4 0.999859
16 5 0.013139
16 6 0.999976
16 7 0.999997
16 8 0.382126
16 9 0.781723
16 10 0.001149
16 11 0.999615
16 12 0.999978
16 13 0.532372
16 14 0.000020
16 15 0.999996
16 16 0.000000
16 17 0.013139
16 18 0.999999
16 19 0.013139
16 20 0.184104
16 21 0.999765
16 22 0.999814
16 23 0.996160
16 24 0.013139
16 25 0.990652
16 26 0.999413
16 27 0.013139
16 28 0.985082
16 29 0.999765
16 30 0.999999
16 31 0.960457
16 32 0.999440
16 33 0.999754
16 34 0.997598
16 35 0.013139
16 36 0.999998
16 37 0.390908
16 38 0.999997
16 39 0.001149
16 40 0.999998
16 41 0.001149
16 42 0.013139
16 43 0.014543
16 44 0.338564
16 45 0.191553
16 46 0.001572
16 47 0.996249
16 48 0.999999
16 49 0.999940
16 50 0.000020
16 51 0.014543
16 52 0.013139
16 53 0.999760
16 54 0.999413
16 55 0.999976
16 56 0.013139
16 57 0.001149
16 58 0.999990
16 59 0.999966
16 60 0.014543
16 61 0.999754
16 62 0.013139
16 63 0.999995
16 64 0.013139
16 65 0.199118
16 66 0.013139
16 67 0.999754
16 68 0.999962
16 69 0.075609
16 70 0.532372
16 71 0.013139
16 72 0.999997
16 73 0.001346
16 74 0.999994
16 75 0.999904
16 76 0.000026
16 77 0.999997
16 78 0.942991
16 79 0.999997
16 80 0.013139
16 81 0.001149
16 82 0.999999
16 83 0.999996
16 84 0.001149
16 85 0.990198
16 86 0.540293
16 87 0.014543
16 88 0.001149
16 89 0.001149
16 90 0.013139
16 91 0.999061
16 92 0.524377
16 93 0.996160
16 94 0.999993
16 95 0.959527
16 96 0.998541
16 97 0.857351
16 98 0.014543
16 99 0.001149
17 0 0.999987
17 1 0.000020
17 2 0.996068
17 3 0.847674
17 4 0.016059
17 5 0.001346
17 6 0.999995
17 7 0.648420
17 8 0.999977
17 9 0.908515
17 10 0.000020
17 11 0.999999
17 12 0.000020
17 13 0.999998
17 14 0.013139
17 15 0.013139
17 16 0.013139
17 17 0.000000
17 18 0.013139
17 19 0.013139
17 20 0.999904
17 21 0.993411
17 22 0.016059
17 23 0.001346
17 24 0.013139
17 25 0.013139
17 26 0.999976
17 27 0.364707
17 28 0.999998
17 29 0.013139
17 30 0.016059
17 31 0.999992
17 32 0.999995
17 33 0.999667
17 34 0.001346
17 35 0.999999
17 36 0.014543
17 37 0.999989
17 38 0.017692
17 39 0.001149
17 40 0.013139
17 41 0.863483
17 42 0.983991
17 43 0.013139
17 44 0.095516
17 45 0.999979
17 46 0.013139
17 47 0.066696
17 48 0.066696
17 49 0.999856
17 50 0.557015
17 51 0.998462
17 52 0.999606
17 53 0.999999
17 54 0.661564
17 55 0.516316
17 56 0.001149
17 57 0.963122
17 58 0.355984
17 59 0.998498
17 60 0.999999
17 61 0.013139
17 62 0.999998
17 63 0.066696
17 64 0.355984
17 65 0.999998
17 66 0.999998
17 67 0.999597
17 68 0.013139
17 69 0.999971
17 70 0.999850
17 71 0.999995
17 72 0.013139
17 73 0.999985
17 74 0.999907
17 75 0.999997
17 76 0.013139
17 77 0.066696
17 78 0.001149
17 79 0.996337
17 80 0.976789
17 81 0.001149
17 82 0.999061
17 83 0.998492
17 84 0.999998
17 85 0.000020
17 86 0.016059
17 87 0.940291
17 88 0.999944
17 89 0.066696
17 90 0.016059
17 91 0.999999
17 92 0.013139
17 93 0.013139
17 94 0.999615
17 95 0.013139
17 96 0.985082
17 97 0.999999
17 98 0.999850
17 99 0.999997
18 0 0.999990
18 1 0.001149
18 2 0.999990
18 3 0.013139
18 4 0.942980
18 5 0.964800
18 6 0.000020
18 7 0.990427
18 8 0.013139
18 9 0.000020
18 10 0.857350
18 11 0.000020
18 12 0.999942
18 13 0.999998
18 14 0.999999
18 15 0.013139
18 16 0.999999
18 17 0.013139
18 18 0.000000
18 19 0.075609
18 20 0.999996
18 21 0.013139
18 22 0.999765
18 23 0.998692
18 24 0.013139
18 25 0.001346
18 26 0.999781
18 27 0.995877
18 28 0.013139
18 29 0.001346
18 30 0.014543
18 31 0.013139
18 32 0.997709
18 33 0.001346
18 34 0.993862
18 35 0.863486
18 36 0.013139
18 37 0.999052
18 38 0.013139
18 39 0.001149
18 40 0.999606
18 41 0.999996
18 42 0.013139
18 43 0.999908
18 44 0.000042
18 45 0.199118
18 46 0.999999
18 47 0.999767
18 48 0.999996
18 49 0.013139
18 50 0.999399
18 51 0.999839
18 52 0.993411
18 53 0.013139
18 54 0.999061
18 55 0.013139
18 56 0.001149
18 57 0.999998
18 58 0.999952
18 59 0.013139
18 60 0.066696
18 61 0.013139
18 62 0.016059
18 63 0.000020
18 64 0.999984
18 65 0.017692
18 66 0.998462
18 67 0.013139
18 68 0.999624
18 69 0.080326
18 70 0.999999
18 71 0.997540
18 72 0.999986
18 73 0.999998
18 74 0.013139
18 75 0.508189
18 76 0.013139
18 77 0.999997
18 78 0.001149
18 79 0.000020
18 80 0.977852
18 81 0.999994
18 82 0.085218
18 83 0.013139
18 84 0.999902
18 85 0.001149
18 86 0.996068
18 87 0.001149
18 88 0.013139
18 89 0.013139
18 90 0.001149
18 91 0.999979
18 92 0.999657
18 93 0.999996
18 94 0.999839
18 95 0.999977
18 96 0.999906
18 97 0.847674
18 98 0.999398
18 99 0.013139
19 0 0.000020
19 1 0.066696
19 2 0.516316
19 3 0.940293
19 4 0.000020
19 5 0.071066
19 6 0.976042
19 7 0.013139
19 8 0.014543
19 9 0.999999
19 10 0.999998
19 11 0.999998
19 12 0.999990
19 13 0.999370
19 14 0.014543
19 15 0.999975
19 16 0.013139
19 17 0.013139
19 18 0.075609
19 19 0.000000
19 20 0.001149
19 21 0.075609
19 22 0.999767
19 23 0.001572
19 24 0.000042
19 25 0.014543
19 26 0.998455
19 27 0.013139
19 28 0.001149
19 29 0.999883
19 30 0.001149
19 31 0.998532
19 32 0.999996
19 33 0.001149
19 34 0.999991
19 35 0.999370
19 36 0.999961
19 37 0.999996
19 38 0.857350
19 39 0.184104
19 40 0.999999
19 41 0.013139
19 42 0.999996
19 43 0.013139
19 44 0.906193
19 45 0.013139
19 46 0.999963
19 47 0.999999
19 48 0.071066
19 49 0.014543
19 50 0.999996
19 51 0.001149
19 52 0.999904
19 53 0.999938
19 54 0.999999
19 55 0.001149
19 56 0.000020
19 57 0.000020
19 58 0.999996
19 59 0.001346
19 60 0.071066
19 61 0.999996
19 62 0.999996
19 63 0.002120
19 64 0.338564
19 65 0.001149
19 66 0.071066
19 67 0.347268
19 68 0.999940
19 69 0.997421
19 70 0.999992
19 71 0.999998
19 72 0.999996
19 73 0.999999
19 74 0.999985
19 75 0.989964
19 76 0.786249
19 77 0.001149
19 78 0.014543
19 79 0.017692
19 80 0.999993
19 81 0.013139
19 82 0.997659
19 83 0.999648
19 84 0.997482
19 85 0.021328
19 86 0.013139
19 87 0.674342
19 88 0.999768
19 89 0.066696
19 90 0.001149
19 91 0.001149
19 92 0.085217
19 93 0.999997
19 94 0.066696
19 95 0.999853
19 96 0.013139
19 97 0.000020
19 98 0.016059
19 99 0.013139
20 0 0.999370
20 1 0.999998
20 2 0.993411
20 3 0.002447
20 4 0.999904
20 5 0.999998
20 6 0.013139
20 7 0.999998
20 8 0.373431
20 9 0.000020
20 10 0.184104
20 11 0.013139
20 12 0.999972
20 13 0.085217
20 14 0.850963
20 15 0.013139
20 16 0.184104
20 17 0.999904
20 18 0.999996
20 19 0.001149
20 20 0.000000
20 21 0.999986
20 22 0.013139
20 23 0.999995
20 24 0.066696
20 25 0.014543
20 26 0.013139
20 27 0.999624
20 28 0.999999
20 29 0.001149
20 30 0.999963
20 31 0.999944
20 32 0.013139
20 33 0.013139
20 34 0.999515
20 35 0.000020
20 36 0.013139
20 37 0.184104
20 38 0.999902
20 39 0.001149
20 40 0.014543
20 41 0.014543
20 42 0.999978
20 43 0.998499
20 44 0.860460
20 45 0.000020
20 46 0.013139
20 47 0.857350
20 48 0.013139
20 49 0.999906
20 50 0.516316
20 51 0.999385
20 52 0.013139
20 53 0.999999
20 54 0.999902
20 55 0.999992
20 56 0.999850
20 57 0.013139
20 58 0.013139
20 59 0.999997
20 60 0.013139
20 61 0.013139
20 62 0.013139
20 63 0.013139
20 64 0.993565
20 65 0.999961
20 66 0.999976
20 67 0.999986
20 68 0.999990
20 69 0.014543
20 70 0.999984
20 71 0.999998
20 72 0.066696
20 73 0.984363
20 74 0.013139
20 75 0.999898
20 76 0.772427
20 77 0.999997
20 78 0.001346
20 79 0.014543
20 80 0.013139
20 81 0.338564
20 82 0.965612
20 83 0.014543
20 84 0.996270
20 85 0.999985
20 86 0.767655
20 87 0.214581
20 88 0.013139
20 89 0.997654
20 90 0.999999
20 91 0.013139
20 92 0.999997
20 93 0.013139
20 94 0.999899
20 95 0.996160
20 96 0.940293
20 97 0.013139
20 98 0.206794
20 99 0.071066
21 0 0.999355
21 1 0.090279
21 2 0.000026
21 3 0.990650
21 4 0.013139
21 5 0.001149
21 6 0.000020
21 7 0.999963
21 8 0.013139
21 9 0.999992
21 10 0.001149
21 11 0.013139
21 12 0.071066
21 13 0.071066
21 14 0.013139
21 15 0.996068
21 16 0.999765
21 17 0.993411
21 18 0.013139
21 19 0.075609
21 20 0.999986
21 21 0.000000
21 22 0.001346
21 23 0.999991
21 24 0.998425
21 25 0.772428
21 26 0.013139
21 27 0.910311
21 28 0.364707
21 29 0.999997
21 30 0.999981
21 31 0.999998
21 32 0.910339
21 33 0.001149
21 34 0.997482
21 35 0.001149
21 36 0.999999
21 37 0.000026
21 38 0.999997
21 39 0.999999
21 40 0.993716
21 41 0.013139
21 42 0.999771
21 43 0.668003
21 44 0.080327
21 45 0.990198
21 46 0.016059
21 47 0.999999
21 48 0.013139
21 49 0.373431
21 50 0.014543
21 51 0.013139
21 52 0.000020
21 53 0.999995
21 54 0.999765
21 55 0.996068
21 56 0.999853
21 57 0.999999
21 58 0.999997
21 59 0.066696
21 60 0.945545
21 61 0.013139
21 62 0.014543
21 63 0.999709
21 64 0.001149
21 65 0.338564
21 66 0.013139
21 67 0.999998
21 68 0.013139
21 69 0.999996
21 70 0.786248
21 71 0.066696
21 72 0.014543
21 73 0.013139
21 74 0.990198
21 75 0.781722
21 76 0.999765
21 77 0.013139
21 78 0.999999
21 79 0.013139
21 80 0.013139
21 81 0.014543
21 82 0.975099
21 83 0.191553
21 84 0.963973
21 85 0.999998
21 86 0.013139
21 87 0.013139
21 88 0.013139
21 89 0.355985
21 90 0.999991
21 91 0.999999
21 92 0.999999
21 93 0.941650
21 94 0.993411
21 95 0.999385
21 96 0.001346
21 97 0.019447
21 98 0.508189
21 99 0.990427
22 0 0.999850
22 1 0.999642
22 2 0.984727
22 3 0.013139
22 4 0.001149
22 5 0.999981
22 6 0.999985
22 7 0.014543
22 8 0.976794
22 9 0.857350
22 10 0.999998
22 11 0.999999
22 12 0.016059
22 13 0.338564
22 14 0.999999
22 15 0.013139
22 16 0.999814
22 17 0.016059
22 18 0.999765
22 19 0.999767
22 20 0.013139
22 21 0.001346
22 22 0.000000
22 23 0.000020
22 24 0.014543
22 25 0.999998
22 26 0.013139
22 27 0.999997
22 28 0.000020
22 29 0.013139
22 30 0.844319
22 31 0.936034
22 32 0.075609
22 33 0.014543
22 34 0.990198
22 35 0.000020
22 36 0.080327
22 37 0.999989
22 38 0.999998
22 39 0.999850
22 40 0.999996
22 41 0.191553
22 42 0.994416
22 43 0.999999
22 44 0.001149
22 45 0.680607
22 46 0.013139
22 47 0.016059
22 48 0.013139
22 49 0.990427
22 50 0.090315
22 51 0.999992
22 52 0.016059
22 53 0.999988
22 54 0.962254
22 55 0.999941
22 56 0.999998
22 57 0.013139
22 58 0.013139
22 59 0.661565
22 60 0.999986
22 61 0.013139
22 62 0.667999
22 63 0.013139
22 64 0.999999
22 65 0.999855
22 66 0.993565
22 67 0.013139
22 68 0.999994
22 69 0.998498
22 70 0.001149
22 71 0.999633
22 72 0.001346
22 73 0.999961
22 74 0.999994
22 75 0.080327
22 76 0.355984
22 77 0.013139
22 78 0.066696
22 79 0.001149
22 80 0.001572
22 81 0.999754
22 82 0.066696
22 83 0.999606
22 84 0.999976
22 85 0.983610
22 86 0.563624
22 87 0.013139
22 88 0.000020
22 89 0.001346
22 90 0.000026
22 91 0.999999
22 92 0.996423
22 93 0.199118
22 94 0.013139
22 95 0.013139
22 96 0.001346
22 97 0.995973
22 98 0.999998
22 99 0.945537
23 0 0.013139
23 1 0.199118
23 2 0.013139
23 3 0.001149
23 4 0.013139
23 5 0.001346
23 6 0.999995
23 7 0.863477
23 8 0.999061
23 9 0.999998
23 10 0.013139
23 11 0.999997
23 12 0.016059
23 13 0.013139
23 14 0.001149
23 15 0.013139
23 16 0.996160
23 17 0.001346
23 18 0.998692
23 19 0.001572
23 20 0.999995
23 21 0.999991
23 22 0.000020
23 23 0.000000
23 24 0.999962
23 25 0.524378
23 26 0.999940
23 27 0.001346
23 28 0.844319
23 29 0.984727
23 30 0.001149
23 31 0.000020
23 32 0.013139
23 33 0.999988
23 34 0.013139
23 35 0.999839
23 36 0.999999
23 37 0.000020
23 38 0.071066
23 39 0.080325
23 40 0.999993
23 41 0.999906
23 42 0.999975
23 43 0.013139
23 44 0.080325
23 45 0.364706
23 46 0.013139
23 47 0.999991
23 48 0.999985
23 49 0.999971
23 50 0.001346
23 51 0.013139
23 52 0.999997
23 53 0.999994
23 54 0.017692
23 55 0.999999
23 56 0.999996
23 57 0.001149
23 58 0.999996
23 59 0.013139
23 60 0.013139
23 61 0.001149
23 62 0.000020
23 63 0.013139
23 64 0.016059
23 65 0.013139
23 66 0.999038
23 67 0.066696
23 68 0.998462
23 69 0.013139
23 70 0.999976
23 71 0.001149
23 72 0.999997
23 73 0.013139
23 74 0.999370
23 75 0.999999
23 76 0.993863
23 77 0.999997
23 78 0.013139
23 79 0.014543
23 80 0.013139
23 81 0.999999
23 82 0.999994
23 83 0.999846
23 84 0.000020
23 85 0.013139
23 86 0.999979
23 87 0.998425
23 88 0.999997
23 89 0.999794
23 90 0.023341
23 91 0.066696
23 92 0.000020
23 93 0.997540
23 94 0.999999
23 95 0.013139
23 96 0.999997
23 97 0.013139
23 98 0.999996
23 99 0.999904
24 0 0.999853
24 1 0.999857
24 2 0.013139
24 3 0.013139
24 4 0.199118
24 5 0.001149
24 6 0.960457
24 7 0.999990
24 8 0.985080
24 9 0.996337
24 10 0.071066
24 11 0.994146
24 12 0.999996
24 13 0.999963
24 14 0.999999
24 15 0.014543
24 16 0.013139
24 17 0.013139
24 18 0.013139
24 19 0.000042
24 20 0.066696
24 21 0.998425
24 22 0.014543
24 23 0.999962
24 24 0.000000
24 25 0.844319
24 26 0.999999
24 27 0.860445
24 28 0.013139
24 29 0.066696
24 30 0.999997
24 31 0.013139
24 32 0.999973
24 33 0.999935
24 34 0.999996
24 35 0.390867
24 36 0.999994
24 37 0.999999
24 38 0.999996
24 39 0.961361
24 40 0.013139
24 41 0.999998
24 42 0.013139
24 43 0.999999
24 44 0.995974
24 45 0.914312
24 46 0.999413
24 47 0.999996
24 48 0.013139
24 49 0.071066
24 50 0.001149
24 51 0.013139
24 52 0.990452
24 53 0.990427
24 54 0.999940
24 55 0.382151
24 56 0.999999
24 57 0.999977
24 58 0.014543
24 59 0.001346
24 60 0.013139
24 61 0.066696
24 62 0.999998
24 63 0.999998
24 64 0.999997
24 65 0.075609
24 66 0.013139
24 67 0.961365
24 68 0.001149
24 69 0.014543
24 70 0.999977
24 71 0.338564
24 72 0.001149
24 73 0.013139
24 74 0.990427
24 75 0.199117
24 76 0.001149
24 77 0.508189
24 78 0.999996
24 79 0.999748
24 80 0.001149
24 81 0.016059
24 82 0.013139
24 83 0.999633
24 84 0.001149
24 85 0.999992
24 86 0.975675
24 87 0.999998
24 88 0.508189
24 89 0.999976
24 90 0.999809
24 91 0.998466
24 92 0.999902
24 93 0.013139
24 94 0.999994
24 95 0.984363
24 96 0.963077
24 97 0.013139
24 98 0.999995
24 99 0.994006
25 0 0.075610
25 1 0.013139
25 2 0.017693
25 3 0.996249
25 4 0.214574
25 5 0.999998
25 6 0.999999
25 7 0.001149
25 8 0.999998
25 9 0.941654
25 10 0.999954
25 11 0.191553
25 12 0.674348
25 13 0.066696
25 14 0.013139
25 15 0.017692
25 16 0.990652
25 17 0.013139
25 18 0.001346
25 19 0.014543
25 20 0.014543
25 21 0.772428
25 22 0.999998
25 23 0.524378
25 24 0.844319
25 25 0.000000
25 26 0.994146
25 27 0.999984
25 28 0.191553
25 29 0.013139
25 30 0.999999
25 31 0.085216
25 32 0.000020
25 33 0.999998
25 34 0.999997
25 35 0.999842
25 36 0.999760
25 37 0.013139
25 38 0.016059
25 39 0.999975
25 40 0.999995
25 41 0.013139
25 42 0.013139
25 43 0.999932
25 44 0.999962
25 45 0.999906
25 46 0.999981
25 47 0.999987
25 48 0.013139
25 49 0.999999
25 50 0.066696
25 51 0.016059
25 52 0.999427
25 53 0.013139
25 54 0.001149
25 55 0.999998
25 56 0.999998
25 57 0.000020
25 58 0.999999
25 59 0.014543
25 60 0.014543
25 61 0.017692
25 62 0.338564
25 63 0.013139
25 64 0.013139
25 65 0.978364
25 66 0.013139
25 67 0.013139
25 68 0.013139
25 69 0.993254
25 70 0.960457
25 71 0.508189
25 72 0.000033
25 73 0.786247
25 74 0.961365
25 75 0.013139
25 76 0.998498
25 77 0.013139
25 78 0.075610
25 79 0.999998
25 80 0.000020
25 81 0.016059
25 82 0.999906
25 83 0.066696
25 84 0.999986
25 85 0.013139
25 86 0.999985
25 87 0.999997
25 88 0.999760
25 89 0.013139
25 90 0.999039
25 91 0.976238
25 92 0.999996
25 93 0.001346
25 94 0.001829
25 95 0.980020
25 96 0.999998
25 97 0.999748
25 98 0.999998
25 99 0.655037
26 0 0.999999
26 1 0.001149
26 2 0.999998
26 3 0.013139
26 4 0.014543
26 5 0.999970
26 6 0.066696
26 7 0.999623
26 8 0.999996
26 9 0.013139
26 10 0.013139
26 11 0.075610
26 12 0.001149
26 13 0.999977
26 14 0.999999
26 15 0.999975
26 16 0.999413
26 17 0.999976
26 18 0.999781
26 19 0.998455
26 20 0.013139
26 21 0.013139
26 22 0.013139
26 23 0.999940
26 24 0.999999
26 25 0.994146
26 26 0.000000
26 27 0.066696
26 28 0.999991
26 29 0.999981
26 30 0.001149
26 31 0.013139
26 32 0.999868
26 33 0.001149
26 34 0.001149
26 35 0.994006
26 36 0.999999
26 37 0.013139
26 38 0.999985
26 39 0.936034
26 40 0.999990
26 41 0.999651
26 42 0.999850
26 43 0.912344
26 44 0.998466
26 45 0.999998
26 46 0.016059
26 47 0.999996
26 48 0.066696
26 49 0.013139
26 50 0.999991
26 51 0.085216
26 52 0.013139
26 53 0.999615
26 54 0.999906
26 55 0.999399
26 56 0.999975
26 57 0.999917
26 58 0.001149
26 59 0.941651
26 60 0.999413
26 61 0.013139
26 62 0.999998
26 63 0.999999
26 64 0.013139
26 65 0.999982
26 66 0.999962
26 67 0.844319
26 68 0.767655
26 69 0.999616
26 70 0.014543
26 71 0.382154
26 72 0.999908
26 73 0.999399
26 74 0.999985
26 75 0.013139
26 76 0.066696
26 77 0.000020
26 78 0.999633
26 79 0.001149
26 80 0.016059
26 81 0.066696
26 82 0.999399
26 83 0.014543
26 84 0.999906
26 85 0.781700
26 86 0.066696
26 87 0.013139
26 88 0.984363
26 89 0.999960
26 90 0.999634
26 91 0.999759
26 92 0.000020
26 93 0.013139
26 94 0.999437
26 95 0.999940
26 96 0.999765
26 97 0.999976
26 98 0.997654
26 99 0.347268
27 0 0.906193
27 1 0.999760
27 2 0.085217
27 3 0.999996
27 4 0.017692
27 5 0.996068
27 6 0.347268
27 7 0.993565
27 8 0.999941
27 9 0.066696
27 10 0.938905
27 11 0.999992
27 12 0.066696
27 13 0.199119
27 14 0.000020
27 15 0.013139
27 16 0.013139
27 17 0.364707
27 18 0.995877
27 19 0.013139
27 20 0.999624
27 21 0.910311
27 22 0.999997
27 23 0.001346
27 24 0.860445
27 25 0.999984
27 26 0.066696
27 27 0.000000
27 28 0.999754
27 29 0.013139
27 30 0.999999
27 31 0.999999
27 32 0.999995
27 33 0.994146
27 34 0.999944
27 35 0.989964
27 36 0.999746
27 37 0.999999
27 38 0.524377
27 39 0.001149
27 40 0.080327
27 41 0.999979
27 42 0.999986
27 43 0.999957
27 44 0.013139
27 45 0.000020
27 46 0.999853
27 47 0.066696
27 48 0.014543
27 49 0.904054
27 50 0.016059
27 51 0.066696
