0 0 0.000000
0 1 0.999990
0 2 0.014543
0 3 0.998498
0 4 0.000020
0 5 0.996507
0 6 0.944277
0 7 0.984364
0 8 0.001149
0 9 0.999997
0 10 0.960457
0 11 0.001149
0 12 0.999992
0 13 0.999999
0 14 0.013139
0 15 0.999988
0 16 0.001346
0 17 0.999998
0 18 0.999999
0 19 0.000020
0 20 0.999999
0 21 0.999962
0 22 0.999944
0 23 0.013139
0 24 0.999650
0 25 0.075610
0 26 0.999979
0 27 0.994006
0 28 0.998567
0 29 0.013139
0 30 0.999977
0 31 0.999998
0 32 0.999996
0 33 0.999860
0 34 0.999857
0 35 0.184104
0 36 0.013139
0 37 0.013139
0 38 0.999979
0 39 0.014543
0 40 0.999816
0 41 0.999992
0 42 0.999991
0 43 0.017692
0 44 0.066696
0 45 0.901868
0 46 0.998567
0 47 0.999998
0 48 0.001829
0 49 0.000020
0 50 0.908288
0 51 0.998462
0 52 0.014543
0 53 0.013139
0 54 0.014543
0 55 0.013139
0 56 0.001346
0 57 0.001572
0 58 0.999996
0 59 0.014543
0 60 0.999914
0 61 0.355984
0 62 0.001346
0 63 0.999940
0 64 0.999999
0 65 0.001149
0 66 0.999962
0 67 0.999997
0 68 0.999999
0 69 0.000020
0 70 0.999988
0 71 0.000020
0 72 0.071066
0 73 0.999999
0 74 0.071066
0 75 0.999659
0 76 0.013139
0 77 0.999979
0 78 0.001149
0 79 0.999999
0 80 0.999995
0 81 0.001149
0 82 0.075609
0 83 0.001149
0 84 0.999999
0 85 0.999917
0 86 0.013139
0 87 0.999998
0 88 0.999039
0 89 0.019447
0 90 0.999999
0 91 0.001149
0 92 0.999999
0 93 0.013139
0 94 0.999702
0 95 0.013139
0 96 0.000020
0 97 0.963970
0 98 0.999779
0 99 0.977395
1 0 0.999990
1 1 0.000000
1 2 0.999771
1 3 0.001572
1 4 0.999863
1 5 0.985429
1 6 0.999899
1 7 0.999760
1 8 0.999989
1 9 0.013139
1 10 0.013139
1 11 0.999995
1 12 0.001346
1 13 0.999997
1 14 0.013139
1 15 0.999318
1 16 0.979953
1 17 0.000020
1 18 0.001149
1 19 0.066696
1 20 0.999796
1 21 0.002449
1 22 0.999915
1 23 0.080327
1 24 0.999996
1 25 0.013139
1 26 0.001149
1 27 0.999853
1 28 0.985768
1 29 0.001829
1 30 0.013139
1 31 0.016059
1 32 0.998498
1 33 0.013139
1 34 0.014543
1 35 0.999999
1 36 0.399562
1 37 0.013139
1 38 0.001149
1 39 0.655037
1 40 0.000020
1 41 0.999998
1 42 0.000020
1 43 0.001149
1 44 0.000020
1 45 0.013139
1 46 0.999997
1 47 0.014543
1 48 0.999942
1 49 0.999999
1 50 0.999998
1 51 0.999916
1 52 0.999979
1 53 0.066696
1 54 0.013139
1 55 0.013139
1 56 0.999997
1 57 0.516316
1 58 0.000026
1 59 0.014543
1 60 0.997763
1 61 0.999999
1 62 0.999998
1 63 0.013139
1 64 0.013139
1 65 0.999998
1 66 0.999989
1 67 0.071066
1 68 0.001346
1 69 0.080327
1 70 0.001346
1 71 0.999999
1 72 0.000020
1 73 0.001572
1 74 0.999998
1 75 0.001149
1 76 0.944370
1 77 0.003237
1 78 0.001572
1 79 0.999994
1 80 0.999998
1 81 0.001149
1 82 0.999998
1 83 0.999997
1 84 0.516316
1 85 0.013139
1 86 0.000020
1 87 0.019446
1 88 0.999771
1 89 0.999992
1 90 0.772427
1 91 0.999998
1 92 0.997679
1 93 0.916180
1 94 0.998740
1 95 0.963122
1 96 0.999999
1 97 0.998568
1 98 0.014543
1 99 0.999104
2 0 0.014543
2 1 0.999771
2 2 0.000000
2 3 0.013139
2 4 0.997598
2 5 0.066696
2 6 0.973905
2 7 0.999996
2 8 0.998667
2 9 0.013139
2 10 0.999997
2 11 0.080327
2 12 0.013139
2 13 0.999992
2 14 0.075609
2 15 0.013139
2 16 0.013139
2 17 0.999998
2 18 0.999763
2 19 0.668002
2 20 0.999978
2 21 0.000026
2 22 0.999977
2 23 0.013139
2 24 0.013139
2 25 0.017693
2 26 0.999999
2 27 0.994006
2 28 0.999978
2 29 0.999941
2 30 0.001149
2 31 0.013139
2 32 0.999997
2 33 0.960457
2 34 0.000020
2 35 0.999989
2 36 0.066696
2 37 0.013139
2 38 0.013139
2 39 0.999947
2 40 0.999995
2 41 0.998500
2 42 0.999994
2 43 0.001572
2 44 0.999427
2 45 0.001149
2 46 0.997815
2 47 0.000026
2 48 0.999998
2 49 0.999965
2 50 0.013139
2 51 0.999998
2 52 0.000033
2 53 0.017692
2 54 0.999999
2 55 0.999967
2 56 0.199118
2 57 0.001572
2 58 0.995974
2 59 0.001346
2 60 0.019446
2 61 0.013139
2 62 0.999997
2 63 0.999966
2 64 0.013139
2 65 0.013139
2 66 0.999997
2 67 0.013139
2 68 0.999992
2 69 0.990355
2 70 0.000020
2 71 0.999987
2 72 0.014543
2 73 0.998809
2 74 0.000020
2 75 0.013139
2 76 0.013139
2 77 0.674349
2 78 0.000020
2 79 0.999990
2 80 0.999944
2 81 0.999999
2 82 0.999997
2 83 0.999999
2 84 0.999466
2 85 0.338564
2 86 0.001346
2 87 0.014543
2 88 0.001149
2 89 0.999659
2 90 0.999399
2 91 0.001346
2 92 0.014543
2 93 0.014543
2 94 0.016059
2 95 0.999993
2 96 0.013139
2 97 0.016059
2 98 0.999735
2 99 0.999706
3 0 0.998498
3 1 0.001572
3 2 0.013139
3 3 0.000000
3 4 0.999413
3 5 0.999998
3 6 0.014543
3 7 0.999986
3 8 0.999999
3 9 0.000020
3 10 0.001149
3 11 0.002120
3 12 0.184104
3 13 0.085217
3 14 0.000020
3 15 0.013139
3 16 0.999928
3 17 0.974509
3 18 0.013139
3 19 0.999943
3 20 0.002447
3 21 0.994283
3 22 0.013139
3 23 0.001149
3 24 0.013139
3 25 0.999781
3 26 0.993411
3 27 0.999978
3 28 0.013139
3 29 0.999998
3 30 0.999998
3 31 0.999998
3 32 0.013139
3 33 0.001149
3 34 0.001346
3 35 0.999615
3 36 0.999998
3 37 0.016059
3 38 0.999995
3 39 0.999995
3 40 0.999999
3 41 0.017692
3 42 0.014543
3 43 0.013139
3 44 0.066696
3 45 0.999992
3 46 0.013139
3 47 0.999906
3 48 0.999999
3 49 0.016059
3 50 0.001149
3 51 0.999947
3 52 0.066696
3 53 0.999995
3 54 0.001346
3 55 0.001572
3 56 0.014543
3 57 0.014543
3 58 0.999857
3 59 0.999860
3 60 0.014543
3 61 0.999640
3 62 0.942977
3 63 0.000020
3 64 0.023341
3 65 0.066696
3 66 0.999998
3 67 0.999997
3 68 0.999910
3 69 0.000020
3 70 0.999991
3 71 0.999999
3 72 0.977327
3 73 0.014543
3 74 0.999999
3 75 0.013139
3 76 0.016059
3 77 0.999992
3 78 0.001149
3 79 0.013139
3 80 0.999763
3 81 0.002120
3 82 0.999999
3 83 0.999104
3 84 0.999781
3 85 0.013139
3 86 0.999994
3 87 0.001149
3 88 0.999772
3 89 0.000020
3 90 0.001829
3 91 0.013139
3 92 0.934550
3 93 0.001149
3 94 0.000020
3 95 0.958576
3 96 0.013139
3 97 0.199118
3 98 0.000026
3 99 0.998568
4 0 0.000020
4 1 0.999863
4 2 0.997598
4 3 0.999413
4 4 0.000000
4 5 0.999999
4 6 0.999981
4 7 0.937485
4 8 0.999967
4 9 0.013139
4 10 0.999999
4 11 0.999615
4 12 0.001346
4 13 0.767655
4 14 0.999980
4 15 0.001149
4 16 0.999986
4 17 0.016059
4 18 0.996423
4 19 0.000020
4 20 0.999987
4 21 0.013139
4 22 0.001149
4 23 0.013139
4 24 0.017692
4 25 0.023340
4 26 0.014543
4 27 0.906194
4 28 0.071066
4 29 0.999996
4 30 0.014543
4 31 0.013139
4 32 0.016059
4 33 0.999999
4 34 0.999997
4 35 0.993201
4 36 0.001149
4 37 0.997709
4 38 0.999997
4 39 0.013139
4 40 0.668002
4 41 0.999996
4 42 0.999986
4 43 0.013139
4 44 0.997709
4 45 0.999991
4 46 0.999994
4 47 0.066696
4 48 0.001149
4 49 0.017692
4 50 0.013139
4 51 0.999941
4 52 0.000020
4 53 0.999998
4 54 0.001829
4 55 0.014543
4 56 0.014543
4 57 0.013139
4 58 0.999776
4 59 0.013139
4 60 0.013139
4 61 0.999999
4 62 0.936034
4 63 0.001149
4 64 0.999917
4 65 0.999370
4 66 0.000020
4 67 0.013139
4 68 0.066696
4 69 0.013139
4 70 0.000020
4 71 0.999998
4 72 0.999897
4 73 0.071066
4 74 0.999942
4 75 0.655037
4 76 0.014543
4 77 0.999125
4 78 0.999966
4 79 0.071066
4 80 0.184104
4 81 0.014543
4 82 0.999996
4 83 0.001149
4 84 0.016059
4 85 0.692813
4 86 0.942978
4 87 0.999988
4 88 0.000020
4 89 0.013139
4 90 0.013139
4 91 0.999999
4 92 0.999998
4 93 0.013139
4 94 0.001346
4 95 0.999992
4 96 0.999976
4 97 0.999999
4 98 0.999061
4 99 0.999776
5 0 0.996507
5 1 0.985429
5 2 0.066696
5 3 0.999998
5 4 0.999999
5 5 0.000000
5 6 0.999996
5 7 0.999771
5 8 0.001829
5 9 0.999984
5 10 0.013139
5 11 0.999996
5 12 0.999998
5 13 0.999995
5 14 0.013139
5 15 0.999999
5 16 0.013139
5 17 0.001346
5 18 0.965610
5 19 0.772427
5 20 0.999997
5 21 0.001149
5 22 0.999999
5 23 0.001346
5 24 0.001149
5 25 0.999969
5 26 0.988852
5 27 0.999996
5 28 0.999850
5 29 0.999995
5 30 0.013139
5 31 0.066696
5 32 0.999863
5 33 0.000020
5 34 0.066696
5 35 0.017692
5 36 0.508189
5 37 0.999105
5 38 0.999996
5 39 0.014543
5 40 0.999976
5 41 0.001149
5 42 0.000020
5 43 0.001346
5 44 0.013139
5 45 0.999985
5 46 0.014543
5 47 0.999992
5 48 0.013139
5 49 0.999998
5 50 0.999998
5 51 0.999899
5 52 0.000020
5 53 0.002120
5 54 0.999975
5 55 0.016059
5 56 0.000020
5 57 0.999998
5 58 0.999998
5 59 0.999996
5 60 0.001149
5 61 0.071066
5 62 0.910339
5 63 0.013139
5 64 0.013139
5 65 0.000026
5 66 0.013139
5 67 0.013139
5 68 0.983991
5 69 0.999990
5 70 0.997654
5 71 0.999992
5 72 0.001572
5 73 0.994282
5 74 0.999964
5 75 0.013139
5 76 0.999942
5 77 0.013139
5 78 0.999983
5 79 0.998601
5 80 0.999998
5 81 0.000020
5 82 0.013139
5 83 0.999992
5 84 0.999999
5 85 0.548146
5 86 0.999997
5 87 0.075609
5 88 0.999771
5 89 0.999994
5 90 0.014543
5 91 0.013139
5 92 0.999997
5 93 0.999105
5 94 0.999984
5 95 0.001149
5 96 0.399570
5 97 0.999948
5 98 0.013139
5 99 0.999963
6 0 0.944277
6 1 0.999899
6 2 0.973905
6 3 0.014543
6 4 0.999981
6 5 0.999996
6 6 0.000000
6 7 0.191553
6 8 0.014543
6 9 0.001149
6 10 0.998601
6 11 0.001346
6 12 0.999998
6 13 0.999994
6 14 0.999146
6 15 0.382153
6 16 0.999998
6 17 0.999999
6 18 0.000020
6 19 0.999996
6 20 0.013139
6 21 0.000020
6 22 0.999986
6 23 0.999999
6 24 0.963122
6 25 0.999994
6 26 0.066696
6 27 0.001346
6 28 0.999998
6 29 0.999998
6 30 0.999996
6 31 0.999995
6 32 0.001149
6 33 0.680604
6 34 0.847674
6 35 0.999765
6 36 0.999998
6 37 0.000001
6 38 0.013139
6 39 0.997815
6 40 0.999992
6 41 0.013139
6 42 0.999999
6 43 0.999999
6 44 0.999998
6 45 0.001149
6 46 0.000020
6 47 0.999999
6 48 0.016059
6 49 0.071066
6 50 0.990660
6 51 0.013139
6 52 0.994146
6 53 0.000020
6 54 0.017692
6 55 0.001149
6 56 0.997709
6 57 0.001149
6 58 0.013139
6 59 0.999941
6 60 0.977821
6 61 0.999996
6 62 0.999776
6 63 0.999039
6 64 0.013139
6 65 0.999999
6 66 0.999999
6 67 0.934550
6 68 0.999998
6 69 0.999999
6 70 0.999991
6 71 0.999998
6 72 0.999651
6 73 0.001149
6 74 0.999989
6 75 0.999985
6 76 0.999992
6 77 0.017692
6 78 0.999842
6 79 0.786247
6 80 0.999484
6 81 0.999998
6 82 0.999990
6 83 0.999981
6 84 0.001149
6 85 0.977326
6 86 0.013139
6 87 0.996780
6 88 0.000020
6 89 0.016059
6 90 0.999997
6 91 0.013139
6 92 0.999642
6 93 0.014543
6 94 0.999991
6 95 0.999991
6 96 0.999961
6 97 0.997657
6 98 0.001149
6 99 0.999770
7 0 0.984364
7 1 0.999760
7 2 0.999996
7 3 0.999986
7 4 0.937485
7 5 0.999771
7 6 0.191553
7 7 0.000000
7 8 0.999998
7 9 0.066696
7 10 0.000020
7 11 0.994006
7 12 0.014543
7 13 0.999910
7 14 0.013139
7 15 0.021328
7 16 0.999928
7 17 0.516316
7 18 0.999991
7 19 0.013139
7 20 0.999989
7 21 0.999998
7 22 0.014543
7 23 0.999125
7 24 0.999965
7 25 0.001149
7 26 0.999944
7 27 0.999904
7 28 0.001346
7 29 0.999994
7 30 0.999906
7 31 0.999850
7 32 0.014543
7 33 0.910339
7 34 0.016059
7 35 0.999979
7 36 0.999850
7 37 0.990650
7 38 0.994675
7 39 0.999999
7 40 0.013139
7 41 0.998498
7 42 0.999999
7 43 0.516316
7 44 0.999955
7 45 0.999966
7 46 0.998387
7 47 0.001346
7 48 0.999997
7 49 0.000020
7 50 0.013139
7 51 0.013139
7 52 0.999941
7 53 0.001149
7 54 0.999999
7 55 0.999996
7 56 0.000020
7 57 0.999999
7 58 0.999998
7 59 0.000020
7 60 0.999974
7 61 0.866460
7 62 0.013139
7 63 0.090282
7 64 0.999990
7 65 0.013139
7 66 0.999370
7 67 0.998349
7 68 0.999850
7 69 0.075609
7 70 0.999998
7 71 0.000020
7 72 0.999998
7 73 0.999975
7 74 0.014543
7 75 0.999968
7 76 0.999424
7 77 0.918065
7 78 0.017692
7 79 0.013139
7 80 0.999999
7 81 0.999997
7 82 0.999868
7 83 0.017692
7 84 0.999991
7 85 0.999913
7 86 0.999998
7 87 0.999999
7 88 0.847674
7 89 0.013139
7 90 0.999992
7 91 0.777117
7 92 0.013139
7 93 0.999979
7 94 0.001149
7 95 0.001572
7 96 0.071066
7 97 0.000020
7 98 0.999999
7 99 0.999940
8 0 0.001149
8 1 0.999989
8 2 0.998667
8 3 0.999999
8 4 0.999967
8 5 0.001829
8 6 0.014543
8 7 0.999998
8 8 0.000000
8 9 0.999998
8 10 0.000020
8 11 0.013139
8 12 0.013139
8 13 0.001346
8 14 0.998031
8 15 0.066696
8 16 0.023334
8 17 0.999863
8 18 0.013139
8 19 0.014543
8 20 0.002120
8 21 0.013139
8 22 0.999988
8 23 0.999999
8 24 0.999986
8 25 0.999998
8 26 0.999987
8 27 0.999964
8 28 0.013139
8 29 0.994417
8 30 0.999955
8 31 0.014543
8 32 0.999996
8 33 0.000020
8 34 0.999623
8 35 0.013139
8 36 0.013139
8 37 0.998511
8 38 0.001149
8 39 0.999809
8 40 0.991322
8 41 0.999999
8 42 0.999997
8 43 0.001149
8 44 0.001149
8 45 0.001346
8 46 0.999999
8 47 0.999995
8 48 0.999995
8 49 0.000020
8 50 0.014543
8 51 0.016059
8 52 0.066696
8 53 0.000020
8 54 0.013139
8 55 0.001149
8 56 0.000020
8 57 0.999996
8 58 0.999957
8 59 0.013139
8 60 0.999995
8 61 0.508189
8 62 0.013139
8 63 0.019447
8 64 0.000020
8 65 0.000020
8 66 0.999860
8 67 0.000020
8 68 0.999950
8 69 0.999648
8 70 0.999853
8 71 0.999995
8 72 0.066696
8 73 0.000020
8 74 0.999991
8 75 0.000042
8 76 0.000026
8 77 0.999978
8 78 0.013139
8 79 0.999606
8 80 0.999998
8 81 0.338564
8 82 0.999941
8 83 0.999781
8 84 0.000020
8 85 0.999999
8 86 0.013139
8 87 0.999995
8 88 0.996068
8 89 0.013139
8 90 0.999998
8 91 0.000020
8 92 0.999999
8 93 0.000026
8 94 0.999997
8 95 0.199118
8 96 0.999997
8 97 0.767655
8 98 0.016059
8 99 0.999999
9 0 0.999997
9 1 0.013139
9 2 0.013139
9 3 0.000020
9 4 0.013139
9 5 0.999984
9 6 0.001149
9 7 0.066696
9 8 0.999998
9 9 0.000000
9 10 0.001149
9 11 0.999996
9 12 0.999995
9 13 0.999634
9 14 0.901868
9 15 0.999973
9 16 0.994146
9 17 0.977385
9 18 0.000020
9 19 0.999994
9 20 0.000020
9 21 0.999998
9 22 0.997654
9 23 0.999994
9 24 0.994417
9 25 0.999943
9 26 0.013139
9 27 0.066696
9 28 0.001346
9 29 0.001149
9 30 0.999925
9 31 0.001829
9 32 0.999997
9 33 0.080325
9 34 0.013139
9 35 0.014543
9 36 0.999966
9 37 0.999999
9 38 0.999999
9 39 0.986099
9 40 0.013139
9 41 0.013139
9 42 0.999999
9 43 0.999943
9 44 0.772427
9 45 0.080327
9 46 0.999998
9 47 0.999948
9 48 0.999989
9 49 0.013139
9 50 0.000020
9 51 0.999994
9 52 0.999999
9 53 0.999619
9 54 0.013139
9 55 0.999105
9 56 0.013139
9 57 0.999997
9 58 0.001572
9 59 0.999995
9 60 0.971980
9 61 0.999997
9 62 0.999977
9 63 0.999995
9 64 0.999995
9 65 0.999995
9 66 0.999998
9 67 0.000020
9 68 0.000033
9 69 0.013139
9 70 0.998568
9 71 0.013139
9 72 0.941649
9 73 0.001149
9 74 0.999399
9 75 0.999992
9 76 0.999998
9 77 0.002449
9 78 0.999999
9 79 0.996159
9 80 0.000026
9 81 0.996903
9 82 0.000020
9 83 0.999987
9 84 0.999642
9 85 0.013139
9 86 0.066696
9 87 0.013139
9 88 0.013139
9 89 0.001346
9 90 0.001149
9 91 0.996423
9 92 0.013139
9 93 0.999996
9 94 0.990427
9 95 0.999985
9 96 0.999992
9 97 0.001346
9 98 0.013139
9 99 0.013139
10 0 0.960457
10 1 0.013139
10 2 0.999997
10 3 0.001149
10 4 0.999999
10 5 0.013139
10 6 0.998601
10 7 0.000020
10 8 0.000020
10 9 0.001149
10 10 0.000000
10 11 0.019446
10 12 0.013139
10 13 0.016059
10 14 0.999975
10 15 0.985082
10 16 0.001149
10 17 0.000020
10 18 0.990868
10 19 0.999933
10 20 0.184104
10 21 0.001149
10 22 0.999986
10 23 0.013139
10 24 0.071066
10 25 0.999998
10 26 0.013139
10 27 0.941651
10 28 0.999985
10 29 0.013139
10 30 0.000020
10 31 0.999999
10 32 0.999987
10 33 0.999991
10 34 0.999781
10 35 0.014543
10 36 0.999992
10 37 0.999174
10 38 0.999999
10 39 0.999997
10 40 0.355984
10 41 0.999971
10 42 0.999979
10 43 0.999981
10 44 0.997421
10 45 0.999871
10 46 0.985088
10 47 0.999999
10 48 0.013139
10 49 0.013139
10 50 0.014543
10 51 0.999966
10 52 0.000026
10 53 0.014543
10 54 0.000020
10 55 0.999998
10 56 0.013139
10 57 0.999990
10 58 0.997763
10 59 0.000020
10 60 0.999966
10 61 0.014543
10 62 0.999765
10 63 0.999991
10 64 0.999977
10 65 0.866472
10 66 0.866451
10 67 0.066696
10 68 0.999999
10 69 0.013139
10 70 0.999997
10 71 0.999597
10 72 0.999413
10 73 0.000020
10 74 0.999913
10 75 0.013139
10 76 0.999999
10 77 0.016059
10 78 0.001149
10 79 0.013139
10 80 0.013139
10 81 0.999384
10 82 0.013139
10 83 0.999997
10 84 0.655037
10 85 0.000020
10 86 0.013139
10 87 0.001346
10 88 0.013139
10 89 0.999998
10 90 0.001149
10 91 0.999984
10 92 0.999999
10 93 0.994006
10 94 0.999988
10 95 0.013139
10 96 0.999870
10 97 0.001149
10 98 0.013139
10 99 0.999633
11 0 0.001149
11 1 0.999995
11 2 0.080327
11 3 0.002120
11 4 0.999615
11 5 0.999996
11 6 0.001346
11 7 0.994006
11 8 0.013139
11 9 0.999996
11 10 0.019446
11 11 0.000000
11 12 0.655037
11 13 0.999629
11 14 0.999996
11 15 0.999999
11 16 0.999999
11 17 0.999998
11 18 0.000020
11 19 0.999849
11 20 0.066696
11 21 0.013139
11 22 0.999989
11 23 0.999967
11 24 0.914314
11 25 0.080327
11 26 0.075610
11 27 0.999996
11 28 0.013139
11 29 0.999413
11 30 0.191553
11 31 0.999963
11 32 0.999995
11 33 0.001346
11 34 0.999999
11 35 0.001149
11 36 0.066696
11 37 0.999998
11 38 0.999998
11 39 0.021327
11 40 0.999996
11 41 0.000053
11 42 0.999991
11 43 0.998968
11 44 0.999678
11 45 0.071066
11 46 0.013139
11 47 0.999998
11 48 0.013139
11 49 0.000020
11 50 0.999987
11 51 0.000020
11 52 0.014543
11 53 0.999975
11 54 0.013139
11 55 0.090280
11 56 0.661564
11 57 0.999998
11 58 0.999998
11 59 0.999976
11 60 0.000033
11 61 0.994008
11 62 0.904054
11 63 0.936034
11 64 0.997651
11 65 0.001149
11 66 0.985769
11 67 0.999999
11 68 0.999384
11 69 0.999999
11 70 0.019447
11 71 0.014543
11 72 0.999912
11 73 0.999985
11 74 0.999996
11 75 0.850964
11 76 0.999992
11 77 0.999616
11 78 0.999624
11 79 0.999440
11 80 0.001149
11 81 0.999947
11 82 0.001346
11 83 0.000020
11 84 0.999998
11 85 0.013139
11 86 0.016059
11 87 0.999917
11 88 0.999998
11 89 0.999919
11 90 0.373419
11 91 0.999860
11 92 0.999977
11 93 0.999992
11 94 0.962254
11 95 0.999999
11 96 0.999771
11 97 0.016059
11 98 0.997598
11 99 0.001149
12 0 0.999992
12 1 0.001346
12 2 0.013139
12 3 0.184104
12 4 0.001346
12 5 0.999998
12 6 0.999998
12 7 0.014543
12 8 0.013139
12 9 0.999995
12 10 0.013139
12 11 0.655037
12 12 0.000000
12 13 0.001149
12 14 0.999910
12 15 0.013139
12 16 0.999965
12 17 0.000020
12 18 0.999986
12 19 0.999999
12 20 0.999996
12 21 0.364707
12 22 0.016059
12 23 0.016059
12 24 0.999977
12 25 0.999994
12 26 0.001149
12 27 0.066696
12 28 0.999999
12 29 0.184104
12 30 0.013139
12 31 0.013139
12 32 0.001346
12 33 0.999642
12 34 0.013139
12 35 0.112219
12 36 0.001346
12 37 0.001572
12 38 0.013139
12 39 0.013139
12 40 0.976915
12 41 0.999986
12 42 0.999980
12 43 0.999455
12 44 0.961365
12 45 0.000020
12 46 0.013139
12 47 0.964802
12 48 0.999888
12 49 0.002120
12 50 0.999997
12 51 0.066696
12 52 0.001149
12 53 0.013139
12 54 0.013139
12 55 0.999962
12 56 0.999039
12 57 0.000020
12 58 0.001149
12 59 0.206794
12 60 0.013139
12 61 0.001149
12 62 0.999992
12 63 0.014543
12 64 0.013139
12 65 0.001149
12 66 0.066696
12 67 0.985768
12 68 0.997815
12 69 0.013139
12 70 0.936034
12 71 0.999987
12 72 0.013139
12 73 0.000020
12 74 0.999995
12 75 0.002449
12 76 0.014543
12 77 0.999980
12 78 0.001346
12 79 0.999997
12 80 0.999997
12 81 0.066696
12 82 0.013139
12 83 0.013139
12 84 0.999995
12 85 0.999994
12 86 0.014543
12 87 0.999988
12 88 0.991289
12 89 0.999995
12 90 0.364706
12 91 0.000020
12 92 0.000020
12 93 0.999999
12 94 0.999979
12 95 0.999986
12 96 0.997762
12 97 0.013139
12 98 0.999553
12 99 0.999994
13 0 0.999999
13 1 0.999997
13 2 0.999992
13 3 0.085217
13 4 0.767655
13 5 0.999995
13 6 0.999994
13 7 0.999910
13 8 0.001346
13 9 0.999634
13 10 0.016059
13 11 0.999629
13 12 0.001149
13 13 0.000000
13 14 0.014543
13 15 0.962237
13 16 0.085217
13 17 0.999998
13 18 0.999970
13 19 0.999998
13 20 0.002120
13 21 0.001346
13 22 0.014543
13 23 0.338564
13 24 0.999987
13 25 0.655037
13 26 0.999979
13 27 0.199119
13 28 0.999994
13 29 0.013139
13 30 0.999996
13 31 0.998498
13 32 0.013139
13 33 0.999962
13 34 0.906194
13 35 0.014543
13 36 0.001149
13 37 0.013139
13 38 0.999979
13 39 0.857353
13 40 0.001346
13 41 0.999674
13 42 0.999999
13 43 0.999364
13 44 0.013139
13 45 0.016059
13 46 0.001346
13 47 0.014543
13 48 0.999999
13 49 0.191553
13 50 0.999434
13 51 0.999996
13 52 0.999989
13 53 0.999998
13 54 0.997868
13 55 0.999991
13 56 0.014543
13 57 0.999963
13 58 0.999989
13 59 0.999977
13 60 0.999995
13 61 0.080326
13 62 0.999976
13 63 0.999996
13 64 0.014543
13 65 0.999998
13 66 0.999998
13 67 0.999995
13 68 0.013139
13 69 0.013139
13 70 0.985431
13 71 0.199118
13 72 0.338564
13 73 0.013139
13 74 0.013139
13 75 0.999999
13 76 0.013139
13 77 0.996507
13 78 0.999856
13 79 0.999994
13 80 0.014543
13 81 0.000020
13 82 0.999998
13 83 0.013139
13 84 0.014543
13 85 0.999997
13 86 0.990650
13 87 0.013139
13 88 0.014543
13 89 0.999999
13 90 0.999973
13 91 0.001572
13 92 0.001346
13 93 0.000020
13 94 0.013139
13 95 0.999999
13 96 0.001149
13 97 0.999996
13 98 0.999978
13 99 0.013139
14 0 0.013139
14 1 0.013139
14 2 0.075609
14 3 0.000020
14 4 0.999980
14 5 0.013139
14 6 0.999146
14 7 0.013139
14 8 0.998031
14 9 0.901868
14 10 0.999975
14 11 0.999996
14 12 0.999910
14 13 0.014543
14 14 0.000000
14 15 0.013139
14 16 0.000020
14 17 0.013139
14 18 0.999918
14 19 0.998387
14 20 0.999850
14 21 0.013139
14 22 0.999997
14 23 0.001149
14 24 0.999998
14 25 0.013139
14 26 0.999991
14 27 0.000020
14 28 0.996507
14 29 0.071066
14 30 0.999994
14 31 0.001149
14 32 0.999776
14 33 0.014543
14 34 0.999992
14 35 0.001572
14 36 0.000026
14 37 0.000020
14 38 0.999863
14 39 0.001346
14 40 0.019447
14 41 0.999934
14 42 0.999990
14 43 0.999984
14 44 0.013139
14 45 0.001572
14 46 0.999998
14 47 0.999999
14 48 0.999997
14 49 0.999997
14 50 0.999997
14 51 0.111675
14 52 0.013139
14 53 0.014543
14 54 0.999999
14 55 0.014543
14 56 0.999994
14 57 0.066696
14 58 0.013139
14 59 0.997763
14 60 0.013139
14 61 0.999873
14 62 0.000020
14 63 0.999997
14 64 0.013139
14 65 0.066696
14 66 0.013139
14 67 0.999995
14 68 0.999427
14 69 0.999992
14 70 0.013139
14 71 0.999999
14 72 0.999995
14 73 0.999857
14 74 0.013139
14 75 0.999991
14 76 0.999999
14 77 0.001149
14 78 0.013139
14 79 0.355984
14 80 0.066696
14 81 0.000020
14 82 0.999776
14 83 0.002120
14 84 0.999999
14 85 0.999860
14 86 0.016059
14 87 0.013139
14 88 0.999979
14 89 0.999995
14 90 0.999998
14 91 0.014543
14 92 0.940293
14 93 0.001149
14 94 0.999997
14 95 0.999999
14 96 0.999987
14 97 0.999996
14 98 0.014543
14 99 0.001149
15 0 0.999988
15 1 0.999318
15 2 0.013139
15 3 0.013139
15 4 0.001149
15 5 0.999999
15 6 0.382153
15 7 0.021328
15 8 0.066696
15 9 0.999973
15 10 0.985082
15 11 0.999999
15 12 0.013139
15 13 0.962237
15 14 0.013139
15 15 0.000000
15 16 0.999979
15 17 0.013139
15 18 0.013139
15 19 0.999998
15 20 0.013139
15 21 0.942978
15 22 0.013139
15 23 0.013139
15 24 0.000026
15 25 0.017692
15 26 0.999996
15 27 0.013139
15 28 0.071066
15 29 0.961365
15 30 0.999988
15 31 0.013139
15 32 0.014543
15 33 0.999998
15 34 0.999432
15 35 0.014543
15 36 0.994377
15 37 0.999991
15 38 0.999857
15 39 0.999998
15 40 0.994282
15 41 0.998533
15 42 0.999986
15 43 0.013139
15 44 0.999996
15 45 0.000020
15 46 0.999904
15 47 0.001346
15 48 0.001572
15 49 0.019447
15 50 0.999993
15 51 0.021319
15 52 0.000020
15 53 0.071066
15 54 0.001829
15 55 0.999993
15 56 0.014543
15 57 0.001346
15 58 0.999998
15 59 0.001572
15 60 0.000026
15 61 0.999999
15 62 0.014543
15 63 0.999997
15 64 0.999015
15 65 0.002120
15 66 0.698846
15 67 0.002120
15 68 0.999998
15 69 0.001149
15 70 0.999996
15 71 0.066696
15 72 0.999982
15 73 0.999998
15 74 0.000020
15 75 0.999994
15 76 0.999083
15 77 0.014543
15 78 0.997597
15 79 0.998568
15 80 0.999999
15 81 0.016059
15 82 0.066696
15 83 0.999989
15 84 0.000026
15 85 0.984727
15 86 0.071066
15 87 0.001572
15 88 0.999999
15 89 0.937485
15 90 0.996160
15 91 0.000020
15 92 0.999997
15 93 0.997709
15 94 0.999765
15 95 0.999754
15 96 0.999997
15 97 0.999015
15 98 0.999848
15 99 0.071066
16 0 0.001346
16 1 0.979953
16 2 0.013139
16 3 0.999928
16 4 0.999986
16 5 0.013139
16 6 0.999998
16 7 0.999928
16 8 0.023334
16 9 0.994146
16 10 0.001149
16 11 0.999999
16 12 0.999965
16 13 0.085217
16 14 0.000020
16 15 0.999979
16 16 0.000000
16 17 0.013139
16 18 0.999983
16 19 0.998349
16 20 0.997421
16 21 0.407293
16 22 0.999999
16 23 0.985429
16 24 0.013139
16 25 0.999966
16 26 0.999997
16 27 0.013139
16 28 0.999944
16 29 0.999770
16 30 0.999996
16 31 0.910338
16 32 0.999967
16 33 0.996340
16 34 0.999633
16 35 0.013139
16 36 0.999999
16 37 0.002821
16 38 0.999919
16 39 0.001149
16 40 0.999999
16 41 0.001149
16 42 0.013139
16 43 0.014543
16 44 0.989964
16 45 0.016059
16 46 0.001572
16 47 0.997710
16 48 0.999967
16 49 0.999998
16 50 0.000020
16 51 0.014543
16 52 0.013139
16 53 0.999978
16 54 0.999991
16 55 0.999988
16 56 0.013139
16 57 0.001149
16 58 0.999995
16 59 0.999996
16 60 0.347268
16 61 0.999998
16 62 0.013139
16 63 0.999998
16 64 0.013139
16 65 0.017692
16 66 0.013139
16 67 0.999996
16 68 0.999995
16 69 0.999999
16 70 0.975675
16 71 0.013139
16 72 0.999948
16 73 0.001346
16 74 0.999777
16 75 0.999986
16 76 0.000026
16 77 0.999998
16 78 0.945558
16 79 0.999999
16 80 0.013139
16 81 0.001149
16 82 0.999992
16 83 0.999997
16 84 0.001149
16 85 0.222456
16 86 0.090279
16 87 0.014543
16 88 0.001149
16 89 0.001149
16 90 0.013139
16 91 0.986417
16 92 0.364707
16 93 0.999624
16 94 0.999999
16 95 0.999370
16 96 0.999997
16 97 0.942979
16 98 0.014543
16 99 0.001149
17 0 0.999998
17 1 0.000020
17 2 0.999998
17 3 0.974509
17 4 0.016059
17 5 0.001346
17 6 0.999999
17 7 0.516316
17 8 0.999863
17 9 0.977385
17 10 0.000020
17 11 0.999998
17 12 0.000020
17 13 0.999998
17 14 0.013139
17 15 0.013139
17 16 0.013139
17 17 0.000000
17 18 0.013139
17 19 0.013139
17 20 0.999987
17 21 0.999999
17 22 0.016059
17 23 0.001346
17 24 0.013139
17 25 0.013139
17 26 0.999997
17 27 0.860448
17 28 0.999825
17 29 0.013139
17 30 0.016059
17 31 0.999998
17 32 0.999273
17 33 0.999987
17 34 0.001346
17 35 0.999997
17 36 0.014543
17 37 0.999721
17 38 0.017692
17 39 0.001149
17 40 0.013139
17 41 0.003235
17 42 0.999754
17 43 0.013139
17 44 0.002820
17 45 0.995085
17 46 0.013139
17 47 0.066696
17 48 0.066696
17 49 0.998630
17 50 0.400790
17 51 0.999963
17 52 0.999908
17 53 0.999995
17 54 0.998462
17 55 0.075609
17 56 0.001149
17 57 0.999440
17 58 0.938905
17 59 0.999998
17 60 0.999998
17 61 0.013139
17 62 0.999859
17 63 0.066696
17 64 0.989964
17 65 0.999999
17 66 0.999999
17 67 0.999938
17 68 0.013139
17 69 0.999993
17 70 0.999995
17 71 0.999998
17 72 0.899635
17 73 0.999944
17 74 0.999113
17 75 0.999997
17 76 0.013139
17 77 0.001149
17 78 0.001149
17 79 0.996507
17 80 0.998568
17 81 0.001149
17 82 0.999964
17 83 0.999997
17 84 0.999996
17 85 0.000020
17 86 0.016059
17 87 0.786242
17 88 0.999787
17 89 0.347268
17 90 0.016059
17 91 0.999999
17 92 0.013139
17 93 0.013139
17 94 0.999853
17 95 0.013139
17 96 0.996507
17 97 0.999999
17 98 0.999999
17 99 0.999999
18 0 0.999999
18 1 0.001149
18 2 0.999763
18 3 0.013139
18 4 0.996423
18 5 0.965610
18 6 0.000020
18 7 0.999991
18 8 0.013139
18 9 0.000020
18 10 0.990868
18 11 0.000020
18 12 0.999986
18 13 0.999970
18 14 0.999918
18 15 0.013139
18 16 0.999983
18 17 0.013139
18 18 0.000000
18 19 0.938905
18 20 0.999999
18 21 0.013139
18 22 0.999943
18 23 0.999512
18 24 0.013139
18 25 0.001346
18 26 0.999995
18 27 0.975099
18 28 0.000020
18 29 0.001346
18 30 0.014543
18 31 0.013139
18 32 0.994417
18 33 0.001346
18 34 0.999977
18 35 0.999650
18 36 0.013139
18 37 0.999988
18 38 0.013139
18 39 0.001149
18 40 0.025485
18 41 0.999998
18 42 0.338564
18 43 0.999998
18 44 0.000042
18 45 0.984363
18 46 0.999967
18 47 0.999964
18 48 0.999996
18 49 0.000020
18 50 0.999908
18 51 0.984739
18 52 0.999996
18 53 0.013139
18 54 0.998568
18 55 0.013139
18 56 0.001149
18 57 0.999995
18 58 0.999972
18 59 0.013139
18 60 0.066696
18 61 0.013139
18 62 0.016059
18 63 0.000020
18 64 0.999991
18 65 0.976239
18 66 0.999988
18 67 0.013139
18 68 0.999986
18 69 0.001829
18 70 0.999999
18 71 0.999999
18 72 0.999993
18 73 0.999997
18 74 0.013139
18 75 0.973905
18 76 0.013139
18 77 0.999998
18 78 0.001149
18 79 0.000020
18 80 0.998634
18 81 0.999979
18 82 0.085218
18 83 0.013139
18 84 0.999996
18 85 0.001149
18 86 0.999962
18 87 0.001149
18 88 0.013139
18 89 0.013139
18 90 0.001149
18 91 0.999997
18 92 0.999477
18 93 0.999781
18 94 0.999961
18 95 0.999998
18 96 0.999910
18 97 0.999015
18 98 0.999996
18 99 0.013139
19 0 0.000020
19 1 0.066696
19 2 0.668002
19 3 0.999943
19 4 0.000020
19 5 0.772427
19 6 0.999996
19 7 0.013139
19 8 0.014543
19 9 0.999994
19 10 0.999933
19 11 0.999849
19 12 0.999999
19 13 0.999998
19 14 0.998387
19 15 0.999998
19 16 0.998349
19 17 0.013139
19 18 0.938905
19 19 0.000000
19 20 0.001149
19 21 0.017692
19 22 0.999995
19 23 0.001572
19 24 0.000042
19 25 0.014543
19 26 0.997752
19 27 0.013139
19 28 0.001149
19 29 0.999997
19 30 0.001149
19 31 0.999995
19 32 0.999996
19 33 0.001149
19 34 0.999955
19 35 0.999998
19 36 0.999845
19 37 0.998849
19 38 0.786248
19 39 0.071066
19 40 0.999999
19 41 0.013139
19 42 0.999999
19 43 0.013139
19 44 0.994146
19 45 0.013139
19 46 0.998632
19 47 0.999998
19 48 0.071066
19 49 0.014543
19 50 0.997803
19 51 0.001149
19 52 0.999996
19 53 0.999998
19 54 0.999991
19 55 0.001149
19 56 0.000020
19 57 0.000020
19 58 0.999970
19 59 0.001346
19 60 0.071066
19 61 0.999881
19 62 0.999996
19 63 0.002120
19 64 0.959527
19 65 0.001149
19 66 0.071066
19 67 0.071066
19 68 0.999999
19 69 0.999984
19 70 0.999998
19 71 0.999992
19 72 0.999996
19 73 0.999999
19 74 0.999986
19 75 0.999991
19 76 0.222459
19 77 0.001149
19 78 0.014543
19 79 0.017692
19 80 0.999996
19 81 0.013139
19 82 0.991306
19 83 0.999680
19 84 0.999994
19 85 0.021328
19 86 0.013139
19 87 0.999413
19 88 0.999986
19 89 0.066696
19 90 0.001149
19 91 0.001149
19 92 0.002120
19 93 0.999935
19 94 0.184104
19 95 0.999986
19 96 0.013139
19 97 0.000020
19 98 0.016059
19 99 0.066696
20 0 0.999999
20 1 0.999796
20 2 0.999978
20 3 0.002447
20 4 0.999987
20 5 0.999997
20 6 0.013139
20 7 0.999989
20 8 0.002120
20 9 0.000020
20 10 0.184104
20 11 0.066696
20 12 0.999996
20 13 0.002120
20 14 0.999850
20 15 0.013139
20 16 0.997421
20 17 0.999987
20 18 0.999999
20 19 0.001149
20 20 0.000000
20 21 0.999946
20 22 0.013139
20 23 0.999997
20 24 0.066696
20 25 0.014543
20 26 0.013139
20 27 0.994283
20 28 0.999993
20 29 0.001149
20 30 0.999986
20 31 0.999709
20 32 0.013139
20 33 0.013139
20 34 0.157003
20 35 0.000020
20 36 0.993411
20 37 0.014543
20 38 0.999905
20 39 0.001149
20 40 0.014543
20 41 0.014543
20 42 0.999906
20 43 0.996340
20 44 0.963974
20 45 0.000020
20 46 0.013139
20 47 0.790692
20 48 0.000020
20 49 0.999977
20 50 0.016059
20 51 0.999994
20 52 0.013139
20 53 0.999999
20 54 0.999850
20 55 0.999997
20 56 0.999860
20 57 0.013139
20 58 0.013139
20 59 0.999998
20 60 0.013139
20 61 0.013139
20 62 0.000020
20 63 0.013139
20 64 0.975675
20 65 0.999991
20 66 0.996500
20 67 0.999865
20 68 0.999998
20 69 0.014543
20 70 0.999756
20 71 0.999999
20 72 0.066696
20 73 0.999857
20 74 0.013139
20 75 0.984612
20 76 0.781723
20 77 0.999999
20 78 0.001346
20 79 0.014543
20 80 0.013139
20 81 0.066696
20 82 0.999997
20 83 0.995974
20 84 0.999456
20 85 0.991271
20 86 0.996067
20 87 0.002449
20 88 0.013139
20 89 0.999781
20 90 0.999997
20 91 0.013139
20 92 0.999992
20 93 0.013139
20 94 0.999999
20 95 0.999906
20 96 0.390868
20 97 0.013139
20 98 0.781723
20 99 0.071066
21 0 0.999962
21 1 0.002449
21 2 0.000026
21 3 0.994283
21 4 0.013139
21 5 0.001149
21 6 0.000020
21 7 0.999998
21 8 0.013139
21 9 0.999998
21 10 0.001149
21 11 0.013139
21 12 0.364707
21 13 0.001346
21 14 0.013139
21 15 0.942978
21 16 0.407293
21 17 0.999999
21 18 0.013139
21 19 0.017692
21 20 0.999946
21 21 0.000000
21 22 0.001346
21 23 0.999976
21 24 0.999976
21 25 0.975099
21 26 0.013139
21 27 0.916205
21 28 0.984727
21 29 0.999999
21 30 0.999981
21 31 0.999997
21 32 0.999781
21 33 0.001149
21 34 0.999940
21 35 0.001149
21 36 0.999932
21 37 0.000026
21 38 0.999998
21 39 0.998528
21 40 0.941651
21 41 0.013139
21 42 0.999863
21 43 0.001829
21 44 0.080327
21 45 0.985429
21 46 0.000033
21 47 0.999993
21 48 0.013139
21 49 0.085217
21 50 0.014543
21 51 0.013139
21 52 0.000020
21 53 0.999993
21 54 0.999998
21 55 0.999907
21 56 0.998599
21 57 0.999993
21 58 0.996992
21 59 0.066696
21 60 0.967175
21 61 0.013139
21 62 0.014543
21 63 0.993255
21 64 0.001149
21 65 0.999339
21 66 0.013139
21 67 0.999981
21 68 0.013139
21 69 0.999997
21 70 0.999944
21 71 0.066696
21 72 0.014543
21 73 0.013139
21 74 0.999399
21 75 0.941650
21 76 0.999453
21 77 0.013139
21 78 0.999998
21 79 0.013139
21 80 0.013139
21 81 0.014543
21 82 0.999904
21 83 0.904054
21 84 0.945550
21 85 0.999999
21 86 0.013139
21 87 0.013139
21 88 0.013139
21 89 0.075610
21 90 0.999995
21 91 0.999999
21 92 0.999648
21 93 0.963970
21 94 0.999999
21 95 0.999856
21 96 0.001346
21 97 0.000053
21 98 0.075609
21 99 0.999944
22 0 0.999944
22 1 0.999915
22 2 0.999977
22 3 0.013139
22 4 0.001149
22 5 0.999999
22 6 0.999986
22 7 0.014543
22 8 0.999988
22 9 0.997654
22 10 0.999986
22 11 0.999989
22 12 0.016059
22 13 0.014543
22 14 0.999997
22 15 0.013139
22 16 0.999999
22 17 0.016059
22 18 0.999943
22 19 0.999995
22 20 0.013139
22 21 0.001346
22 22 0.000000
22 23 0.000020
22 24 0.014543
22 25 0.999989
22 26 0.013139
22 27 0.999999
22 28 0.000020
22 29 0.013139
22 30 0.995973
22 31 0.983991
22 32 0.075609
22 33 0.014543
22 34 0.999942
22 35 0.000020
22 36 0.080327
22 37 0.999999
22 38 0.999924
22 39 0.999999
22 40 0.999997
22 41 0.016059
22 42 0.999979
22 43 0.999999
22 44 0.001149
22 45 0.999963
22 46 0.013139
22 47 0.016059
22 48 0.013139
22 49 0.994146
22 50 0.002451
22 51 0.999884
22 52 0.016059
22 53 0.999995
22 54 0.977327
22 55 0.999978
22 56 0.999989
22 57 0.934550
22 58 0.013139
22 59 0.975099
22 60 0.999997
22 61 0.013139
22 62 0.999039
22 63 0.013139
22 64 0.999961
22 65 0.999945
22 66 0.975675
22 67 0.013139
22 68 0.999971
22 69 0.112248
22 70 0.001149
22 71 0.999999
22 72 0.001346
22 73 0.985381
22 74 0.999998
22 75 0.001829
22 76 0.199118
22 77 0.013139
22 78 0.066696
22 79 0.001149
22 80 0.001572
22 81 0.999997
22 82 0.066696
22 83 0.999999
22 84 0.999991
22 85 0.999976
22 86 0.999992
22 87 0.013139
22 88 0.000020
22 89 0.001346
22 90 0.000026
22 91 0.999992
22 92 0.999990
22 93 0.199118
22 94 0.013139
22 95 0.013139
22 96 0.001346
22 97 0.998498
22 98 0.999935
22 99 0.578741
23 0 0.013139
23 1 0.080327
23 2 0.013139
23 3 0.001149
23 4 0.013139
23 5 0.001346
23 6 0.999999
23 7 0.999125
23 8 0.999999
23 9 0.999994
23 10 0.013139
23 11 0.999967
23 12 0.016059
23 13 0.338564
23 14 0.001149
23 15 0.013139
23 16 0.985429
23 17 0.001346
23 18 0.999512
23 19 0.001572
23 20 0.999997
23 21 0.999976
23 22 0.000020
23 23 0.000000
23 24 0.999998
23 25 0.017692
23 26 0.999993
23 27 0.001346
23 28 0.850963
23 29 0.999994
23 30 0.001149
23 31 0.000020
23 32 0.013139
23 33 0.999992
23 34 0.013139
23 35 0.999991
23 36 0.999782
23 37 0.000020
23 38 0.001346
23 39 0.085216
23 40 0.999834
23 41 0.994286
23 42 0.999942
23 43 0.762799
23 44 0.206791
23 45 0.999846
23 46 0.000020
23 47 0.999174
23 48 0.999998
23 49 0.999994
23 50 0.001346
23 51 0.013139
23 52 0.999997
23 53 0.999255
23 54 0.000042
23 55 0.999979
23 56 0.999997
23 57 0.001149
23 58 0.999997
23 59 0.013139
23 60 0.013139
23 61 0.001149
23 62 0.000020
23 63 0.000020
23 64 0.016059
23 65 0.013139
23 66 0.999986
23 67 0.066696
23 68 0.994283
23 69 0.013139
23 70 0.990927
23 71 0.001149
23 72 0.999992
23 73 0.013139
23 74 0.222465
23 75 0.999996
23 76 0.999999
23 77 0.999995
23 78 0.013139
23 79 0.014543
23 80 0.000020
23 81 0.999999
23 82 0.999998
23 83 0.999996
23 84 0.000020
23 85 0.013139
23 86 0.999987
23 87 0.999850
23 88 0.999996
23 89 0.999923
23 90 0.023341
23 91 0.001149
23 92 0.000020
23 93 0.910339
23 94 0.999998
23 95 0.013139
23 96 0.999979
23 97 0.013139
23 98 0.999993
23 99 0.996337
24 0 0.999650
24 1 0.999996
24 2 0.013139
24 3 0.013139
24 4 0.017692
24 5 0.001149
24 6 0.963122
24 7 0.999965
24 8 0.999986
24 9 0.994417
24 10 0.071066
24 11 0.914314
24 12 0.999977
24 13 0.999987
24 14 0.999998
24 15 0.000026
24 16 0.013139
24 17 0.013139
24 18 0.013139
24 19 0.000042
24 20 0.066696
24 21 0.999976
24 22 0.014543
24 23 0.999998
24 24 0.000000
24 25 0.989724
24 26 0.999997
24 27 0.866457
24 28 0.013139
24 29 0.066696
24 30 0.999782
24 31 0.013139
24 32 0.999999
24 33 0.999382
24 34 0.999999
24 35 0.998568
24 36 0.999999
24 37 0.999998
24 38 0.999998
24 39 0.999061
24 40 0.013139
24 41 0.999999
24 42 0.338564
24 43 0.999999
24 44 0.999941
24 45 0.999992
24 46 0.999992
24 47 0.999998
24 48 0.013139
24 49 0.071066
24 50 0.001149
24 51 0.013139
24 52 0.999986
24 53 0.999853
24 54 0.999771
24 55 0.023340
24 56 0.999980
24 57 0.999996
24 58 0.014543
24 59 0.001346
24 60 0.013139
24 61 0.001149
24 62 0.999994
24 63 0.999992
24 64 0.999992
24 65 0.001572
24 66 0.013139
24 67 0.999962
24 68 0.001149
24 69 0.014543
24 70 0.999657
24 71 0.355983
24 72 0.001149
24 73 0.000020
24 74 0.999963
24 75 0.938905
24 76 0.001149
24 77 0.184104
24 78 0.999116
24 79 0.999994
24 80 0.001149
24 81 0.016059
24 82 0.013139
24 83 0.999776
24 84 0.001149
24 85 0.999968
24 86 0.999633
24 87 0.999992
24 88 0.959527
24 89 0.999999
24 90 0.999999
24 91 0.999964
24 92 0.999992
24 93 0.013139
24 94 0.999864
24 95 0.222461
24 96 0.997760
24 97 0.013139
24 98 0.999997
24 99 0.999427
25 0 0.075610
25 1 0.013139
25 2 0.017693
25 3 0.999781
25 4 0.023340
25 5 0.999969
25 6 0.999994
25 7 0.001149
25 8 0.999998
25 9 0.999943
25 10 0.999998
25 11 0.080327
25 12 0.999994
25 13 0.655037
25 14 0.013139
25 15 0.017692
25 16 0.999966
25 17 0.013139
25 18 0.001346
25 19 0.014543
25 20 0.014543
25 21 0.975099
25 22 0.999989
25 23 0.017692
25 24 0.989724
25 25 0.000000
25 26 0.945546
25 27 0.999993
25 28 0.000033
25 29 0.013139
25 30 0.999999
25 31 0.908288
25 32 0.000020
25 33 0.999721
25 34 0.999977
25 35 0.998462
25 36 0.999998
25 37 0.013139
25 38 0.016059
25 39 0.999998
25 40 0.999999
25 41 0.013139
25 42 0.338564
25 43 0.999998
25 44 0.999994
25 45 0.999993
25 46 0.999998
25 47 0.999958
25 48 0.013139
25 49 0.999977
25 50 0.071066
25 51 0.016059
25 52 0.999466
25 53 0.013139
25 54 0.001149
25 55 0.999986
25 56 0.999948
25 57 0.000020
25 58 0.999999
25 59 0.014543
25 60 0.347268
25 61 0.017692
25 62 0.844319
25 63 0.013139
25 64 0.013139
25 65 0.716224
25 66 0.013139
25 67 0.013139
25 68 0.013139
25 69 0.999996
25 70 0.999850
25 71 0.847674
25 72 0.000033
25 73 0.023341
25 74 0.999765
25 75 0.000020
25 76 0.977325
25 77 0.066696
25 78 0.001572
25 79 0.999999
25 80 0.000020
25 81 0.016059
25 82 0.999965
25 83 0.508189
25 84 0.999999
25 85 0.013139
25 86 0.999995
25 87 0.999996
25 88 0.991082
25 89 0.013139
25 90 0.555941
25 91 0.999964
25 92 0.999998
25 93 0.001346
25 94 0.001829
25 95 0.995199
25 96 0.999999
25 97 0.999962
25 98 0.999992
25 99 0.993716
26 0 0.999979
26 1 0.001149
26 2 0.999999
26 3 0.993411
26 4 0.014543
26 5 0.988852
26 6 0.066696
26 7 0.999944
26 8 0.999987
26 9 0.013139
26 10 0.013139
26 11 0.075610
26 12 0.001149
26 13 0.999979
26 14 0.999991
26 15 0.999996
26 16 0.999997
26 17 0.999997
26 18 0.999995
26 19 0.997752
26 20 0.013139
26 21 0.013139
26 22 0.013139
26 23 0.999993
26 24 0.999997
26 25 0.945546
26 26 0.000000
26 27 0.066696
26 28 0.999651
26 29 0.999998
26 30 0.001149
26 31 0.013139
26 32 0.999998
26 33 0.001149
26 34 0.001149
26 35 0.999633
26 36 0.999987
26 37 0.013139
26 38 0.999995
26 39 0.999597
26 40 0.999990
26 41 0.986771
26 42 0.999986
26 43 0.710526
26 44 0.999991
26 45 0.999997
26 46 0.016059
26 47 0.999997
26 48 0.066696
26 49 0.013139
26 50 0.999998
26 51 0.085216
26 52 0.013139
26 53 0.999994
26 54 0.998569
26 55 0.999963
26 56 0.999981
26 57 0.999995
26 58 0.001149
26 59 0.990868
26 60 0.999864
26 61 0.013139
26 62 0.999993
26 63 0.999999
26 64 0.013139
26 65 0.999959
26 66 0.999998
26 67 0.767655
26 68 0.191553
26 69 0.999963
26 70 0.014543
26 71 0.976789
26 72 0.999966
26 73 0.977327
26 74 0.999991
26 75 0.000020
26 76 0.014543
26 77 0.000020
26 78 0.999964
26 79 0.001149
26 80 0.016059
26 81 0.001149
26 82 0.999105
26 83 0.014543
26 84 0.977268
26 85 0.021318
26 86 0.847674
26 87 0.013139
26 88 0.996249
26 89 0.999939
26 90 0.994556
26 91 0.999996
26 92 0.000020
26 93 0.013139
26 94 0.999916
26 95 0.999996
26 96 0.999997
26 97 0.998587
26 98 0.999994
26 99 0.901868
27 0 0.994006
27 1 0.999853
27 2 0.994006
27 3 0.999978
27 4 0.906194
27 5 0.999996
27 6 0.001346
27 7 0.999904
27 8 0.999964
27 9 0.066696
27 10 0.941651
27 11 0.999996
27 12 0.066696
27 13 0.199119
27 14 0.000020
27 15 0.013139
27 16 0.013139
27 17 0.860448
27 18 0.975099
27 19 0.013139
27 20 0.994283
27 21 0.916205
27 22 0.999999
27 23 0.001346
27 24 0.866457
27 25 0.999993
27 26 0.066696
27 27 0.000000
27 28 0.999854
27 29 0.013139
27 30 0.999997
27 31 0.999998
27 32 0.999988
27 33 0.998635
27 34 0.999979
27 35 0.857349
27 36 0.999995
27 37 0.999996
27 38 0.364707
27 39 0.001149
27 40 0.001829
27 41 0.999996
27 42 0.999884
27 43 0.999942
27 44 0.013139
27 45 0.000020
27 46 0.999999
27 47 0.347268
27 48 0.000026
27 49 0.998462
27 50 0.016059
27 51 0.001149
