0 0 0.000000
0 1 0.999999
0 2 0.014543
0 3 0.999083
0 4 0.000020
0 5 0.999997
0 6 0.999860
0 7 0.996160
0 8 0.001149
0 9 0.999997
0 10 0.373431
0 11 0.001149
0 12 0.999968
0 13 0.999997
0 14 0.013139
0 15 0.999992
0 16 0.001346
0 17 0.999991
0 18 0.999994
0 19 0.000020
0 20 0.999928
0 21 0.999998
0 22 0.999999
0 23 0.013139
0 24 0.999781
0 25 0.075610
0 26 0.999979
0 27 0.999997
0 28 0.999998
0 29 0.013139
0 30 0.999993
0 31 0.999998
0 32 0.999992
0 33 0.999987
0 34 0.999992
0 35 0.347268
0 36 0.013139
0 37 0.013139
0 38 0.999998
0 39 0.014543
0 40 0.999998
0 41 0.999998
0 42 0.999986
0 43 0.017692
0 44 0.066696
0 45 0.850964
0 46 0.999998
0 47 0.999998
0 48 0.001829
0 49 0.000020
0 50 0.912344
0 51 0.999906
0 52 0.014543
0 53 0.013139
0 54 0.014543
0 55 0.191553
0 56 0.001346
0 57 0.001572
0 58 0.999998
0 59 0.014543
0 60 0.999947
0 61 0.937485
0 62 0.001346
0 63 0.999991
0 64 0.999999
0 65 0.001149
0 66 0.999771
0 67 0.999919
0 68 0.999992
0 69 0.000020
0 70 0.999998
0 71 0.000020
0 72 0.071066
0 73 0.999999
0 74 0.071066
0 75 0.999995
0 76 0.013139
0 77 0.999987
0 78 0.001149
0 79 0.999950
0 80 0.999989
0 81 0.001149
0 82 0.940293
0 83 0.001149
0 84 0.999998
0 85 0.999950
0 86 0.013139
0 87 0.999999
0 88 0.999991
0 89 0.019447
0 90 0.999992
0 91 0.001149
0 92 0.999996
0 93 0.013139
0 94 0.999818
0 95 0.013139
0 96 0.000020
0 97 0.999978
0 98 0.999979
0 99 0.999991
1 0 0.999999
1 1 0.000000
1 2 0.999998
1 3 0.001572
1 4 0.999998
1 5 0.999863
1 6 0.999990
1 7 0.994145
1 8 0.999894
1 9 0.013139
1 10 0.013139
1 11 0.999996
1 12 0.001346
1 13 0.999998
1 14 0.013139
1 15 0.665736
1 16 0.998765
1 17 0.000020
1 18 0.001149
1 19 0.066696
1 20 0.999999
1 21 0.002449
1 22 0.999997
1 23 0.373431
1 24 0.999998
1 25 0.338564
1 26 0.001149
1 27 0.999965
1 28 0.999786
1 29 0.001829
1 30 0.013139
1 31 0.016059
1 32 0.999999
1 33 0.013139
1 34 0.014543
1 35 0.999999
1 36 0.869374
1 37 0.013139
1 38 0.001149
1 39 0.999597
1 40 0.000020
1 41 0.999995
1 42 0.000020
1 43 0.001149
1 44 0.000020
1 45 0.013139
1 46 0.999987
1 47 0.014543
1 48 0.999989
1 49 0.999995
1 50 0.999983
1 51 0.996810
1 52 0.999996
1 53 0.066696
1 54 0.013139
1 55 0.013139
1 56 0.999996
1 57 0.998387
1 58 0.000026
1 59 0.014543
1 60 0.996588
1 61 0.999999
1 62 0.999997
1 63 0.013139
1 64 0.013139
1 65 0.999969
1 66 0.999936
1 67 0.191553
1 68 0.001346
1 69 0.206794
1 70 0.001346
1 71 0.999986
1 72 0.000020
1 73 0.001572
1 74 0.999995
1 75 0.001149
1 76 0.986446
1 77 0.003237
1 78 0.001572
1 79 0.999998
1 80 0.999996
1 81 0.001149
1 82 0.999994
1 83 0.999948
1 84 0.999842
1 85 0.013139
1 86 0.000020
1 87 0.019446
1 88 0.999776
1 89 0.999999
1 90 0.984363
1 91 0.999997
1 92 0.998583
1 93 0.999987
1 94 0.999880
1 95 0.999105
1 96 0.999986
1 97 0.978364
1 98 0.014543
1 99 0.998634
2 0 0.014543
2 1 0.999998
2 2 0.000000
2 3 0.013139
2 4 0.999771
2 5 0.184104
2 6 0.999839
2 7 0.999999
2 8 0.999998
2 9 0.000020
2 10 0.999998
2 11 0.001829
2 12 0.066696
2 13 0.999999
2 14 0.524377
2 15 0.013139
2 16 0.013139
2 17 0.999986
2 18 0.999995
2 19 0.080327
2 20 0.999999
2 21 0.000026
2 22 0.999999
2 23 0.013139
2 24 0.013139
2 25 0.080328
2 26 0.999999
2 27 0.866459
2 28 0.999987
2 29 0.994667
2 30 0.001149
2 31 0.013139
2 32 0.999995
2 33 0.938905
2 34 0.000020
2 35 0.999959
2 36 0.001149
2 37 0.013139
2 38 0.013139
2 39 0.999997
2 40 0.999957
2 41 0.999964
2 42 0.999048
2 43 0.001572
2 44 0.999913
2 45 0.001149
2 46 0.999674
2 47 0.000026
2 48 0.999999
2 49 0.999999
2 50 0.013139
2 51 0.999999
2 52 0.000033
2 53 0.017692
2 54 0.999995
2 55 0.999999
2 56 0.017692
2 57 0.001572
2 58 0.993862
2 59 0.001346
2 60 0.019446
2 61 0.013139
2 62 0.999972
2 63 0.999999
2 64 0.013139
2 65 0.013139
2 66 0.999997
2 67 0.013139
2 68 0.999997
2 69 0.942564
2 70 0.000020
2 71 0.999987
2 72 0.014543
2 73 0.999993
2 74 0.000020
2 75 0.013139
2 76 0.013139
2 77 0.990650
2 78 0.000020
2 79 0.999965
2 80 0.999940
2 81 0.999998
2 82 0.999997
2 83 0.999956
2 84 0.999491
2 85 0.066696
2 86 0.001346
2 87 0.014543
2 88 0.001149
2 89 0.999948
2 90 0.999083
2 91 0.001346
2 92 0.014543
2 93 0.347268
2 94 0.000033
2 95 0.999972
2 96 0.013139
2 97 0.016059
2 98 0.999994
2 99 0.999300
3 0 0.999083
3 1 0.001572
3 2 0.013139
3 3 0.000000
3 4 0.999427
3 5 0.999999
3 6 0.014543
3 7 0.999945
3 8 0.999998
3 9 0.000020
3 10 0.001149
3 11 0.002120
3 12 0.184104
3 13 0.548149
3 14 0.000020
3 15 0.013139
3 16 0.999998
3 17 0.085216
3 18 0.013139
3 19 0.999997
3 20 0.002447
3 21 0.999146
3 22 0.013139
3 23 0.001149
3 24 0.013139
3 25 0.999999
3 26 0.998992
3 27 0.999999
3 28 0.013139
3 29 0.999809
3 30 0.998638
3 31 0.999961
3 32 0.013139
3 33 0.001149
3 34 0.191553
3 35 0.999988
3 36 0.999991
3 37 0.016059
3 38 0.999992
3 39 0.999997
3 40 0.999977
3 41 0.017692
3 42 0.014543
3 43 0.013139
3 44 0.066696
3 45 0.999998
3 46 0.013139
3 47 0.999986
3 48 0.999868
3 49 0.016059
3 50 0.001149
3 51 0.999980
3 52 0.066696
3 53 0.999998
3 54 0.001346
3 55 0.001572
3 56 0.014543
3 57 0.014543
3 58 0.999945
3 59 0.998632
3 60 0.000026
3 61 0.996572
3 62 0.999650
3 63 0.000020
3 64 0.023341
3 65 0.973905
3 66 0.999989
3 67 0.999998
3 68 0.999966
3 69 0.000020
3 70 0.999992
3 71 0.999999
3 72 0.999999
3 73 0.071066
3 74 0.999996
3 75 0.013139
3 76 0.989964
3 77 0.999794
3 78 0.001149
3 79 0.013139
3 80 0.999969
3 81 0.002120
3 82 0.999977
3 83 0.999992
3 84 0.999995
3 85 0.013139
3 86 0.999868
3 87 0.001149
3 88 0.999999
3 89 0.000020
3 90 0.001829
3 91 0.013139
3 92 0.984363
3 93 0.001149
3 94 0.000020
3 95 0.983991
3 96 0.013139
3 97 0.199118
3 98 0.000026
3 99 0.869372
4 0 0.000020
4 1 0.999998
4 2 0.999771
4 3 0.999427
4 4 0.000000
4 5 0.999947
4 6 0.999993
4 7 0.999998
4 8 0.999982
4 9 0.338564
4 10 0.999995
4 11 0.999765
4 12 0.001346
4 13 0.999904
4 14 0.999995
4 15 0.001149
4 16 0.999997
4 17 0.016059
4 18 0.997815
4 19 0.000020
4 20 0.994388
4 21 0.013139
4 22 0.001149
4 23 0.013139
4 24 0.017692
4 25 0.023340
4 26 0.014543
4 27 0.994146
4 28 0.071066
4 29 0.999999
4 30 0.014543
4 31 0.013139
4 32 0.016059
4 33 0.999992
4 34 0.999992
4 35 0.959217
4 36 0.001149
4 37 0.999945
4 38 0.999989
4 39 0.013139
4 40 0.908289
4 41 0.999945
4 42 0.999988
4 43 0.013139
4 44 0.578805
4 45 0.999991
4 46 0.999997
4 47 0.184104
4 48 0.001149
4 49 0.017692
4 50 0.013139
4 51 0.999994
4 52 0.000020
4 53 0.999992
4 54 0.001829
4 55 0.014543
4 56 0.014543
4 57 0.013139
4 58 0.999147
4 59 0.013139
4 60 0.013139
4 61 0.999992
4 62 0.998387
4 63 0.001149
4 64 0.999999
4 65 0.999760
4 66 0.000020
4 67 0.013139
4 68 0.184104
4 69 0.013139
4 70 0.000020
4 71 0.999999
4 72 0.999961
4 73 0.071066
4 74 0.999997
4 75 0.998387
4 76 0.014543
4 77 0.997915
4 78 0.999967
4 79 0.071066
4 80 0.184104
4 81 0.014543
4 82 0.999998
4 83 0.001149
4 84 0.016059
4 85 0.999991
4 86 0.999642
4 87 0.999999
4 88 0.000020
4 89 0.013139
4 90 0.013139
4 91 0.999996
4 92 0.999998
4 93 0.013139
4 94 0.001346
4 95 0.999998
4 96 0.999119
4 97 0.999998
4 98 0.999977
4 99 0.999995
5 0 0.999997
5 1 0.999863
5 2 0.184104
5 3 0.999999
5 4 0.999947
5 5 0.000000
5 6 0.999954
5 7 0.999999
5 8 0.001829
5 9 0.999942
5 10 0.013139
5 11 0.999998
5 12 0.999992
5 13 0.998723
5 14 0.013139
5 15 0.999995
5 16 0.013139
5 17 0.001346
5 18 0.987048
5 19 0.993863
5 20 0.999997
5 21 0.001149
5 22 0.999999
5 23 0.001346
5 24 0.001149
5 25 0.999991
5 26 0.999332
5 27 0.999924
5 28 0.999977
5 29 0.999991
5 30 0.013139
5 31 0.001149
5 32 0.999999
5 33 0.000020
5 34 0.999959
5 35 0.017692
5 36 0.983610
5 37 0.999919
5 38 0.999999
5 39 0.014543
5 40 0.999999
5 41 0.001149
5 42 0.000020
5 43 0.001346
5 44 0.013139
5 45 0.999769
5 46 0.014543
5 47 0.999998
5 48 0.013139
5 49 0.999999
5 50 0.999995
5 51 0.999990
5 52 0.000020
5 53 0.002120
5 54 0.999977
5 55 0.016059
5 56 0.000020
5 57 0.999971
5 58 0.999996
5 59 0.999845
5 60 0.001149
5 61 0.071066
5 62 0.991082
5 63 0.000020
5 64 0.013139
5 65 0.000026
5 66 0.013139
5 67 0.013139
5 68 0.975675
5 69 0.999985
5 70 0.999943
5 71 0.999997
5 72 0.001572
5 73 0.999781
5 74 0.999992
5 75 0.000020
5 76 0.999999
5 77 0.013139
5 78 0.999992
5 79 0.998666
5 80 0.999964
5 81 0.000020
5 82 0.013139
5 83 0.999977
5 84 0.999997
5 85 0.994283
5 86 0.999996
5 87 0.075609
5 88 0.999125
5 89 0.999998
5 90 0.000026
5 91 0.000020
5 92 0.999992
5 93 0.999453
5 94 0.999849
5 95 0.001149
5 96 0.100921
5 97 0.999992
5 98 0.013139
5 99 0.999996
6 0 0.999860
6 1 0.999990
6 2 0.999839
6 3 0.014543
6 4 0.999993
6 5 0.999954
6 6 0.000000
6 7 0.524378
6 8 0.014543
6 9 0.001149
6 10 0.999466
6 11 0.001346
6 12 0.999999
6 13 0.999945
6 14 0.999949
6 15 0.090280
6 16 0.999992
6 17 0.999992
6 18 0.000020
6 19 0.999942
6 20 0.013139
6 21 0.000020
6 22 0.999993
6 23 0.999997
6 24 0.230435
6 25 0.999997
6 26 0.066696
6 27 0.001346
6 28 0.999884
6 29 0.999997
6 30 0.999997
6 31 0.999930
6 32 0.001149
6 33 0.090280
6 34 0.993565
6 35 0.999991
6 36 0.999995
6 37 0.000001
6 38 0.013139
6 39 0.999997
6 40 0.999996
6 41 0.013139
6 42 0.999967
6 43 0.999998
6 44 0.999991
6 45 0.001149
6 46 0.000020
6 47 0.999969
6 48 0.016059
6 49 0.071066
6 50 0.101163
6 51 0.013139
6 52 0.999910
6 53 0.000020
6 54 0.017692
6 55 0.001149
6 56 0.998601
6 57 0.001149
6 58 0.013139
6 59 0.999996
6 60 0.999999
6 61 0.999988
6 62 0.999658
6 63 0.999941
6 64 0.338564
6 65 0.999993
6 66 0.999999
6 67 0.999959
6 68 0.999991
6 69 0.999998
6 70 0.999999
6 71 0.999999
6 72 0.999999
6 73 0.001149
6 74 0.999997
6 75 0.999997
6 76 0.999995
6 77 0.017692
6 78 0.999997
6 79 0.976789
6 80 0.999930
6 81 0.999999
6 82 0.999999
6 83 0.999998
6 84 0.001149
6 85 0.986423
6 86 0.013139
6 87 0.998034
6 88 0.000020
6 89 0.016059
6 90 0.999947
6 91 0.013139
6 92 0.999650
6 93 0.000026
6 94 0.999999
6 95 0.999860
6 96 0.999997
6 97 0.999857
6 98 0.001149
6 99 0.999943
7 0 0.996160
7 1 0.994145
7 2 0.999999
7 3 0.999945
7 4 0.999998
7 5 0.999999
7 6 0.524378
7 7 0.000000
7 8 0.999999
7 9 0.066696
7 10 0.000020
7 11 0.999642
7 12 0.014543
7 13 0.999978
7 14 0.013139
7 15 0.021328
7 16 0.999973
7 17 0.016059
7 18 0.999995
7 19 0.013139
7 20 0.999955
7 21 0.999995
7 22 0.014543
7 23 0.999998
7 24 0.999976
7 25 0.001149
7 26 0.999997
7 27 0.999991
7 28 0.001346
7 29 0.999999
7 30 0.999910
7 31 0.999084
7 32 0.014543
7 33 0.238501
7 34 0.016059
7 35 0.999794
7 36 0.999771
7 37 0.997710
7 38 0.999999
7 39 0.999996
7 40 0.013139
7 41 0.999771
7 42 0.999992
7 43 0.983991
7 44 0.999999
7 45 0.999999
7 46 0.999996
7 47 0.001346
7 48 0.999997
7 49 0.000020
7 50 0.013139
7 51 0.013139
7 52 0.999998
7 53 0.001149
7 54 0.999998
7 55 0.999935
7 56 0.000020
7 57 0.999992
7 58 0.999995
7 59 0.000020
7 60 0.999997
7 61 0.999658
7 62 0.013139
7 63 0.222459
7 64 0.999998
7 65 0.013139
7 66 0.999385
7 67 0.999597
7 68 0.999996
7 69 0.075609
7 70 0.999831
7 71 0.000020
7 72 0.999994
7 73 0.999999
7 74 0.000026
7 75 0.999998
7 76 0.999945
7 77 0.987040
7 78 0.017692
7 79 0.013139
7 80 0.999996
7 81 0.999996
7 82 0.999968
7 83 0.017692
7 84 0.999999
7 85 0.999986
7 86 0.999994
7 87 0.999990
7 88 0.772427
7 89 0.013139
7 90 0.999999
7 91 0.019447
7 92 0.013139
7 93 0.999971
7 94 0.001149
7 95 0.001572
7 96 0.071066
7 97 0.000020
7 98 0.999947
7 99 0.999943
8 0 0.001149
8 1 0.999894
8 2 0.999998
8 3 0.999998
8 4 0.999982
8 5 0.001829
8 6 0.014543
8 7 0.999999
8 8 0.000000
8 9 0.999955
8 10 0.000020
8 11 0.013139
8 12 0.013139
8 13 0.001346
8 14 0.999999
8 15 0.066696
8 16 0.023334
8 17 0.999991
8 18 0.013139
8 19 0.014543
8 20 0.002120
8 21 0.013139
8 22 0.999999
8 23 0.999968
8 24 0.999998
8 25 0.999972
8 26 0.999832
8 27 0.999954
8 28 0.013139
8 29 0.999863
8 30 0.999998
8 31 0.014543
8 32 0.999998
8 33 0.000020
8 34 0.999977
8 35 0.000020
8 36 0.013139
8 37 0.999773
8 38 0.001149
8 39 0.999999
8 40 0.986789
8 41 0.999995
8 42 0.999955
8 43 0.001149
8 44 0.001149
8 45 0.001346
8 46 0.999997
8 47 0.999991
8 48 0.999999
8 49 0.000020
8 50 0.014543
8 51 0.364707
8 52 0.347268
8 53 0.000020
8 54 0.013139
8 55 0.001149
8 56 0.000020
8 57 0.999996
8 58 0.999996
8 59 0.013139
8 60 0.999999
8 61 0.016059
8 62 0.013139
8 63 0.019447
8 64 0.000020
8 65 0.000020
8 66 0.999917
8 67 0.000020
8 68 0.999880
8 69 0.999998
8 70 0.999860
8 71 0.999996
8 72 0.066696
8 73 0.000020
8 74 0.999988
8 75 0.000042
8 76 0.000026
8 77 0.999821
8 78 0.013139
8 79 0.997598
8 80 0.999999
8 81 0.001149
8 82 0.999999
8 83 0.999166
8 84 0.000020
8 85 0.999998
8 86 0.013139
8 87 0.999995
8 88 0.985083
8 89 0.013139
8 90 0.999999
8 91 0.000020
8 92 0.999994
8 93 0.000026
8 94 0.999994
8 95 0.532372
8 96 0.999997
8 97 0.999760
8 98 0.016059
8 99 0.999991
9 0 0.999997
9 1 0.013139
9 2 0.000020
9 3 0.000020
9 4 0.338564
9 5 0.999942
9 6 0.001149
9 7 0.066696
9 8 0.999955
9 9 0.000000
9 10 0.001149
9 11 0.999996
9 12 0.999999
9 13 0.999660
9 14 0.999988
9 15 0.999991
9 16 0.945546
9 17 0.914521
9 18 0.000020
9 19 0.999992
9 20 0.000020
9 21 0.999979
9 22 0.999965
9 23 0.999996
9 24 0.999947
9 25 0.999998
9 26 0.013139
9 27 0.066696
9 28 0.001346
9 29 0.347268
9 30 0.992919
9 31 0.001829
9 32 0.999996
9 33 0.080325
9 34 0.013139
9 35 0.014543
9 36 0.999997
9 37 0.999996
9 38 0.999995
9 39 0.999466
9 40 0.013139
9 41 0.013139
9 42 0.999999
9 43 0.999650
9 44 0.938905
9 45 0.996160
9 46 0.999994
9 47 0.999998
9 48 0.999995
9 49 0.338564
9 50 0.000020
9 51 0.999996
9 52 0.999986
9 53 0.999940
9 54 0.013139
9 55 0.999966
9 56 0.013139
9 57 0.999967
9 58 0.001572
9 59 0.999992
9 60 0.957561
9 61 0.999998
9 62 0.999991
9 63 0.999992
9 64 0.999999
9 65 0.999999
9 66 0.999999
9 67 0.000020
9 68 0.000033
9 69 0.013139
9 70 0.999945
9 71 0.013139
9 72 0.866457
9 73 0.001149
9 74 0.990867
9 75 0.999998
9 76 0.999996
9 77 0.002449
9 78 0.999925
9 79 0.996423
9 80 0.000026
9 81 0.999999
9 82 0.000020
9 83 0.999992
9 84 0.999978
9 85 0.013139
9 86 0.001149
9 87 0.013139
9 88 0.013139
9 89 0.001346
9 90 0.001149
9 91 0.965610
9 92 0.013139
9 93 0.999998
9 94 0.999941
9 95 0.999998
9 96 0.999998
9 97 0.001346
9 98 0.013139
9 99 0.013139
10 0 0.373431
10 1 0.013139
10 2 0.999998
10 3 0.001149
10 4 0.999995
10 5 0.013139
10 6 0.999466
10 7 0.000020
10 8 0.000020
10 9 0.001149
10 10 0.000000
10 11 0.019446
10 12 0.844319
10 13 0.000033
10 14 0.999996
10 15 0.999977
10 16 0.001149
10 17 0.000020
10 18 0.999860
10 19 0.999996
10 20 0.184104
10 21 0.001149
10 22 0.999943
10 23 0.013139
10 24 0.071066
10 25 0.999999
10 26 0.013139
10 27 0.977852
10 28 0.999999
10 29 0.013139
10 30 0.000020
10 31 0.999995
10 32 0.999997
10 33 0.999913
10 34 0.999992
10 35 0.014543
10 36 0.999997
10 37 0.924249
10 38 0.999998
10 39 0.999998
10 40 0.983991
10 41 0.999999
10 42 0.999997
10 43 0.999992
10 44 0.999976
10 45 0.999997
10 46 0.399704
10 47 0.999999
10 48 0.013139
10 49 0.013139
10 50 0.014543
10 51 0.999944
10 52 0.000026
10 53 0.014543
10 54 0.000020
10 55 0.999999
10 56 0.013139
10 57 0.999993
10 58 0.997868
10 59 0.000020
10 60 0.999997
10 61 0.355984
10 62 0.999999
10 63 0.999917
10 64 0.999999
10 65 0.997815
10 66 0.246621
10 67 0.184104
10 68 0.999999
10 69 0.013139
10 70 0.999998
10 71 0.999991
10 72 0.999995
10 73 0.000020
10 74 0.999146
10 75 0.000020
10 76 0.999947
10 77 0.772427
10 78 0.001149
10 79 0.013139
10 80 0.013139
10 81 0.999997
10 82 0.013139
10 83 0.999947
10 84 0.661564
10 85 0.000020
10 86 0.013139
10 87 0.001346
10 88 0.013139
10 89 0.999702
10 90 0.001149
10 91 0.999986
10 92 0.999999
10 93 0.555929
10 94 0.999883
10 95 0.013139
10 96 0.999689
10 97 0.001149
10 98 0.013139
10 99 0.999642
11 0 0.001149
11 1 0.999996
11 2 0.001829
11 3 0.002120
11 4 0.999765
11 5 0.999998
11 6 0.001346
11 7 0.999642
11 8 0.013139
11 9 0.999996
11 10 0.019446
11 11 0.000000
11 12 0.071066
11 13 0.999855
11 14 0.999944
11 15 0.999947
11 16 0.999987
11 17 0.999989
11 18 0.000020
11 19 0.999098
11 20 0.066696
11 21 0.013139
11 22 0.999989
11 23 0.999967
11 24 0.999991
11 25 0.080327
11 26 0.075610
11 27 0.999995
11 28 0.013139
11 29 0.999776
11 30 0.661565
11 31 0.999978
11 32 0.999999
11 33 0.001346
11 34 0.999948
11 35 0.001149
11 36 0.066696
11 37 0.999995
11 38 0.999979
11 39 0.021327
11 40 0.999979
11 41 0.000053
11 42 0.999998
11 43 0.999842
11 44 0.999980
11 45 0.993863
11 46 0.013139
11 47 0.999999
11 48 0.013139
11 49 0.000020
11 50 0.999994
11 51 0.000020
11 52 0.014543
11 53 0.999760
11 54 0.013139
11 55 0.548148
11 56 0.940293
11 57 0.999998
11 58 0.999997
11 59 0.999999
11 60 0.000033
11 61 0.999908
11 62 0.962253
11 63 0.989964
11 64 0.999998
11 65 0.001149
11 66 0.704732
11 67 0.999999
11 68 0.999962
11 69 0.999999
11 70 0.019447
11 71 0.014543
11 72 0.999946
11 73 0.999993
11 74 0.999997
11 75 0.999998
11 76 0.999992
11 77 0.999995
11 78 0.999999
11 79 0.999986
11 80 0.998968
11 81 0.999996
11 82 0.001346
11 83 0.000020
11 84 0.999646
11 85 0.013139
11 86 0.000033
11 87 0.999998
11 88 0.999999
11 89 0.999933
11 90 0.085210
11 91 0.996670
11 92 0.999910
11 93 0.999977
11 94 0.996249
11 95 0.999999
11 96 0.999999
11 97 0.016059
11 98 0.942979
11 99 0.001149
12 0 0.999968
12 1 0.001346
12 2 0.066696
12 3 0.184104
12 4 0.001346
12 5 0.999992
12 6 0.999999
12 7 0.014543
12 8 0.013139
12 9 0.999999
12 10 0.844319
12 11 0.071066
12 12 0.000000
12 13 0.001149
12 14 0.999999
12 15 0.013139
12 16 0.997896
12 17 0.000020
12 18 0.999962
12 19 0.999997
12 20 0.999987
12 21 0.214575
12 22 0.016059
12 23 0.016059
12 24 0.999655
12 25 0.999990
12 26 0.001149
12 27 0.001149
12 28 0.999997
12 29 0.014543
12 30 0.013139
12 31 0.013139
12 32 0.001346
12 33 0.999995
12 34 0.000020
12 35 0.004219
12 36 0.001346
12 37 0.001572
12 38 0.013139
12 39 0.013139
12 40 0.999430
12 41 0.999995
12 42 0.999990
12 43 0.987083
12 44 0.997598
12 45 0.000020
12 46 0.013139
12 47 0.991493
12 48 0.999829
12 49 0.002120
12 50 0.999998
12 51 0.066696
12 52 0.001149
12 53 0.013139
12 54 0.013139
12 55 0.999996
12 56 0.999633
12 57 0.000020
12 58 0.001149
12 59 0.019447
12 60 0.013139
12 61 0.001149
12 62 0.999953
12 63 0.014543
12 64 0.013139
12 65 0.001149
12 66 0.767655
12 67 0.872231
12 68 0.999997
12 69 0.013139
12 70 0.975099
12 71 0.999997
12 72 0.013139
12 73 0.000020
12 74 0.999999
12 75 0.002449
12 76 0.014543
12 77 0.999995
12 78 0.001346
12 79 0.999871
12 80 0.999950
12 81 0.001149
12 82 0.013139
12 83 0.013139
12 84 0.998867
12 85 0.999995
12 86 0.014543
12 87 0.999995
12 88 0.999979
12 89 0.999999
12 90 0.680604
12 91 0.000020
12 92 0.000020
12 93 0.999995
12 94 0.999980
12 95 0.999992
12 96 0.999866
12 97 0.013139
12 98 0.999973
12 99 0.999998
13 0 0.999997
13 1 0.999998
13 2 0.999999
13 3 0.548149
13 4 0.999904
13 5 0.998723
13 6 0.999945
13 7 0.999978
13 8 0.001346
13 9 0.999660
13 10 0.000033
13 11 0.999855
13 12 0.001149
13 13 0.000000
13 14 0.014543
13 15 0.860390
13 16 0.002120
13 17 0.999988
13 18 0.999988
13 19 0.999992
13 20 0.002120
13 21 0.001346
13 22 0.001346
13 23 0.066696
13 24 0.999949
13 25 0.071066
13 26 0.999980
13 27 0.017692
13 28 0.999997
13 29 0.013139
13 30 0.999995
13 31 0.994283
13 32 0.013139
13 33 0.999994
13 34 0.999061
13 35 0.014543
13 36 0.001149
13 37 0.013139
13 38 0.999997
13 39 0.985083
13 40 0.001346
13 41 0.999876
13 42 0.999999
13 43 0.999030
13 44 0.013139
13 45 0.016059
13 46 0.001346
13 47 0.014543
13 48 0.999995
13 49 0.016059
13 50 0.999995
13 51 0.999995
13 52 0.999958
13 53 0.999991
13 54 0.950381
13 55 0.999997
13 56 0.014543
13 57 0.999998
13 58 0.999998
13 59 0.999997
13 60 0.999989
13 61 0.080326
13 62 0.996340
13 63 0.999999
13 64 0.014543
13 65 0.999999
13 66 0.999999
13 67 0.999999
13 68 0.013139
13 69 0.013139
13 70 0.999440
13 71 0.668002
13 72 0.508189
13 73 0.013139
13 74 0.000020
13 75 0.999998
13 76 0.013139
13 77 0.967178
13 78 0.998627
13 79 0.999999
13 80 0.014543
13 81 0.000020
13 82 0.999996
13 83 0.013139
13 84 0.014543
13 85 0.999973
13 86 0.999776
13 87 0.066696
13 88 0.014543
13 89 0.999983
13 90 0.999997
13 91 0.001572
13 92 0.001346
13 93 0.000020
13 94 0.013139
13 95 0.999989
13 96 0.001149
13 97 0.999934
13 98 0.999998
13 99 0.013139
14 0 0.013139
14 1 0.013139
14 2 0.524377
14 3 0.000020
14 4 0.999995
14 5 0.013139
14 6 0.999949
14 7 0.013139
14 8 0.999999
14 9 0.999988
14 10 0.999996
14 11 0.999944
14 12 0.999999
14 13 0.014543
14 14 0.000000
14 15 0.013139
14 16 0.000020
14 17 0.013139
14 18 0.999981
14 19 0.997539
14 20 0.999913
14 21 0.013139
14 22 0.999721
14 23 0.001149
14 24 0.999992
14 25 0.013139
14 26 0.999999
14 27 0.000020
14 28 0.987062
14 29 0.071066
14 30 0.999983
14 31 0.001149
14 32 0.997866
14 33 0.014543
14 34 0.999971
14 35 0.001572
14 36 0.000026
14 37 0.000020
14 38 0.999948
14 39 0.001346
14 40 0.019447
14 41 0.999996
14 42 0.999975
14 43 0.998451
14 44 0.013139
14 45 0.001572
14 46 0.999998
14 47 0.999868
14 48 0.999995
14 49 0.999997
14 50 0.999997
14 51 0.111675
14 52 0.013139
14 53 0.937485
14 54 0.999997
14 55 0.014543
14 56 0.999947
14 57 0.001149
14 58 0.013139
14 59 0.999966
14 60 0.000020
14 61 0.999988
14 62 0.000020
14 63 0.999999
14 64 0.013139
14 65 0.066696
14 66 0.013139
14 67 0.999999
14 68 0.999104
14 69 0.999999
14 70 0.013139
14 71 0.999987
14 72 0.999991
14 73 0.999966
14 74 0.013139
14 75 0.999796
14 76 0.999998
14 77 0.001149
14 78 0.013139
14 79 0.075610
14 80 0.014543
14 81 0.000020
14 82 0.999999
14 83 0.002120
14 84 0.999997
14 85 0.999979
14 86 0.016059
14 87 0.013139
14 88 0.999999
14 89 0.999999
14 90 0.999998
14 91 0.000026
14 92 0.999996
14 93 0.001149
14 94 0.999998
14 95 0.999991
14 96 0.999998
14 97 0.999852
14 98 0.014543
14 99 0.001149
15 0 0.999992
15 1 0.665736
15 2 0.013139
15 3 0.013139
15 4 0.001149
15 5 0.999995
15 6 0.090280
15 7 0.021328
15 8 0.066696
15 9 0.999991
15 10 0.999977
15 11 0.999947
15 12 0.013139
15 13 0.860390
15 14 0.013139
15 15 0.000000
15 16 0.999677
15 17 0.000020
15 18 0.338564
15 19 0.999969
15 20 0.013139
15 21 0.977852
15 22 0.013139
15 23 0.013139
15 24 0.000026
15 25 0.017692
15 26 0.999995
15 27 0.013139
15 28 0.071066
15 29 0.994006
15 30 0.999999
15 31 0.013139
15 32 0.014543
15 33 0.999979
15 34 0.712542
15 35 0.014543
15 36 0.999966
15 37 0.999988
15 38 0.999978
15 39 0.999996
15 40 0.999863
15 41 0.999944
15 42 0.999999
15 43 0.013139
15 44 0.999999
15 45 0.000020
15 46 0.999995
15 47 0.001346
15 48 0.001572
15 49 0.019447
15 50 0.999933
15 51 0.000066
15 52 0.000020
15 53 0.075609
15 54 0.001829
15 55 0.999999
15 56 0.071066
15 57 0.001346
15 58 0.999999
15 59 0.001572
15 60 0.000026
15 61 0.999932
15 62 0.014543
15 63 0.999994
15 64 0.998498
15 65 0.002120
15 66 0.999946
15 67 0.002120
15 68 0.999998
15 69 0.001149
15 70 0.999998
15 71 0.066696
15 72 0.999972
15 73 0.999987
15 74 0.000020
15 75 0.999998
15 76 0.999440
15 77 0.014543
15 78 0.999913
15 79 0.999966
15 80 0.999891
15 81 0.016059
15 82 0.066696
15 83 0.999991
15 84 0.000026
15 85 0.999977
15 86 0.661564
15 87 0.001572
15 88 0.999999
15 89 0.940293
15 90 0.999998
15 91 0.000020
15 92 0.999992
15 93 0.945543
15 94 0.999997
15 95 0.999994
15 96 0.999999
15 97 0.999765
15 98 0.999637
15 99 0.016059
16 0 0.001346
16 1 0.998765
16 2 0.013139
16 3 0.999998
16 4 0.999997
16 5 0.013139
16 6 0.999992
16 7 0.999973
16 8 0.023334
16 9 0.945546
16 10 0.001149
16 11 0.999987
16 12 0.997896
16 13 0.002120
16 14 0.000020
16 15 0.999677
16 16 0.000000
16 17 0.013139
16 18 0.999989
16 19 0.999961
16 20 0.999899
16 21 0.003647
16 22 0.999998
16 23 0.991289
16 24 0.013139
16 25 0.999992
16 26 0.999999
16 27 0.013139
16 28 0.999966
16 29 0.999978
16 30 0.999991
16 31 0.698828
16 32 0.999997
16 33 0.999945
16 34 0.999965
16 35 0.013139
16 36 0.999998
16 37 0.002821
16 38 0.999923
16 39 0.001149
16 40 0.999992
16 41 0.001149
16 42 0.013139
16 43 0.000026
16 44 0.961365
16 45 0.016059
16 46 0.001572
16 47 0.999998
16 48 0.999992
16 49 0.999997
16 50 0.000020
16 51 0.000026
16 52 0.000020
16 53 0.999996
16 54 0.999999
16 55 0.999999
16 56 0.013139
16 57 0.001149
16 58 0.999983
16 59 0.999986
16 60 0.071066
16 61 0.999997
16 62 0.013139
16 63 0.999999
16 64 0.013139
16 65 0.017692
16 66 0.013139
16 67 0.999845
16 68 0.999864
16 69 0.999998
16 70 0.910338
16 71 0.013139
16 72 0.999875
16 73 0.001346
16 74 0.966579
16 75 0.999994
16 76 0.000026
16 77 0.999998
16 78 0.803587
16 79 0.999917
16 80 0.013139
16 81 0.001149
16 82 0.999977
16 83 0.999995
16 84 0.001149
16 85 0.023341
16 86 0.023340
16 87 0.014543
16 88 0.001149
16 89 0.001149
16 90 0.000020
16 91 0.874980
16 92 0.080327
16 93 0.999995
16 94 0.999998
16 95 0.999853
16 96 0.999999
16 97 0.999105
16 98 0.347268
16 99 0.001149
17 0 0.999991
17 1 0.000020
17 2 0.999986
17 3 0.085216
17 4 0.016059
17 5 0.001346
17 6 0.999992
17 7 0.016059
17 8 0.999991
17 9 0.914521
17 10 0.000020
17 11 0.999989
17 12 0.000020
17 13 0.999988
17 14 0.013139
17 15 0.000020
17 16 0.013139
17 17 0.000000
17 18 0.000020
17 19 0.000020
17 20 0.999689
17 21 0.999987
17 22 0.016059
17 23 0.001346
17 24 0.013139
17 25 0.013139
17 26 0.999997
17 27 0.999977
17 28 0.995835
17 29 0.013139
17 30 0.016059
17 31 0.999999
17 32 0.999722
17 33 0.999999
17 34 0.001346
17 35 0.999997
17 36 0.014543
17 37 0.999993
17 38 0.080327
17 39 0.001149
17 40 0.013139
17 41 0.003235
17 42 0.999765
17 43 0.013139
17 44 0.002820
17 45 0.999266
17 46 0.013139
17 47 0.066696
17 48 0.184104
17 49 0.999488
17 50 0.699663
17 51 0.999999
17 52 0.999999
17 53 0.999997
17 54 0.999962
17 55 0.001572
17 56 0.001149
17 57 0.999466
17 58 0.999399
17 59 0.999982
17 60 0.999999
17 61 0.013139
17 62 0.999863
17 63 0.184104
17 64 0.993863
17 65 0.999989
17 66 0.999997
17 67 0.999907
17 68 0.013139
17 69 0.999832
17 70 0.999993
17 71 0.999981
17 72 0.993565
17 73 0.999866
17 74 0.999865
17 75 0.999997
17 76 0.013139
17 77 0.001149
17 78 0.001149
17 79 0.967176
17 80 0.999126
17 81 0.001149
17 82 0.999944
17 83 0.999798
17 84 0.999990
17 85 0.000020
17 86 0.016059
17 87 0.999413
17 88 0.999995
17 89 0.937485
17 90 0.016059
17 91 0.999944
17 92 0.013139
17 93 0.013139
17 94 0.999964
17 95 0.013139
17 96 0.999917
17 97 0.999998
17 98 0.999948
17 99 0.999999
18 0 0.999994
18 1 0.001149
18 2 0.999995
18 3 0.013139
18 4 0.997815
18 5 0.987048
18 6 0.000020
18 7 0.999995
18 8 0.013139
18 9 0.000020
18 10 0.999860
18 11 0.000020
18 12 0.999962
18 13 0.999988
18 14 0.999981
18 15 0.338564
18 16 0.999989
18 17 0.000020
18 18 0.000000
18 19 0.999941
18 20 0.999998
18 21 0.013139
18 22 0.999944
18 23 0.998142
18 24 0.013139
18 25 0.001346
18 26 0.999995
18 27 0.786247
18 28 0.000020
18 29 0.001346
18 30 0.014543
18 31 0.013139
18 32 0.919954
18 33 0.001346
18 34 0.999998
18 35 0.991487
18 36 0.013139
18 37 0.999972
18 38 0.013139
18 39 0.001149
18 40 0.025485
18 41 0.999925
18 42 0.066696
18 43 0.999998
18 44 0.000042
18 45 0.996250
18 46 0.999992
18 47 0.999998
18 48 0.999971
18 49 0.000020
18 50 0.999944
18 51 0.999760
18 52 0.999999
18 53 0.013139
18 54 0.999126
18 55 0.013139
18 56 0.001149
18 57 0.999995
18 58 0.999997
18 59 0.013139
18 60 0.001149
18 61 0.013139
18 62 0.016059
18 63 0.000020
18 64 0.990948
18 65 0.999941
18 66 0.999981
18 67 0.013139
18 68 0.999946
18 69 0.001829
18 70 0.999999
18 71 0.999999
18 72 0.999933
18 73 0.999997
18 74 0.013139
18 75 0.999975
18 76 0.013139
18 77 0.999999
18 78 0.001149
18 79 0.000020
18 80 0.999992
18 81 0.999997
18 82 0.994006
18 83 0.013139
18 84 0.999994
18 85 0.001149
18 86 0.999998
18 87 0.001149
18 88 0.013139
18 89 0.066696
18 90 0.001149
18 91 0.999998
18 92 0.999980
18 93 0.999995
18 94 0.999998
18 95 0.999870
18 96 0.999997
18 97 0.999940
18 98 0.999997
18 99 0.013139
19 0 0.000020
19 1 0.066696
19 2 0.080327
19 3 0.999997
19 4 0.000020
19 5 0.993863
19 6 0.999942
19 7 0.013139
19 8 0.014543
19 9 0.999992
19 10 0.999996
19 11 0.999098
19 12 0.999997
19 13 0.999992
19 14 0.997539
19 15 0.999969
19 16 0.999961
19 17 0.000020
19 18 0.999941
19 19 0.000000
19 20 0.001149
19 21 0.364707
19 22 0.999575
19 23 0.001572
19 24 0.000042
19 25 0.014543
19 26 0.999986
19 27 0.013139
19 28 0.001149
19 29 0.999989
19 30 0.001149
19 31 0.999998
19 32 0.999984
19 33 0.001149
19 34 0.998296
19 35 0.999993
19 36 0.999999
19 37 0.999888
19 38 0.996249
19 39 0.071066
19 40 0.999998
19 41 0.013139
19 42 0.999992
19 43 0.013139
19 44 0.999771
19 45 0.013139
19 46 0.979809
19 47 0.999988
19 48 0.001346
19 49 0.014543
19 50 0.997907
19 51 0.001149
19 52 0.999985
19 53 0.999887
19 54 0.999996
19 55 0.001149
19 56 0.000020
19 57 0.000020
19 58 0.999998
19 59 0.001346
19 60 0.016059
19 61 0.999998
19 62 0.999999
19 63 0.002120
19 64 0.975099
19 65 0.001149
19 66 0.001346
19 67 0.071066
19 68 0.999995
19 69 0.999999
19 70 0.999998
19 71 0.999999
19 72 0.999991
19 73 0.999978
19 74 0.999999
19 75 0.999809
19 76 0.222459
19 77 0.001149
19 78 0.014543
19 79 0.000042
19 80 0.999980
19 81 0.013139
19 82 0.999947
19 83 0.999809
19 84 0.999977
19 85 0.021328
19 86 0.013139
19 87 0.999857
19 88 0.999662
19 89 0.066696
19 90 0.001149
19 91 0.001149
19 92 0.002120
19 93 0.999990
19 94 0.014543
19 95 0.999997
19 96 0.013139
19 97 0.000020
19 98 0.355985
19 99 0.655037
20 0 0.999928
20 1 0.999999
20 2 0.999999
20 3 0.002447
20 4 0.994388
20 5 0.999997
20 6 0.013139
20 7 0.999955
20 8 0.002120
20 9 0.000020
20 10 0.184104
20 11 0.066696
20 12 0.999987
20 13 0.002120
20 14 0.999913
20 15 0.013139
20 16 0.999899
20 17 0.999689
20 18 0.999998
20 19 0.001149
20 20 0.000000
20 21 0.999995
20 22 0.013139
20 23 0.999999
20 24 0.066696
20 25 0.014543
20 26 0.013139
20 27 0.999998
20 28 0.999999
20 29 0.001149
20 30 0.999998
20 31 0.999972
20 32 0.013139
20 33 0.013139
20 34 0.314371
20 35 0.000020
20 36 0.993565
20 37 0.014543
20 38 0.999768
20 39 0.001149
20 40 0.014543
20 41 0.014543
20 42 0.999999
20 43 0.999910
20 44 0.999992
20 45 0.000020
20 46 0.013139
20 47 0.963970
20 48 0.000020
20 49 0.999996
20 50 0.016059
20 51 0.999998
20 52 0.974509
20 53 0.999995
20 54 0.945580
20 55 0.999998
20 56 0.999867
20 57 0.013139
20 58 0.013139
20 59 0.999970
20 60 0.013139
20 61 0.013139
20 62 0.000020
20 63 0.013139
20 64 0.976238
20 65 0.999999
20 66 0.967111
20 67 0.999996
20 68 0.999947
20 69 0.014543
20 70 0.994201
20 71 0.999996
20 72 0.066696
20 73 0.999999
20 74 0.013139
20 75 0.942554
20 76 0.941651
20 77 0.999999
20 78 0.001346
20 79 0.014543
20 80 0.013139
20 81 0.066696
20 82 0.999956
20 83 0.999990
20 84 0.999998
20 85 0.994663
20 86 0.999999
20 87 0.002449
20 88 0.013139
20 89 0.999997
20 90 0.999999
20 91 0.000020
20 92 0.999999
20 93 0.000020
20 94 0.999988
20 95 0.999770
20 96 0.997709
20 97 0.013139
20 98 0.999061
20 99 0.071066
21 0 0.999998
21 1 0.002449
21 2 0.000026
21 3 0.999146
21 4 0.013139
21 5 0.001149
21 6 0.000020
21 7 0.999995
21 8 0.013139
21 9 0.999979
21 10 0.001149
21 11 0.013139
21 12 0.214575
21 13 0.001346
21 14 0.013139
21 15 0.977852
21 16 0.003647
21 17 0.999987
21 18 0.013139
21 19 0.364707
21 20 0.999995
21 21 0.000000
21 22 0.001346
21 23 0.999991
21 24 0.999963
21 25 0.999615
21 26 0.508189
21 27 0.987346
21 28 0.942979
21 29 0.999999
21 30 0.999997
21 31 0.999992
21 32 0.986741
21 33 0.001149
21 34 0.999997
21 35 0.001149
21 36 0.989652
21 37 0.000026
21 38 0.999999
21 39 0.999978
21 40 0.996337
21 41 0.013139
21 42 0.999998
21 43 0.001829
21 44 0.019447
21 45 0.999867
21 46 0.000033
21 47 0.999992
21 48 0.013139
21 49 0.908288
21 50 0.014543
21 51 0.013139
21 52 0.000020
21 53 0.999993
21 54 0.999996
21 55 0.999998
21 56 0.999991
21 57 0.999999
21 58 0.992672
21 59 0.066696
21 60 0.999223
21 61 0.013139
21 62 0.014543
21 63 0.989481
21 64 0.001149
21 65 0.999370
21 66 0.013139
21 67 0.999929
21 68 0.013139
21 69 0.999826
21 70 0.999999
21 71 0.066696
21 72 0.014543
21 73 0.013139
21 74 0.990868
21 75 0.999986
21 76 0.999987
21 77 0.013139
21 78 0.999998
21 79 0.013139
21 80 0.013139
21 81 0.014543
21 82 0.999977
21 83 0.863481
21 84 0.425577
21 85 0.999640
21 86 0.013139
21 87 0.013139
21 88 0.013139
21 89 0.075610
21 90 0.999967
21 91 0.999999
21 92 0.999463
21 93 0.408247
21 94 0.999998
21 95 0.998630
21 96 0.001346
21 97 0.000053
21 98 0.075609
21 99 0.991667
22 0 0.999999
22 1 0.999997
22 2 0.999999
22 3 0.013139
22 4 0.001149
22 5 0.999999
22 6 0.999993
22 7 0.014543
22 8 0.999999
22 9 0.999965
22 10 0.999943
22 11 0.999989
22 12 0.016059
22 13 0.001346
22 14 0.999721
22 15 0.013139
22 16 0.999998
22 17 0.016059
22 18 0.999944
22 19 0.999575
22 20 0.013139
22 21 0.001346
22 22 0.000000
22 23 0.000020
22 24 0.014543
22 25 0.999997
22 26 0.013139
22 27 0.999997
22 28 0.000020
22 29 0.013139
22 30 0.963122
22 31 0.975099
22 32 0.199118
22 33 0.014543
22 34 0.998627
22 35 0.000020
22 36 0.080327
22 37 0.999971
22 38 0.999999
22 39 0.999983
22 40 0.999972
22 41 0.016059
22 42 0.999997
22 43 0.999992
22 44 0.001149
22 45 0.999997
22 46 0.013139
22 47 0.016059
22 48 0.013139
22 49 0.996588
22 50 0.002451
22 51 0.999993
22 52 0.016059
22 53 0.999922
22 54 0.986100
22 55 0.999999
22 56 0.999999
22 57 0.191553
22 58 0.013139
22 59 0.999759
22 60 0.999996
22 61 0.013139
22 62 0.999985
22 63 0.013139
22 64 0.999767
22 65 0.999998
22 66 0.686772
22 67 0.013139
22 68 0.999989
22 69 0.004221
22 70 0.001149
22 71 0.999992
22 72 0.001346
22 73 0.999123
22 74 0.999998
22 75 0.001829
22 76 0.017692
22 77 0.000020
22 78 0.066696
22 79 0.001149
22 80 0.001572
22 81 0.999948
22 82 0.993411
22 83 0.999967
22 84 0.999993
22 85 0.999965
22 86 0.999999
22 87 0.013139
22 88 0.000020
22 89 0.001346
22 90 0.000026
22 91 0.999992
22 92 0.999849
22 93 0.017692
22 94 0.013139
22 95 0.013139
22 96 0.001346
22 97 0.999642
22 98 0.999952
22 99 0.949180
23 0 0.013139
23 1 0.373431
23 2 0.013139
23 3 0.001149
23 4 0.013139
23 5 0.001346
23 6 0.999997
23 7 0.999998
23 8 0.999968
23 9 0.999996
23 10 0.013139
23 11 0.999967
23 12 0.016059
23 13 0.066696
23 14 0.001149
23 15 0.013139
23 16 0.991289
23 17 0.001346
23 18 0.998142
23 19 0.001572
23 20 0.999999
23 21 0.999991
23 22 0.000020
23 23 0.000000
23 24 0.999739
23 25 0.017692
23 26 0.999999
23 27 0.001346
23 28 0.206793
23 29 0.999998
23 30 0.001149
23 31 0.000020
23 32 0.013139
23 33 0.999991
23 34 0.762799
23 35 0.999992
23 36 0.999917
23 37 0.000020
23 38 0.001346
23 39 0.021327
23 40 0.999350
23 41 0.998635
23 42 0.999988
23 43 0.000026
23 44 0.019446
23 45 0.999853
23 46 0.000020
23 47 0.951959
23 48 0.999992
23 49 0.999998
23 50 0.001346
23 51 0.013139
23 52 0.999996
23 53 0.999999
23 54 0.000042
23 55 0.999997
23 56 0.999995
23 57 0.001149
23 58 0.999999
23 59 0.013139
23 60 0.013139
23 61 0.001149
23 62 0.000020
23 63 0.000020
23 64 0.016059
23 65 0.013139
23 66 0.999991
23 67 0.066696
23 68 0.999995
23 69 0.000020
23 70 0.996446
23 71 0.001149
23 72 0.999991
23 73 0.013139
23 74 0.999994
23 75 0.999995
23 76 0.999994
23 77 0.999685
23 78 0.013139
23 79 0.014543
23 80 0.000020
23 81 0.999999
23 82 0.999992
23 83 0.999996
23 84 0.000020
23 85 0.013139
23 86 0.999998
23 87 0.999997
23 88 0.999981
23 89 0.999998
23 90 0.023341
23 91 0.001149
23 92 0.000020
23 93 0.985429
23 94 0.999995
23 95 0.013139
23 96 0.999993
23 97 0.013139
23 98 0.999999
23 99 0.997762
24 0 0.999781
24 1 0.999998
24 2 0.013139
24 3 0.013139
24 4 0.017692
24 5 0.001149
24 6 0.230435
24 7 0.999976
24 8 0.999998
24 9 0.999947
24 10 0.071066
24 11 0.999991
24 12 0.999655
24 13 0.999949
24 14 0.999992
24 15 0.000026
24 16 0.013139
24 17 0.013139
24 18 0.013139
24 19 0.000042
24 20 0.066696
24 21 0.999963
24 22 0.014543
24 23 0.999739
24 24 0.000000
24 25 0.999015
24 26 0.999997
24 27 0.997815
24 28 0.013139
24 29 0.066696
24 30 0.999979
24 31 0.013139
24 32 0.999999
24 33 0.554469
24 34 0.999979
24 35 0.999999
24 36 0.999999
24 37 0.999994
24 38 0.999976
24 39 0.999780
24 40 0.013139
24 41 0.999968
24 42 0.066696
24 43 0.999998
24 44 0.999986
24 45 0.999950
24 46 0.999919
24 47 0.999972
24 48 0.013139
24 49 0.001346
24 50 0.001149
24 51 0.013139
24 52 0.999999
24 53 0.999998
24 54 0.999996
24 55 0.023340
24 56 0.999693
24 57 0.999999
24 58 0.014543
24 59 0.001346
24 60 0.000020
24 61 0.001149
24 62 0.999994
24 63 0.999992
24 64 0.999991
24 65 0.001572
24 66 0.013139
24 67 0.999967
24 68 0.001149
24 69 0.014543
24 70 0.999918
24 71 0.975099
24 72 0.001149
24 73 0.000020
24 74 0.999125
24 75 0.984727
24 76 0.001149
24 77 0.014543
24 78 0.999997
24 79 0.999971
24 80 0.001149
24 81 0.016059
24 82 0.013139
24 83 0.999995
24 84 0.001149
24 85 0.999997
24 86 0.999944
24 87 0.999976
24 88 0.997540
24 89 0.999999
24 90 0.999999
24 91 0.999996
24 92 0.999876
24 93 0.013139
24 94 0.999995
24 95 0.222461
24 96 0.999658
24 97 0.013139
24 98 0.999983
24 99 0.999965
25 0 0.075610
25 1 0.338564
25 2 0.080328
25 3 0.999999
25 4 0.023340
25 5 0.999991
25 6 0.999997
25 7 0.001149
25 8 0.999972
25 9 0.999998
25 10 0.999999
25 11 0.080327
25 12 0.999990
25 13 0.071066
25 14 0.013139
25 15 0.017692
25 16 0.999992
25 17 0.013139
25 18 0.001346
25 19 0.014543
25 20 0.014543
25 21 0.999615
25 22 0.999997
25 23 0.017692
25 24 0.999015
25 25 0.000000
25 26 0.978365
25 27 0.999997
25 28 0.000033
25 29 0.013139
25 30 0.999995
25 31 0.698828
25 32 0.000020
25 33 0.999997
25 34 0.999483
25 35 0.998533
25 36 0.999999
25 37 0.013139
25 38 0.016059
25 39 0.999998
25 40 0.999873
25 41 0.013139
25 42 0.066696
25 43 0.999997
25 44 0.999999
25 45 0.999959
25 46 0.999981
25 47 0.999974
25 48 0.013139
25 49 0.999780
25 50 0.071066
25 51 0.016059
25 52 0.999989
25 53 0.013139
25 54 0.001149
25 55 0.999998
25 56 0.999302
25 57 0.000020
25 58 0.999967
25 59 0.014543
25 60 0.937485
25 61 0.017692
25 62 0.999996
25 63 0.013139
25 64 0.000020
25 65 0.271509
25 66 0.013139
25 67 0.013139
25 68 0.013139
25 69 0.999968
25 70 0.999994
25 71 0.999370
25 72 0.000033
25 73 0.023341
25 74 0.999994
25 75 0.000020
25 76 0.997815
25 77 0.508189
25 78 0.001572
25 79 0.999979
25 80 0.000020
25 81 0.016059
25 82 0.999998
25 83 0.071066
25 84 0.999998
25 85 0.013139
25 86 0.999951
25 87 0.999999
25 88 0.997866
25 89 0.013139
25 90 0.912349
25 91 0.999466
25 92 0.999987
25 93 0.001346
25 94 0.001829
25 95 0.995421
25 96 0.999998
25 97 0.997700
25 98 0.999998
25 99 0.996159
26 0 0.999979
26 1 0.001149
26 2 0.999999
26 3 0.998992
26 4 0.014543
26 5 0.999332
26 6 0.066696
26 7 0.999997
26 8 0.999832
26 9 0.013139
26 10 0.013139
26 11 0.075610
26 12 0.001149
26 13 0.999980
26 14 0.999999
26 15 0.999995
26 16 0.999999
26 17 0.999997
26 18 0.999995
26 19 0.999986
26 20 0.013139
26 21 0.508189
26 22 0.013139
26 23 0.999999
26 24 0.999997
26 25 0.978365
26 26 0.000000
26 27 0.347268
26 28 0.999787
26 29 0.999996
26 30 0.001149
26 31 0.013139
26 32 0.999971
26 33 0.001149
26 34 0.001149
26 35 0.999965
26 36 0.999992
26 37 0.013139
26 38 0.999992
26 39 0.984726
26 40 0.999996
26 41 0.998018
26 42 0.999996
26 43 0.004797
26 44 0.999977
26 45 0.999999
26 46 0.016059
26 47 0.999965
26 48 0.066696
26 49 0.013139
26 50 0.999998
26 51 0.999906
26 52 0.013139
26 53 0.999996
26 54 0.999999
26 55 0.999991
26 56 0.999999
26 57 0.999868
26 58 0.001149
26 59 0.408251
26 60 0.950436
26 61 0.013139
26 62 0.999983
26 63 0.999999
26 64 0.347268
26 65 0.999999
26 66 0.999995
26 67 0.191553
26 68 0.524377
26 69 0.998600
26 70 0.014543
26 71 0.563631
26 72 0.999998
26 73 0.977852
26 74 0.999996
26 75 0.000020
26 76 0.014543
26 77 0.000020
26 78 0.999996
26 79 0.001149
26 80 0.016059
26 81 0.001149
26 82 0.991290
26 83 0.014543
26 84 0.407293
26 85 0.021318
26 86 0.199118
26 87 0.013139
26 88 0.997654
26 89 0.999997
26 90 0.998699
26 91 0.999999
26 92 0.000020
26 93 0.013139
26 94 0.999995
26 95 0.999995
26 96 0.999997
26 97 0.999789
26 98 0.999992
26 99 0.940293
27 0 0.999997
27 1 0.999965
27 2 0.866459
27 3 0.999999
27 4 0.994146
27 5 0.999924
27 6 0.001346
27 7 0.999991
27 8 0.999954
27 9 0.066696
27 10 0.977852
27 11 0.999995
27 12 0.001149
27 13 0.017692
27 14 0.000020
27 15 0.013139
27 16 0.013139
27 17 0.999977
27 18 0.786247
27 19 0.013139
27 20 0.999998
27 21 0.987346
27 22 0.999997
27 23 0.001346
27 24 0.997815
27 25 0.999997
27 26 0.347268
27 27 0.000000
27 28 0.965789
27 29 0.013139
27 30 0.999998
27 31 0.999999
27 32 0.999982
27 33 0.999479
27 34 0.999987
27 35 0.999908
27 36 0.999996
27 37 0.999996
27 38 0.001829
27 39 0.001149
27 40 0.001829
27 41 0.999896
27 42 0.999999
27 43 0.999945
27 44 0.013139
27 45 0.000020
27 46 0.999930
27 47 0.998387
27 48 0.000026
27 49 0.998533
27 50 0.016059
27 51 0.001149
