0 0 0.000000
0 1 0.999995
0 2 0.014543
0 3 0.803544
0 4 0.000020
0 5 0.999916
0 6 0.999990
0 7 0.999943
0 8 0.001149
0 9 0.999999
0 10 0.021328
0 11 0.001149
0 12 0.999883
0 13 0.999223
0 14 0.013139
0 15 0.999999
0 16 0.001346
0 17 0.999999
0 18 0.999995
0 19 0.000020
0 20 0.999949
0 21 0.999997
0 22 0.999997
0 23 0.000020
0 24 0.999992
0 25 0.075610
0 26 0.999968
0 27 0.999999
0 28 0.999999
0 29 0.013139
0 30 0.999999
0 31 0.999990
0 32 0.999995
0 33 0.999999
0 34 0.999997
0 35 0.355984
0 36 0.013139
0 37 0.013139
0 38 0.999996
0 39 0.014543
0 40 0.999997
0 41 0.999917
0 42 0.999995
0 43 0.017692
0 44 0.001149
0 45 0.019447
0 46 0.999997
0 47 0.999945
0 48 0.001829
0 49 0.000020
0 50 0.246645
0 51 0.999996
0 52 0.014543
0 53 0.013139
0 54 0.000026
0 55 0.999015
0 56 0.001346
0 57 0.001572
0 58 0.998670
0 59 0.014543
0 60 0.999997
0 61 0.540296
0 62 0.001346
0 63 0.999991
0 64 0.998595
0 65 0.001149
0 66 0.999915
0 67 0.999983
0 68 0.999992
0 69 0.000020
0 70 0.999944
0 71 0.000020
0 72 0.001346
0 73 0.999998
0 74 0.901868
0 75 0.999998
0 76 0.013139
0 77 0.999942
0 78 0.001149
0 79 0.999999
0 80 0.999978
0 81 0.001149
0 82 0.999991
0 83 0.001149
0 84 0.999987
0 85 0.999998
0 86 0.013139
0 87 0.999996
0 88 0.999997
0 89 0.781723
0 90 0.999999
0 91 0.001149
0 92 0.999986
0 93 0.013139
0 94 0.999999
0 95 0.013139
0 96 0.000020
0 97 0.979849
0 98 0.999928
0 99 0.999981
1 0 0.999995
1 1 0.000000
1 2 0.999999
1 3 0.001572
1 4 0.999979
1 5 0.999998
1 6 0.999942
1 7 0.999650
1 8 0.998382
1 9 0.013139
1 10 0.013139
1 11 0.999989
1 12 0.001346
1 13 0.999999
1 14 0.013139
1 15 0.204067
1 16 0.999988
1 17 0.000020
1 18 0.001149
1 19 0.958576
1 20 0.999997
1 21 0.002449
1 22 0.999688
1 23 0.002449
1 24 0.999999
1 25 0.066696
1 26 0.001149
1 27 0.999997
1 28 0.999995
1 29 0.001829
1 30 0.013139
1 31 0.016059
1 32 0.999845
1 33 0.013139
1 34 0.014543
1 35 0.999972
1 36 0.978867
1 37 0.013139
1 38 0.001149
1 39 0.999988
1 40 0.000020
1 41 0.999993
1 42 0.000020
1 43 0.001149
1 44 0.000020
1 45 0.013139
1 46 0.999997
1 47 0.014543
1 48 0.999997
1 49 0.999980
1 50 0.999997
1 51 0.999998
1 52 0.999996
1 53 0.847674
1 54 0.013139
1 55 0.066696
1 56 0.999995
1 57 0.963130
1 58 0.000026
1 59 0.014543
1 60 0.991886
1 61 0.999997
1 62 0.999969
1 63 0.013139
1 64 0.013139
1 65 0.999998
1 66 0.999998
1 67 0.904054
1 68 0.001346
1 69 0.680605
1 70 0.001346
1 71 0.999955
1 72 0.000020
1 73 0.001572
1 74 0.999996
1 75 0.001149
1 76 0.999870
1 77 0.003237
1 78 0.001572
1 79 0.999942
1 80 0.994519
1 81 0.001149
1 82 0.999996
1 83 0.998076
1 84 0.999906
1 85 0.013139
1 86 0.000020
1 87 0.019446
1 88 0.999996
1 89 0.999917
1 90 0.021328
1 91 0.999834
1 92 0.999998
1 93 0.999995
1 94 0.999999
1 95 0.999999
1 96 0.999997
1 97 0.991691
1 98 0.014543
1 99 0.999491
2 0 0.014543
2 1 0.999999
2 2 0.000000
2 3 0.013139
2 4 0.999659
2 5 0.014543
2 6 0.999990
2 7 0.999999
2 8 0.999997
2 9 0.000020
2 10 0.998723
2 11 0.001829
2 12 0.508189
2 13 0.999997
2 14 0.017692
2 15 0.013139
2 16 0.013139
2 17 0.999888
2 18 0.999928
2 19 0.001829
2 20 0.999997
2 21 0.000026
2 22 0.999999
2 23 0.013139
2 24 0.013139
2 25 0.080328
2 26 0.999999
2 27 0.999915
2 28 0.999995
2 29 0.967891
2 30 0.001149
2 31 0.013139
2 32 0.999998
2 33 0.540296
2 34 0.000020
2 35 0.999996
2 36 0.001149
2 37 0.000020
2 38 0.013139
2 39 0.999973
2 40 0.999586
2 41 0.999999
2 42 0.999855
2 43 0.001572
2 44 0.999999
2 45 0.001149
2 46 0.999992
2 47 0.000026
2 48 0.999995
2 49 0.999997
2 50 0.013139
2 51 0.999942
2 52 0.000033
2 53 0.017692
2 54 0.999998
2 55 0.999999
2 56 0.017692
2 57 0.001572
2 58 0.999977
2 59 0.001346
2 60 0.019446
2 61 0.013139
2 62 0.999933
2 63 0.999986
2 64 0.013139
2 65 0.013139
2 66 0.999670
2 67 0.013139
2 68 0.999995
2 69 0.999912
2 70 0.000020
2 71 0.999729
2 72 0.014543
2 73 0.999944
2 74 0.000020
2 75 0.013139
2 76 0.013139
2 77 0.999998
2 78 0.000020
2 79 0.999988
2 80 0.994406
2 81 0.999998
2 82 0.998809
2 83 0.999999
2 84 0.999999
2 85 0.066696
2 86 0.001346
2 87 0.071066
2 88 0.001149
2 89 0.999969
2 90 0.999995
2 91 0.001346
2 92 0.014543
2 93 0.854188
2 94 0.000033
2 95 0.999997
2 96 0.013139
2 97 0.016059
2 98 0.999997
2 99 0.999998
3 0 0.803544
3 1 0.001572
3 2 0.013139
3 3 0.000000
3 4 0.999992
3 5 0.999998
3 6 0.014543
3 7 0.999999
3 8 0.999999
3 9 0.000020
3 10 0.001149
3 11 0.002120
3 12 0.014543
3 13 0.023341
3 14 0.000020
3 15 0.013139
3 16 0.999991
3 17 0.021328
3 18 0.013139
3 19 0.999999
3 20 0.002447
3 21 0.999988
3 22 0.013139
3 23 0.001149
3 24 0.013139
3 25 0.999989
3 26 0.999998
3 27 0.999987
3 28 0.013139
3 29 0.997228
3 30 0.949325
3 31 0.999965
3 32 0.013139
3 33 0.001149
3 34 0.016059
3 35 0.999982
3 36 0.999971
3 37 0.016059
3 38 0.999995
3 39 0.999991
3 40 0.999919
3 41 0.017692
3 42 0.014543
3 43 0.013139
3 44 0.066696
3 45 0.999992
3 46 0.013139
3 47 0.999992
3 48 0.999992
3 49 0.524378
3 50 0.001149
3 51 0.999999
3 52 0.767655
3 53 0.999999
3 54 0.001346
3 55 0.001572
3 56 0.937485
3 57 0.014543
3 58 0.999956
3 59 0.999999
3 60 0.000026
3 61 0.999990
3 62 0.999917
3 63 0.000020
3 64 0.023341
3 65 0.999754
3 66 0.999891
3 67 0.999997
3 68 0.999995
3 69 0.000020
3 70 0.999997
3 71 0.999964
3 72 0.999990
3 73 0.071066
3 74 0.999273
3 75 0.013139
3 76 0.999906
3 77 0.999992
3 78 0.001149
3 79 0.013139
3 80 0.992919
3 81 0.002120
3 82 0.999991
3 83 0.994851
3 84 0.999997
3 85 0.191553
3 86 0.999998
3 87 0.001149
3 88 0.999651
3 89 0.000020
3 90 0.001829
3 91 0.013139
3 92 0.999999
3 93 0.001149
3 94 0.000020
3 95 0.999399
3 96 0.013139
3 97 0.532372
3 98 0.000026
3 99 0.978867
4 0 0.000020
4 1 0.999979
4 2 0.999659
4 3 0.999992
4 4 0.000000
4 5 0.999921
4 6 0.999999
4 7 0.999996
4 8 0.999999
4 9 0.508189
4 10 0.999553
4 11 0.999991
4 12 0.001346
4 13 0.999995
4 14 0.999983
4 15 0.001149
4 16 0.999894
4 17 0.016059
4 18 0.999987
4 19 0.000020
4 20 0.999665
4 21 0.013139
4 22 0.001149
4 23 0.013139
4 24 0.364707
4 25 0.023340
4 26 0.014543
4 27 0.999966
4 28 0.071066
4 29 0.999999
4 30 0.000026
4 31 0.013139
4 32 0.016059
4 33 0.999997
4 34 0.999995
4 35 0.961069
4 36 0.001149
4 37 0.999187
4 38 0.999999
4 39 0.013139
4 40 0.790692
4 41 0.999992
4 42 0.999989
4 43 0.013139
4 44 0.996746
4 45 0.999985
4 46 0.999775
4 47 0.655037
4 48 0.001149
4 49 0.017692
4 50 0.013139
4 51 0.999998
4 52 0.000020
4 53 0.999930
4 54 0.001829
4 55 0.014543
4 56 0.014543
4 57 0.013139
4 58 0.995039
4 59 0.013139
4 60 0.013139
4 61 0.999977
4 62 0.999978
4 63 0.001149
4 64 0.999916
4 65 0.999996
4 66 0.000020
4 67 0.013139
4 68 0.014543
4 69 0.066696
4 70 0.066696
4 71 0.999999
4 72 0.999995
4 73 0.001346
4 74 0.999997
4 75 0.999994
4 76 0.014543
4 77 0.999992
4 78 0.999996
4 79 0.001346
4 80 0.937485
4 81 0.000026
4 82 0.999996
4 83 0.001149
4 84 0.016059
4 85 0.999999
4 86 0.999977
4 87 0.999997
4 88 0.000020
4 89 0.013139
4 90 0.000020
4 91 0.998630
4 92 0.999986
4 93 0.013139
4 94 0.001346
4 95 0.999979
4 96 0.991631
4 97 0.999993
4 98 0.999995
4 99 0.999997
5 0 0.999916
5 1 0.999998
5 2 0.014543
5 3 0.999998
5 4 0.999921
5 5 0.000000
5 6 0.999999
5 7 0.999987
5 8 0.001829
5 9 0.999991
5 10 0.013139
5 11 0.999993
5 12 0.999998
5 13 0.995138
5 14 0.013139
5 15 0.999987
5 16 0.013139
5 17 0.001346
5 18 0.999922
5 19 0.999633
5 20 0.999999
5 21 0.001149
5 22 0.999947
5 23 0.001346
5 24 0.001149
5 25 0.999995
5 26 0.993647
5 27 0.981974
5 28 0.999998
5 29 0.999947
5 30 0.013139
5 31 0.001149
5 32 0.999998
5 33 0.000020
5 34 0.999993
5 35 0.017692
5 36 0.999842
5 37 0.999999
5 38 0.999995
5 39 0.014543
5 40 0.999993
5 41 0.001149
5 42 0.000020
5 43 0.001346
5 44 0.013139
5 45 0.999774
5 46 0.014543
5 47 0.999995
5 48 0.013139
5 49 0.999979
5 50 0.999999
5 51 0.999998
5 52 0.000020
5 53 0.002120
5 54 0.999909
5 55 0.016059
5 56 0.000020
5 57 0.999997
5 58 0.999997
5 59 0.999994
5 60 0.001149
5 61 0.071066
5 62 0.999453
5 63 0.000020
5 64 0.013139
5 65 0.000026
5 66 0.899635
5 67 0.013139
5 68 0.999908
5 69 0.999995
5 70 0.999999
5 71 0.999999
5 72 0.001572
5 73 0.999997
5 74 0.999999
5 75 0.000020
5 76 0.999994
5 77 0.013139
5 78 0.999947
5 79 0.999979
5 80 0.999999
5 81 0.000020
5 82 0.013139
5 83 0.999996
5 84 0.999998
5 85 0.999146
5 86 0.999830
5 87 0.075609
5 88 0.999791
5 89 0.993381
5 90 0.000026
5 91 0.000020
5 92 0.999998
5 93 0.987103
5 94 0.999997
5 95 0.001149
5 96 0.003236
5 97 0.999998
5 98 0.013139
5 99 0.999992
6 0 0.999990
6 1 0.999942
6 2 0.999990
6 3 0.014543
6 4 0.999999
6 5 0.999999
6 6 0.000000
6 7 0.854189
6 8 0.014543
6 9 0.001149
6 10 0.999186
6 11 0.001346
6 12 0.999998
6 13 0.999997
6 14 0.999992
6 15 0.002449
6 16 0.999967
6 17 0.999998
6 18 0.000020
6 19 0.999945
6 20 0.013139
6 21 0.000020
6 22 0.999995
6 23 0.999921
6 24 0.025490
6 25 0.999989
6 26 0.066696
6 27 0.001346
6 28 0.992930
6 29 0.999998
6 30 0.999999
6 31 0.999997
6 32 0.001149
6 33 0.222456
6 34 0.999976
6 35 0.999995
6 36 0.999998
6 37 0.000001
6 38 0.013139
6 39 0.999670
6 40 0.999998
6 41 0.013139
6 42 0.999995
6 43 0.999991
6 44 0.999946
6 45 0.001149
6 46 0.000020
6 47 0.999988
6 48 0.016059
6 49 0.001346
6 50 0.027884
6 51 0.013139
6 52 0.999991
6 53 0.000020
6 54 0.080326
6 55 0.001149
6 56 0.999987
6 57 0.001149
6 58 0.013139
6 59 0.999999
6 60 0.999999
6 61 0.999993
6 62 0.979832
6 63 0.999997
6 64 0.066696
6 65 0.999996
6 66 0.999992
6 67 0.999939
6 68 0.999999
6 69 0.999902
6 70 0.999995
6 71 0.999996
6 72 0.999940
6 73 0.001149
6 74 0.999972
6 75 0.999999
6 76 0.999979
6 77 0.000042
6 78 0.999983
6 79 0.799341
6 80 0.999996
6 81 0.999979
6 82 0.999991
6 83 0.999997
6 84 0.001149
6 85 0.999491
6 86 0.013139
6 87 0.999953
6 88 0.000020
6 89 0.016059
6 90 0.999997
6 91 0.013139
6 92 0.999996
6 93 0.000026
6 94 0.999928
6 95 0.999995
6 96 0.999997
6 97 0.999999
6 98 0.001149
6 99 0.978806
7 0 0.999943
7 1 0.999650
7 2 0.999999
7 3 0.999999
7 4 0.999996
7 5 0.999987
7 6 0.854189
7 7 0.000000
7 8 0.999998
7 9 0.066696
7 10 0.000020
7 11 0.997815
7 12 0.014543
7 13 0.999999
7 14 0.013139
7 15 0.021328
7 16 0.999010
7 17 0.016059
7 18 0.999995
7 19 0.013139
7 20 0.999997
7 21 0.999999
7 22 0.014543
7 23 0.999948
7 24 0.999999
7 25 0.001149
7 26 0.999998
7 27 0.999999
7 28 0.001346
7 29 0.999999
7 30 0.999986
7 31 0.999944
7 32 0.014543
7 33 0.238501
7 34 0.016059
7 35 0.999952
7 36 0.997818
7 37 0.998634
7 38 0.999999
7 39 0.999991
7 40 0.013139
7 41 0.999106
7 42 0.999194
7 43 0.532371
7 44 0.999916
7 45 0.999995
7 46 0.999989
7 47 0.001346
7 48 0.999980
7 49 0.000020
7 50 0.013139
7 51 0.013139
7 52 0.999979
7 53 0.001149
7 54 0.999997
7 55 0.999752
7 56 0.000020
7 57 0.999991
7 58 0.999997
7 59 0.000020
7 60 0.999995
7 61 0.999967
7 62 0.013139
7 63 0.686772
7 64 0.999997
7 65 0.013139
7 66 0.998567
7 67 0.999994
7 68 0.999998
7 69 0.075609
7 70 0.999998
7 71 0.000020
7 72 0.999998
7 73 0.999997
7 74 0.000026
7 75 0.999998
7 76 0.999999
7 77 0.992255
7 78 0.000042
7 79 0.013139
7 80 0.999980
7 81 0.999986
7 82 0.999999
7 83 0.017692
7 84 0.999987
7 85 0.999987
7 86 0.999906
7 87 0.999996
7 88 0.017692
7 89 0.013139
7 90 0.999976
7 91 0.019447
7 92 0.013139
7 93 0.999891
7 94 0.001149
7 95 0.001572
7 96 0.997421
7 97 0.000020
7 98 0.999991
7 99 0.999986
8 0 0.001149
8 1 0.998382
8 2 0.999997
8 3 0.999999
8 4 0.999999
8 5 0.001829
8 6 0.014543
8 7 0.999998
8 8 0.000000
8 9 0.999933
8 10 0.000020
8 11 0.013139
8 12 0.066696
8 13 0.001346
8 14 0.999996
8 15 0.066696
8 16 0.963968
8 17 0.999991
8 18 0.347268
8 19 0.014543
8 20 0.002120
8 21 0.013139
8 22 0.999987
8 23 0.999996
8 24 0.999998
8 25 0.999989
8 26 0.999938
8 27 0.999973
8 28 0.013139
8 29 0.999991
8 30 0.999999
8 31 0.014543
8 32 0.999999
8 33 0.000020
8 34 0.999999
8 35 0.000020
8 36 0.066696
8 37 0.999780
8 38 0.001149
8 39 0.999997
8 40 0.999992
8 41 0.999995
8 42 0.999990
8 43 0.001149
8 44 0.001149
8 45 0.001346
8 46 0.999992
8 47 0.999998
8 48 0.999553
8 49 0.000020
8 50 0.014543
8 51 0.997598
8 52 0.199118
8 53 0.000020
8 54 0.013139
8 55 0.001149
8 56 0.000020
8 57 0.999999
8 58 0.999998
8 59 0.013139
8 60 0.999998
8 61 0.016059
8 62 0.013139
8 63 0.373433
8 64 0.000020
8 65 0.000020
8 66 0.999802
8 67 0.000020
8 68 0.999955
8 69 0.999996
8 70 0.999997
8 71 0.999987
8 72 0.066696
8 73 0.000020
8 74 0.999993
8 75 0.000042
8 76 0.000026
8 77 0.999998
8 78 0.013139
8 79 0.985767
8 80 0.999998
8 81 0.001149
8 82 0.999995
8 83 0.999992
8 84 0.000020
8 85 0.999978
8 86 0.899635
8 87 0.999995
8 88 0.999994
8 89 0.013139
8 90 0.999998
8 91 0.000020
8 92 0.999979
8 93 0.000026
8 94 0.999997
8 95 0.976238
8 96 0.999997
8 97 0.999857
8 98 0.016059
8 99 0.999995
9 0 0.999999
9 1 0.013139
9 2 0.000020
9 3 0.000020
9 4 0.508189
9 5 0.999991
9 6 0.001149
9 7 0.066696
9 8 0.999933
9 9 0.000000
9 10 0.001149
9 11 0.999999
9 12 0.999999
9 13 0.999676
9 14 0.999999
9 15 0.999915
9 16 0.254870
9 17 0.705364
9 18 0.000020
9 19 0.999999
9 20 0.000020
9 21 0.999995
9 22 0.999999
9 23 0.999997
9 24 0.999924
9 25 0.999998
9 26 0.013139
9 27 0.066696
9 28 0.001346
9 29 0.071066
9 30 0.999983
9 31 0.001829
9 32 0.999999
9 33 0.961365
9 34 0.013139
9 35 0.014543
9 36 0.999999
9 37 0.999999
9 38 0.999989
9 39 0.999992
9 40 0.013139
9 41 0.013139
9 42 0.999992
9 43 0.999869
9 44 0.994006
9 45 0.999941
9 46 0.999997
9 47 0.999987
9 48 0.999973
9 49 0.066696
9 50 0.000020
9 51 0.999999
9 52 0.999999
9 53 0.999909
9 54 0.013139
9 55 0.999987
9 56 0.013139
9 57 0.999682
9 58 0.001572
9 59 0.999996
9 60 0.937424
9 61 0.999998
9 62 0.999997
9 63 0.999920
9 64 0.999987
9 65 0.999997
9 66 0.999990
9 67 0.000020
9 68 0.000033
9 69 0.013139
9 70 0.999979
9 71 0.013139
9 72 0.246638
9 73 0.001149
9 74 0.916216
9 75 0.999998
9 76 0.999992
9 77 0.002449
9 78 0.999933
9 79 0.996506
9 80 0.000026
9 81 0.999944
9 82 0.000020
9 83 0.999997
9 84 0.999980
9 85 0.013139
9 86 0.001149
9 87 0.013139
9 88 0.000020
9 89 0.001346
9 90 0.001149
9 91 0.996746
9 92 0.013139
9 93 0.999996
9 94 0.999991
9 95 0.999971
9 96 0.999999
9 97 0.001346
9 98 0.013139
9 99 0.000020
10 0 0.021328
10 1 0.013139
10 2 0.998723
10 3 0.001149
10 4 0.999553
10 5 0.013139
10 6 0.999186
10 7 0.000020
10 8 0.000020
10 9 0.001149
10 10 0.000000
10 11 0.019446
10 12 0.974509
10 13 0.000033
10 14 0.999959
10 15 0.999992
10 16 0.001149
10 17 0.000020
10 18 0.999998
10 19 0.999244
10 20 0.014543
10 21 0.001149
10 22 0.999998
10 23 0.013139
10 24 0.983991
10 25 0.999969
10 26 0.013139
10 27 0.978365
10 28 0.999992
10 29 0.013139
10 30 0.000020
10 31 0.999997
10 32 0.999998
10 33 0.999967
10 34 0.999997
10 35 0.014543
10 36 0.999997
10 37 0.999883
10 38 0.999993
10 39 0.999987
10 40 0.999615
10 41 0.999997
10 42 0.999972
10 43 0.999995
10 44 0.999483
10 45 0.999999
10 46 0.101006
10 47 0.999998
10 48 0.013139
10 49 0.013139
10 50 0.014543
10 51 0.966493
10 52 0.000026
10 53 0.014543
10 54 0.000020
10 55 0.999980
10 56 0.013139
10 57 0.999999
10 58 0.999980
10 59 0.000020
10 60 0.999503
10 61 0.904054
10 62 0.999998
10 63 0.980374
10 64 0.999979
10 65 0.967937
10 66 0.030205
10 67 0.767655
10 68 0.999998
10 69 0.000020
10 70 0.999958
10 71 0.999468
10 72 0.999992
10 73 0.000020
10 74 0.999987
10 75 0.000020
10 76 0.999998
10 77 0.997540
10 78 0.001149
10 79 0.338564
10 80 0.013139
10 81 0.999995
10 82 0.013139
10 83 0.999997
10 84 0.355984
10 85 0.000020
10 86 0.013139
10 87 0.001346
10 88 0.013139
10 89 0.999986
10 90 0.001149
10 91 0.999782
10 92 0.999989
10 93 0.003236
10 94 0.999999
10 95 0.013139
10 96 0.995484
10 97 0.001149
10 98 0.013139
10 99 0.999992
11 0 0.001149
11 1 0.999989
11 2 0.001829
11 3 0.002120
11 4 0.999991
11 5 0.999993
11 6 0.001346
11 7 0.997815
11 8 0.013139
11 9 0.999999
11 10 0.019446
11 11 0.000000
11 12 0.001346
11 13 0.999943
11 14 0.998630
11 15 0.999685
11 16 0.999987
11 17 0.999999
11 18 0.000020
11 19 0.999997
11 20 0.847673
11 21 0.013139
11 22 0.999988
11 23 0.999999
11 24 0.999495
11 25 0.080327
11 26 0.075610
11 27 0.999884
11 28 0.013139
11 29 0.999995
11 30 0.075610
11 31 0.999999
11 32 0.999998
11 33 0.001346
11 34 0.999689
11 35 0.001149
11 36 0.066696
11 37 0.999996
11 38 0.999955
11 39 0.021327
11 40 0.999992
11 41 0.000053
11 42 0.999991
11 43 0.997597
11 44 0.999988
11 45 0.977327
11 46 0.013139
11 47 0.999997
11 48 0.013139
11 49 0.000020
11 50 0.999999
11 51 0.000020
11 52 0.000026
11 53 0.999998
11 54 0.013139
11 55 0.963970
11 56 0.860448
11 57 0.999999
11 58 0.999974
11 59 0.999987
11 60 0.000033
11 61 0.999945
11 62 0.999985
11 63 0.999940
11 64 0.999621
11 65 0.001149
11 66 0.978868
11 67 0.999993
11 68 0.869295
11 69 0.999989
11 70 0.019447
11 71 0.014543
11 72 0.999987
11 73 0.999997
11 74 0.999999
11 75 0.999995
11 76 0.999992
11 77 0.999999
11 78 0.999999
11 79 0.999999
11 80 0.999016
11 81 0.999354
11 82 0.001346
11 83 0.000020
11 84 0.999992
11 85 0.013139
11 86 0.000033
11 87 0.999998
11 88 0.999996
11 89 0.904932
11 90 0.085210
11 91 0.999999
11 92 0.999995
11 93 0.999998
11 94 0.999650
11 95 0.999972
11 96 0.999996
11 97 0.016059
11 98 0.996507
11 99 0.001149
12 0 0.999883
12 1 0.001346
12 2 0.508189
12 3 0.014543
12 4 0.001346
12 5 0.999998
12 6 0.999998
12 7 0.014543
12 8 0.066696
12 9 0.999999
12 10 0.974509
12 11 0.001346
12 12 0.000000
12 13 0.001149
12 14 0.999995
12 15 0.013139
12 16 0.999694
12 17 0.000020
12 18 0.999990
12 19 0.999998
12 20 0.999992
12 21 0.214575
12 22 0.016059
12 23 0.016059
12 24 0.999979
12 25 0.999990
12 26 0.001149
12 27 0.001149
12 28 0.999997
12 29 0.000026
12 30 0.013139
12 31 0.013139
12 32 0.001346
12 33 0.999998
12 34 0.000020
12 35 0.004219
12 36 0.001346
12 37 0.001572
12 38 0.013139
12 39 0.013139
12 40 0.999980
12 41 0.999991
12 42 0.999998
12 43 0.992461
12 44 0.963970
12 45 0.000020
12 46 0.013139
12 47 0.999999
12 48 0.999998
12 49 0.002120
12 50 0.999948
12 51 0.066696
12 52 0.001149
12 53 0.000020
12 54 0.013139
12 55 0.999988
12 56 0.999945
12 57 0.000020
12 58 0.000001
12 59 0.019447
12 60 0.013139
12 61 0.001149
12 62 0.999998
12 63 0.014543
12 64 0.013139
12 65 0.001149
12 66 0.975099
12 67 0.118132
12 68 0.999910
12 69 0.013139
12 70 0.021328
12 71 0.999990
12 72 0.013139
12 73 0.000020
12 74 0.999987
12 75 0.002449
12 76 0.014543
12 77 0.999997
12 78 0.001346
12 79 0.998798
12 80 0.999997
12 81 0.001149
12 82 0.013139
12 83 0.013139
12 84 0.999983
12 85 0.999893
12 86 0.014543
12 87 0.999518
12 88 0.999997
12 89 0.999996
12 90 0.023340
12 91 0.000020
12 92 0.000020
12 93 0.999894
12 94 0.999933
12 95 0.999999
12 96 0.999689
12 97 0.013139
12 98 0.999899
12 99 0.999995
13 0 0.999223
13 1 0.999999
13 2 0.999997
13 3 0.023341
13 4 0.999995
13 5 0.995138
13 6 0.999997
13 7 0.999999
13 8 0.001346
13 9 0.999676
13 10 0.000033
13 11 0.999943
13 12 0.001149
13 13 0.000000
13 14 0.014543
13 15 0.863428
13 16 0.002120
13 17 0.999992
13 18 0.999997
13 19 0.999998
13 20 0.002120
13 21 0.001346
13 22 0.001346
13 23 0.066696
13 24 0.999998
13 25 0.071066
13 26 0.999999
13 27 0.990198
13 28 0.999859
13 29 0.013139
13 30 0.999999
13 31 0.998601
13 32 0.013139
13 33 0.999998
13 34 0.999908
13 35 0.014543
13 36 0.001149
13 37 0.013139
13 38 0.999999
13 39 0.999440
13 40 0.001346
13 41 0.999999
13 42 0.999942
13 43 0.999998
13 44 0.013139
13 45 0.016059
13 46 0.001346
13 47 0.014543
13 48 0.999999
13 49 0.016059
13 50 0.999951
13 51 0.999972
13 52 0.999999
13 53 0.999999
13 54 0.459986
13 55 0.999996
13 56 0.071066
13 57 0.999987
13 58 0.999997
13 59 0.999979
13 60 0.999992
13 61 0.080326
13 62 0.999913
13 63 0.999992
13 64 0.014543
13 65 0.999998
13 66 0.999964
13 67 0.999871
13 68 0.013139
13 69 0.013139
13 70 0.999999
13 71 0.781723
13 72 0.191553
13 73 0.013139
13 74 0.000020
13 75 0.999933
13 76 0.000020
13 77 0.998728
13 78 0.999790
13 79 0.999999
13 80 0.014543
13 81 0.000020
13 82 0.999998
13 83 0.013139
13 84 0.014543
13 85 0.993626
13 86 0.999914
13 87 0.066696
13 88 0.014543
13 89 0.999999
13 90 0.999998
13 91 0.001572
13 92 0.001346
13 93 0.000020
13 94 0.000020
13 95 0.999998
13 96 0.001149
13 97 0.999996
13 98 0.999999
13 99 0.013139
14 0 0.013139
14 1 0.013139
14 2 0.017692
14 3 0.000020
14 4 0.999983
14 5 0.013139
14 6 0.999992
14 7 0.013139
14 8 0.999996
14 9 0.999999
14 10 0.999959
14 11 0.998630
14 12 0.999995
14 13 0.014543
14 14 0.000000
14 15 0.013139
14 16 0.000020
14 17 0.013139
14 18 0.999973
14 19 0.999963
14 20 0.999999
14 21 0.013139
14 22 0.974314
14 23 0.001149
14 24 0.999998
14 25 0.013139
14 26 0.999998
14 27 0.000020
14 28 0.143630
14 29 0.001346
14 30 0.999996
14 31 0.001149
14 32 0.999950
14 33 0.014543
14 34 0.999997
14 35 0.001572
14 36 0.000026
14 37 0.000020
14 38 0.999805
14 39 0.001346
14 40 0.019447
14 41 0.999995
14 42 0.999940
14 43 0.999077
14 44 0.000020
14 45 0.001572
14 46 0.999992
14 47 0.999999
14 48 0.999999
14 49 0.999992
14 50 0.999997
14 51 0.871962
14 52 0.013139
14 53 0.990198
14 54 0.999999
14 55 0.014543
14 56 0.999988
14 57 0.001149
14 58 0.013139
14 59 0.999999
14 60 0.000020
14 61 0.999998
14 62 0.000020
14 63 0.999999
14 64 0.013139
14 65 0.066696
14 66 0.013139
14 67 0.999999
14 68 0.994798
14 69 0.999994
14 70 0.013139
14 71 0.999992
14 72 0.999986
14 73 0.999919
14 74 0.013139
14 75 0.999999
14 76 0.996779
14 77 0.001149
14 78 0.013139
14 79 0.001572
14 80 0.014543
14 81 0.000020
14 82 0.999947
14 83 0.002120
14 84 0.999999
14 85 0.999977
14 86 0.016059
14 87 0.013139
14 88 0.999673
14 89 0.999798
14 90 0.999998
14 91 0.000026
14 92 0.999998
14 93 0.001149
14 94 0.999993
14 95 0.999996
14 96 0.999999
14 97 0.999992
14 98 0.014543
14 99 0.001149
15 0 0.999999
15 1 0.204067
15 2 0.013139
15 3 0.013139
15 4 0.001149
15 5 0.999987
15 6 0.002449
15 7 0.021328
15 8 0.066696
15 9 0.999915
15 10 0.999992
15 11 0.999685
15 12 0.013139
15 13 0.863428
15 14 0.013139
15 15 0.000000
15 16 0.999995
15 17 0.000020
15 18 0.993716
15 19 0.999437
15 20 0.013139
15 21 0.999997
15 22 0.959527
15 23 0.016059
15 24 0.000026
15 25 0.017692
15 26 0.998111
15 27 0.013139
15 28 0.016059
15 29 0.999633
15 30 0.999997
15 31 0.013139
15 32 0.014543
15 33 0.999998
15 34 0.266097
15 35 0.014543
15 36 0.999997
15 37 0.999972
15 38 0.999998
15 39 0.999986
15 40 0.999995
15 41 0.999993
15 42 0.999994
15 43 0.013139
15 44 0.999999
15 45 0.000020
15 46 0.999998
15 47 0.001346
15 48 0.001572
15 49 0.000053
15 50 0.999998
15 51 0.000066
15 52 0.000020
15 53 0.075609
15 54 0.001829
15 55 0.999925
15 56 0.071066
15 57 0.001346
15 58 0.999917
15 59 0.001572
15 60 0.000026
15 61 0.999999
15 62 0.014543
15 63 0.999999
15 64 0.991081
15 65 0.002120
15 66 0.999996
15 67 0.002120
15 68 0.999993
15 69 0.001149
15 70 0.999996
15 71 0.001149
15 72 0.999999
15 73 0.999996
15 74 0.000020
15 75 0.999999
15 76 0.999466
15 77 0.014543
15 78 0.999987
15 79 0.999987
15 80 0.999997
15 81 0.016059
15 82 0.001149
15 83 0.999995
15 84 0.000026
15 85 0.999997
15 86 0.524377
15 87 0.001572
15 88 0.999993
15 89 0.790691
15 90 0.999995
15 91 0.000020
15 92 0.999999
15 93 0.118118
15 94 0.999998
15 95 0.999998
15 96 0.999884
15 97 0.999908
15 98 0.999986
15 99 0.016059
16 0 0.001346
16 1 0.999988
16 2 0.013139
16 3 0.999991
16 4 0.999894
16 5 0.013139
16 6 0.999967
16 7 0.999010
16 8 0.963968
16 9 0.254870
16 10 0.001149
16 11 0.999987
16 12 0.999694
16 13 0.002120
16 14 0.000020
16 15 0.999995
16 16 0.000000
16 17 0.013139
16 18 0.999984
16 19 0.999976
16 20 0.999998
16 21 0.003647
16 22 0.999847
16 23 0.434147
16 24 0.013139
16 25 0.999999
16 26 0.999998
16 27 0.013139
16 28 0.999996
16 29 0.999998
16 30 0.999997
16 31 0.999947
16 32 0.999993
16 33 0.999884
16 34 0.999998
16 35 0.013139
16 36 0.999999
16 37 0.002821
16 38 0.999999
16 39 0.001149
16 40 0.999998
16 41 0.001149
16 42 0.013139
16 43 0.000026
16 44 0.941651
16 45 0.016059
16 46 0.001572
16 47 0.999868
16 48 0.999995
16 49 0.999995
16 50 0.000020
16 51 0.000026
16 52 0.000020
16 53 0.999992
16 54 0.999987
16 55 0.999999
16 56 0.013139
16 57 0.001149
16 58 0.999991
16 59 0.999998
16 60 0.001346
16 61 0.999999
16 62 0.013139
16 63 0.999999
16 64 0.013139
16 65 0.080327
16 66 0.013139
16 67 0.999670
16 68 0.999979
16 69 0.999996
16 70 0.916233
16 71 0.013139
16 72 0.833207
16 73 0.001346
16 74 0.949454
16 75 0.999971
16 76 0.000026
16 77 0.999998
16 78 0.999479
16 79 0.999998
16 80 0.013139
16 81 0.001149
16 82 0.999994
16 83 0.999996
16 84 0.001149
16 85 0.023341
16 86 0.023340
16 87 0.014543
16 88 0.001149
16 89 0.001149
16 90 0.000020
16 91 0.041412
16 92 0.002120
16 93 0.999999
16 94 0.999859
16 95 0.999986
16 96 0.999979
16 97 0.991491
16 98 0.001346
16 99 0.001149
17 0 0.999999
17 1 0.000020
17 2 0.999888
17 3 0.021328
17 4 0.016059
17 5 0.001346
17 6 0.999998
17 7 0.016059
17 8 0.999991
17 9 0.705364
17 10 0.000020
17 11 0.999999
17 12 0.000020
17 13 0.999992
17 14 0.013139
17 15 0.000020
17 16 0.013139
17 17 0.000000
17 18 0.000020
17 19 0.000020
17 20 0.988209
17 21 0.999997
17 22 0.016059
17 23 0.001346
17 24 0.000020
17 25 0.013139
17 26 0.999999
17 27 0.999995
17 28 0.984572
17 29 0.066696
17 30 0.016059
17 31 0.999979
17 32 0.999983
17 33 0.999999
17 34 0.001346
17 35 0.999996
17 36 0.014543
17 37 0.999996
17 38 0.019447
17 39 0.001149
17 40 0.000020
17 41 0.003235
17 42 0.999991
17 43 0.000020
17 44 0.002820
17 45 0.999888
17 46 0.013139
17 47 0.066696
17 48 0.899635
17 49 0.999988
17 50 0.999468
17 51 0.999999
17 52 0.999973
17 53 0.999998
17 54 0.999995
17 55 0.001572
17 56 0.014543
17 57 0.999999
17 58 0.999986
17 59 0.999996
17 60 0.999999
17 61 0.013139
17 62 0.999949
17 63 0.014543
17 64 0.998533
17 65 0.999997
17 66 0.999932
17 67 0.999998
17 68 0.013139
17 69 0.999744
17 70 0.999993
17 71 0.999998
17 72 0.999975
17 73 0.999950
17 74 0.998709
17 75 0.999952
17 76 0.013139
17 77 0.001149
17 78 0.001149
17 79 0.999992
17 80 0.979358
17 81 0.001149
17 82 0.999789
17 83 0.999999
17 84 0.999996
17 85 0.000020
17 86 0.016059
17 87 0.999642
17 88 0.999564
17 89 0.999385
17 90 0.355984
17 91 0.999988
17 92 0.013139
17 93 0.013139
17 94 0.999801
17 95 0.013139
17 96 0.991883
17 97 0.999999
17 98 0.999996
17 99 0.999999
18 0 0.999995
18 1 0.001149
18 2 0.999928
18 3 0.013139
18 4 0.999987
18 5 0.999922
18 6 0.000020
18 7 0.999995
18 8 0.347268
18 9 0.000020
18 10 0.999998
18 11 0.000020
18 12 0.999990
18 13 0.999997
18 14 0.999973
18 15 0.993716
18 16 0.999984
18 17 0.000020
18 18 0.000000
18 19 0.999991
18 20 0.999483
18 21 0.508189
18 22 0.999995
18 23 0.999998
18 24 0.013139
18 25 0.001346
18 26 0.999924
18 27 0.942978
18 28 0.000020
18 29 0.001346
18 30 0.014543
18 31 0.013139
18 32 0.819618
18 33 0.001346
18 34 0.999995
18 35 0.999997
18 36 0.013139
18 37 0.999973
18 38 0.013139
18 39 0.001149
18 40 0.025485
18 41 0.999996
18 42 0.066696
18 43 0.999912
18 44 0.000042
18 45 0.991082
18 46 0.999997
18 47 0.999916
18 48 0.999998
18 49 0.000020
18 50 0.999991
18 51 0.999978
18 52 0.999995
18 53 0.338564
18 54 0.999949
18 55 0.013139
18 56 0.001149
18 57 0.999949
18 58 0.999999
18 59 0.013139
18 60 0.001149
18 61 0.844319
18 62 0.016059
18 63 0.000020
18 64 0.999999
18 65 0.999914
18 66 0.999998
18 67 0.013139
18 68 0.999798
18 69 0.001829
18 70 0.999988
18 71 0.999988
18 72 0.999997
18 73 0.999991
18 74 0.066696
18 75 0.999996
18 76 0.013139
18 77 0.999997
18 78 0.001149
18 79 0.000020
18 80 0.999999
18 81 0.999989
18 82 0.999857
18 83 0.013139
18 84 0.996453
18 85 0.001149
18 86 0.999965
18 87 0.001149
18 88 0.013139
18 89 0.184104
18 90 0.001149
18 91 0.999999
18 92 0.999969
18 93 0.999981
18 94 0.999998
18 95 0.999920
18 96 0.999925
18 97 0.999999
18 98 0.999999
18 99 0.013139
19 0 0.000020
19 1 0.958576
19 2 0.001829
19 3 0.999999
19 4 0.000020
19 5 0.999633
19 6 0.999945
19 7 0.013139
19 8 0.014543
19 9 0.999999
19 10 0.999244
19 11 0.999997
19 12 0.999998
19 13 0.999998
19 14 0.999963
19 15 0.999437
19 16 0.999976
19 17 0.000020
19 18 0.999991
19 19 0.000000
19 20 0.001149
19 21 0.996249
19 22 0.999740
19 23 0.001572
19 24 0.000042
19 25 0.014543
19 26 0.999997
19 27 0.013139
19 28 0.001149
19 29 0.999999
19 30 0.001149
19 31 0.999986
19 32 0.998440
19 33 0.001149
19 34 0.997401
19 35 0.999992
19 36 0.999992
19 37 0.999999
19 38 0.999908
19 39 0.071066
19 40 0.999951
19 41 0.013139
19 42 0.999980
19 43 0.013139
19 44 0.999944
19 45 0.000020
19 46 0.450780
19 47 0.999995
19 48 0.001346
19 49 0.014543
19 50 0.999995
19 51 0.001149
19 52 0.999698
19 53 0.998313
19 54 0.999967
19 55 0.001149
19 56 0.000020
19 57 0.000020
19 58 0.999996
19 59 0.001346
19 60 0.016059
19 61 0.999999
19 62 0.999997
19 63 0.002120
19 64 0.996250
19 65 0.001149
19 66 0.001346
19 67 0.071066
19 68 0.999989
19 69 0.999992
19 70 0.999986
19 71 0.999998
19 72 0.999999
19 73 0.999995
19 74 0.999990
19 75 0.999999
19 76 0.222459
19 77 0.001149
19 78 0.014543
19 79 0.000042
19 80 0.999993
19 81 0.013139
19 82 0.999998
19 83 0.999998
19 84 0.999913
19 85 0.021328
19 86 0.013139
19 87 0.999995
19 88 0.999794
19 89 0.001149
19 90 0.001149
19 91 0.001149
19 92 0.002120
19 93 0.997661
19 94 0.014543
19 95 0.999999
19 96 0.184104
19 97 0.000020
19 98 0.996068
19 99 0.071066
20 0 0.999949
20 1 0.999997
20 2 0.999997
20 3 0.002447
20 4 0.999665
20 5 0.999999
20 6 0.013139
20 7 0.999997
20 8 0.002120
20 9 0.000020
20 10 0.014543
20 11 0.847673
20 12 0.999992
20 13 0.002120
20 14 0.999999
20 15 0.013139
20 16 0.999998
20 17 0.988209
20 18 0.999483
20 19 0.001149
20 20 0.000000
20 21 0.999988
20 22 0.013139
20 23 0.999974
20 24 0.014543
20 25 0.000026
20 26 0.000020
20 27 0.999999
20 28 0.999996
20 29 0.001149
20 30 0.999979
20 31 0.999949
20 32 0.013139
20 33 0.013139
20 34 0.997245
20 35 0.000020
20 36 0.998462
20 37 0.014543
20 38 0.999998
20 39 0.001149
20 40 0.014543
20 41 0.000026
20 42 0.999982
20 43 0.996744
20 44 0.999996
20 45 0.000020
20 46 0.013139
20 47 0.994416
20 48 0.000020
20 49 0.999964
20 50 0.016059
20 51 0.999912
20 52 0.999962
20 53 0.999973
20 54 0.998667
20 55 0.999991
20 56 0.999999
20 57 0.013139
20 58 0.013139
20 59 0.999989
20 60 0.013139
20 61 0.013139
20 62 0.000020
20 63 0.013139
20 64 0.996423
20 65 0.999969
20 66 0.607550
20 67 0.999985
20 68 0.999989
20 69 0.014543
20 70 0.999965
20 71 0.993386
20 72 0.071066
20 73 0.999987
20 74 0.013139
20 75 0.999436
20 76 0.095515
20 77 0.999996
20 78 0.001346
20 79 0.014543
20 80 0.013139
20 81 0.508189
20 82 0.999997
20 83 0.999997
20 84 0.999998
20 85 0.999980
20 86 0.999956
20 87 0.002449
20 88 0.013139
20 89 0.999999
20 90 0.999969
20 91 0.000020
20 92 0.999964
20 93 0.000020
20 94 0.999995
20 95 0.999966
20 96 0.875028
20 97 0.013139
20 98 0.999255
20 99 0.071066
21 0 0.999997
21 1 0.002449
21 2 0.000026
21 3 0.999988
21 4 0.013139
21 5 0.001149
21 6 0.000020
21 7 0.999999
21 8 0.013139
21 9 0.999995
21 10 0.001149
21 11 0.013139
21 12 0.214575
21 13 0.001346
21 14 0.013139
21 15 0.999997
21 16 0.003647
21 17 0.999997
21 18 0.508189
21 19 0.996249
21 20 0.999988
21 21 0.000000
21 22 0.001346
21 23 0.999998
21 24 0.999998
21 25 0.999976
21 26 0.989964
21 27 0.143247
21 28 0.991081
21 29 0.999979
21 30 0.999999
21 31 0.999907
21 32 0.999919
21 33 0.001149
21 34 0.998511
21 35 0.001149
21 36 0.997523
21 37 0.000026
21 38 0.999999
21 39 0.999995
21 40 0.965610
21 41 0.013139
21 42 0.999994
21 43 0.001829
21 44 0.019447
21 45 0.999995
21 46 0.000033
21 47 0.999999
21 48 0.013139
21 49 0.795056
21 50 0.014543
21 51 0.013139
21 52 0.000020
21 53 0.999998
21 54 0.999864
21 55 0.999996
21 56 0.999916
21 57 0.999998
21 58 0.495875
21 59 0.066696
21 60 0.999640
21 61 0.013139
21 62 0.014543
21 63 0.857375
21 64 0.001149
21 65 0.997654
21 66 0.013139
21 67 0.999998
21 68 0.013139
21 69 0.999999
21 70 0.999992
21 71 0.066696
21 72 0.014543
21 73 0.013139
21 74 0.999999
21 75 0.999997
21 76 0.999999
21 77 0.013139
21 78 0.999997
21 79 0.000020
21 80 0.013139
21 81 0.014543
21 82 0.999999
21 83 0.999863
21 84 0.004799
21 85 0.999978
21 86 0.013139
21 87 0.013139
21 88 0.000020
21 89 0.001572
21 90 0.999999
21 91 0.999999
21 92 0.999795
21 93 0.966402
21 94 0.999999
21 95 0.999465
21 96 0.001346
21 97 0.000053
21 98 0.001572
21 99 0.041081
22 0 0.999997
22 1 0.999688
22 2 0.999999
22 3 0.013139
22 4 0.001149
22 5 0.999947
22 6 0.999995
22 7 0.014543
22 8 0.999987
22 9 0.999999
22 10 0.999998
22 11 0.999988
22 12 0.016059
22 13 0.001346
22 14 0.974314
22 15 0.959527
22 16 0.999847
22 17 0.016059
22 18 0.999995
22 19 0.999740
22 20 0.013139
22 21 0.001346
22 22 0.000000
22 23 0.000020
22 24 0.014543
22 25 0.999993
22 26 0.013139
22 27 0.999997
22 28 0.000020
22 29 0.013139
22 30 0.998601
22 31 0.999904
22 32 0.017692
22 33 0.000026
22 34 0.999162
22 35 0.000020
22 36 0.001829
22 37 0.999989
22 38 0.999995
22 39 0.999998
22 40 0.989483
22 41 0.016059
22 42 0.999564
22 43 0.999987
22 44 0.001149
22 45 0.999998
22 46 0.013139
22 47 0.016059
22 48 0.013139
22 49 0.999479
22 50 0.002451
22 51 0.999995
22 52 0.937485
22 53 0.998804
22 54 0.999947
22 55 0.999976
22 56 0.999979
22 57 0.016059
22 58 0.338564
22 59 0.999991
22 60 0.996544
22 61 0.013139
22 62 0.999999
22 63 0.013139
22 64 0.999997
22 65 0.999930
22 66 0.999986
22 67 0.000020
22 68 0.999997
22 69 0.004221
22 70 0.001149
22 71 0.999987
22 72 0.001346
22 73 0.998662
22 74 0.999998
22 75 0.001829
22 76 0.017692
22 77 0.000020
22 78 0.066696
22 79 0.001149
22 80 0.001572
22 81 0.999998
22 82 0.997482
22 83 0.999518
22 84 0.999999
22 85 0.999999
22 86 0.999677
22 87 0.013139
22 88 0.000020
22 89 0.001346
22 90 0.000026
22 91 0.999995
22 92 0.999964
22 93 0.000042
22 94 0.013139
22 95 0.066696
22 96 0.001346
22 97 0.999947
22 98 0.999980
22 99 0.999689
23 0 0.000020
23 1 0.002449
23 2 0.013139
23 3 0.001149
23 4 0.013139
23 5 0.001346
23 6 0.999921
23 7 0.999948
23 8 0.999996
23 9 0.999997
23 10 0.013139
23 11 0.999999
23 12 0.016059
23 13 0.066696
23 14 0.001149
23 15 0.016059
23 16 0.434147
23 17 0.001346
23 18 0.999998
23 19 0.001572
23 20 0.999974
23 21 0.999998
23 22 0.000020
23 23 0.000000
23 24 0.999611
23 25 0.017692
23 26 0.999998
23 27 0.001346
23 28 0.206793
23 29 0.999999
23 30 0.001149
23 31 0.000020
23 32 0.013139
23 33 0.999992
23 34 0.355984
23 35 0.999995
23 36 0.996828
23 37 0.000020
23 38 0.001346
23 39 0.021327
23 40 0.999976
23 41 0.999870
23 42 0.999995
23 43 0.000026
23 44 0.019446
23 45 0.999995
23 46 0.000020
23 47 0.992691
23 48 0.999996
23 49 0.999903
23 50 0.001346
23 51 0.013139
23 52 0.999976
23 53 0.999995
23 54 0.000042
23 55 0.999997
23 56 0.999995
23 57 0.001149
23 58 0.999999
23 59 0.013139
23 60 0.013139
23 61 0.001149
23 62 0.000020
23 63 0.000020
23 64 0.016059
23 65 0.013139
23 66 0.999999
23 67 0.014543
23 68 0.999999
23 69 0.000020
23 70 0.979502
23 71 0.001149
23 72 0.999998
23 73 0.013139
23 74 0.999979
23 75 0.999999
23 76 0.999967
23 77 0.999927
23 78 0.000020
23 79 0.014543
23 80 0.000020
23 81 0.999992
23 82 0.994910
23 83 0.999986
23 84 0.000020
23 85 0.013139
23 86 0.999995
23 87 0.999999
23 88 0.999993
23 89 0.999997
23 90 0.023341
23 91 0.001149
23 92 0.000020
23 93 0.999913
23 94 0.999992
23 95 0.000020
23 96 0.999996
23 97 0.013139
23 98 0.999995
23 99 0.999997
24 0 0.999992
24 1 0.999999
24 2 0.013139
24 3 0.013139
24 4 0.364707
24 5 0.001149
24 6 0.025490
24 7 0.999999
24 8 0.999998
24 9 0.999924
24 10 0.983991
24 11 0.999495
24 12 0.999979
24 13 0.999998
24 14 0.999998
24 15 0.000026
24 16 0.013139
24 17 0.000020
24 18 0.013139
24 19 0.000042
24 20 0.014543
24 21 0.999998
24 22 0.014543
24 23 0.999611
24 24 0.000000
24 25 0.999962
24 26 0.999996
24 27 0.811739
24 28 0.013139
24 29 0.973905
24 30 0.968982
24 31 0.013139
24 32 0.999987
24 33 0.994392
24 34 0.999821
24 35 0.999969
24 36 0.999999
24 37 0.999996
24 38 0.999910
24 39 0.999673
24 40 0.000020
24 41 0.999998
24 42 0.001149
24 43 0.999978
24 44 0.999979
24 45 0.999997
24 46 0.999998
24 47 0.999974
24 48 0.013139
24 49 0.001346
24 50 0.001149
24 51 0.013139
24 52 0.999990
24 53 0.999998
24 54 0.999971
24 55 0.023340
24 56 0.999953
24 57 0.999891
24 58 0.191553
24 59 0.001346
24 60 0.000020
24 61 0.001149
24 62 0.999988
24 63 0.999973
24 64 0.999947
24 65 0.001572
24 66 0.338564
24 67 0.999868
24 68 0.001149
24 69 0.014543
24 70 0.999997
24 71 0.085216
24 72 0.001149
24 73 0.000020
24 74 0.999987
24 75 0.999083
24 76 0.001149
24 77 0.974509
24 78 0.999998
24 79 0.999983
24 80 0.001149
24 81 0.017692
24 82 0.013139
24 83 0.999999
24 84 0.001149
24 85 0.999998
24 86 0.999976
24 87 0.999963
24 88 0.999853
24 89 0.999891
24 90 0.999997
24 91 0.999967
24 92 0.971450
24 93 0.013139
24 94 0.999998
24 95 0.000083
24 96 0.999999
24 97 0.013139
24 98 0.999894
24 99 0.999992
25 0 0.075610
25 1 0.066696
25 2 0.080328
25 3 0.999989
25 4 0.023340
25 5 0.999995
25 6 0.999989
25 7 0.001149
25 8 0.999989
25 9 0.999998
25 10 0.999969
25 11 0.080327
25 12 0.999990
25 13 0.071066
25 14 0.013139
25 15 0.017692
25 16 0.999999
25 17 0.013139
25 18 0.001346
25 19 0.014543
25 20 0.000026
25 21 0.999976
25 22 0.999993
25 23 0.017692
25 24 0.999962
25 25 0.000000
25 26 0.999870
25 27 0.999959
25 28 0.000033
25 29 0.013139
25 30 0.999992
25 31 0.578799
25 32 0.000020
25 33 0.999999
25 34 0.999951
25 35 0.999996
25 36 0.999995
25 37 0.013139
25 38 0.016059
25 39 0.999997
25 40 0.999999
25 41 0.013139
25 42 0.014543
25 43 0.999998
25 44 0.999997
25 45 0.999999
25 46 0.999999
25 47 0.999992
25 48 0.013139
25 49 0.999670
25 50 0.071066
25 51 0.000033
25 52 0.999996
25 53 0.013139
25 54 0.001149
25 55 0.999996
25 56 0.770886
25 57 0.000020
25 58 0.999996
25 59 0.014543
25 60 0.999846
25 61 0.000042
25 62 0.999974
25 63 0.013139
25 64 0.000020
25 65 0.130403
25 66 0.013139
25 67 0.013139
25 68 0.066696
25 69 0.999998
25 70 0.999992
25 71 0.999992
25 72 0.000033
25 73 0.023341
25 74 0.999998
25 75 0.000020
25 76 0.999948
25 77 0.936034
25 78 0.001572
25 79 0.999996
25 80 0.000020
25 81 0.016059
25 82 0.999997
25 83 0.016059
25 84 0.999940
25 85 0.013139
25 86 0.971142
25 87 0.999947
25 88 0.999674
25 89 0.013139
25 90 0.965611
25 91 0.999873
25 92 0.999990
25 93 0.001346
25 94 0.001829
25 95 0.995633
25 96 0.999997
25 97 0.999992
25 98 0.999998
25 99 0.999963
26 0 0.999968
26 1 0.001149
26 2 0.999999
26 3 0.999998
26 4 0.014543
26 5 0.993647
26 6 0.066696
26 7 0.999998
26 8 0.999938
26 9 0.013139
26 10 0.013139
26 11 0.075610
26 12 0.001149
26 13 0.999999
26 14 0.999998
26 15 0.998111
26 16 0.999998
26 17 0.999999
26 18 0.999924
26 19 0.999997
26 20 0.000020
26 21 0.989964
26 22 0.013139
26 23 0.999998
26 24 0.999996
26 25 0.999870
26 26 0.000000
26 27 0.016059
26 28 0.997921
26 29 0.999992
26 30 0.001149
26 31 0.013139
26 32 0.999999
26 33 0.001149
26 34 0.001149
26 35 0.999996
26 36 0.999906
26 37 0.013139
26 38 0.999991
26 39 0.999991
26 40 0.999999
26 41 0.738750
26 42 0.999988
26 43 0.004797
26 44 0.999999
26 45 0.999968
26 46 0.016059
26 47 0.999998
26 48 0.066696
26 49 0.013139
26 50 0.997868
26 51 0.999999
26 52 0.013139
26 53 0.999996
26 54 0.999997
26 55 0.999998
26 56 0.999999
26 57 0.999997
26 58 0.001149
26 59 0.999792
26 60 0.999697
26 61 0.013139
26 62 0.999998
26 63 0.999996
26 64 0.071066
26 65 0.999998
26 66 0.999995
26 67 0.016059
26 68 0.996068
26 69 0.994672
26 70 0.014543
26 71 0.945547
26 72 0.999998
26 73 0.921751
26 74 0.999996
26 75 0.000020
26 76 0.014543
26 77 0.000020
26 78 0.999994
26 79 0.001149
26 80 0.016059
26 81 0.001149
26 82 0.996746
26 83 0.014543
26 84 0.003647
26 85 0.021318
26 86 0.017692
26 87 0.013139
26 88 0.999781
26 89 0.999999
26 90 0.999980
26 91 0.999999
26 92 0.000020
26 93 0.013139
26 94 0.999993
26 95 0.999996
26 96 0.999998
26 97 0.999510
26 98 0.999992
26 99 0.999906
27 0 0.999999
27 1 0.999997
27 2 0.999915
27 3 0.999987
27 4 0.999966
27 5 0.981974
27 6 0.001346
27 7 0.999999
27 8 0.999973
27 9 0.066696
27 10 0.978365
27 11 0.999884
27 12 0.001149
27 13 0.990198
27 14 0.000020
27 15 0.013139
27 16 0.013139
27 17 0.999995
27 18 0.942978
27 19 0.013139
27 20 0.999999
27 21 0.143247
27 22 0.999997
27 23 0.001346
27 24 0.811739
27 25 0.999959
27 26 0.016059
27 27 0.000000
27 28 0.999987
27 29 0.013139
27 30 0.999941
27 31 0.999999
27 32 0.999999
27 33 0.999997
27 34 0.999640
27 35 0.999999
27 36 0.999992
27 37 0.999991
27 38 0.001829
27 39 0.001149
27 40 0.001829
27 41 0.999989
27 42 0.999999
27 43 0.999174
27 44 0.013139
27 45 0.000020
27 46 0.999996
27 47 0.999994
27 48 0.000026
27 49 0.999992
27 50 0.016059
27 51 0.001149
