0 0 0.000000
0 1 0.176777
0 2 0.066696
0 3 0.973905
0 4 0.176777
0 5 0.989724
0 6 0.661563
0 7 0.176777
0 8 0.001149
0 9 0.973905
0 10 0.066696
0 11 0.066696
0 12 0.989724
0 13 0.999736
0 14 0.013139
0 15 0.973905
0 16 0.071066
0 17 0.762799
0 18 0.508189
0 19 0.013139
0 20 0.176777
0 21 0.176777
0 22 0.772429
0 23 0.013139
0 24 0.998387
0 25 0.191553
0 26 0.999835
0 27 0.934550
0 28 0.973905
0 29 0.013139
0 30 0.508189
0 31 0.999323
0 32 0.998349
0 33 0.936034
0 34 0.959527
0 35 0.013139
0 36 0.013139
0 37 0.013139
0 38 0.999339
0 39 0.014543
0 40 0.998968
0 41 0.997359
0 42 0.983220
0 43 0.524376
0 44 0.013139
0 45 0.184104
0 46 0.899635
0 47 0.999742
0 48 0.937485
0 49 0.176777
0 50 0.655037
0 51 0.648420
0 52 0.014543
0 53 0.013139
0 54 0.014543
0 55 0.013139
0 56 0.655037
0 57 0.075605
0 58 0.999597
0 59 0.508189
0 60 0.844319
0 61 0.338564
0 62 0.347268
0 63 0.655037
0 64 0.997359
0 65 0.001149
0 66 0.983220
0 67 0.999993
0 68 0.850963
0 69 0.013139
0 70 0.998387
0 71 0.013139
0 72 0.176777
0 73 0.993716
0 74 0.066696
0 75 0.975100
0 76 0.013139
0 77 0.999839
0 78 0.066696
0 79 0.958576
0 80 0.973905
0 81 0.001149
0 82 0.191553
0 83 0.066696
0 84 0.998943
0 85 0.850963
0 86 0.013139
0 87 0.959527
0 88 0.066696
0 89 0.347268
0 90 0.958576
0 91 0.066696
0 92 0.847674
0 93 0.176777
0 94 0.973905
0 95 0.013139
0 96 0.000020
0 97 0.844319
0 98 0.993254
0 99 0.999736
1 0 0.176777
1 1 0.000000
1 2 0.934550
1 3 0.936034
1 4 0.999842
1 5 0.648420
1 6 0.176777
1 7 0.655037
1 8 0.999736
1 9 0.013139
1 10 0.013139
1 11 0.936034
1 12 0.071066
1 13 0.999998
1 14 0.013139
1 15 0.959527
1 16 0.998968
1 17 0.013139
1 18 0.066696
1 19 0.066696
1 20 0.999339
1 21 0.899635
1 22 0.999597
1 23 0.648420
1 24 0.995974
1 25 0.013139
1 26 0.001149
1 27 0.075610
1 28 0.989479
1 29 0.989479
1 30 0.013139
1 31 0.347268
1 32 0.176777
1 33 0.013139
1 34 0.338564
1 35 0.648420
1 36 0.071066
1 37 0.013139
1 38 0.066696
1 39 0.176777
1 40 0.013139
1 41 0.661564
1 42 0.013139
1 43 0.013139
1 44 0.013139
1 45 0.013139
1 46 0.999842
1 47 0.338564
1 48 0.999742
1 49 0.989479
1 50 0.844319
1 51 0.999974
1 52 0.347268
1 53 0.066696
1 54 0.013139
1 55 0.013139
1 56 0.347268
1 57 0.934550
1 58 0.184104
1 59 0.648420
1 60 0.648420
1 61 0.983610
1 62 0.958576
1 63 0.013139
1 64 0.013139
1 65 0.999899
1 66 0.998349
1 67 0.347268
1 68 0.071066
1 69 0.655037
1 70 0.001346
1 71 0.999994
1 72 0.013139
1 73 0.661565
1 74 0.983991
1 75 0.066696
1 76 0.847674
1 77 0.993716
1 78 0.184104
1 79 0.997421
1 80 0.973905
1 81 0.338564
1 82 0.661565
1 83 0.997482
1 84 0.066696
1 85 0.013139
1 86 0.013139
1 87 0.767655
1 88 0.998943
1 89 0.999984
1 90 0.176777
1 91 0.974506
1 92 0.338564
1 93 0.901868
1 94 0.999935
1 95 0.959527
1 96 0.993411
1 97 0.983610
1 98 0.014543
1 99 0.989479
2 0 0.066696
2 1 0.934550
2 2 0.000000
2 3 0.013139
2 4 0.066696
2 5 0.338564
2 6 0.013139
2 7 0.958576
2 8 0.998992
2 9 0.013139
2 10 0.983991
2 11 0.762799
2 12 0.176777
2 13 0.999936
2 14 0.516316
2 15 0.013139
2 16 0.013139
2 17 0.934550
2 18 0.983991
2 19 0.066696
2 20 0.013139
2 21 0.014543
2 22 0.066696
2 23 0.176777
2 24 0.013139
2 25 0.983610
2 26 0.655037
2 27 0.355984
2 28 0.995877
2 29 0.191553
2 30 0.338564
2 31 0.013139
2 32 0.999839
2 33 0.176777
2 34 0.013139
2 35 0.959527
2 36 0.066696
2 37 0.013139
2 38 0.013139
2 39 0.999355
2 40 0.655037
2 41 0.338564
2 42 0.767655
2 43 0.655037
2 44 0.997421
2 45 0.066696
2 46 0.997482
2 47 0.184104
2 48 0.176777
2 49 0.993411
2 50 0.013139
2 51 0.974509
2 52 0.516316
2 53 0.767655
2 54 0.013139
2 55 0.999370
2 56 0.016059
2 57 0.184104
2 58 0.013139
2 59 0.347268
2 60 0.937485
2 61 0.013139
2 62 0.999997
2 63 0.995778
2 64 0.013139
2 65 0.176777
2 66 0.999902
2 67 0.013139
2 68 0.999974
2 69 0.989479
2 70 0.013139
2 71 0.936034
2 72 0.066696
2 73 0.993411
2 74 0.013139
2 75 0.013139
2 76 0.176777
2 77 0.013139
2 78 0.013139
2 79 0.999936
2 80 0.767655
2 81 0.338564
2 82 0.936034
2 83 0.997359
2 84 0.999597
2 85 0.013139
2 86 0.347268
2 87 0.014543
2 88 0.338564
2 89 0.999339
2 90 0.013139
2 91 0.071066
2 92 0.013139
2 93 0.066696
2 94 0.071066
2 95 0.999938
2 96 0.013139
2 97 0.516316
2 98 0.999996
2 99 0.655037
3 0 0.973905
3 1 0.936034
3 2 0.013139
3 3 0.000000
3 4 0.338564
3 5 0.999839
3 6 0.014543
3 7 0.995877
3 8 0.997481
3 9 0.000020
3 10 0.066696
3 11 0.989479
3 12 0.013139
3 13 0.983610
3 14 0.013139
3 15 0.013139
3 16 0.999596
3 17 0.762799
3 18 0.013139
3 19 0.959527
3 20 0.999742
3 21 0.989724
3 22 0.013139
3 23 0.066696
3 24 0.013139
3 25 0.516316
3 26 0.013139
3 27 0.989724
3 28 0.013139
3 29 0.999899
3 30 0.989964
3 31 0.999339
3 32 0.013139
3 33 0.001149
3 34 0.071066
3 35 0.762799
3 36 0.999996
3 37 0.016059
3 38 0.989964
3 39 0.999742
3 40 0.989479
3 41 0.844319
3 42 0.184104
3 43 0.013139
3 44 0.013139
3 45 0.993565
3 46 0.176777
3 47 0.648420
3 48 0.767655
3 49 0.066696
3 50 0.066696
3 51 0.983610
3 52 0.013139
3 53 0.997359
3 54 0.184104
3 55 0.075609
3 56 0.184104
3 57 0.338564
3 58 0.993254
3 59 0.355985
3 60 0.066696
3 61 0.999897
3 62 0.959526
3 63 0.013139
3 64 0.176777
3 65 0.066696
3 66 0.661564
3 67 0.999835
3 68 0.999974
3 69 0.013139
3 70 0.997421
3 71 0.772428
3 72 0.989724
3 73 0.066696
3 74 0.999894
3 75 0.013139
3 76 0.071066
3 77 0.762799
3 78 0.001149
3 79 0.013139
3 80 0.997421
3 81 0.983610
3 82 0.999839
3 83 0.066696
3 84 0.999355
3 85 0.176777
3 86 0.983220
3 87 0.001149
3 88 0.338564
3 89 0.000020
3 90 0.516316
3 91 0.013139
3 92 0.013139
3 93 0.066696
3 94 0.000020
3 95 0.013139
3 96 0.013139
3 97 0.899635
3 98 0.508189
3 99 0.995877
4 0 0.176777
4 1 0.999842
4 2 0.066696
4 3 0.338564
4 4 0.000000
4 5 0.995877
4 6 0.999897
4 7 0.013139
4 8 0.993411
4 9 0.013139
4 10 0.999355
4 11 0.014543
4 12 0.184104
4 13 0.066696
4 14 0.899635
4 15 0.066696
4 16 0.999355
4 17 0.347268
4 18 0.983610
4 19 0.013139
4 20 0.762799
4 21 0.013139
4 22 0.066696
4 23 0.013139
4 24 0.355984
4 25 0.993411
4 26 0.508189
4 27 0.655037
4 28 0.184104
4 29 0.993716
4 30 0.014543
4 31 0.013139
4 32 0.347268
4 33 0.767655
4 34 0.973905
4 35 0.999587
4 36 0.066696
4 37 0.997360
4 38 0.999597
4 39 0.176777
4 40 0.176777
4 41 0.338564
4 42 0.999339
4 43 0.013139
4 44 0.347268
4 45 0.999935
4 46 0.999998
4 47 0.013139
4 48 0.066696
4 49 0.772427
4 50 0.013139
4 51 0.998309
4 52 0.013139
4 53 0.998387
4 54 0.184104
4 55 0.176777
4 56 0.176777
4 57 0.013139
4 58 0.983610
4 59 0.013139
4 60 0.013139
4 61 0.993254
4 62 0.066696
4 63 0.001149
4 64 0.999843
4 65 0.066696
4 66 0.013139
4 67 0.176777
4 68 0.013139
4 69 0.013139
4 70 0.013139
4 71 0.184104
4 72 0.013139
4 73 0.014543
4 74 0.936034
4 75 0.013139
4 76 0.014543
4 77 0.983991
4 78 0.934550
4 79 0.176777
4 80 0.176777
4 81 0.066696
4 82 0.999984
4 83 0.066696
4 84 0.071066
4 85 0.999355
4 86 0.655037
4 87 0.176777
4 88 0.013139
4 89 0.013139
4 90 0.013139
4 91 0.901870
4 92 0.974509
4 93 0.013139
4 94 0.001346
4 95 0.999997
4 96 0.999736
4 97 0.998349
4 98 0.936034
4 99 0.989963
5 0 0.989724
5 1 0.648420
5 2 0.338564
5 3 0.999839
5 4 0.995877
5 5 0.000000
5 6 0.899635
5 7 0.655037
5 8 0.847674
5 9 0.997359
5 10 0.013139
5 11 0.998943
5 12 0.989479
5 13 0.999996
5 14 0.013139
5 15 0.999973
5 16 0.013139
5 17 0.071066
5 18 0.961365
5 19 0.347268
5 20 0.999339
5 21 0.066696
5 22 0.959527
5 23 0.071066
5 24 0.066696
5 25 0.999996
5 26 0.999995
5 27 0.840896
5 28 0.762799
5 29 0.995973
5 30 0.013139
5 31 0.066696
5 32 0.997359
5 33 0.013139
5 34 0.013139
5 35 0.199119
5 36 0.338564
5 37 0.998968
5 38 0.995877
5 39 0.184104
5 40 0.762799
5 41 0.001149
5 42 0.013139
5 43 0.347268
5 44 0.176777
5 45 0.338564
5 46 0.014543
5 47 0.844319
5 48 0.013139
5 49 0.901869
5 50 0.347268
5 51 0.338564
5 52 0.000020
5 53 0.998349
5 54 0.176777
5 55 0.191553
5 56 0.013139
5 57 0.999994
5 58 0.995877
5 59 0.999999
5 60 0.001149
5 61 0.338564
5 62 0.899635
5 63 0.176777
5 64 0.013139
5 65 0.066696
5 66 0.013139
5 67 0.013139
5 68 0.066696
5 69 0.999974
5 70 0.958576
5 71 0.983610
5 72 0.516315
5 73 0.998349
5 74 0.998968
5 75 0.013139
5 76 0.661563
5 77 0.013139
5 78 0.999894
5 79 0.901868
5 80 0.999606
5 81 0.013139
5 82 0.013139
5 83 0.936034
5 84 0.998943
5 85 0.508189
5 86 0.066696
5 87 0.176777
5 88 0.997482
5 89 0.998943
5 90 0.066696
5 91 0.013139
5 92 0.655037
5 93 0.999339
5 94 0.762799
5 95 0.001149
5 96 0.974509
5 97 0.999835
5 98 0.013139
5 99 0.997359
6 0 0.661563
6 1 0.176777
6 2 0.013139
6 3 0.014543
6 4 0.999897
6 5 0.899635
6 6 0.000000
6 7 0.066696
6 8 0.014543
6 9 0.013139
6 10 0.983220
6 11 0.347268
6 12 0.999339
6 13 0.999839
6 14 0.899635
6 15 0.847674
6 16 0.999339
6 17 0.516316
6 18 0.000020
6 19 0.998348
6 20 0.013139
6 21 0.013139
6 22 0.999935
6 23 0.993412
6 24 0.071066
6 25 0.899635
6 26 0.066696
6 27 0.066696
6 28 0.997359
6 29 0.999974
6 30 0.999587
6 31 0.989725
6 32 0.001149
6 33 0.191553
6 34 0.066696
6 35 0.847674
6 36 0.176777
6 37 0.001149
6 38 0.013139
6 39 0.989963
6 40 0.983610
6 41 0.013139
6 42 0.973287
6 43 0.959527
6 44 0.767655
6 45 0.066696
6 46 0.013139
6 47 0.767655
6 48 0.983220
6 49 0.071066
6 50 0.989479
6 51 0.013139
6 52 0.899635
6 53 0.013139
6 54 0.989479
6 55 0.001149
6 56 0.899635
6 57 0.066696
6 58 0.013139
6 59 0.936034
6 60 0.899635
6 61 0.176777
6 62 0.993254
6 63 0.648420
6 64 0.013139
6 65 0.993411
6 66 0.983610
6 67 0.013139
6 68 0.998968
6 69 0.993254
6 70 0.973287
6 71 0.844319
6 72 0.508189
6 73 0.001149
6 74 0.661564
6 75 0.844319
6 76 0.999934
6 77 0.767655
6 78 0.013139
6 79 0.958576
6 80 0.983610
6 81 0.997421
6 82 0.997421
6 83 0.999994
6 84 0.001149
6 85 0.899635
6 86 0.013139
6 87 0.960457
6 88 0.176777
6 89 0.347268
6 90 0.993716
6 91 0.013139
6 92 0.958576
6 93 0.508189
6 94 0.993565
6 95 0.983220
6 96 0.999736
6 97 0.958576
6 98 0.338564
6 99 0.850963
7 0 0.176777
7 1 0.655037
7 2 0.958576
7 3 0.995877
7 4 0.013139
7 5 0.655037
7 6 0.066696
7 7 0.000000
7 8 0.936034
7 9 0.176777
7 10 0.013139
7 11 0.995877
7 12 0.066696
7 13 0.847674
7 14 0.013139
7 15 0.973905
7 16 0.998943
7 17 0.176777
7 18 0.974510
7 19 0.013139
7 20 0.176777
7 21 0.999587
7 22 0.508189
7 23 0.974509
7 24 0.999959
7 25 0.066696
7 26 0.516316
7 27 0.013139
7 28 0.071066
7 29 0.958576
7 30 0.999323
7 31 0.508189
7 32 0.014543
7 33 0.347268
7 34 0.655037
7 35 0.999999
7 36 0.998943
7 37 0.184104
7 38 0.998992
7 39 0.184104
7 40 0.013139
7 41 0.997359
7 42 0.999937
7 43 0.347268
7 44 0.999993
7 45 0.983610
7 46 0.066696
7 47 0.001346
7 48 0.999994
7 49 0.013139
7 50 0.013139
7 51 0.013139
7 52 0.184104
7 53 0.001149
7 54 0.999996
7 55 0.995778
7 56 0.013139
7 57 0.999959
7 58 0.998387
7 59 0.013139
7 60 0.995877
7 61 0.983610
7 62 0.013139
7 63 0.844319
7 64 0.999934
7 65 0.013139
7 66 0.347268
7 67 0.176777
7 68 0.066696
7 69 0.516316
7 70 0.999577
7 71 0.176777
7 72 0.999984
7 73 0.655037
7 74 0.066696
7 75 0.999835
7 76 0.999897
7 77 0.973905
7 78 0.508189
7 79 0.013139
7 80 0.983610
7 81 0.974509
7 82 0.999997
7 83 0.847674
7 84 0.998349
7 85 0.767655
7 86 0.347268
7 87 0.998943
7 88 0.013139
7 89 0.013139
7 90 0.995877
7 91 0.191553
7 92 0.176777
7 93 0.999937
7 94 0.066696
7 95 0.516316
7 96 0.347268
7 97 0.013139
7 98 0.998992
7 99 0.508189
8 0 0.001149
8 1 0.999736
8 2 0.998992
8 3 0.997481
8 4 0.993411
8 5 0.847674
8 6 0.014543
8 7 0.936034
8 8 0.000000
8 9 0.999999
8 10 0.000020
8 11 0.013139
8 12 0.013139
8 13 0.001346
8 14 0.999355
8 15 0.066696
8 16 0.995877
8 17 0.974509
8 18 0.013139
8 19 0.014543
8 20 0.983610
8 21 0.013139
8 22 0.844319
8 23 0.184104
8 24 0.762799
8 25 0.844319
8 26 0.998309
8 27 0.999974
8 28 0.013139
8 29 0.993411
8 30 0.999994
8 31 0.184104
8 32 0.989724
8 33 0.013139
8 34 0.959527
8 35 0.013139
8 36 0.013139
8 37 0.338564
8 38 0.066696
8 39 0.999974
8 40 0.959527
8 41 0.936034
8 42 0.998943
8 43 0.066696
8 44 0.013139
8 45 0.066696
8 46 0.983220
8 47 0.999339
8 48 0.995974
8 49 0.013139
8 50 0.184104
8 51 0.844319
8 52 0.013139
8 53 0.176777
8 54 0.013139
8 55 0.066696
8 56 0.013139
8 57 0.958576
8 58 0.999597
8 59 0.176777
8 60 0.993411
8 61 0.013139
8 62 0.013139
8 63 0.973905
8 64 0.013139
8 65 0.000020
8 66 0.998349
8 67 0.000020
8 68 0.999839
8 69 0.989724
8 70 0.999736
8 71 0.998349
8 72 0.066696
8 73 0.013139
8 74 0.983991
8 75 0.767655
8 76 0.184104
8 77 0.983991
8 78 0.013139
8 79 0.508189
8 80 0.989479
8 81 0.013139
8 82 0.184104
8 83 0.995973
8 84 0.013139
8 85 0.995778
8 86 0.013139
8 87 0.998387
8 88 0.767655
8 89 0.013139
8 90 0.934550
8 91 0.013139
8 92 0.993411
8 93 0.184104
8 94 0.989725
8 95 0.762799
8 96 0.989964
8 97 0.013139
8 98 0.184104
8 99 0.998349
9 0 0.973905
9 1 0.013139
9 2 0.013139
9 3 0.000020
9 4 0.013139
9 5 0.997359
9 6 0.013139
9 7 0.176777
9 8 0.999999
9 9 0.000000
9 10 0.001149
9 11 0.013139
9 12 0.844319
9 13 0.999983
9 14 0.762799
9 15 0.999997
9 16 0.516316
9 17 0.844319
9 18 0.013139
9 19 0.997359
9 20 0.013139
9 21 0.999975
9 22 0.983610
9 23 0.999742
9 24 0.847675
9 25 0.524398
9 26 0.013139
9 27 0.176777
9 28 0.347268
9 29 0.066696
9 30 0.997360
9 31 0.993411
9 32 0.999899
9 33 0.508189
9 34 0.013139
9 35 0.066696
9 36 0.999597
9 37 0.999339
9 38 0.338564
9 39 0.901868
9 40 0.176777
9 41 0.013139
9 42 0.999894
9 43 0.983220
9 44 0.338564
9 45 0.983610
9 46 0.999993
9 47 0.997359
9 48 0.998943
9 49 0.013139
9 50 0.013139
9 51 0.648420
9 52 0.989724
9 53 0.844319
9 54 0.013139
9 55 0.974509
9 56 0.013139
9 57 0.973905
9 58 0.958576
9 59 0.936034
9 60 0.184104
9 61 0.993565
9 62 0.899635
9 63 0.934550
9 64 0.338564
9 65 0.974508
9 66 0.999996
9 67 0.013139
9 68 0.767655
9 69 0.013139
9 70 0.998387
9 71 0.013139
9 72 0.508189
9 73 0.066696
9 74 0.347268
9 75 0.176777
9 76 0.973905
9 77 0.199117
9 78 0.844319
9 79 0.934550
9 80 0.014543
9 81 0.998349
9 82 0.013139
9 83 0.999936
9 84 0.973905
9 85 0.013139
9 86 0.013139
9 87 0.013139
9 88 0.176777
9 89 0.071066
9 90 0.066696
9 91 0.998349
9 92 0.013139
9 93 0.999995
9 94 0.934550
9 95 0.184104
9 96 0.973905
9 97 0.066696
9 98 0.176777
9 99 0.013139
10 0 0.066696
10 1 0.013139
10 2 0.983991
10 3 0.066696
10 4 0.999355
10 5 0.013139
10 6 0.983220
10 7 0.013139
10 8 0.000020
10 9 0.001149
10 10 0.000000
10 11 0.191553
10 12 0.176777
10 13 0.071066
10 14 0.347268
10 15 0.013139
10 16 0.066696
10 17 0.013139
10 18 0.936034
10 19 0.998349
10 20 0.066696
10 21 0.338564
10 22 0.999999
10 23 0.176777
10 24 0.648420
10 25 0.999973
10 26 0.013139
10 27 0.973905
10 28 0.184104
10 29 0.013139
10 30 0.000020
10 31 0.973905
10 32 0.999974
10 33 0.934550
10 34 0.937486
10 35 0.338564
10 36 0.184104
10 37 0.983220
10 38 0.668000
10 39 0.998425
10 40 0.184104
10 41 0.989724
10 42 0.762799
10 43 0.995877
10 44 0.013139
10 45 0.899635
10 46 0.993254
10 47 0.999748
10 48 0.013139
10 49 0.013139
10 50 0.014543
10 51 0.998968
10 52 0.184104
10 53 0.014543
10 54 0.013139
10 55 0.999587
10 56 0.013139
10 57 0.999999
10 58 0.974509
10 59 0.013139
10 60 0.937486
10 61 0.762799
10 62 0.508189
10 63 0.995973
10 64 0.013139
10 65 0.844319
10 66 0.899635
10 67 0.066696
10 68 0.995877
10 69 0.176777
10 70 0.999355
10 71 0.066696
10 72 0.958576
10 73 0.013139
10 74 0.998992
10 75 0.013139
10 76 0.999935
10 77 0.184104
10 78 0.001149
10 79 0.013139
10 80 0.013139
10 81 0.176777
10 82 0.013139
10 83 0.772427
10 84 0.013139
10 85 0.013139
10 86 0.013139
10 87 0.347268
10 88 0.013139
10 89 0.998349
10 90 0.066696
10 91 0.844319
10 92 0.983610
10 93 0.648420
10 94 0.983610
10 95 0.013139
10 96 0.999959
10 97 0.001149
10 98 0.013139
10 99 0.936034
11 0 0.066696
11 1 0.936034
11 2 0.762799
11 3 0.989479
11 4 0.014543
11 5 0.998943
11 6 0.347268
11 7 0.995877
11 8 0.013139
11 9 0.013139
11 10 0.191553
11 11 0.000000
11 12 0.013139
11 13 0.983220
11 14 0.655037
11 15 0.844319
11 16 0.191553
11 17 0.999339
11 18 0.000020
11 19 0.508189
11 20 0.013139
11 21 0.013139
11 22 0.999999
11 23 0.999736
11 24 0.661564
11 25 0.508189
11 26 0.767655
11 27 0.999835
11 28 0.013139
11 29 0.508189
11 30 0.071066
11 31 0.998309
11 32 0.999839
11 33 0.347268
11 34 0.997482
11 35 0.013139
11 36 0.013139
11 37 0.999894
11 38 0.998943
11 39 0.936033
11 40 0.999990
11 41 0.995877
11 42 0.999959
11 43 0.013139
11 44 0.993412
11 45 0.844319
11 46 0.013139
11 47 0.989479
11 48 0.176777
11 49 0.013139
11 50 0.648420
11 51 0.013139
11 52 0.014543
11 53 0.176777
11 54 0.013139
11 55 0.847674
11 56 0.184104
11 57 0.661564
11 58 0.338564
11 59 0.995877
11 60 0.508189
11 61 0.762799
11 62 0.176777
11 63 0.013139
11 64 0.901868
11 65 0.066696
11 66 0.993411
11 67 0.999934
11 68 0.066696
11 69 0.993563
11 70 0.959527
11 71 0.508189
11 72 0.995877
11 73 0.899635
11 74 0.655037
11 75 0.176777
11 76 0.997421
11 77 0.066696
11 78 0.508189
11 79 0.850965
11 80 0.066696
11 81 0.999959
11 82 0.071066
11 83 0.000020
11 84 0.176777
11 85 0.013139
11 86 0.508189
11 87 0.999998
11 88 0.936034
11 89 0.999587
11 90 0.983220
11 91 0.993411
11 92 0.993254
11 93 0.999991
11 94 0.936034
11 95 0.999960
11 96 0.899635
11 97 0.508189
11 98 0.176777
11 99 0.001149
12 0 0.989724
12 1 0.071066
12 2 0.176777
12 3 0.013139
12 4 0.184104
12 5 0.989479
12 6 0.999339
12 7 0.066696
12 8 0.013139
12 9 0.844319
12 10 0.176777
12 11 0.013139
12 12 0.000000
12 13 0.066696
12 14 0.973905
12 15 0.176777
12 16 0.999339
12 17 0.013139
12 18 0.516316
12 19 0.993412
12 20 0.999839
12 21 0.071066
12 22 0.899635
12 23 0.176777
12 24 0.648420
12 25 0.850963
12 26 0.066696
12 27 0.066696
12 28 0.999839
12 29 0.184104
12 30 0.013139
12 31 0.013139
12 32 0.001346
12 33 0.993565
12 34 0.013139
12 35 0.850964
12 36 0.071066
12 37 0.958576
12 38 0.013139
12 39 0.013139
12 40 0.066696
12 41 0.844319
12 42 0.999843
12 43 0.997359
12 44 0.013139
12 45 0.000020
12 46 0.176777
12 47 0.958576
12 48 0.989724
12 49 0.508189
12 50 0.066696
12 51 0.066696
12 52 0.066696
12 53 0.013139
12 54 0.013139
12 55 0.901868
12 56 0.516316
12 57 0.013139
12 58 0.013139
12 59 0.176777
12 60 0.013139
12 61 0.001149
12 62 0.999839
12 63 0.338564
12 64 0.013139
12 65 0.066696
12 66 0.066696
12 67 0.762799
12 68 0.936034
12 69 0.013139
12 70 0.066696
12 71 0.999577
12 72 0.176777
12 73 0.000020
12 74 0.999974
12 75 0.983220
12 76 0.014543
12 77 0.995974
12 78 0.347268
12 79 0.999974
12 80 0.989724
12 81 0.013139
12 82 0.176777
12 83 0.013139
12 84 0.999355
12 85 0.899635
12 86 0.184104
12 87 0.997482
12 88 0.998387
12 89 0.993716
12 90 0.958576
12 91 0.013139
12 92 0.000020
12 93 0.071066
12 94 0.648420
12 95 0.661565
12 96 0.934550
12 97 0.013139
12 98 0.999754
12 99 0.901868
13 0 0.999736
13 1 0.999998
13 2 0.999936
13 3 0.983610
13 4 0.066696
13 5 0.999996
13 6 0.999839
13 7 0.847674
13 8 0.001346
13 9 0.999983
13 10 0.071066
13 11 0.983220
13 12 0.066696
13 13 0.000000
13 14 0.184104
13 15 0.648420
13 16 0.508189
13 17 0.184104
13 18 0.998968
13 19 0.762799
13 20 0.847674
13 21 0.655037
13 22 0.013139
13 23 0.013139
13 24 0.999355
13 25 0.066696
13 26 0.960453
13 27 0.661566
13 28 0.989725
13 29 0.013139
13 30 0.989724
13 31 0.998309
13 32 0.013139
13 33 0.066696
13 34 0.176777
13 35 0.176777
13 36 0.066696
13 37 0.013139
13 38 0.998387
13 39 0.014543
13 40 0.176777
13 41 0.999587
13 42 0.999960
13 43 0.508189
13 44 0.013139
13 45 0.844319
13 46 0.176777
13 47 0.184104
13 48 0.767655
13 49 0.648420
13 50 0.998349
13 51 0.999934
13 52 0.998349
13 53 0.989479
13 54 0.998387
13 55 0.997359
13 56 0.184104
13 57 0.958576
13 58 0.959527
13 59 0.191553
13 60 0.997421
13 61 0.762799
13 62 0.066696
13 63 0.999587
13 64 0.184104
13 65 0.997421
13 66 0.997421
13 67 0.999897
13 68 0.013139
13 69 0.013139
13 70 0.998309
13 71 0.844319
13 72 0.013139
13 73 0.013139
13 74 0.013139
13 75 0.934550
13 76 0.013139
13 77 0.958576
13 78 0.999934
13 79 0.844319
13 80 0.176777
13 81 0.013139
13 82 0.995778
13 83 0.013139
13 84 0.066696
13 85 0.995778
13 86 0.973287
13 87 0.176777
13 88 0.014543
13 89 0.995877
13 90 0.999999
13 91 0.661564
13 92 0.013139
13 93 0.013139
13 94 0.013139
13 95 0.989724
13 96 0.066696
13 97 0.999597
13 98 0.993254
13 99 0.013139
14 0 0.013139
14 1 0.013139
14 2 0.516316
14 3 0.013139
14 4 0.899635
14 5 0.013139
14 6 0.899635
14 7 0.013139
14 8 0.999355
14 9 0.762799
14 10 0.347268
14 11 0.655037
14 12 0.973905
14 13 0.184104
14 14 0.000000
14 15 0.013139
14 16 0.000020
14 17 0.013139
14 18 0.999975
14 19 0.184104
14 20 0.066696
14 21 0.013139
14 22 0.995973
14 23 0.001149
14 24 0.997359
14 25 0.013139
14 26 0.999999
14 27 0.013139
14 28 0.960455
14 29 0.844319
14 30 0.997421
14 31 0.066696
14 32 0.974509
14 33 0.184104
14 34 0.999899
14 35 0.762799
14 36 0.066696
14 37 0.176777
14 38 0.850963
14 39 0.184104
14 40 0.772427
14 41 0.999998
14 42 0.897355
14 43 0.338564
14 44 0.176777
14 45 0.075610
14 46 0.999339
14 47 0.995973
14 48 0.999894
14 49 0.995778
14 50 0.999742
14 51 0.998422
14 52 0.013139
14 53 0.184104
14 54 0.998349
14 55 0.184104
14 56 0.897355
14 57 0.013139
14 58 0.013139
14 59 0.668002
14 60 0.013139
14 61 0.999994
14 62 0.013139
14 63 0.995778
14 64 0.013139
14 65 0.338564
14 66 0.013139
14 67 0.998387
14 68 0.899634
14 69 0.936034
14 70 0.013139
14 71 0.338564
14 72 0.989479
14 73 0.347268
14 74 0.013139
14 75 0.983220
14 76 0.936034
14 77 0.066696
14 78 0.013139
14 79 0.655037
14 80 0.176777
14 81 0.013139
14 82 0.661565
14 83 0.959527
14 84 0.974509
14 85 0.762799
14 86 0.016059
14 87 0.013139
14 88 0.989479
14 89 0.999975
14 90 0.999960
14 91 0.014543
14 92 0.013139
14 93 0.066696
14 94 0.998992
14 95 0.995973
14 96 0.999587
14 97 0.959527
14 98 0.184104
14 99 0.001149
15 0 0.973905
15 1 0.959527
15 2 0.013139
15 3 0.013139
15 4 0.066696
15 5 0.999973
15 6 0.847674
15 7 0.973905
15 8 0.066696
15 9 0.999997
15 10 0.013139
15 11 0.844319
15 12 0.176777
15 13 0.648420
15 14 0.013139
15 15 0.000000
15 16 0.989479
15 17 0.013139
15 18 0.013139
15 19 0.184104
15 20 0.013139
15 21 0.844319
15 22 0.013139
15 23 0.013139
15 24 0.014543
15 25 0.347268
15 26 0.993254
15 27 0.013139
15 28 0.066696
15 29 0.347268
15 30 0.999999
15 31 0.013139
15 32 0.176777
15 33 0.508189
15 34 0.995877
15 35 0.014543
15 36 0.983610
15 37 0.989724
15 38 0.959527
15 39 0.999974
15 40 0.999355
15 41 0.973905
15 42 0.989964
15 43 0.013139
15 44 0.762799
15 45 0.013139
15 46 0.958576
15 47 0.184104
15 48 0.936032
15 49 0.936034
15 50 0.999958
15 51 0.338564
15 52 0.013139
15 53 0.184104
15 54 0.899635
15 55 0.959527
15 56 0.014543
15 57 0.071066
15 58 0.959527
15 59 0.516316
15 60 0.500000
15 61 0.999339
15 62 0.184104
15 63 0.934550
15 64 0.066696
15 65 0.899635
15 66 0.524376
15 67 0.960457
15 68 0.999897
15 69 0.338564
15 70 0.191553
15 71 0.013139
15 72 0.999993
15 73 0.959527
15 74 0.176777
15 75 0.999587
15 76 0.997359
15 77 0.014543
15 78 0.013139
15 79 0.899635
15 80 0.998387
15 81 0.516316
15 82 0.338564
15 83 0.762799
15 84 0.014543
15 85 0.176777
15 86 0.014543
15 87 0.847673
15 88 0.989724
15 89 0.013139
15 90 0.176777
15 91 0.013139
15 92 0.997421
15 93 0.973287
15 94 0.176777
15 95 0.184104
15 96 0.997359
15 97 0.066696
15 98 0.184104
15 99 0.508189
16 0 0.071066
16 1 0.998968
16 2 0.013139
16 3 0.999596
16 4 0.999355
16 5 0.013139
16 6 0.999339
16 7 0.998943
16 8 0.995877
16 9 0.516316
16 10 0.066696
16 11 0.191553
16 12 0.999339
16 13 0.508189
16 14 0.000020
16 15 0.989479
16 16 0.000000
16 17 0.013139
16 18 0.998992
16 19 0.013139
16 20 0.013139
16 21 0.767655
16 22 0.973905
16 23 0.844319
16 24 0.013139
16 25 0.998943
16 26 0.989725
16 27 0.013139
16 28 0.516316
16 29 0.998349
16 30 0.999354
16 31 0.958576
16 32 0.904054
16 33 0.958576
16 34 0.999736
16 35 0.013139
16 36 0.767655
16 37 0.844319
16 38 0.999355
16 39 0.013139
16 40 0.937485
16 41 0.013139
16 42 0.176777
16 43 0.014543
16 44 0.013139
16 45 0.071066
16 46 0.355984
16 47 0.983610
16 48 0.999975
16 49 0.844319
16 50 0.000020
16 51 0.014543
16 52 0.013139
16 53 0.989479
16 54 0.995973
16 55 0.648420
16 56 0.013139
16 57 0.066696
16 58 0.993715
16 59 0.897355
16 60 0.014543
16 61 0.338564
16 62 0.013139
16 63 0.847673
16 64 0.176777
16 65 0.013139
16 66 0.013139
16 67 0.338564
16 68 0.844319
16 69 0.767655
16 70 0.347268
16 71 0.013139
16 72 0.997359
16 73 0.071066
16 74 0.995778
16 75 0.993411
16 76 0.000026
16 77 0.347268
16 78 0.997359
16 79 0.901868
16 80 0.013139
16 81 0.176777
16 82 0.999999
16 83 0.999899
16 84 0.066696
16 85 0.973905
16 86 0.777115
16 87 0.066696
16 88 0.001149
16 89 0.001149
16 90 0.013139
16 91 0.974509
16 92 0.648420
16 93 0.844319
16 94 0.998943
16 95 0.648420
16 96 0.999843
16 97 0.176777
16 98 0.013139
16 99 0.066696
17 0 0.762799
17 1 0.013139
17 2 0.934550
17 3 0.762799
17 4 0.347268
17 5 0.071066
17 6 0.516316
17 7 0.176777
17 8 0.974509
17 9 0.844319
17 10 0.013139
17 11 0.999339
17 12 0.013139
17 13 0.184104
17 14 0.013139
17 15 0.013139
17 16 0.013139
17 17 0.000000
17 18 0.013139
17 19 0.013139
17 20 0.983220
17 21 0.066696
17 22 0.016059
17 23 0.071066
17 24 0.013139
17 25 0.176777
17 26 0.993254
17 27 0.958576
17 28 0.998992
17 29 0.013139
17 30 0.191553
17 31 0.983989
17 32 0.999587
17 33 0.999997
17 34 0.508189
17 35 0.973287
17 36 0.508189
17 37 0.999736
17 38 0.355984
17 39 0.066696
17 40 0.013139
17 41 0.997421
17 42 0.508189
17 43 0.013139
17 44 0.997359
17 45 0.999997
17 46 0.013139
17 47 0.500000
17 48 0.066696
17 49 0.999597
17 50 0.998968
17 51 0.983610
17 52 0.347268
17 53 0.844319
17 54 0.347268
17 55 0.844319
17 56 0.066696
17 57 0.960457
17 58 0.066696
17 59 0.936034
17 60 0.998968
17 61 0.013139
17 62 0.937489
17 63 0.066696
17 64 0.071066
17 65 0.999577
17 66 0.999370
17 67 0.066696
17 68 0.013139
17 69 0.999960
17 70 0.899635
17 71 0.997359
17 72 0.176777
17 73 0.999897
17 74 0.960457
17 75 0.999990
17 76 0.013139
17 77 0.066696
17 78 0.013139
17 79 0.899635
17 80 0.959527
17 81 0.066696
17 82 0.901868
17 83 0.993411
17 84 0.936034
17 85 0.013139
17 86 0.016059
17 87 0.995877
17 88 0.993716
17 89 0.066696
17 90 0.184104
17 91 0.999323
17 92 0.013139
17 93 0.013139
17 94 0.974509
17 95 0.013139
17 96 0.347268
17 97 0.999993
17 98 0.772428
17 99 0.999974
18 0 0.508189
18 1 0.066696
18 2 0.983991
18 3 0.013139
18 4 0.983610
18 5 0.961365
18 6 0.000020
18 7 0.974510
18 8 0.013139
18 9 0.013139
18 10 0.936034
18 11 0.000020
18 12 0.516316
18 13 0.998968
18 14 0.999975
18 15 0.013139
18 16 0.998992
18 17 0.013139
18 18 0.000000
18 19 0.844319
18 20 0.844319
18 21 0.013139
18 22 0.993411
18 23 0.999999
18 24 0.013139
18 25 0.071066
18 26 0.938905
18 27 0.338564
18 28 0.013139
18 29 0.071066
18 30 0.508189
18 31 0.013139
18 32 0.998349
18 33 0.001346
18 34 0.191553
18 35 0.989725
18 36 0.013139
18 37 0.936034
18 38 0.013139
18 39 0.066696
18 40 0.844319
18 41 0.993412
18 42 0.013139
18 43 0.777119
18 44 0.993411
18 45 0.508189
18 46 0.661566
18 47 0.998968
18 48 0.983220
18 49 0.176777
18 50 0.974509
18 51 0.066696
18 52 0.176777
18 53 0.013139
18 54 0.934550
18 55 0.013139
18 56 0.001149
18 57 0.998968
18 58 0.999975
18 59 0.013139
18 60 0.066696
18 61 0.013139
18 62 0.338564
18 63 0.013139
18 64 0.508189
18 65 0.958576
18 66 0.983610
18 67 0.013139
18 68 0.847675
18 69 0.847674
18 70 0.767656
18 71 0.184104
18 72 0.777118
18 73 0.973287
18 74 0.013139
18 75 0.338564
18 76 0.013139
18 77 0.999960
18 78 0.066696
18 79 0.013139
18 80 0.983991
18 81 0.997359
18 82 0.983610
18 83 0.013139
18 84 0.973287
18 85 0.066696
18 86 0.844319
18 87 0.066696
18 88 0.013139
18 89 0.013139
18 90 0.001149
18 91 0.958576
18 92 0.997421
18 93 0.998968
18 94 0.648420
18 95 0.997421
18 96 0.999742
18 97 0.066696
18 98 0.844319
18 99 0.013139
19 0 0.013139
19 1 0.066696
19 2 0.066696
19 3 0.959527
19 4 0.013139
19 5 0.347268
19 6 0.998348
19 7 0.013139
19 8 0.014543
19 9 0.997359
19 10 0.998349
19 11 0.508189
19 12 0.993412
19 13 0.762799
19 14 0.184104
19 15 0.184104
19 16 0.013139
19 17 0.013139
19 18 0.844319
19 19 0.000000
19 20 0.066696
19 21 0.844319
19 22 0.995877
19 23 0.075610
19 24 0.655037
19 25 0.184104
19 26 0.934550
19 27 0.013139
19 28 0.066696
19 29 0.958576
19 30 0.001149
19 31 0.995877
19 32 0.999994
19 33 0.001149
19 34 0.999742
19 35 0.508189
19 36 0.983220
19 37 0.989724
19 38 0.516316
19 39 0.066696
19 40 0.995778
19 41 0.176777
19 42 0.999587
19 43 0.013139
19 44 0.958576
19 45 0.176777
19 46 0.999355
19 47 0.997421
19 48 0.762799
19 49 0.338564
19 50 0.999998
19 51 0.176777
19 52 0.071066
19 53 0.767655
19 54 0.844319
19 55 0.066696
19 56 0.013139
19 57 0.000020
19 58 0.998349
19 59 0.184104
19 60 0.500000
19 61 0.998309
19 62 0.847674
19 63 0.973905
19 64 0.013139
19 65 0.176777
19 66 0.071066
19 67 0.066696
19 68 0.934550
19 69 0.338564
19 70 0.973905
19 71 0.999934
19 72 0.999587
19 73 0.999959
19 74 0.995877
19 75 0.066696
19 76 0.973905
19 77 0.066696
19 78 0.184104
19 79 0.017692
19 80 0.999748
19 81 0.013139
19 82 0.999960
19 83 0.999934
19 84 0.648420
19 85 0.995973
19 86 0.013139
19 87 0.762799
19 88 0.999998
19 89 0.066696
19 90 0.001149
19 91 0.066696
19 92 0.937485
19 93 0.176777
19 94 0.066696
19 95 0.999355
19 96 0.013139
19 97 0.013139
19 98 0.767656
19 99 0.013139
20 0 0.176777
20 1 0.999339
20 2 0.013139
20 3 0.999742
20 4 0.762799
20 5 0.999339
20 6 0.013139
20 7 0.176777
20 8 0.983610
20 9 0.013139
20 10 0.066696
20 11 0.013139
20 12 0.999839
20 13 0.847674
20 14 0.066696
20 15 0.013139
20 16 0.013139
20 17 0.983220
20 18 0.844319
20 19 0.066696
20 20 0.000000
20 21 0.999842
20 22 0.176777
20 23 0.999736
20 24 0.066696
20 25 0.184104
20 26 0.013139
20 27 0.998387
20 28 0.648420
20 29 0.066696
20 30 0.973905
20 31 0.993565
20 32 0.013139
20 33 0.013139
20 34 0.999960
20 35 0.000020
20 36 0.013139
20 37 0.508189
20 38 0.989479
20 39 0.001149
20 40 0.014543
20 41 0.066696
20 42 0.974509
20 43 0.998349
20 44 0.998968
20 45 0.013139
20 46 0.013139
20 47 0.184104
20 48 0.013139
20 49 0.959527
20 50 0.176777
20 51 0.936034
20 52 0.013139
20 53 0.999897
20 54 0.999835
20 55 0.989479
20 56 0.668000
20 57 0.013139
20 58 0.013139
20 59 0.959527
20 60 0.013139
20 61 0.013139
20 62 0.013139
20 63 0.013139
20 64 0.338564
20 65 0.983610
20 66 0.936034
20 67 0.995973
20 68 0.999897
20 69 0.014543
20 70 0.989479
20 71 0.999339
20 72 0.013139
20 73 0.844319
20 74 0.176777
20 75 0.999897
20 76 0.762799
20 77 0.999999
20 78 0.001346
20 79 0.014543
20 80 0.013139
20 81 0.013139
20 82 0.999899
20 83 0.508189
20 84 0.999839
20 85 0.999959
20 86 0.176777
20 87 0.080330
20 88 0.013139
20 89 0.850964
20 90 0.847674
20 91 0.013139
20 92 0.999355
20 93 0.176777
20 94 0.338564
20 95 0.936034
20 96 0.767655
20 97 0.013139
20 98 0.767655
20 99 0.071066
21 0 0.176777
21 1 0.899635
21 2 0.014543
21 3 0.989724
21 4 0.013139
21 5 0.066696
21 6 0.013139
21 7 0.999587
21 8 0.013139
21 9 0.999975
21 10 0.338564
21 11 0.013139
21 12 0.071066
21 13 0.655037
21 14 0.013139
21 15 0.844319
21 16 0.767655
21 17 0.066696
21 18 0.013139
21 19 0.844319
21 20 0.999842
21 21 0.000000
21 22 0.071066
21 23 0.999935
21 24 0.655037
21 25 0.958576
21 26 0.013139
21 27 0.997420
21 28 0.655037
21 29 0.999894
21 30 0.993411
21 31 0.983610
21 32 0.847674
21 33 0.001149
21 34 0.500000
21 35 0.338564
21 36 0.999999
21 37 0.184104
21 38 0.999894
21 39 0.936034
21 40 0.176777
21 41 0.176777
21 42 0.993565
21 43 0.176777
21 44 0.199118
21 45 0.066696
21 46 0.655037
21 47 0.998349
21 48 0.013139
21 49 0.655037
21 50 0.014543
21 51 0.013139
21 52 0.176777
21 53 0.989724
21 54 0.973905
21 55 0.762799
21 56 0.997540
21 57 0.936034
21 58 0.999959
21 59 0.176777
21 60 0.983991
21 61 0.013139
21 62 0.762799
21 63 0.999974
21 64 0.066696
21 65 0.176777
21 66 0.013139
21 67 0.989723
21 68 0.013139
21 69 0.973905
21 70 0.936034
21 71 0.066696
21 72 0.184104
21 73 0.013139
21 74 0.993411
21 75 0.989479
21 76 0.997421
21 77 0.013139
21 78 0.999835
21 79 0.013139
21 80 0.176777
21 81 0.014543
21 82 0.767655
21 83 0.347268
21 84 0.959527
21 85 0.997359
21 86 0.013139
21 87 0.176777
21 88 0.013139
21 89 0.516316
21 90 0.936034
21 91 0.998943
21 92 0.998349
21 93 0.989724
21 94 0.648420
21 95 0.997359
21 96 0.648420
21 97 0.071066
21 98 0.648420
21 99 0.998943
22 0 0.772429
22 1 0.999597
22 2 0.066696
22 3 0.013139
22 4 0.066696
22 5 0.959527
22 6 0.999935
22 7 0.508189
22 8 0.844319
22 9 0.983610
22 10 0.999999
22 11 0.999999
22 12 0.899635
22 13 0.013139
22 14 0.995973
22 15 0.013139
22 16 0.973905
22 17 0.016059
22 18 0.993411
22 19 0.995877
22 20 0.176777
22 21 0.071066
22 22 0.000000
22 23 0.013139
22 24 0.066696
22 25 0.999577
22 26 0.013139
22 27 0.989479
22 28 0.013139
22 29 0.013139
22 30 0.338564
22 31 0.066696
22 32 0.347268
22 33 0.014543
22 34 0.989479
22 35 0.000020
22 36 0.767655
22 37 0.999994
22 38 0.998387
22 39 0.973905
22 40 0.937485
22 41 0.655037
22 42 0.995973
22 43 0.999742
22 44 0.338564
22 45 0.655037
22 46 0.013139
22 47 0.899635
22 48 0.176777
22 49 0.973905
22 50 0.995778
22 51 0.997359
22 52 0.184104
22 53 0.999974
22 54 0.762799
22 55 0.989964
22 56 0.347268
22 57 0.500000
22 58 0.013139
22 59 0.648420
22 60 0.999355
22 61 0.013139
22 62 0.661562
22 63 0.013139
22 64 0.999997
22 65 0.983610
22 66 0.176777
22 67 0.013139
22 68 0.516316
22 69 0.983610
22 70 0.001149
22 71 0.960459
22 72 0.762799
22 73 0.655037
22 74 0.338564
22 75 0.661564
22 76 0.934550
22 77 0.013139
22 78 0.066696
22 79 0.338564
22 80 0.844319
22 81 0.767655
22 82 0.648420
22 83 0.897355
22 84 0.993254
22 85 0.844319
22 86 0.844319
22 87 0.013139
22 88 0.013139
22 89 0.014543
22 90 0.014543
22 91 0.993565
22 92 0.998425
22 93 0.899635
22 94 0.013139
22 95 0.176777
22 96 0.001346
22 97 0.066696
22 98 0.989724
22 99 0.997481
23 0 0.013139
23 1 0.648420
23 2 0.176777
23 3 0.066696
23 4 0.013139
23 5 0.071066
23 6 0.993412
23 7 0.974509
23 8 0.184104
23 9 0.999742
23 10 0.176777
23 11 0.999736
23 12 0.176777
23 13 0.013139
23 14 0.001149
23 15 0.013139
23 16 0.844319
23 17 0.071066
23 18 0.999999
23 19 0.075610
23 20 0.999736
23 21 0.999935
23 22 0.013139
23 23 0.000000
23 24 0.936034
23 25 0.516316
23 26 0.993412
23 27 0.184104
23 28 0.013139
23 29 0.772425
23 30 0.066696
23 31 0.013139
23 32 0.013139
23 33 0.847675
23 34 0.013139
23 35 0.762799
23 36 0.998943
23 37 0.013139
23 38 0.347268
23 39 0.974509
23 40 0.999999
23 41 0.999835
23 42 0.066696
23 43 0.013139
23 44 0.959527
23 45 0.655037
23 46 0.013139
23 47 0.989724
23 48 0.847674
23 49 0.999999
23 50 0.001346
23 51 0.013139
23 52 0.983610
23 53 0.999748
23 54 0.844319
23 55 0.999835
23 56 0.936034
23 57 0.066696
23 58 0.999959
23 59 0.013139
23 60 0.013139
23 61 0.066696
23 62 0.000020
23 63 0.013139
23 64 0.347268
23 65 0.013139
23 66 0.767655
23 67 0.013139
23 68 0.974509
23 69 0.013139
23 70 0.844319
23 71 0.066696
23 72 0.999897
23 73 0.176777
23 74 0.897355
23 75 0.999990
23 76 0.648420
23 77 0.999959
23 78 0.013139
23 79 0.014543
23 80 0.013139
23 81 0.995778
23 82 0.999748
23 83 0.508189
23 84 0.000020
23 85 0.013139
23 86 0.983610
23 87 0.973905
23 88 0.999894
23 89 0.999998
23 90 0.974509
23 91 0.338564
23 92 0.000020
23 93 0.899635
23 94 0.983220
23 95 0.176777
23 96 0.995877
23 97 0.013139
23 98 0.999736
23 99 0.993411
24 0 0.998387
24 1 0.995974
24 2 0.013139
24 3 0.013139
24 4 0.355984
24 5 0.066696
24 6 0.071066
24 7 0.999959
24 8 0.762799
24 9 0.847675
24 10 0.648420
24 11 0.661564
24 12 0.648420
24 13 0.999355
24 14 0.997359
24 15 0.014543
24 16 0.013139
24 17 0.013139
24 18 0.013139
24 19 0.655037
24 20 0.066696
24 21 0.655037
24 22 0.066696
24 23 0.936034
24 24 0.000000
24 25 0.338564
24 26 0.999990
24 27 0.899635
24 28 0.013139
24 29 0.066696
24 30 0.176777
24 31 0.013139
24 32 0.999339
24 33 0.066696
24 34 0.999339
24 35 0.938905
24 36 0.999990
24 37 0.347268
24 38 0.973905
24 39 0.762799
24 40 0.176777
24 41 0.899635
24 42 0.013139
24 43 0.997422
24 44 0.071066
24 45 0.989964
24 46 0.899635
24 47 0.999897
24 48 0.013139
24 49 0.347268
24 50 0.066696
24 51 0.013139
24 52 0.066696
24 53 0.516316
24 54 0.899635
24 55 0.973905
24 56 0.999742
24 57 0.999983
24 58 0.014543
24 59 0.347268
24 60 0.013139
24 61 0.176777
24 62 0.998309
24 63 0.767655
24 64 0.999974
24 65 0.958576
24 66 0.013139
24 67 0.993254
24 68 0.066696
24 69 0.014543
24 70 0.999983
24 71 0.013139
24 72 0.066696
24 73 0.013139
24 74 0.983220
24 75 0.934550
24 76 0.001149
24 77 0.013139
24 78 0.983610
24 79 0.655037
24 80 0.001149
24 81 0.516316
24 82 0.013139
24 83 0.989724
24 84 0.338564
24 85 0.999835
24 86 0.655037
24 87 0.993565
24 88 0.013139
24 89 0.958576
24 90 0.999355
24 91 0.934550
24 92 0.847674
24 93 0.013139
24 94 0.973287
24 95 0.983220
24 96 0.998385
24 97 0.013139
24 98 0.995877
24 99 0.995877
25 0 0.191553
25 1 0.013139
25 2 0.983610
25 3 0.516316
25 4 0.993411
25 5 0.999996
25 6 0.899635
25 7 0.066696
25 8 0.844319
25 9 0.524398
25 10 0.999973
25 11 0.508189
25 12 0.850963
25 13 0.066696
25 14 0.013139
25 15 0.347268
25 16 0.998943
25 17 0.176777
25 18 0.071066
25 19 0.184104
25 20 0.184104
25 21 0.958576
25 22 0.999577
25 23 0.516316
25 24 0.338564
25 25 0.000000
25 26 0.998968
25 27 0.508189
25 28 0.655037
25 29 0.176777
25 30 0.897355
25 31 0.983220
25 32 0.013139
25 33 0.999897
25 34 0.844319
25 35 0.013139
25 36 0.997421
25 37 0.013139
25 38 0.071066
25 39 0.993411
25 40 0.999990
25 41 0.013139
25 42 0.013139
25 43 0.999936
25 44 0.999587
25 45 0.989724
25 46 0.999748
25 47 0.989724
25 48 0.013139
25 49 0.983220
25 50 0.013139
25 51 0.655037
25 52 0.989963
25 53 0.013139
25 54 0.338564
25 55 0.974509
25 56 0.999936
25 57 0.000020
25 58 0.989479
25 59 0.014543
25 60 0.184104
25 61 0.847674
25 62 0.013139
25 63 0.013139
25 64 0.013139
25 65 0.990197
25 66 0.013139
25 67 0.013139
25 68 0.013139
25 69 0.176777
25 70 0.176777
25 71 0.176777
25 72 0.191553
25 73 0.901868
25 74 0.655037
25 75 0.013139
25 76 0.355984
25 77 0.013139
25 78 0.516316
25 79 0.958576
25 80 0.013139
25 81 0.655037
25 82 0.983610
25 83 0.013139
25 84 0.999998
25 85 0.013139
25 86 0.516316
25 87 0.999339
25 88 0.508189
25 89 0.013139
25 90 0.338564
25 91 0.989724
25 92 0.997360
25 93 0.184104
25 94 0.071066
25 95 0.999960
25 96 0.999934
25 97 0.767656
25 98 0.655037
25 99 0.013139
26 0 0.999835
26 1 0.001149
26 2 0.655037
26 3 0.013139
26 4 0.508189
26 5 0.999995
26 6 0.066696
26 7 0.516316
26 8 0.998309
26 9 0.013139
26 10 0.013139
26 11 0.767655
26 12 0.066696
26 13 0.960453
26 14 0.999999
26 15 0.993254
26 16 0.989725
26 17 0.993254
26 18 0.938905
26 19 0.934550
26 20 0.013139
26 21 0.013139
26 22 0.013139
26 23 0.993412
26 24 0.999990
26 25 0.998968
26 26 0.000000
26 27 0.066696
26 28 0.897355
26 29 0.999990
26 30 0.066696
26 31 0.013139
26 32 0.936034
26 33 0.338564
26 34 0.001149
26 35 0.661562
26 36 0.995877
26 37 0.176777
26 38 0.937485
26 39 0.508189
26 40 0.999577
26 41 0.999984
26 42 0.959527
26 43 0.993565
26 44 0.993254
26 45 0.983220
26 46 0.071066
26 47 0.999935
26 48 0.176777
26 49 0.013139
26 50 0.998349
26 51 0.934550
26 52 0.013139
26 53 0.355984
26 54 0.993565
26 55 0.936034
26 56 0.897355
26 57 0.999996
26 58 0.001149
26 59 0.936034
26 60 0.999742
26 61 0.176777
26 62 0.999355
26 63 0.904054
26 64 0.013139
26 65 0.999998
26 66 0.999356
26 67 0.338564
26 68 0.066696
26 69 0.176777
26 70 0.508189
26 71 0.772428
26 72 0.974510
26 73 0.936034
26 74 0.959527
26 75 0.013139
26 76 0.176777
26 77 0.013139
26 78 0.995878
26 79 0.066696
26 80 0.016059
26 81 0.066696
26 82 0.983991
26 83 0.066696
26 84 0.901870
26 85 0.998943
26 86 0.176777
26 87 0.013139
26 88 0.347268
26 89 0.648420
26 90 0.998387
26 91 0.958576
26 92 0.013139
26 93 0.013139
26 94 0.974509
26 95 0.997359
26 96 0.999835
26 97 0.999587
26 98 0.989479
26 99 0.184104
27 0 0.934550
27 1 0.075610
27 2 0.355984
27 3 0.989724
27 4 0.655037
27 5 0.840896
27 6 0.066696
27 7 0.013139
27 8 0.999974
27 9 0.176777
27 10 0.973905
27 11 0.999835
27 12 0.066696
27 13 0.661566
27 14 0.013139
27 15 0.013139
27 16 0.013139
27 17 0.958576
27 18 0.338564
27 19 0.013139
27 20 0.998387
27 21 0.997420
27 22 0.989479
27 23 0.184104
27 24 0.899635
27 25 0.508189
27 26 0.066696
27 27 0.000000
27 28 0.844319
27 29 0.013139
27 30 0.999736
27 31 0.999934
27 32 0.999897
27 33 0.937485
27 34 0.899635
27 35 0.066696
27 36 0.958576
27 37 0.999839
27 38 0.338564
27 39 0.066696
27 40 0.983220
27 41 0.999835
27 42 0.999935
27 43 0.997359
27 44 0.013139
27 45 0.013139
27 46 0.995974
27 47 0.338564
27 48 0.066696
27 49 0.176777
27 50 0.191553
27 51 0.066696
