0 0 0.000000
0 1 0.338564
0 2 0.066696
0 3 0.532380
0 4 0.000020
0 5 0.998462
0 6 0.975099
0 7 0.648420
0 8 0.001149
0 9 0.999842
0 10 0.066696
0 11 0.066696
0 12 0.999999
0 13 0.999994
0 14 0.013139
0 15 0.998992
0 16 0.071066
0 17 0.999842
0 18 0.999355
0 19 0.013139
0 20 0.998349
0 21 0.066696
0 22 0.904055
0 23 0.013139
0 24 0.999016
0 25 0.016059
0 26 0.999996
0 27 0.989724
0 28 0.999606
0 29 0.013139
0 30 0.997421
0 31 0.960456
0 32 0.999940
0 33 0.999015
0 34 0.996068
0 35 0.013139
0 36 0.013139
0 37 0.013139
0 38 0.999899
0 39 0.014543
0 40 0.999961
0 41 0.999961
0 42 0.999587
0 43 0.199116
0 44 0.013139
0 45 0.071066
0 46 0.998425
0 47 0.997598
0 48 0.364707
0 49 0.000020
0 50 0.936034
0 51 0.655037
0 52 0.014543
0 53 0.013139
0 54 0.014543
0 55 0.013139
0 56 0.001346
0 57 0.075605
0 58 0.999978
0 59 0.184104
0 60 0.999597
0 61 0.066696
0 62 0.071066
0 63 0.767655
0 64 0.974511
0 65 0.001149
0 66 0.989724
0 67 0.999899
0 68 0.999997
0 69 0.013139
0 70 0.999902
0 71 0.013139
0 72 0.648420
0 73 0.910342
0 74 0.066696
0 75 0.993863
0 76 0.013139
0 77 0.999997
0 78 0.066696
0 79 0.975099
0 80 0.961365
0 81 0.001149
0 82 0.016059
0 83 0.001149
0 84 0.998992
0 85 0.214575
0 86 0.013139
0 87 0.999759
0 88 0.066696
0 89 0.017692
0 90 0.999839
0 91 0.066696
0 92 0.998425
0 93 0.013139
0 94 0.999996
0 95 0.013139
0 96 0.000020
0 97 0.904054
0 98 0.999935
0 99 0.999899
1 0 0.338564
1 1 0.000000
1 2 0.999935
1 3 0.075609
1 4 0.999941
1 5 0.993565
1 6 0.897355
1 7 0.960457
1 8 0.999994
1 9 0.013139
1 10 0.013139
1 11 0.999015
1 12 0.001346
1 13 0.999993
1 14 0.013139
1 15 0.993863
1 16 0.999998
1 17 0.000020
1 18 0.001149
1 19 0.066696
1 20 0.999990
1 21 0.906193
1 22 0.999038
1 23 0.661565
1 24 0.997598
1 25 0.013139
1 26 0.001149
1 27 0.075610
1 28 0.993565
1 29 0.524376
1 30 0.013139
1 31 0.016059
1 32 0.999355
1 33 0.013139
1 34 0.184104
1 35 0.999990
1 36 0.191553
1 37 0.013139
1 38 0.066696
1 39 0.176777
1 40 0.013139
1 41 0.998992
1 42 0.013139
1 43 0.338564
1 44 0.013139
1 45 0.013139
1 46 0.996252
1 47 0.014543
1 48 0.999994
1 49 0.983991
1 50 0.936034
1 51 0.999381
1 52 0.777116
1 53 0.066696
1 54 0.013139
1 55 0.013139
1 56 0.993565
1 57 0.071066
1 58 0.014543
1 59 0.014543
1 60 0.998349
1 61 0.990198
1 62 0.850963
1 63 0.013139
1 64 0.013139
1 65 0.999992
1 66 0.999999
1 67 0.071066
1 68 0.001346
1 69 0.191553
1 70 0.001346
1 71 0.999987
1 72 0.013139
1 73 0.075610
1 74 0.999994
1 75 0.066696
1 76 0.999597
1 77 0.996250
1 78 0.191553
1 79 0.999997
1 80 0.938904
1 81 0.001149
1 82 0.975099
1 83 0.976238
1 84 0.066696
1 85 0.013139
1 86 0.013139
1 87 0.983991
1 88 0.975099
1 89 0.999954
1 90 0.013139
1 91 0.999975
1 92 0.997359
1 93 0.976239
1 94 0.999999
1 95 0.777116
1 96 0.993716
1 97 0.983991
1 98 0.014543
1 99 0.906191
2 0 0.066696
2 1 0.999935
2 2 0.000000
2 3 0.013139
2 4 0.184104
2 5 0.338564
2 6 0.013139
2 7 0.999999
2 8 0.997654
2 9 0.013139
2 10 0.999976
2 11 0.661564
2 12 0.013139
2 13 0.999618
2 14 0.191553
2 15 0.013139
2 16 0.013139
2 17 0.355984
2 18 0.999962
2 19 0.066696
2 20 0.338564
2 21 0.000026
2 22 0.899635
2 23 0.013139
2 24 0.013139
2 25 0.017693
2 26 0.989724
2 27 0.854189
2 28 0.999984
2 29 0.364707
2 30 0.066696
2 31 0.013139
2 32 0.999988
2 33 0.184104
2 34 0.013139
2 35 0.999940
2 36 0.066696
2 37 0.013139
2 38 0.013139
2 39 0.999999
2 40 0.999016
2 41 0.983610
2 42 0.996160
2 43 0.075609
2 44 0.993862
2 45 0.066696
2 46 0.997540
2 47 0.014543
2 48 0.508189
2 49 0.999961
2 50 0.013139
2 51 0.998533
2 52 0.016059
2 53 0.355984
2 54 0.762799
2 55 0.999998
2 56 0.075609
2 57 0.655037
2 58 0.013139
2 59 0.001346
2 60 0.080326
2 61 0.013139
2 62 0.999995
2 63 0.999990
2 64 0.013139
2 65 0.013139
2 66 0.999996
2 67 0.013139
2 68 0.999998
2 69 0.999990
2 70 0.013139
2 71 0.999748
2 72 0.066696
2 73 0.984362
2 74 0.000020
2 75 0.013139
2 76 0.013139
2 77 0.655037
2 78 0.013139
2 79 0.999999
2 80 0.996068
2 81 0.995877
2 82 0.999975
2 83 0.999385
2 84 0.985083
2 85 0.013139
2 86 0.071066
2 87 0.014543
2 88 0.066696
2 89 0.999846
2 90 0.934550
2 91 0.001346
2 92 0.184104
2 93 0.066696
2 94 0.191553
2 95 0.999996
2 96 0.013139
2 97 0.016059
2 98 0.999986
2 99 0.993565
3 0 0.532380
3 1 0.075609
3 2 0.013139
3 3 0.000000
3 4 0.936034
3 5 0.999761
3 6 0.014543
3 7 0.999899
3 8 0.999990
3 9 0.000020
3 10 0.001149
3 11 0.983991
3 12 0.013139
3 13 0.937485
3 14 0.013139
3 15 0.013139
3 16 0.999961
3 17 0.655037
3 18 0.013139
3 19 0.199117
3 20 0.090252
3 21 0.854188
3 22 0.013139
3 23 0.066696
3 24 0.013139
3 25 0.983991
3 26 0.013139
3 27 0.993862
3 28 0.013139
3 29 0.996249
3 30 0.860448
3 31 0.999999
3 32 0.013139
3 33 0.001149
3 34 0.071066
3 35 0.508189
3 36 0.999984
3 37 0.016059
3 38 0.999850
3 39 0.999999
3 40 0.999902
3 41 0.191553
3 42 0.184104
3 43 0.013139
3 44 0.013139
3 45 0.999994
3 46 0.013139
3 47 0.973905
3 48 0.989964
3 49 0.066696
3 50 0.001149
3 51 0.999748
3 52 0.013139
3 53 0.999938
3 54 0.347268
3 55 0.075609
3 56 0.014543
3 57 0.184104
3 58 0.997484
3 59 0.999606
3 60 0.066696
3 61 0.999998
3 62 0.674343
3 63 0.000020
3 64 0.983991
3 65 0.066696
3 66 0.999016
3 67 0.999901
3 68 0.999975
3 69 0.000020
3 70 0.996161
3 71 0.938905
3 72 0.857350
3 73 0.508189
3 74 0.999996
3 75 0.013139
3 76 0.191553
3 77 0.995877
3 78 0.001149
3 79 0.013139
3 80 0.999998
3 81 0.206798
3 82 0.999996
3 83 0.998425
3 84 0.997598
3 85 0.176777
3 86 0.999974
3 87 0.001149
3 88 0.983610
3 89 0.000020
3 90 0.364707
3 91 0.013139
3 92 0.013139
3 93 0.066696
3 94 0.000020
3 95 0.013139
3 96 0.013139
3 97 0.661564
3 98 0.014543
3 99 0.850963
4 0 0.000020
4 1 0.999941
4 2 0.184104
4 3 0.936034
4 4 0.000000
4 5 0.999997
4 6 0.998992
4 7 0.013139
4 8 0.999902
4 9 0.013139
4 10 0.999904
4 11 0.983610
4 12 0.347268
4 13 0.184104
4 14 0.974509
4 15 0.066696
4 16 0.999996
4 17 0.191553
4 18 0.996068
4 19 0.000020
4 20 0.999975
4 21 0.013139
4 22 0.001149
4 23 0.013139
4 24 0.075609
4 25 0.364706
4 26 0.014543
4 27 0.959527
4 28 0.071066
4 29 0.999979
4 30 0.014543
4 31 0.013139
4 32 0.516316
4 33 0.999606
4 34 0.998387
4 35 0.999937
4 36 0.001149
4 37 0.989965
4 38 0.999998
4 39 0.176777
4 40 0.897355
4 41 0.999355
4 42 0.999998
4 43 0.013139
4 44 0.993716
4 45 0.999984
4 46 0.999997
4 47 0.013139
4 48 0.001149
4 49 0.017692
4 50 0.013139
4 51 0.999839
4 52 0.000020
4 53 0.999606
4 54 0.959527
4 55 0.184104
4 56 0.762799
4 57 0.013139
4 58 0.993716
4 59 0.013139
4 60 0.013139
4 61 0.999937
4 62 0.066696
4 63 0.001149
4 64 0.999998
4 65 0.066696
4 66 0.013139
4 67 0.013139
4 68 0.013139
4 69 0.013139
4 70 0.013139
4 71 0.347268
4 72 0.013139
4 73 0.014543
4 74 0.997540
4 75 0.013139
4 76 0.014543
4 77 0.999039
4 78 0.999748
4 79 0.762799
4 80 0.176777
4 81 0.066696
4 82 0.999998
4 83 0.066696
4 84 0.016059
4 85 0.997540
4 86 0.995877
4 87 0.999587
4 88 0.000020
4 89 0.013139
4 90 0.013139
4 91 0.999961
4 92 0.999754
4 93 0.013139
4 94 0.001346
4 95 0.999998
4 96 0.999960
4 97 0.999385
4 98 0.364708
4 99 0.996159
5 0 0.998462
5 1 0.993565
5 2 0.338564
5 3 0.999761
5 4 0.999997
5 5 0.000000
5 6 0.998992
5 7 0.959527
5 8 0.199118
5 9 0.999370
5 10 0.013139
5 11 0.999961
5 12 0.989964
5 13 0.999619
5 14 0.013139
5 15 0.999899
5 16 0.013139
5 17 0.071066
5 18 0.910338
5 19 0.071066
5 20 0.999994
5 21 0.001149
5 22 0.999842
5 23 0.001346
5 24 0.001149
5 25 0.999998
5 26 0.999998
5 27 0.937486
5 28 0.772427
5 29 0.990426
5 30 0.013139
5 31 0.066696
5 32 0.999997
5 33 0.013139
5 34 0.338564
5 35 0.017692
5 36 0.066696
5 37 0.999370
5 38 0.999975
5 39 0.184104
5 40 0.767655
5 41 0.001149
5 42 0.000020
5 43 0.071066
5 44 0.013139
5 45 0.066696
5 46 0.014543
5 47 0.996068
5 48 0.013139
5 49 0.997540
5 50 0.995973
5 51 0.508189
5 52 0.000020
5 53 0.938905
5 54 0.995778
5 55 0.016059
5 56 0.000020
5 57 0.999997
5 58 0.996068
5 59 0.999993
5 60 0.001149
5 61 0.014543
5 62 0.772427
5 63 0.013139
5 64 0.013139
5 65 0.066696
5 66 0.013139
5 67 0.013139
5 68 0.184104
5 69 0.999999
5 70 0.668000
5 71 0.999937
5 72 0.001572
5 73 0.995973
5 74 0.998387
5 75 0.013139
5 76 0.998992
5 77 0.013139
5 78 0.999994
5 79 0.999015
5 80 0.999906
5 81 0.013139
5 82 0.013139
5 83 0.961365
5 84 0.998388
5 85 0.983991
5 86 0.989724
5 87 0.648420
5 88 0.998462
5 89 0.999960
5 90 0.014543
5 91 0.013139
5 92 0.999899
5 93 0.997481
5 94 0.997359
5 95 0.001149
5 96 0.857350
5 97 0.999846
5 98 0.013139
5 99 0.983990
6 0 0.975099
6 1 0.897355
6 2 0.013139
6 3 0.014543
6 4 0.998992
6 5 0.998992
6 6 0.000000
6 7 0.066696
6 8 0.014543
6 9 0.066696
6 10 0.999370
6 11 0.071066
6 12 0.999990
6 13 0.999999
6 14 0.998992
6 15 0.199118
6 16 0.999370
6 17 0.999984
6 18 0.000020
6 19 0.999997
6 20 0.013139
6 21 0.013139
6 22 0.999990
6 23 0.997481
6 24 0.516316
6 25 0.999842
6 26 0.066696
6 27 0.066696
6 28 0.999960
6 29 0.999999
6 30 0.999899
6 31 0.999998
6 32 0.001149
6 33 0.661564
6 34 0.066696
6 35 0.997482
6 36 0.762799
6 37 0.001149
6 38 0.013139
6 39 0.908279
6 40 0.999994
6 41 0.013139
6 42 0.999748
6 43 0.999937
6 44 0.998387
6 45 0.001149
6 46 0.013139
6 47 0.999937
6 48 0.016059
6 49 0.071066
6 50 0.995974
6 51 0.013139
6 52 0.904054
6 53 0.000020
6 54 0.199117
6 55 0.001149
6 56 0.975099
6 57 0.001149
6 58 0.013139
6 59 0.989964
6 60 0.989964
6 61 0.995778
6 62 0.998992
6 63 0.958576
6 64 0.013139
6 65 0.999935
6 66 0.996068
6 67 0.013139
6 68 0.996068
6 69 0.999999
6 70 0.993565
6 71 0.999742
6 72 0.999843
6 73 0.001149
6 74 0.999846
6 75 0.989724
6 76 0.999999
6 77 0.199118
6 78 0.013139
6 79 0.075609
6 80 0.999606
6 81 0.996160
6 82 0.999902
6 83 0.999999
6 84 0.001149
6 85 0.974509
6 86 0.013139
6 87 0.985082
6 88 0.013139
6 89 0.016059
6 90 0.999976
6 91 0.013139
6 92 0.984363
6 93 0.014543
6 94 0.999842
6 95 0.937486
6 96 0.999839
6 97 0.993716
6 98 0.001149
6 99 0.990198
7 0 0.648420
7 1 0.960457
7 2 0.999999
7 3 0.999899
7 4 0.013139
7 5 0.959527
7 6 0.066696
7 7 0.000000
7 8 0.075609
7 9 0.338564
7 10 0.000020
7 11 0.937485
7 12 0.014543
7 13 0.975099
7 14 0.013139
7 15 0.997421
7 16 0.999999
7 17 0.176777
7 18 0.999370
7 19 0.013139
7 20 0.999339
7 21 0.999748
7 22 0.184104
7 23 0.998462
7 24 0.999984
7 25 0.001149
7 26 0.998992
7 27 0.338564
7 28 0.001346
7 29 0.989724
7 30 0.995877
7 31 0.998349
7 32 0.014543
7 33 0.850963
7 34 0.767655
7 35 0.999999
7 36 0.989725
7 37 0.071066
7 38 0.999039
7 39 0.998968
7 40 0.013139
7 41 0.777115
7 42 0.999997
7 43 0.071066
7 44 0.999998
7 45 0.999996
7 46 0.066696
7 47 0.001346
7 48 0.999944
7 49 0.000020
7 50 0.013139
7 51 0.013139
7 52 0.995877
7 53 0.001149
7 54 0.999998
7 55 0.999996
7 56 0.013139
7 57 0.999995
7 58 0.999990
7 59 0.013139
7 60 0.999937
7 61 0.540299
7 62 0.013139
7 63 0.993565
7 64 0.999901
7 65 0.013139
7 66 0.071066
7 67 0.338564
7 68 0.844319
7 69 0.075609
7 70 0.999998
7 71 0.013139
7 72 0.999979
7 73 0.767655
7 74 0.508189
7 75 0.999842
7 76 0.999990
7 77 0.999754
7 78 0.959527
7 79 0.013139
7 80 0.999385
7 81 0.999998
7 82 0.999995
7 83 0.017692
7 84 0.999902
7 85 0.997482
7 86 0.995877
7 87 0.999998
7 88 0.013139
7 89 0.013139
7 90 0.993716
7 91 0.355985
7 92 0.013139
7 93 0.999962
7 94 0.001149
7 95 0.075610
7 96 0.071066
7 97 0.000020
7 98 0.999615
7 99 0.989964
8 0 0.001149
8 1 0.999994
8 2 0.997654
8 3 0.999990
8 4 0.999902
8 5 0.199118
8 6 0.014543
8 7 0.075609
8 8 0.000000
8 9 0.999998
8 10 0.000020
8 11 0.013139
8 12 0.013139
8 13 0.001346
8 14 0.999999
8 15 0.066696
8 16 0.997481
8 17 0.999985
8 18 0.013139
8 19 0.014543
8 20 0.532371
8 21 0.013139
8 22 0.999370
8 23 0.995973
8 24 0.995973
8 25 0.999984
8 26 0.999990
8 27 0.999975
8 28 0.013139
8 29 0.999016
8 30 0.999998
8 31 0.014543
8 32 0.999754
8 33 0.013139
8 34 0.850964
8 35 0.013139
8 36 0.013139
8 37 0.999897
8 38 0.001149
8 39 0.999996
8 40 0.999994
8 41 0.975676
8 42 0.999355
8 43 0.066696
8 44 0.013139
8 45 0.184104
8 46 0.973905
8 47 0.999899
8 48 0.999902
8 49 0.013139
8 50 0.014543
8 51 0.016059
8 52 0.013139
8 53 0.000020
8 54 0.013139
8 55 0.066696
8 56 0.000020
8 57 0.999999
8 58 0.999998
8 59 0.013139
8 60 0.989964
8 61 0.013139
8 62 0.013139
8 63 0.532373
8 64 0.000020
8 65 0.000020
8 66 0.999842
8 67 0.000020
8 68 0.999970
8 69 0.999606
8 70 0.999597
8 71 0.989964
8 72 0.066696
8 73 0.013139
8 74 0.999904
8 75 0.524377
8 76 0.014543
8 77 0.940293
8 78 0.013139
8 79 0.347268
8 80 0.999748
8 81 0.013139
8 82 0.661564
8 83 0.997541
8 84 0.000020
8 85 0.998968
8 86 0.013139
8 87 0.999624
8 88 0.075609
8 89 0.013139
8 90 0.989724
8 91 0.013139
8 92 0.998992
8 93 0.014543
8 94 0.999999
8 95 0.516316
8 96 0.999615
8 97 0.013139
8 98 0.191553
8 99 0.999846
9 0 0.999842
9 1 0.013139
9 2 0.013139
9 3 0.000020
9 4 0.013139
9 5 0.999370
9 6 0.066696
9 7 0.338564
9 8 0.999998
9 9 0.000000
9 10 0.001149
9 11 0.655037
9 12 0.989964
9 13 0.999961
9 14 0.516316
9 15 0.999994
9 16 0.532372
9 17 0.999839
9 18 0.000020
9 19 0.999998
9 20 0.000020
9 21 0.999987
9 22 0.998387
9 23 0.993865
9 24 0.999902
9 25 0.906199
9 26 0.013139
9 27 0.338564
9 28 0.071066
9 29 0.066696
9 30 0.998992
9 31 0.080328
9 32 0.999939
9 33 0.973905
9 34 0.013139
9 35 0.066696
9 36 0.999962
9 37 0.999997
9 38 0.999997
9 39 0.997540
9 40 0.013139
9 41 0.013139
9 42 0.999984
9 43 0.997482
9 44 0.066696
9 45 0.080327
9 46 0.999997
9 47 0.904053
9 48 0.999960
9 49 0.013139
9 50 0.013139
9 51 0.997421
9 52 0.998462
9 53 0.989724
9 54 0.013139
9 55 0.961365
9 56 0.013139
9 57 0.999899
9 58 0.075609
9 59 0.999597
9 60 0.999984
9 61 0.999938
9 62 0.995973
9 63 0.999998
9 64 0.999839
9 65 0.906192
9 66 0.999999
9 67 0.013139
9 68 0.191553
9 69 0.013139
9 70 0.999015
9 71 0.013139
9 72 0.993716
9 73 0.001149
9 74 0.936034
9 75 0.999934
9 76 0.999597
9 77 0.938905
9 78 0.998387
9 79 0.983610
9 80 0.000026
9 81 0.999961
9 82 0.013139
9 83 0.999999
9 84 0.989964
9 85 0.013139
9 86 0.013139
9 87 0.013139
9 88 0.013139
9 89 0.001346
9 90 0.001149
9 91 0.997481
9 92 0.013139
9 93 0.999998
9 94 0.989724
9 95 0.847674
9 96 0.999748
9 97 0.071066
9 98 0.013139
9 99 0.013139
10 0 0.066696
10 1 0.013139
10 2 0.999976
10 3 0.001149
10 4 0.999904
10 5 0.013139
10 6 0.999370
10 7 0.000020
10 8 0.000020
10 9 0.001149
10 10 0.000000
10 11 0.960456
10 12 0.013139
10 13 0.071066
10 14 0.071066
10 15 0.936034
10 16 0.066696
10 17 0.000020
10 18 0.938905
10 19 0.999937
10 20 0.184104
10 21 0.001149
10 22 0.999985
10 23 0.176777
10 24 0.184104
10 25 0.999999
10 26 0.013139
10 27 0.772428
10 28 0.772427
10 29 0.013139
10 30 0.000020
10 31 0.199117
10 32 0.999995
10 33 0.960457
10 34 0.985082
10 35 0.184104
10 36 0.347268
10 37 0.999999
10 38 0.999961
10 39 0.999962
10 40 0.347268
10 41 0.998425
10 42 0.989964
10 43 0.999975
10 44 0.013139
10 45 0.999984
10 46 0.999897
10 47 0.999989
10 48 0.013139
10 49 0.013139
10 50 0.014543
10 51 0.999998
10 52 0.000026
10 53 0.014543
10 54 0.013139
10 55 0.999996
10 56 0.013139
10 57 0.999993
10 58 0.999385
10 59 0.013139
10 60 0.781724
10 61 0.014543
10 62 0.959527
10 63 0.999759
10 64 0.983610
10 65 0.989964
10 66 0.984362
10 67 0.066696
10 68 0.999999
10 69 0.013139
10 70 0.999984
10 71 0.066696
10 72 0.960457
10 73 0.000020
10 74 0.999385
10 75 0.013139
10 76 0.999998
10 77 0.016059
10 78 0.001149
10 79 0.013139
10 80 0.013139
10 81 0.648420
10 82 0.013139
10 83 0.960457
10 84 0.013139
10 85 0.000020
10 86 0.013139
10 87 0.001346
10 88 0.013139
10 89 0.999962
10 90 0.066696
10 91 0.999960
10 92 0.999385
10 93 0.661565
10 94 0.996159
10 95 0.013139
10 96 0.999968
10 97 0.001149
10 98 0.013139
10 99 0.937485
11 0 0.066696
11 1 0.999015
11 2 0.661564
11 3 0.983991
11 4 0.983610
11 5 0.999961
11 6 0.071066
11 7 0.937485
11 8 0.013139
11 9 0.655037
11 10 0.960456
11 11 0.000000
11 12 0.013139
11 13 0.993412
11 14 0.191553
11 15 0.998349
11 16 0.532372
11 17 0.999999
11 18 0.000020
11 19 0.989724
11 20 0.013139
11 21 0.013139
11 22 0.999995
11 23 0.999996
11 24 0.990198
11 25 0.655037
11 26 0.075610
11 27 0.999996
11 28 0.013139
11 29 0.989724
11 30 0.516316
11 31 0.995969
11 32 0.999996
11 33 0.001346
11 34 0.999061
11 35 0.001149
11 36 0.013139
11 37 0.999990
11 38 0.999984
11 39 0.989724
11 40 0.999612
11 41 0.532375
11 42 0.999606
11 43 0.013139
11 44 0.999842
11 45 0.071066
11 46 0.013139
11 47 0.999839
11 48 0.013139
11 49 0.013139
11 50 0.997422
11 51 0.013139
11 52 0.014543
11 53 0.176777
11 54 0.013139
11 55 0.983991
11 56 0.516316
11 57 0.199117
11 58 0.767655
11 59 0.999998
11 60 0.191553
11 61 0.937486
11 62 0.176777
11 63 0.013139
11 64 0.937485
11 65 0.066696
11 66 0.999370
11 67 0.999994
11 68 0.066696
11 69 0.999990
11 70 0.364710
11 71 0.014543
11 72 0.999904
11 73 0.937485
11 74 0.989724
11 75 0.844319
11 76 0.999846
11 77 0.989479
11 78 0.983991
11 79 0.976238
11 80 0.001149
11 81 0.999995
11 82 0.001346
11 83 0.000020
11 84 0.648420
11 85 0.013139
11 86 0.655037
11 87 0.999987
11 88 0.989964
11 89 0.999990
11 90 0.974508
11 91 0.993716
11 92 0.995973
11 93 0.999996
11 94 0.199119
11 95 0.999996
11 96 0.937485
11 97 0.071066
11 98 0.844319
11 99 0.001149
12 0 0.999999
12 1 0.001346
12 2 0.013139
12 3 0.013139
12 4 0.347268
12 5 0.989964
12 6 0.999990
12 7 0.014543
12 8 0.013139
12 9 0.989964
12 10 0.013139
12 11 0.013139
12 12 0.000000
12 13 0.066696
12 14 0.999959
12 15 0.013139
12 16 0.999975
12 17 0.013139
12 18 0.999039
12 19 0.999843
12 20 0.999998
12 21 0.071066
12 22 0.016059
12 23 0.655037
12 24 0.999839
12 25 0.904054
12 26 0.001149
12 27 0.066696
12 28 0.997541
12 29 0.184104
12 30 0.013139
12 31 0.013139
12 32 0.001346
12 33 0.906194
12 34 0.013139
12 35 0.996159
12 36 0.001346
12 37 0.661564
12 38 0.013139
12 39 0.013139
12 40 0.508189
12 41 0.999748
12 42 0.999996
12 43 0.999996
12 44 0.338564
12 45 0.000020
12 46 0.013139
12 47 0.989724
12 48 0.999961
12 49 0.355984
12 50 0.066696
12 51 0.066696
12 52 0.001149
12 53 0.013139
12 54 0.013139
12 55 0.080327
12 56 0.661565
12 57 0.013139
12 58 0.013139
12 59 0.655037
12 60 0.013139
12 61 0.001149
12 62 0.999997
12 63 0.014543
12 64 0.013139
12 65 0.066696
12 66 0.066696
12 67 0.995973
12 68 0.940294
12 69 0.013139
12 70 0.066696
12 71 0.999355
12 72 0.013139
12 73 0.000020
12 74 0.999998
12 75 0.995973
12 76 0.014543
12 77 0.976790
12 78 0.001346
12 79 0.999994
12 80 0.999998
12 81 0.013139
12 82 0.176777
12 83 0.013139
12 84 0.999996
12 85 0.995973
12 86 0.014543
12 87 0.999765
12 88 0.976238
12 89 0.999385
12 90 0.524377
12 91 0.000020
12 92 0.000020
12 93 0.661564
12 94 0.999959
12 95 0.850964
12 96 0.904069
12 97 0.013139
12 98 0.999976
12 99 0.997482
13 0 0.999994
13 1 0.999993
13 2 0.999618
13 3 0.937485
13 4 0.184104
13 5 0.999619
13 6 0.999999
13 7 0.975099
13 8 0.001346
13 9 0.999961
13 10 0.071066
13 11 0.993412
13 12 0.066696
13 13 0.000000
13 14 0.184104
13 15 0.989479
13 16 0.847674
13 17 0.850963
13 18 0.998425
13 19 0.847674
13 20 0.938905
13 21 0.071066
13 22 0.013139
13 23 0.013139
13 24 0.999754
13 25 0.066696
13 26 0.999616
13 27 0.901869
13 28 0.999937
13 29 0.013139
13 30 0.999975
13 31 0.989479
13 32 0.013139
13 33 0.516316
13 34 0.993254
13 35 0.508189
13 36 0.066696
13 37 0.013139
13 38 0.999849
13 39 0.014543
13 40 0.176777
13 41 0.999978
13 42 0.999996
13 43 0.184104
13 44 0.013139
13 45 0.516316
13 46 0.762799
13 47 0.014543
13 48 0.355984
13 49 0.071066
13 50 0.999994
13 51 0.999984
13 52 0.999998
13 53 0.997482
13 54 0.994006
13 55 0.999960
13 56 0.014543
13 57 0.772428
13 58 0.999937
13 59 0.075610
13 60 0.999990
13 61 0.958576
13 62 0.995877
13 63 0.999992
13 64 0.184104
13 65 0.999988
13 66 0.999385
13 67 0.999990
13 68 0.013139
13 69 0.013139
13 70 0.984366
13 71 0.847674
13 72 0.013139
13 73 0.013139
13 74 0.013139
13 75 0.999997
13 76 0.013139
13 77 0.999606
13 78 0.999997
13 79 0.661565
13 80 0.508189
13 81 0.000020
13 82 0.975099
13 83 0.013139
13 84 0.066696
13 85 0.997421
13 86 0.937485
13 87 0.176777
13 88 0.014543
13 89 0.999843
13 90 0.999998
13 91 0.075609
13 92 0.013139
13 93 0.000020
13 94 0.013139
13 95 0.999990
13 96 0.001149
13 97 0.999985
13 98 0.999597
13 99 0.013139
14 0 0.013139
14 1 0.013139
14 2 0.191553
14 3 0.013139
14 4 0.974509
14 5 0.013139
14 6 0.998992
14 7 0.013139
14 8 0.999999
14 9 0.516316
14 10 0.071066
14 11 0.191553
14 12 0.999959
14 13 0.184104
14 14 0.000000
14 15 0.013139
14 16 0.000020
14 17 0.013139
14 18 0.999999
14 19 0.184104
14 20 0.844319
14 21 0.013139
14 22 0.999997
14 23 0.001149
14 24 0.999615
14 25 0.013139
14 26 0.999991
14 27 0.013139
14 28 0.962252
14 29 0.347268
14 30 0.999754
14 31 0.066696
14 32 0.998462
14 33 0.014543
14 34 0.999992
14 35 0.014543
14 36 0.014543
14 37 0.013139
14 38 0.999846
14 39 0.347268
14 40 0.364707
14 41 0.999998
14 42 0.999835
14 43 0.934550
14 44 0.013139
14 45 0.075610
14 46 0.999999
14 47 0.999998
14 48 0.998992
14 49 0.999996
14 50 0.999999
14 51 0.976737
14 52 0.013139
14 53 0.184104
14 54 0.999997
14 55 0.014543
14 56 0.989964
14 57 0.066696
14 58 0.013139
14 59 0.996068
14 60 0.013139
14 61 0.999939
14 62 0.013139
14 63 0.990198
14 64 0.013139
14 65 0.066696
14 66 0.013139
14 67 0.999990
14 68 0.995973
14 69 0.999937
14 70 0.013139
14 71 0.993411
14 72 0.997540
14 73 0.999899
14 74 0.013139
14 75 0.777115
14 76 0.999748
14 77 0.066696
14 78 0.013139
14 79 0.191553
14 80 0.338564
14 81 0.013139
14 82 0.990198
14 83 0.085216
14 84 0.993863
14 85 0.997540
14 86 0.016059
14 87 0.013139
14 88 0.998992
14 89 0.999974
14 90 0.999962
14 91 0.014543
14 92 0.762799
14 93 0.001149
14 94 0.999399
14 95 0.999994
14 96 0.998425
14 97 0.999754
14 98 0.014543
14 99 0.001149
15 0 0.998992
15 1 0.993863
15 2 0.013139
15 3 0.013139
15 4 0.066696
15 5 0.999899
15 6 0.199118
15 7 0.997421
15 8 0.066696
15 9 0.999994
15 10 0.936034
15 11 0.998349
15 12 0.013139
15 13 0.989479
15 14 0.013139
15 15 0.000000
15 16 0.999984
15 17 0.013139
15 18 0.013139
15 19 0.999960
15 20 0.013139
15 21 0.983991
15 22 0.013139
15 23 0.013139
15 24 0.014543
15 25 0.524378
15 26 0.998349
15 27 0.013139
15 28 0.066696
15 29 0.191553
15 30 0.999987
15 31 0.013139
15 32 0.508189
15 33 0.998968
15 34 0.999937
15 35 0.014543
15 36 0.999748
15 37 0.984726
15 38 0.999370
15 39 0.999985
15 40 0.984361
15 41 0.998387
15 42 0.994006
15 43 0.013139
15 44 0.999839
15 45 0.013139
15 46 0.937485
15 47 0.001346
15 48 0.355975
15 49 0.206795
15 50 0.999990
15 51 0.999587
15 52 0.013139
15 53 0.071066
15 54 0.661564
15 55 0.999370
15 56 0.014543
15 57 0.071066
15 58 0.999994
15 59 0.075610
15 60 0.014543
15 61 0.999997
15 62 0.014543
15 63 0.937485
15 64 0.184104
15 65 0.975099
15 66 0.999015
15 67 0.373431
15 68 0.998992
15 69 0.001149
15 70 0.999975
15 71 0.013139
15 72 0.999996
15 73 0.373427
15 74 0.013139
15 75 0.999937
15 76 0.999839
15 77 0.014543
15 78 0.899635
15 79 0.854188
15 80 0.999990
15 81 0.016059
15 82 0.066696
15 83 0.999835
15 84 0.014543
15 85 0.934550
15 86 0.014543
15 87 0.075608
15 88 0.975099
15 89 0.762799
15 90 0.973905
15 91 0.013139
15 92 0.999748
15 93 0.998992
15 94 0.983992
15 95 0.347268
15 96 0.999742
15 97 0.184104
15 98 0.999355
15 99 0.071066
16 0 0.071066
16 1 0.999998
16 2 0.013139
16 3 0.999961
16 4 0.999996
16 5 0.013139
16 6 0.999370
16 7 0.999999
16 8 0.997481
16 9 0.532372
16 10 0.066696
16 11 0.532372
16 12 0.999975
16 13 0.847674
16 14 0.000020
16 15 0.999984
16 16 0.000000
16 17 0.013139
16 18 0.999985
16 19 0.013139
16 20 0.013139
16 21 0.998425
16 22 0.999998
16 23 0.983991
16 24 0.013139
16 25 0.984366
16 26 0.999606
16 27 0.013139
16 28 0.904054
16 29 0.999606
16 30 0.999984
16 31 0.355984
16 32 0.998498
16 33 0.847674
16 34 0.995973
16 35 0.013139
16 36 0.989964
16 37 0.984365
16 38 0.999842
16 39 0.013139
16 40 0.999994
16 41 0.066696
16 42 0.013139
16 43 0.014543
16 44 0.013139
16 45 0.071066
16 46 0.001572
16 47 0.993863
16 48 0.999754
16 49 0.998992
16 50 0.000020
16 51 0.014543
16 52 0.013139
16 53 0.999839
16 54 0.999938
16 55 0.974509
16 56 0.013139
16 57 0.001149
16 58 0.999990
16 59 0.999997
16 60 0.014543
16 61 0.998349
16 62 0.013139
16 63 0.999842
16 64 0.013139
16 65 0.184104
16 66 0.013139
16 67 0.989724
16 68 0.975099
16 69 0.661564
16 70 0.191553
16 71 0.013139
16 72 0.999985
16 73 0.001346
16 74 0.999843
16 75 0.997482
16 76 0.000026
16 77 0.993716
16 78 0.998462
16 79 0.999606
16 80 0.013139
16 81 0.066696
16 82 0.999992
16 83 0.999996
16 84 0.001149
16 85 0.524378
16 86 0.532369
16 87 0.184104
16 88 0.001149
16 89 0.001149
16 90 0.013139
16 91 0.999937
16 92 0.347268
16 93 0.983991
16 94 0.999997
16 95 0.655037
16 96 0.999985
16 97 0.936034
16 98 0.508189
16 99 0.001149
17 0 0.999842
17 1 0.000020
17 2 0.355984
17 3 0.655037
17 4 0.191553
17 5 0.071066
17 6 0.999984
17 7 0.176777
17 8 0.999985
17 9 0.999839
17 10 0.000020
17 11 0.999999
17 12 0.013139
17 13 0.850963
17 14 0.013139
17 15 0.013139
17 16 0.013139
17 17 0.000000
17 18 0.013139
17 19 0.013139
17 20 0.998992
17 21 0.066696
17 22 0.016059
17 23 0.071066
17 24 0.013139
17 25 0.013139
17 26 0.995877
17 27 0.355984
17 28 0.999759
17 29 0.013139
17 30 0.016059
17 31 0.999985
17 32 0.999753
17 33 0.999999
17 34 0.001346
17 35 0.983991
17 36 0.014543
17 37 0.999998
17 38 0.017692
17 39 0.066696
17 40 0.013139
17 41 0.940293
17 42 0.516316
17 43 0.013139
17 44 0.995974
17 45 0.999995
17 46 0.013139
17 47 0.176777
17 48 0.066696
17 49 0.999962
17 50 0.996172
17 51 0.999960
17 52 0.936034
17 53 0.983991
17 54 0.071066
17 55 0.071066
17 56 0.001149
17 57 0.975675
17 58 0.767655
17 59 0.997540
17 60 0.998425
17 61 0.013139
17 62 0.999846
17 63 0.066696
17 64 0.071066
17 65 0.999935
17 66 0.999994
17 67 0.066696
17 68 0.013139
17 69 0.999995
17 70 0.984363
17 71 0.999998
17 72 0.013139
17 73 0.999846
17 74 0.999615
17 75 0.999996
17 76 0.013139
17 77 0.066696
17 78 0.338564
17 79 0.993716
17 80 0.984363
17 81 0.001149
17 82 0.998462
17 83 0.999937
17 84 0.999370
17 85 0.013139
17 86 0.016059
17 87 0.667992
17 88 0.999853
17 89 0.066696
17 90 0.016059
17 91 0.999997
17 92 0.013139
17 93 0.013139
17 94 0.998992
17 95 0.013139
17 96 0.938905
17 97 0.999991
17 98 0.997482
17 99 0.999998
18 0 0.999355
18 1 0.001149
18 2 0.999962
18 3 0.013139
18 4 0.996068
18 5 0.910338
18 6 0.000020
18 7 0.999370
18 8 0.013139
18 9 0.000020
18 10 0.938905
18 11 0.000020
18 12 0.999039
18 13 0.998425
18 14 0.999999
18 15 0.013139
18 16 0.999985
18 17 0.013139
18 18 0.000000
18 19 0.661564
18 20 0.999843
18 21 0.013139
18 22 0.996068
18 23 0.999999
18 24 0.013139
18 25 0.001346
18 26 0.963121
18 27 0.338564
18 28 0.013139
18 29 0.001346
18 30 0.014543
18 31 0.013139
18 32 0.857355
18 33 0.001346
18 34 0.993565
18 35 0.975676
18 36 0.013139
18 37 0.999994
18 38 0.013139
18 39 0.066696
18 40 0.959527
18 41 0.998387
18 42 0.013139
18 43 0.997598
18 44 0.199117
18 45 0.016059
18 46 0.999846
18 47 0.999843
18 48 0.999597
18 49 0.013139
18 50 0.854188
18 51 0.184104
18 52 0.176777
18 53 0.013139
18 54 0.996068
18 55 0.013139
18 56 0.001149
18 57 0.999994
18 58 0.999999
18 59 0.013139
18 60 0.066696
18 61 0.013139
18 62 0.516316
18 63 0.013139
18 64 0.899635
18 65 0.355984
18 66 0.998992
18 67 0.013139
18 68 0.906194
18 69 0.364706
18 70 0.993716
18 71 0.661564
18 72 0.999850
18 73 0.999996
18 74 0.013139
18 75 0.066696
18 76 0.013139
18 77 0.999996
18 78 0.066696
18 79 0.013139
18 80 0.985429
18 81 0.999960
18 82 0.085218
18 83 0.013139
18 84 0.983610
18 85 0.066696
18 86 0.850964
18 87 0.001149
18 88 0.013139
18 89 0.013139
18 90 0.001149
18 91 0.999994
18 92 0.999994
18 93 0.989964
18 94 0.899635
18 95 0.998992
18 96 0.999385
18 97 0.066696
18 98 0.999597
18 99 0.013139
19 0 0.013139
19 1 0.066696
19 2 0.066696
19 3 0.199117
19 4 0.000020
19 5 0.071066
19 6 0.999997
19 7 0.013139
19 8 0.014543
19 9 0.999998
19 10 0.999937
19 11 0.989724
19 12 0.999843
19 13 0.847674
19 14 0.184104
19 15 0.999960
19 16 0.013139
19 17 0.013139
19 18 0.661564
19 19 0.000000
19 20 0.066696
19 21 0.075609
19 22 0.999962
19 23 0.075610
19 24 0.199118
19 25 0.014543
19 26 0.999897
19 27 0.013139
19 28 0.001149
19 29 0.999990
19 30 0.001149
19 31 0.999754
19 32 0.999992
19 33 0.001149
19 34 0.999998
19 35 0.959527
19 36 0.997421
19 37 0.996160
19 38 0.904054
19 39 0.066696
19 40 0.996068
19 41 0.013139
19 42 0.993715
19 43 0.013139
19 44 0.850963
19 45 0.013139
19 46 0.999985
19 47 0.998497
19 48 0.071066
19 49 0.014543
19 50 0.999998
19 51 0.001149
19 52 0.997482
19 53 0.937485
19 54 0.999984
19 55 0.001149
19 56 0.000020
19 57 0.000020
19 58 0.999990
19 59 0.347268
19 60 0.184104
19 61 0.995972
19 62 0.999606
19 63 0.364707
19 64 0.013139
19 65 0.066696
19 66 0.071066
19 67 0.184104
19 68 0.999990
19 69 0.347268
19 70 0.999901
19 71 0.999999
19 72 0.999606
19 73 0.999999
19 74 0.999748
19 75 0.655037
19 76 0.975099
19 77 0.001149
19 78 0.014543
19 79 0.017692
19 80 0.999760
19 81 0.013139
19 82 0.999040
19 83 0.999977
19 84 0.999736
19 85 0.021328
19 86 0.013139
19 87 0.998349
19 88 0.999985
19 89 0.066696
19 90 0.001149
19 91 0.066696
19 92 0.206793
19 93 0.999996
19 94 0.066696
19 95 0.999976
19 96 0.013139
19 97 0.000020
19 98 0.016059
19 99 0.013139
20 0 0.998349
20 1 0.999990
20 2 0.338564
20 3 0.090252
20 4 0.999975
20 5 0.999994
20 6 0.013139
20 7 0.999339
20 8 0.532371
20 9 0.000020
20 10 0.184104
20 11 0.013139
20 12 0.999998
20 13 0.938905
20 14 0.844319
20 15 0.013139
20 16 0.013139
20 17 0.998992
20 18 0.999843
20 19 0.066696
20 20 0.000000
20 21 0.999991
20 22 0.013139
20 23 0.999999
20 24 0.066696
20 25 0.014543
20 26 0.013139
20 27 0.999606
20 28 0.999995
20 29 0.001149
20 30 0.999994
20 31 0.999975
20 32 0.013139
20 33 0.013139
20 34 0.999987
20 35 0.000020
20 36 0.013139
20 37 0.184104
20 38 0.999597
20 39 0.001149
20 40 0.014543
20 41 0.066696
20 42 0.999997
20 43 0.999961
20 44 0.999016
20 45 0.013139
20 46 0.013139
20 47 0.199117
20 48 0.013139
20 49 0.999904
20 50 0.973287
20 51 0.998387
20 52 0.013139
20 53 0.999999
20 54 0.999960
20 55 0.999996
20 56 0.993863
20 57 0.013139
20 58 0.013139
20 59 0.999015
20 60 0.013139
20 61 0.013139
20 62 0.013139
20 63 0.013139
20 64 0.762799
20 65 0.995974
20 66 0.999015
20 67 0.990427
20 68 0.998992
20 69 0.014543
20 70 0.989725
20 71 0.999994
20 72 0.013139
20 73 0.355984
20 74 0.013139
20 75 0.999998
20 76 0.071066
20 77 0.999980
20 78 0.001346
20 79 0.014543
20 80 0.013139
20 81 0.013139
20 82 0.999760
20 83 0.184104
20 84 0.999990
20 85 0.999975
20 86 0.338564
20 87 0.540302
20 88 0.013139
20 89 0.206794
20 90 0.999997
20 91 0.013139
20 92 0.999998
20 93 0.176777
20 94 0.767655
20 95 0.975099
20 96 0.524378
20 97 0.013139
20 98 0.364707
20 99 0.071066
21 0 0.066696
21 1 0.906193
21 2 0.000026
21 3 0.854188
21 4 0.013139
21 5 0.001149
21 6 0.013139
21 7 0.999748
21 8 0.013139
21 9 0.999987
21 10 0.001149
21 11 0.013139
21 12 0.071066
21 13 0.071066
21 14 0.013139
21 15 0.983991
21 16 0.998425
21 17 0.066696
21 18 0.013139
21 19 0.075609
21 20 0.999991
21 21 0.000000
21 22 0.071066
21 23 0.998425
21 24 0.993411
21 25 0.191553
21 26 0.013139
21 27 0.975668
21 28 0.899635
21 29 0.995974
21 30 0.999937
21 31 0.999939
21 32 0.857351
21 33 0.001149
21 34 0.997359
21 35 0.066696
21 36 0.999979
21 37 0.000026
21 38 0.999992
21 39 0.999960
21 40 0.983220
21 41 0.013139
21 42 0.908282
21 43 0.936034
21 44 0.080327
21 45 0.524378
21 46 0.016059
21 47 0.999999
21 48 0.013139
21 49 0.355984
21 50 0.014543
21 51 0.013139
21 52 0.000020
21 53 0.999998
21 54 0.999370
21 55 0.899635
21 56 0.999940
21 57 0.990198
21 58 0.999990
21 59 0.066696
21 60 0.963121
21 61 0.013139
21 62 0.184104
21 63 0.999996
21 64 0.001149
21 65 0.176777
21 66 0.013139
21 67 0.998462
21 68 0.013139
21 69 0.993716
21 70 0.975099
21 71 0.066696
21 72 0.014543
21 73 0.013139
21 74 0.974509
21 75 0.668000
21 76 0.999015
21 77 0.013139
21 78 0.999999
21 79 0.013139
21 80 0.013139
21 81 0.014543
21 82 0.901868
21 83 0.191553
21 84 0.990427
21 85 0.999999
21 86 0.013139
21 87 0.013139
21 88 0.013139
21 89 0.355985
21 90 0.999999
21 91 0.999997
21 92 0.990197
21 93 0.984363
21 94 0.508189
21 95 0.974511
21 96 0.508189
21 97 0.901868
21 98 0.066696
21 99 0.998387
22 0 0.904055
22 1 0.999038
22 2 0.899635
22 3 0.013139
22 4 0.001149
22 5 0.999842
22 6 0.999990
22 7 0.184104
22 8 0.999370
22 9 0.998387
22 10 0.999985
22 11 0.999995
22 12 0.016059
22 13 0.013139
22 14 0.999997
22 15 0.013139
22 16 0.999998
22 17 0.016059
22 18 0.996068
22 19 0.999962
22 20 0.013139
22 21 0.071066
22 22 0.000000
22 23 0.000020
22 24 0.014543
22 25 0.999975
22 26 0.013139
22 27 0.999935
22 28 0.013139
22 29 0.013139
22 30 0.066696
22 31 0.066696
22 32 0.071066
22 33 0.014543
22 34 0.989724
22 35 0.000020
22 36 0.080327
22 37 0.999978
22 38 0.961366
22 39 0.938904
22 40 0.999902
22 41 0.071066
22 42 0.997598
22 43 0.999016
22 44 0.001149
22 45 0.355984
22 46 0.013139
22 47 0.016059
22 48 0.013139
22 49 0.524377
22 50 0.906208
22 51 0.999960
22 52 0.516316
22 53 0.999999
22 54 0.974509
22 55 0.999904
22 56 0.995877
22 57 0.013139
22 58 0.013139
22 59 0.508189
22 60 0.860416
22 61 0.013139
22 62 0.075607
22 63 0.013139
22 64 0.999997
22 65 0.999015
22 66 0.844319
22 67 0.013139
22 68 0.996068
22 69 0.993716
22 70 0.001149
22 71 0.906200
22 72 0.001346
22 73 0.974509
22 74 0.993565
22 75 0.850964
22 76 0.347268
22 77 0.013139
22 78 0.066696
22 79 0.001149
22 80 0.075609
22 81 0.960457
22 82 0.338564
22 83 0.998968
22 84 0.999587
22 85 0.347268
22 86 0.975675
22 87 0.013139
22 88 0.000020
22 89 0.071066
22 90 0.014543
22 91 0.998425
22 92 0.998533
22 93 0.191553
22 94 0.013139
22 95 0.013139
22 96 0.001346
22 97 0.958576
22 98 0.996068
22 99 0.999624
23 0 0.013139
23 1 0.661565
23 2 0.013139
23 3 0.066696
23 4 0.013139
23 5 0.001346
23 6 0.997481
23 7 0.998462
23 8 0.995973
23 9 0.993865
23 10 0.176777
23 11 0.999996
23 12 0.655037
23 13 0.013139
23 14 0.001149
23 15 0.013139
23 16 0.983991
23 17 0.071066
23 18 0.999999
23 19 0.075610
23 20 0.999999
23 21 0.998425
23 22 0.000020
23 23 0.000000
23 24 0.999902
23 25 0.016059
23 26 0.998992
23 27 0.184104
23 28 0.013139
23 29 0.199115
23 30 0.001149
23 31 0.013139
23 32 0.013139
23 33 0.999754
23 34 0.013139
23 35 0.958576
23 36 0.999975
23 37 0.013139
23 38 0.071066
23 39 0.080325
23 40 0.999999
23 41 0.998426
23 42 0.983610
23 43 0.013139
23 44 0.668000
23 45 0.901868
23 46 0.013139
23 47 0.993862
23 48 0.999370
23 49 0.999998
23 50 0.001346
23 51 0.013139
23 52 0.999997
23 53 0.999940
23 54 0.661565
23 55 0.999960
23 56 0.999842
23 57 0.066696
23 58 0.999961
23 59 0.013139
23 60 0.013139
23 61 0.001149
23 62 0.000020
23 63 0.013139
23 64 0.016059
23 65 0.013139
23 66 0.993715
23 67 0.066696
23 68 0.532374
23 69 0.013139
23 70 0.993565
23 71 0.066696
23 72 0.999938
23 73 0.013139
23 74 0.993411
23 75 0.999975
23 76 0.901868
23 77 0.999999
23 78 0.013139
23 79 0.014543
23 80 0.013139
23 81 0.999994
23 82 0.999996
23 83 0.936034
23 84 0.000020
23 85 0.013139
23 86 0.999597
23 87 0.998387
23 88 0.999990
23 89 0.999999
23 90 0.540297
23 91 0.066696
23 92 0.000020
23 93 0.904054
23 94 0.999999
23 95 0.013139
23 96 0.998425
23 97 0.013139
23 98 0.999960
23 99 0.199117
24 0 0.999016
24 1 0.997598
24 2 0.013139
24 3 0.013139
24 4 0.075609
24 5 0.001149
24 6 0.516316
24 7 0.999984
24 8 0.995973
24 9 0.999902
24 10 0.184104
24 11 0.990198
24 12 0.999839
24 13 0.999754
24 14 0.999615
24 15 0.014543
24 16 0.013139
24 17 0.013139
24 18 0.013139
24 19 0.199118
24 20 0.066696
24 21 0.993411
24 22 0.014543
24 23 0.999902
24 24 0.000000
24 25 0.066696
24 26 0.999974
24 27 0.989964
24 28 0.013139
24 29 0.066696
24 30 0.958576
24 31 0.013139
24 32 0.999997
24 33 0.899635
24 34 0.999937
24 35 0.548149
24 36 0.999746
24 37 0.997482
24 38 0.997540
24 39 0.998968
24 40 0.013139
24 41 0.999935
24 42 0.013139
24 43 0.999904
24 44 0.516316
24 45 0.996250
24 46 0.990198
24 47 0.999370
24 48 0.013139
24 49 0.071066
24 50 0.001149
24 51 0.013139
24 52 0.958576
24 53 0.904053
24 54 0.777115
24 55 0.854188
24 56 0.999978
24 57 0.999999
24 58 0.014543
24 59 0.001346
24 60 0.013139
24 61 0.066696
24 62 0.999897
24 63 0.999902
24 64 0.999999
24 65 0.355984
24 66 0.013139
24 67 0.668003
24 68 0.001149
24 69 0.014543
24 70 0.999998
24 71 0.013139
24 72 0.001149
24 73 0.013139
24 74 0.995973
24 75 0.772427
24 76 0.001149
24 77 0.013139
24 78 0.993862
24 79 0.993411
24 80 0.001149
24 81 0.016059
24 82 0.013139
24 83 0.999015
24 84 0.066696
24 85 0.999997
24 86 0.960457
24 87 0.999994
24 88 0.013139
24 89 0.960457
24 90 0.999994
24 91 0.995877
24 92 0.997482
24 93 0.013139
24 94 0.959528
24 95 0.959528
24 96 0.854024
24 97 0.013139
24 98 0.999984
24 99 0.984362
25 0 0.016059
25 1 0.013139
25 2 0.017693
25 3 0.983991
25 4 0.364706
25 5 0.999998
25 6 0.999842
25 7 0.001149
25 8 0.999984
25 9 0.906199
25 10 0.999999
25 11 0.655037
25 12 0.904054
25 13 0.066696
25 14 0.013139
25 15 0.524378
25 16 0.984366
25 17 0.013139
25 18 0.001346
25 19 0.014543
25 20 0.014543
25 21 0.191553
25 22 0.999975
25 23 0.016059
25 24 0.066696
25 25 0.000000
25 26 0.906193
25 27 0.999587
25 28 0.071066
25 29 0.013139
25 30 0.999835
25 31 0.983991
25 32 0.013139
25 33 0.999999
25 34 0.999990
25 35 0.934550
25 36 0.998425
25 37 0.013139
25 38 0.016059
25 39 0.999937
25 40 0.999996
25 41 0.013139
25 42 0.013139
25 43 0.999999
25 44 0.999015
25 45 0.996068
25 46 0.999998
25 47 0.999842
25 48 0.013139
25 49 0.999999
25 50 0.066696
25 51 0.016059
25 52 0.996159
25 53 0.013139
25 54 0.066696
25 55 0.999976
25 56 0.999999
25 57 0.000020
25 58 0.999899
25 59 0.014543
25 60 0.014543
25 61 0.772428
25 62 0.013139
25 63 0.013139
25 64 0.013139
25 65 0.997709
25 66 0.013139
25 67 0.013139
25 68 0.013139
25 69 0.176777
25 70 0.767655
25 71 0.648420
25 72 0.000033
25 73 0.997540
25 74 0.772427
25 75 0.013139
25 76 0.975099
25 77 0.013139
25 78 0.075610
25 79 0.999985
25 80 0.013139
25 81 0.071066
25 82 0.904054
25 83 0.066696
25 84 0.999919
25 85 0.013139
25 86 0.989964
25 87 0.999937
25 88 0.974509
25 89 0.013139
25 90 0.998387
25 91 0.532370
25 92 0.999975
25 93 0.001346
25 94 0.524378
25 95 0.999979
25 96 0.999960
25 97 0.998387
25 98 0.999597
25 99 0.066696
26 0 0.999996
26 1 0.001149
26 2 0.989724
26 3 0.013139
26 4 0.014543
26 5 0.999998
26 6 0.066696
26 7 0.998992
26 8 0.999990
26 9 0.013139
26 10 0.013139
26 11 0.075610
26 12 0.001149
26 13 0.999616
26 14 0.999991
26 15 0.998349
26 16 0.999606
26 17 0.995877
26 18 0.963121
26 19 0.999897
26 20 0.013139
26 21 0.013139
26 22 0.013139
26 23 0.998992
26 24 0.999974
26 25 0.906193
26 26 0.000000
26 27 0.066696
26 28 0.999996
26 29 0.999961
26 30 0.001149
26 31 0.013139
26 32 0.999998
26 33 0.066696
26 34 0.001149
26 35 0.938904
26 36 0.990197
26 37 0.176777
26 38 0.777116
26 39 0.184104
26 40 0.999996
26 41 0.999999
26 42 0.999606
26 43 0.781721
26 44 0.999839
26 45 0.999960
26 46 0.016059
26 47 0.999995
26 48 0.176777
26 49 0.013139
26 50 0.999990
26 51 0.960456
26 52 0.013139
26 53 0.080326
26 54 0.999615
26 55 0.777116
26 56 0.999974
26 57 0.999992
26 58 0.001149
26 59 0.937485
26 60 0.999842
26 61 0.013139
26 62 0.999937
26 63 0.999998
26 64 0.013139
26 65 0.999995
26 66 0.999996
26 67 0.066696
26 68 0.184104
26 69 0.995877
26 70 0.014543
26 71 0.961365
26 72 0.999990
26 73 0.938904
26 74 0.999961
26 75 0.013139
26 76 0.338564
26 77 0.000020
26 78 0.984729
26 79 0.001149
26 80 0.016059
26 81 0.066696
26 82 0.999039
26 83 0.066696
26 84 0.999938
26 85 0.993565
26 86 0.176777
26 87 0.013139
26 88 0.983610
26 89 0.958576
26 90 0.999976
26 91 0.998387
26 92 0.000020
26 93 0.013139
26 94 0.999985
26 95 0.983990
26 96 0.999754
26 97 0.999998
26 98 0.998992
26 99 0.655037
27 0 0.989724
27 1 0.075610
27 2 0.854189
27 3 0.993862
27 4 0.959527
27 5 0.937486
27 6 0.066696
27 7 0.338564
27 8 0.999975
27 9 0.338564
27 10 0.772428
27 11 0.999996
27 12 0.066696
27 13 0.901869
27 14 0.013139
27 15 0.013139
27 16 0.013139
27 17 0.355984
27 18 0.338564
27 19 0.013139
27 20 0.999606
27 21 0.975668
27 22 0.999935
27 23 0.184104
27 24 0.989964
27 25 0.999587
27 26 0.066696
27 27 0.000000
27 28 0.989724
27 29 0.013139
27 30 0.999999
27 31 0.999999
27 32 0.999994
27 33 0.984727
27 34 0.999597
27 35 0.508189
27 36 0.999999
27 37 0.999997
27 38 0.516316
27 39 0.001149
27 40 0.524378
27 41 0.999997
27 42 0.999961
27 43 0.999996
27 44 0.013139
27 45 0.013139
27 46 0.999846
27 47 0.066696
27 48 0.184104
27 49 0.899635
27 50 0.016059
27 51 0.066696
