0 0 0.000000
0 1 0.999993
0 2 0.999999
0 3 0.096388
0 4 0.999983
0 5 0.999997
0 6 0.999997
0 7 0.999985
0 8 0.999998
0 9 0.610510
0 10 0.999997
0 11 0.999998
0 12 0.999998
0 13 0.999998
0 14 0.011782
0 15 0.997804
0 16 0.999993
0 17 0.999634
0 18 0.999914
0 19 0.998629
0 20 0.985469
0 21 0.999593
0 22 0.999997
0 23 0.991800
0 24 0.999991
0 25 0.999986
0 26 0.999998
0 27 0.999848
0 28 0.999998
0 29 0.999986
0 30 0.999998
0 31 0.999657
0 32 0.999994
0 33 0.999771
0 34 0.999390
0 35 0.999848
0 36 0.029925
0 37 0.999982
0 38 0.999593
0 39 0.999999
0 40 0.999986
0 41 0.999998
0 42 0.999999
0 43 0.999997
0 44 0.999999
0 45 0.999998
0 46 0.999996
0 47 0.029925
0 48 0.999998
0 49 0.999657
0 50 0.029925
0 51 0.999994
0 52 0.999998
0 53 0.999997
0 54 0.999996
0 55 0.029925
0 56 0.005177
0 57 0.999996
0 58 0.999966
0 59 0.999871
0 60 0.999837
0 61 0.999990
0 62 0.999679
0 63 0.999998
0 64 0.996347
0 65 0.999998
0 66 0.999771
0 67 0.999997
0 68 0.999993
0 69 0.999989
0 70 0.999995
0 71 0.999999
0 72 0.999996
0 73 0.999848
0 74 0.999997
0 75 0.999991
0 76 0.999975
0 77 0.999998
0 78 0.999997
0 79 0.999998
0 80 0.999998
0 81 0.999997
0 82 0.999977
0 83 0.999990
0 84 0.096388
0 85 0.999998
0 86 0.029925
0 87 0.999994
0 88 0.999999
0 89 0.999966
0 90 0.999998
0 91 0.999998
0 92 0.999997
0 93 0.999998
0 94 0.999998
0 95 0.096388
0 96 0.999485
0 97 0.998375
0 98 0.999999
0 99 0.999986
1 0 0.999993
1 1 0.000000
1 2 0.999997
1 3 0.999999
1 4 0.999998
1 5 0.999999
1 6 0.999985
1 7 0.999986
1 8 0.999771
1 9 0.999996
1 10 0.999998
1 11 0.051779
1 12 0.999086
1 13 0.999771
1 14 0.999999
1 15 0.999998
1 16 0.029925
1 17 0.999999
1 18 0.999566
1 19 0.999988
1 20 0.999998
1 21 0.999996
1 22 0.999997
1 23 0.999998
1 24 0.999999
1 25 0.999996
1 26 0.096388
1 27 0.996917
1 28 0.999999
1 29 0.999998
1 30 0.999986
1 31 0.999999
1 32 0.999999
1 33 0.923918
1 34 0.999998
1 35 0.999999
1 36 0.998843
1 37 0.999973
1 38 0.999998
1 39 0.999998
1 40 0.096388
1 41 0.999999
1 42 0.999952
1 43 0.999914
1 44 0.982801
1 45 0.999968
1 46 0.999990
1 47 0.999998
1 48 0.932960
1 49 0.999997
1 50 0.999771
1 51 0.999997
1 52 0.051779
1 53 0.991800
1 54 0.999711
1 55 0.999999
1 56 0.999986
1 57 0.999996
1 58 0.999999
1 59 0.999998
1 60 0.999998
1 61 0.096388
1 62 0.999998
1 63 0.210224
1 64 0.999997
1 65 0.999998
1 66 0.999914
1 67 0.999994
1 68 0.999955
1 69 0.999999
1 70 0.999996
1 71 0.998843
1 72 0.998629
1 73 0.999998
1 74 0.999998
1 75 0.999998
1 76 0.995672
1 77 0.999994
1 78 0.999999
1 79 0.999848
1 80 0.999998
1 81 0.999998
1 82 0.999998
1 83 0.999998
1 84 0.999999
1 85 0.999997
1 86 0.999892
1 87 0.268234
1 88 0.999998
1 89 0.999995
1 90 0.999390
1 91 0.096388
1 92 0.999998
1 93 0.999968
1 94 0.999977
1 95 0.999999
1 96 0.999998
1 97 0.999914
1 98 0.999995
1 99 0.999988
2 0 0.999999
2 1 0.999997
2 2 0.000000
2 3 0.999998
2 4 0.999998
2 5 0.999998
2 6 0.096388
2 7 0.999998
2 8 0.999997
2 9 0.999998
2 10 0.999998
2 11 0.999998
2 12 0.999988
2 13 0.999959
2 14 0.999990
2 15 0.999848
2 16 0.999997
2 17 0.999999
2 18 0.999932
2 19 0.999593
2 20 0.999997
2 21 0.999998
2 22 0.999998
2 23 0.999999
2 24 0.999711
2 25 0.096388
2 26 0.999943
2 27 0.999988
2 28 0.999997
2 29 0.999998
2 30 0.946647
2 31 0.687190
2 32 0.999996
2 33 0.999485
2 34 0.998265
2 35 0.999999
2 36 0.999999
2 37 0.921048
2 38 0.415919
2 39 0.999999
2 40 0.999999
2 41 0.999995
2 42 0.999999
2 43 0.051779
2 44 0.999998
2 45 0.999998
2 46 0.999390
2 47 0.999914
2 48 0.998074
2 49 0.999997
2 50 0.999999
2 51 0.999997
2 52 0.999995
2 53 0.999997
2 54 0.999999
2 55 0.996347
2 56 0.932960
2 57 0.999819
2 58 0.999999
2 59 0.029925
2 60 0.982801
2 61 0.999998
2 62 0.999986
2 63 0.999771
2 64 0.999999
2 65 0.999914
2 66 0.999996
2 67 0.138922
2 68 0.029925
2 69 0.999997
2 70 0.998628
2 71 0.999997
2 72 0.999975
2 73 0.999928
2 74 0.999999
2 75 0.029925
2 76 0.999928
2 77 0.999968
2 78 0.999872
2 79 0.991800
2 80 0.999988
2 81 0.961718
2 82 0.915921
2 83 0.999819
2 84 0.999994
2 85 0.999999
2 86 0.967602
2 87 0.477022
2 88 0.999999
2 89 0.999819
2 90 0.999998
2 91 0.999959
2 92 0.998629
2 93 0.932960
2 94 0.999999
2 95 0.999977
2 96 0.096388
2 97 0.999988
2 98 0.999998
2 99 0.999086
3 0 0.096388
3 1 0.999999
3 2 0.999998
3 3 0.000000
3 4 0.005177
3 5 0.999891
3 6 0.999968
3 7 0.999999
3 8 0.610510
3 9 0.999989
3 10 0.985469
3 11 0.997563
3 12 0.994526
3 13 0.999995
3 14 0.985469
3 15 0.998629
3 16 0.991800
3 17 0.999566
3 18 0.999908
3 19 0.999999
3 20 0.999998
3 21 0.477022
3 22 0.999771
3 23 0.999968
3 24 0.999999
3 25 0.999807
3 26 0.999996
3 27 0.999992
3 28 0.999999
3 29 0.791203
3 30 0.999995
3 31 0.999999
3 32 0.999998
3 33 0.939390
3 34 0.029925
3 35 0.999999
3 36 0.999837
3 37 0.999999
3 38 0.999962
3 39 0.999657
3 40 0.029925
3 41 0.999998
3 42 0.999848
3 43 0.999998
3 44 0.921048
3 45 0.943131
3 46 0.999997
3 47 0.999998
3 48 0.997563
3 49 0.999997
3 50 0.999999
3 51 0.999982
3 52 0.329464
3 53 0.999994
3 54 0.999999
3 55 0.999988
3 56 0.999228
3 57 0.999988
3 58 0.999998
3 59 0.999999
3 60 0.999998
3 61 0.999349
3 62 0.997113
3 63 0.999999
3 64 0.999979
3 65 0.982801
3 66 0.999277
3 67 0.999999
3 68 0.999998
3 69 0.096388
3 70 0.999807
3 71 0.999999
3 72 0.999999
3 73 0.999999
3 74 0.999998
3 75 0.999988
3 76 0.999429
3 77 0.999979
3 78 0.999986
3 79 0.999837
3 80 0.999999
3 81 0.999988
3 82 0.996347
3 83 0.999985
3 84 0.999986
3 85 0.999995
3 86 0.999998
3 87 0.996347
3 88 0.999998
3 89 0.999991
3 90 0.981645
3 91 0.999993
3 92 0.999998
3 93 0.999998
3 94 0.999996
3 95 0.999999
3 96 0.999997
3 97 0.994526
3 98 0.999657
3 99 0.999999
4 0 0.999983
4 1 0.999998
4 2 0.999998
4 3 0.005177
4 4 0.000000
4 5 0.391878
4 6 0.999771
4 7 0.996917
4 8 0.029925
4 9 0.999999
4 10 0.982801
4 11 0.999999
4 12 0.999998
4 13 0.999982
4 14 0.999959
4 15 0.999711
4 16 0.999994
4 17 0.999998
4 18 0.999999
4 19 0.096388
4 20 0.999995
4 21 0.999994
4 22 0.976825
4 23 0.999999
4 24 0.999657
4 25 0.999973
4 26 0.999999
4 27 0.978283
4 28 0.999975
4 29 0.999999
4 30 0.855444
4 31 0.999999
4 32 0.999962
4 33 0.995672
4 34 0.999998
4 35 0.999999
4 36 0.999898
4 37 0.999999
4 38 0.976826
4 39 0.096388
4 40 0.999837
4 41 0.999998
4 42 0.999987
4 43 0.999898
4 44 0.999943
4 45 0.999998
4 46 0.999999
4 47 0.999995
4 48 0.990289
4 49 0.999390
4 50 0.999952
4 51 0.999999
4 52 0.999999
4 53 0.999729
4 54 0.996347
4 55 0.999968
4 56 0.999991
4 57 0.999999
4 58 0.990289
4 59 0.999771
4 60 0.999996
4 61 0.972593
4 62 0.999999
4 63 0.999999
4 64 0.999998
4 65 0.999997
4 66 0.999998
4 67 0.999914
4 68 0.999997
4 69 0.999998
4 70 0.999999
4 71 0.999975
4 72 0.138922
4 73 0.999995
4 74 0.687190
4 75 0.011782
4 76 0.999999
4 77 0.999989
4 78 0.999997
4 79 0.999962
4 80 0.999999
4 81 0.999998
4 82 0.029925
4 83 0.999992
4 84 0.999997
4 85 0.999997
4 86 0.999998
4 87 0.999998
4 88 0.999999
4 89 0.999999
4 90 0.999997
4 91 0.999999
4 92 0.999144
4 93 0.999848
4 94 0.778722
4 95 0.999995
4 96 0.999998
4 97 0.996100
4 98 0.999837
4 99 0.999996
5 0 0.999997
5 1 0.999999
5 2 0.999998
5 3 0.999891
5 4 0.391878
5 5 0.000000
5 6 0.999995
5 7 0.999997
5 8 0.999973
5 9 0.999998
5 10 0.999998
5 11 0.999988
5 12 0.999998
5 13 0.999986
5 14 0.999998
5 15 0.999998
5 16 0.999518
5 17 0.999998
5 18 0.999997
5 19 0.999997
5 20 0.999848
5 21 0.999939
5 22 0.999990
5 23 0.999997
5 24 0.999997
5 25 0.997563
5 26 0.999994
5 27 0.999999
5 28 0.999997
5 29 0.999994
5 30 0.999999
5 31 0.855444
5 32 0.998536
5 33 0.999998
5 34 0.999990
5 35 0.999998
5 36 0.999914
5 37 0.999756
5 38 0.996347
5 39 0.999566
5 40 0.999997
5 41 0.268234
5 42 0.557193
5 43 0.138922
5 44 0.996100
5 45 0.999871
5 46 0.999998
5 47 0.999998
5 48 0.999998
5 49 0.999999
5 50 0.999999
5 51 0.999998
5 52 0.999998
5 53 0.999485
5 54 0.096388
5 55 0.948611
5 56 0.928576
5 57 0.996579
5 58 0.999982
5 59 0.999998
5 60 0.999998
5 61 0.999955
5 62 0.999991
5 63 0.999999
5 64 0.999999
5 65 0.999979
5 66 0.999997
5 67 0.999999
5 68 0.999999
5 69 0.999998
5 70 0.995379
5 71 0.999863
5 72 0.999990
5 73 0.999955
5 74 0.999955
5 75 0.999998
5 76 0.999932
5 77 0.999999
5 78 0.999998
5 79 0.999943
5 80 0.998265
5 81 0.999998
5 82 0.998916
5 83 0.999932
5 84 0.999837
5 85 0.082237
5 86 0.999999
5 87 0.999997
5 88 0.268234
5 89 0.999985
5 90 0.096388
5 91 0.999997
5 92 0.999998
5 93 0.096388
5 94 0.999993
5 95 0.999998
5 96 0.989633
5 97 0.096388
5 98 0.999975
5 99 0.999086
6 0 0.999997
6 1 0.999985
6 2 0.096388
6 3 0.999968
6 4 0.999771
6 5 0.999995
6 6 0.000000
6 7 0.999999
6 8 0.999228
6 9 0.999999
6 10 0.999998
6 11 0.999451
6 12 0.999998
6 13 0.999999
6 14 0.999998
6 15 0.999998
6 16 0.999999
6 17 0.999229
6 18 0.329464
6 19 0.998629
6 20 0.997113
6 21 0.999970
6 22 0.999995
6 23 0.998375
6 24 0.999999
6 25 0.999997
6 26 0.999998
6 27 0.096388
6 28 0.999999
6 29 0.999998
6 30 0.901144
6 31 0.999998
6 32 0.138922
6 33 0.999998
6 34 0.999086
6 35 0.999998
6 36 0.999999
6 37 0.999995
6 38 0.999997
6 39 0.999989
6 40 0.999999
6 41 0.999995
6 42 0.990289
6 43 0.999390
6 44 0.999995
6 45 0.999997
6 46 0.999999
6 47 0.999995
6 48 0.999998
6 49 0.999999
6 50 0.999982
6 51 0.999999
6 52 0.999991
6 53 0.999756
6 54 0.999998
6 55 0.981645
6 56 0.997398
6 57 0.999807
6 58 0.999999
6 59 0.999982
6 60 0.999999
6 61 0.999999
6 62 0.138922
6 63 0.999975
6 64 0.999999
6 65 0.999993
6 66 0.999998
6 67 0.999819
6 68 0.999993
6 69 0.029925
6 70 0.029925
6 71 0.999998
6 72 0.999593
6 73 0.999999
6 74 0.999999
6 75 0.999999
6 76 0.999711
6 77 0.987726
6 78 0.999988
6 79 0.999993
6 80 0.999997
6 81 0.029925
6 82 0.999892
6 83 0.999914
6 84 0.138922
6 85 0.999999
6 86 0.999996
6 87 0.999955
6 88 0.999995
6 89 0.999998
6 90 0.992319
6 91 0.999993
6 92 0.999998
6 93 0.985469
6 94 0.998536
6 95 0.999979
6 96 0.996347
6 97 0.999771
6 98 0.999999
6 99 0.999998
7 0 0.999985
7 1 0.999986
7 2 0.999998
7 3 0.999999
7 4 0.996917
7 5 0.999997
7 6 0.999999
7 7 0.000000
7 8 0.999485
7 9 0.999999
7 10 0.993077
7 11 0.999819
7 12 0.029925
7 13 0.991800
7 14 0.268234
7 15 0.999994
7 16 0.999999
7 17 0.999998
7 18 0.999998
7 19 0.096388
7 20 0.999991
7 21 0.999998
7 22 0.996100
7 23 0.999998
7 24 0.999992
7 25 0.999998
7 26 0.883941
7 27 0.974313
7 28 0.999998
7 29 0.999998
7 30 0.999999
7 31 0.999998
7 32 0.999994
7 33 0.999999
7 34 0.999998
7 35 0.029925
7 36 0.999993
7 37 0.999999
7 38 0.999997
7 39 0.987725
7 40 0.999996
7 41 0.876570
7 42 0.999932
7 43 0.999994
7 44 0.999848
7 45 0.999999
7 46 0.999349
7 47 0.999998
7 48 0.999995
7 49 0.999990
7 50 0.999999
7 51 0.991800
7 52 0.999999
7 53 0.999998
7 54 0.999998
7 55 0.999999
7 56 0.999998
7 57 0.245316
7 58 0.999932
7 59 0.999998
7 60 0.999999
7 61 0.999998
7 62 0.999998
7 63 0.999998
7 64 0.999998
7 65 0.999992
7 66 0.999998
7 67 0.999997
7 68 0.863976
7 69 0.999593
7 70 0.329464
7 71 0.029925
7 72 0.999996
7 73 0.999998
7 74 0.096388
7 75 0.999952
7 76 0.993077
7 77 0.999996
7 78 0.999711
7 79 0.978283
7 80 0.999998
7 81 0.999998
7 82 0.999999
7 83 0.999999
7 84 0.999998
7 85 0.995672
7 86 0.096388
7 87 0.999999
7 88 0.999998
7 89 0.999566
7 90 0.999968
7 91 0.999989
7 92 0.999995
7 93 0.453650
7 94 0.999999
7 95 0.999997
7 96 0.876571
7 97 0.999848
7 98 0.999999
7 99 0.999998
8 0 0.999998
8 1 0.999771
8 2 0.999997
8 3 0.610510
8 4 0.029925
8 5 0.999973
8 6 0.999228
8 7 0.999485
8 8 0.000000
8 9 0.029925
8 10 0.928576
8 11 0.999955
8 12 0.999807
8 13 0.029925
8 14 0.029925
8 15 0.998843
8 16 0.999990
8 17 0.999962
8 18 0.999999
8 19 0.999998
8 20 0.999977
8 21 0.999993
8 22 0.999998
8 23 0.999996
8 24 0.415919
8 25 0.999390
8 26 0.999999
8 27 0.978283
8 28 0.999998
8 29 0.999993
8 30 0.999994
8 31 0.831064
8 32 0.999975
8 33 0.999998
8 34 0.999997
8 35 0.005177
8 36 0.999996
8 37 0.998074
8 38 0.999996
8 39 0.998375
8 40 0.999999
8 41 0.999998
8 42 0.999995
8 43 0.999997
8 44 0.999988
8 45 0.999962
8 46 0.999998
8 47 0.999999
8 48 0.999998
8 49 0.719662
8 50 0.999997
8 51 0.999982
8 52 0.999985
8 53 0.029925
8 54 0.999999
8 55 0.998074
8 56 0.999990
8 57 0.999999
8 58 0.999998
8 59 0.999999
8 60 0.999729
8 61 0.999932
8 62 0.005177
8 63 0.999999
8 64 0.999998
8 65 0.999998
8 66 0.005177
8 67 0.999995
8 68 0.999998
8 69 0.999993
8 70 0.959174
8 71 0.096388
8 72 0.999593
8 73 0.999975
8 74 0.999996
8 75 0.998843
8 76 0.999997
8 77 0.999998
8 78 0.999995
8 79 0.999999
8 80 0.999998
8 81 0.999998
8 82 0.999997
8 83 0.995672
8 84 0.999518
8 85 0.999943
8 86 0.999992
8 87 0.999990
8 88 0.029925
8 89 0.999999
8 90 0.999999
8 91 0.999999
8 92 0.999999
8 93 0.999998
8 94 0.999983
8 95 0.999997
8 96 0.557193
8 97 0.999999
8 98 0.997944
8 99 0.999998
9 0 0.610510
9 1 0.999996
9 2 0.999998
9 3 0.999989
9 4 0.999999
9 5 0.999998
9 6 0.999999
9 7 0.999999
9 8 0.029925
9 9 0.000000
9 10 0.998716
9 11 0.999952
9 12 0.948611
9 13 0.999952
9 14 0.096388
9 15 0.005177
9 16 0.946647
9 17 0.999975
9 18 0.999997
9 19 0.999939
9 20 0.999997
9 21 0.999998
9 22 0.999871
9 23 0.999998
9 24 0.719662
9 25 0.999970
9 26 0.029925
9 27 0.999998
9 28 0.999998
9 29 0.999679
9 30 0.987725
9 31 0.999986
9 32 0.999995
9 33 0.999349
9 34 0.138922
9 35 0.997944
9 36 0.979649
9 37 0.999998
9 38 0.999999
9 39 0.023583
9 40 0.999995
9 41 0.999998
9 42 0.999932
9 43 0.999999
9 44 0.189109
9 45 0.999983
9 46 0.999999
9 47 0.051779
9 48 0.999988
9 49 0.999998
9 50 0.999986
9 51 0.999998
9 52 0.999990
9 53 0.029925
9 54 0.999994
9 55 0.999995
9 56 0.999871
9 57 0.999997
9 58 0.999819
9 59 0.029925
9 60 0.999998
9 61 0.999999
9 62 0.999995
9 63 0.999998
9 64 0.999997
9 65 0.096388
9 66 0.999997
9 67 0.999999
9 68 0.999997
9 69 0.999985
9 70 0.999998
9 71 0.005177
9 72 0.999863
9 73 0.999998
9 74 0.986386
9 75 0.999999
9 76 0.901145
9 77 0.999997
9 78 0.999996
9 79 0.210224
9 80 0.993515
9 81 0.999976
9 82 0.999998
9 83 0.999986
9 84 0.999968
9 85 0.999997
9 86 0.999998
9 87 0.999973
9 88 0.029925
9 89 0.999997
9 90 0.029925
9 91 0.999872
9 92 0.999994
9 93 0.943131
9 94 0.029925
9 95 0.964107
9 96 0.999086
9 97 0.999390
9 98 0.999994
9 99 0.999390
10 0 0.999997
10 1 0.999998
10 2 0.999998
10 3 0.985469
10 4 0.982801
10 5 0.999998
10 6 0.999998
10 7 0.993077
10 8 0.928576
10 9 0.998716
10 10 0.000000
10 11 0.999995
10 12 0.557193
10 13 0.999593
10 14 0.999998
10 15 0.999995
10 16 0.999982
10 17 0.999998
10 18 0.999998
10 19 0.999998
10 20 0.999996
10 21 0.999999
10 22 0.999998
10 23 0.999994
10 24 0.999968
10 25 0.999998
10 26 0.999914
10 27 0.999999
10 28 0.999952
10 29 0.999997
10 30 0.999999
10 31 0.999998
10 32 0.029925
10 33 0.999998
10 34 0.999998
10 35 0.989633
10 36 0.999998
10 37 0.999998
10 38 0.999999
10 39 0.999998
10 40 0.999998
10 41 0.999998
10 42 0.138922
10 43 0.999996
10 44 0.959174
10 45 0.999998
10 46 0.999928
10 47 0.999990
10 48 0.999997
10 49 0.999997
10 50 0.999999
10 51 0.999999
10 52 0.999988
10 53 0.999998
10 54 0.998629
10 55 0.999999
10 56 0.999998
10 57 0.975272
10 58 0.999998
10 59 0.999999
10 60 0.999914
10 61 0.999994
10 62 0.999999
10 63 0.999973
10 64 0.051779
10 65 0.999996
10 66 0.999518
10 67 0.999998
10 68 0.997718
10 69 0.997113
10 70 0.999999
10 71 0.999989
10 72 0.999998
10 73 0.999998
10 74 0.999997
10 75 0.999989
10 76 0.999997
10 77 0.999593
10 78 0.999657
10 79 0.988501
10 80 0.999999
10 81 0.999998
10 82 0.999999
10 83 0.999982
10 84 0.999975
10 85 0.999998
10 86 0.999999
10 87 0.999994
10 88 0.999993
10 89 0.999998
10 90 0.999228
10 91 0.096388
10 92 0.999993
10 93 0.999998
10 94 0.329464
10 95 0.029925
10 96 0.999996
10 97 0.999729
10 98 0.999998
10 99 0.415919
11 0 0.999998
11 1 0.051779
11 2 0.999998
11 3 0.997563
11 4 0.999999
11 5 0.999988
11 6 0.999451
11 7 0.999819
11 8 0.999955
11 9 0.999952
11 10 0.999995
11 11 0.000000
11 12 0.992319
11 13 0.999955
11 14 0.999996
11 15 0.210224
11 16 0.999999
11 17 0.999998
11 18 0.999998
11 19 0.999998
11 20 0.999973
11 21 0.996708
11 22 0.999999
11 23 0.999997
11 24 0.999998
11 25 0.999914
11 26 0.999999
11 27 0.999998
11 28 0.999999
11 29 0.999973
11 30 0.985469
11 31 0.999999
11 32 0.999988
11 33 0.096388
11 34 0.999908
11 35 0.557193
11 36 0.999999
11 37 0.999999
11 38 0.999991
11 39 0.999999
11 40 0.999988
11 41 0.999996
11 42 0.029925
11 43 0.999998
11 44 0.999998
11 45 0.005177
11 46 0.999952
11 47 0.999980
11 48 0.999997
11 49 0.999997
11 50 0.999998
11 51 0.999999
11 52 0.096388
11 53 0.999999
11 54 0.999898
11 55 0.836902
11 56 0.999771
11 57 0.999999
11 58 0.999593
11 59 0.998916
11 60 0.999997
11 61 0.999995
11 62 0.999807
11 63 0.029925
11 64 0.999880
11 65 0.998843
11 66 0.999390
11 67 0.999999
11 68 0.999997
11 69 0.999998
11 70 0.029925
11 71 0.999999
11 72 0.999999
11 73 0.999998
11 74 0.999999
11 75 0.999997
11 76 0.042353
11 77 0.999990
11 78 0.999998
11 79 0.999996
11 80 0.999997
11 81 0.999390
11 82 0.005177
11 83 0.011782
11 84 0.996347
11 85 0.999998
11 86 0.999657
11 87 0.999979
11 88 0.999979
11 89 0.999024
11 90 0.999998
11 91 0.999998
11 92 0.999998
11 93 0.999998
11 94 0.999928
11 95 0.969629
11 96 0.999998
11 97 0.029925
11 98 0.999994
11 99 0.998629
12 0 0.999998
12 1 0.999086
12 2 0.999988
12 3 0.994526
12 4 0.999998
12 5 0.999998
12 6 0.999998
12 7 0.029925
12 8 0.999807
12 9 0.948611
12 10 0.557193
12 11 0.992319
12 12 0.000000
12 13 0.999996
12 14 0.999999
12 15 0.915921
12 16 0.999999
12 17 0.999996
12 18 0.961718
12 19 0.999993
12 20 0.999837
12 21 0.999999
12 22 0.999864
12 23 0.999977
12 24 0.993077
12 25 0.999997
12 26 0.557193
12 27 0.999485
12 28 0.999992
12 29 0.557193
12 30 0.999998
12 31 0.988934
12 32 0.999993
12 33 0.999996
12 34 0.096388
12 35 0.993516
12 36 0.996347
12 37 0.999997
12 38 0.999997
12 39 0.051779
12 40 0.999998
12 41 0.999997
12 42 0.999999
12 43 0.999848
12 44 0.999991
12 45 0.999998
12 46 0.005177
12 47 0.999996
12 48 0.005177
12 49 0.999999
12 50 0.791203
12 51 0.999999
12 52 0.999998
12 53 0.999986
12 54 0.210224
12 55 0.029925
12 56 0.999998
12 57 0.999993
12 58 0.967602
12 59 0.999998
12 60 0.999998
12 61 0.999999
12 62 0.999998
12 63 0.999998
12 64 0.999995
12 65 0.961718
12 66 0.999998
12 67 0.999996
12 68 0.999999
12 69 0.999999
12 70 0.999988
12 71 0.999985
12 72 0.999998
12 73 0.982801
12 74 0.999997
12 75 0.051779
12 76 0.999982
12 77 0.999995
12 78 0.999998
12 79 0.999998
12 80 0.998375
12 81 0.998629
12 82 0.999928
12 83 0.999997
12 84 0.999999
12 85 0.999999
12 86 0.998716
12 87 0.999997
12 88 0.999996
12 89 0.972594
12 90 0.999998
12 91 0.096388
12 92 0.999992
12 93 0.999998
12 94 0.999962
12 95 0.005177
12 96 0.999593
12 97 0.998716
12 98 0.997113
12 99 0.999943
13 0 0.999998
13 1 0.999771
13 2 0.999959
13 3 0.999995
13 4 0.999982
13 5 0.999986
13 6 0.999999
13 7 0.991800
13 8 0.029925
13 9 0.999952
13 10 0.999593
13 11 0.999955
13 12 0.999996
13 13 0.000000
13 14 0.999999
13 15 0.999998
13 16 0.999999
13 17 0.999990
13 18 0.999998
13 19 0.999711
13 20 0.659444
13 21 0.999999
13 22 0.096388
13 23 0.029925
13 24 0.999998
13 25 0.999998
13 26 0.999998
13 27 0.981645
13 28 0.999998
13 29 0.610510
13 30 0.999996
13 31 0.999999
13 32 0.999983
13 33 0.999998
13 34 0.998074
13 35 0.999994
13 36 0.999998
13 37 0.999932
13 38 0.029925
13 39 0.999982
13 40 0.999997
13 41 0.999998
13 42 0.999999
13 43 0.999771
13 44 0.999996
13 45 0.999999
13 46 0.999999
13 47 0.999992
13 48 0.999998
13 49 0.997944
13 50 0.999998
13 51 0.999992
13 52 0.268234
13 53 0.029925
13 54 0.999985
13 55 0.999819
13 56 0.029925
13 57 0.999908
13 58 0.999998
13 59 0.999871
13 60 0.999998
13 61 0.999999
13 62 0.999999
13 63 0.999999
13 64 0.999807
13 65 0.999995
13 66 0.999999
13 67 0.999995
13 68 0.999998
13 69 0.096388
13 70 0.993516
13 71 0.999914
13 72 0.999998
13 73 0.999997
13 74 0.999485
13 75 0.972593
13 76 0.999998
13 77 0.999996
13 78 0.999998
13 79 0.999871
13 80 0.999998
13 81 0.999996
13 82 0.999999
13 83 0.999998
13 84 0.999994
13 85 0.999998
13 86 0.999973
13 87 0.999955
13 88 0.999997
13 89 0.999999
13 90 0.999998
13 91 0.096388
13 92 0.981645
13 93 0.999998
13 94 0.999923
13 95 0.999997
13 96 0.999848
13 97 0.245316
13 98 0.999999
13 99 0.999943
14 0 0.011782
14 1 0.999999
14 2 0.999990
14 3 0.985469
14 4 0.999959
14 5 0.999998
14 6 0.999998
14 7 0.268234
14 8 0.029925
14 9 0.096388
14 10 0.999998
14 11 0.999996
14 12 0.999999
14 13 0.999999
14 14 0.000000
14 15 0.997563
14 16 0.999999
14 17 0.096388
14 18 0.997398
14 19 0.329464
14 20 0.946647
14 21 0.999819
14 22 0.999999
14 23 0.999990
14 24 0.998265
14 25 0.999998
14 26 0.999999
14 27 0.999998
14 28 0.999892
14 29 0.999986
14 30 0.999997
14 31 0.803068
14 32 0.999997
14 33 0.999566
14 34 0.999914
14 35 0.943131
14 36 0.999998
14 37 0.999997
14 38 0.999999
14 39 0.999999
14 40 0.999994
14 41 0.999995
14 42 0.999998
14 43 0.999998
14 44 0.999998
14 45 0.999993
14 46 0.999998
14 47 0.999999
14 48 0.999999
14 49 0.999979
14 50 0.997944
14 51 0.996100
14 52 0.999756
14 53 0.999999
14 54 0.820692
14 55 0.999982
14 56 0.999848
14 57 0.996917
14 58 0.999996
14 59 0.999999
14 60 0.992319
14 61 0.999390
14 62 0.999999
14 63 0.999997
14 64 0.999995
14 65 0.999999
14 66 0.999998
14 67 0.999998
14 68 0.990289
14 69 0.029925
14 70 0.999997
14 71 0.999997
14 72 0.999989
14 73 0.999998
14 74 0.999992
14 75 0.999086
14 76 0.096388
14 77 0.999995
14 78 0.999997
14 79 0.999998
14 80 0.999968
14 81 0.999998
14 82 0.999997
14 83 0.999977
14 84 0.999992
14 85 0.999999
14 86 0.999998
14 87 0.999999
14 88 0.999998
14 89 0.999987
14 90 0.999998
14 91 0.999999
14 92 0.986899
14 93 0.999998
14 94 0.999999
14 95 0.999943
14 96 0.999991
14 97 0.999914
14 98 0.999998
14 99 0.999995
15 0 0.997804
15 1 0.999998
15 2 0.999848
15 3 0.998629
15 4 0.999711
15 5 0.999998
15 6 0.999998
15 7 0.999994
15 8 0.998843
15 9 0.005177
15 10 0.999995
15 11 0.210224
15 12 0.915921
15 13 0.999998
15 14 0.997563
15 15 0.000000
15 16 0.999848
15 17 0.999998
15 18 0.138922
15 19 0.999999
15 20 0.820691
15 21 0.999999
15 22 0.998265
15 23 0.999983
15 24 0.999996
15 25 0.998916
15 26 0.999997
15 27 0.986386
15 28 0.803068
15 29 0.999999
15 30 0.999485
15 31 0.999996
15 32 0.999993
15 33 0.096388
15 34 0.998843
15 35 0.999920
15 36 0.999977
15 37 0.999593
15 38 0.999943
15 39 0.999989
15 40 0.082237
15 41 0.999998
15 42 0.999998
15 43 0.999989
15 44 0.999979
15 45 0.999024
15 46 0.993515
15 47 0.999997
15 48 0.999999
15 49 0.999998
15 50 0.999964
15 51 0.803068
15 52 0.999995
15 53 0.999997
15 54 0.998074
15 55 0.995379
15 56 0.999999
15 57 0.999880
15 58 0.999994
15 59 0.999982
15 60 0.999998
15 61 0.999998
15 62 0.999970
15 63 0.999990
15 64 0.999999
15 65 0.999943
15 66 0.999973
15 67 0.138922
15 68 0.999994
15 69 0.999998
15 70 0.999999
15 71 0.096388
15 72 0.999997
15 73 0.999999
15 74 0.999959
15 75 0.999968
15 76 0.999997
15 77 0.999998
15 78 0.999999
15 79 0.999998
15 80 0.138922
15 81 0.999998
15 82 0.999998
15 83 0.999996
15 84 0.999997
15 85 0.999999
15 86 0.999996
15 87 0.999999
15 88 0.999998
15 89 0.999997
15 90 0.974313
15 91 0.999997
15 92 0.029925
15 93 0.999982
15 94 0.999999
15 95 0.999999
15 96 0.999988
15 97 0.999999
15 98 0.999998
15 99 0.999998
16 0 0.999993
16 1 0.029925
16 2 0.999997
16 3 0.991800
16 4 0.999994
16 5 0.999518
16 6 0.999999
16 7 0.999999
16 8 0.999990
16 9 0.946647
16 10 0.999982
16 11 0.999999
16 12 0.999999
16 13 0.999999
16 14 0.999999
16 15 0.999848
16 16 0.000000
16 17 0.999994
16 18 0.999999
16 19 0.005177
16 20 0.999390
16 21 0.999995
16 22 0.999997
16 23 0.999995
16 24 0.999939
16 25 0.029925
16 26 0.029925
16 27 0.999998
16 28 0.029925
16 29 0.999996
16 30 0.996347
16 31 0.999997
16 32 0.999908
16 33 0.011782
16 34 0.999998
16 35 0.999932
16 36 0.189109
16 37 0.999771
16 38 0.999973
16 39 0.999998
16 40 0.999997
16 41 0.999986
16 42 0.995672
16 43 0.999914
16 44 0.005177
16 45 0.999998
16 46 0.999996
16 47 0.999991
16 48 0.999914
16 49 0.996708
16 50 0.999871
16 51 0.999990
16 52 0.999998
16 53 0.999979
16 54 0.999999
16 55 0.999995
16 56 0.999808
16 57 0.997563
16 58 0.999086
16 59 0.999998
16 60 0.999998
16 61 0.999987
16 62 0.996579
16 63 0.999898
16 64 0.999984
16 65 0.999997
16 66 0.415919
16 67 0.999998
16 68 0.999998
16 69 0.999995
16 70 0.999998
16 71 0.999943
16 72 0.999998
16 73 0.999999
16 74 0.998716
16 75 0.996100
16 76 0.999997
16 77 0.999998
16 78 0.999998
16 79 0.998843
16 80 0.999997
16 81 0.999994
16 82 0.999998
16 83 0.999973
16 84 0.999996
16 85 0.999997
16 86 0.999998
16 87 0.999979
16 88 0.985469
16 89 0.999998
16 90 0.999995
16 91 0.999979
16 92 0.999977
16 93 0.999962
16 94 0.999999
16 95 0.999987
16 96 0.029925
16 97 0.999891
16 98 0.999993
16 99 0.999998
17 0 0.999634
17 1 0.999999
17 2 0.999999
17 3 0.999566
17 4 0.999998
17 5 0.999998
17 6 0.999229
17 7 0.999998
17 8 0.999962
17 9 0.999975
17 10 0.999998
17 11 0.999998
17 12 0.999996
17 13 0.999990
17 14 0.096388
17 15 0.999998
17 16 0.999994
17 17 0.000000
17 18 0.999998
17 19 0.999998
17 20 0.096388
17 21 0.999999
17 22 0.999729
17 23 0.999634
17 24 0.999997
17 25 0.029925
17 26 0.005177
17 27 0.999998
17 28 0.999863
17 29 0.999998
17 30 0.999998
17 31 0.999998
17 32 0.999998
17 33 0.999999
17 34 0.999914
17 35 0.999898
17 36 0.999999
17 37 0.999996
17 38 0.999995
17 39 0.991800
17 40 0.999999
17 41 0.999982
17 42 0.999995
17 43 0.999228
17 44 0.999837
17 45 0.005177
17 46 0.999998
17 47 0.999982
17 48 0.999997
17 49 0.096388
17 50 0.999997
17 51 0.096388
17 52 0.993077
17 53 0.999998
17 54 0.999390
17 55 0.964107
17 56 0.999999
17 57 0.999939
17 58 0.999998
17 59 0.999756
17 60 0.999999
17 61 0.999999
17 62 0.999999
17 63 0.999999
17 64 0.999997
17 65 0.999729
17 66 0.999992
17 67 0.999566
17 68 0.999996
17 69 0.999998
17 70 0.915920
17 71 0.901144
17 72 0.999997
17 73 0.999995
17 74 0.005177
17 75 0.268234
17 76 0.096388
17 77 0.999979
17 78 0.999998
17 79 0.999997
17 80 0.999989
17 81 0.999998
17 82 0.999993
17 83 0.999998
17 84 0.997563
17 85 0.999982
17 86 0.029925
17 87 0.999998
17 88 0.999990
17 89 0.999999
17 90 0.096388
17 91 0.999657
17 92 0.999995
17 93 0.999998
17 94 0.999998
17 95 0.999998
17 96 0.999988
17 97 0.999998
17 98 0.999959
17 99 0.999996
18 0 0.999914
18 1 0.999566
18 2 0.999932
18 3 0.999908
18 4 0.999999
18 5 0.999997
18 6 0.329464
18 7 0.999998
18 8 0.999999
18 9 0.999997
18 10 0.999998
18 11 0.999998
18 12 0.961718
18 13 0.999998
18 14 0.997398
18 15 0.138922
18 16 0.999999
18 17 0.999998
18 18 0.000000
18 19 0.999995
18 20 0.999999
18 21 0.999144
18 22 0.029925
18 23 0.999998
18 24 0.967602
18 25 0.932960
18 26 0.999999
18 27 0.982801
18 28 0.999998
18 29 0.138922
18 30 0.999593
18 31 0.999999
18 32 0.999998
18 33 0.999998
18 34 0.972594
18 35 0.743483
18 36 0.999999
18 37 0.999993
18 38 0.996917
18 39 0.999992
18 40 0.999998
18 41 0.999996
18 42 0.999999
18 43 0.999959
18 44 0.999999
18 45 0.999998
18 46 0.999998
18 47 0.999998
18 48 0.999996
18 49 0.994526
18 50 0.999959
18 51 0.999998
18 52 0.999989
18 53 0.999998
18 54 0.998843
18 55 0.999729
18 56 0.999997
18 57 0.096388
18 58 0.999999
18 59 0.999819
18 60 0.082237
18 61 0.051779
18 62 0.999999
18 63 0.999999
18 64 0.999946
18 65 0.999999
18 66 0.999998
18 67 0.999989
18 68 0.999979
18 69 0.999998
18 70 0.999997
18 71 0.999998
18 72 0.999992
18 73 0.005177
18 74 0.999998
18 75 0.999999
18 76 0.999848
18 77 0.999975
18 78 0.999990
18 79 0.999979
18 80 0.999999
18 81 0.999997
18 82 0.999997
18 83 0.992319
18 84 0.999998
18 85 0.999986
18 86 0.999973
18 87 0.999955
18 88 0.999998
18 89 0.999998
18 90 0.999982
18 91 0.999988
18 92 0.894799
18 93 0.999086
18 94 0.999998
18 95 0.096388
18 96 0.999998
18 97 0.999998
18 98 0.999277
18 99 0.029925
19 0 0.998629
19 1 0.999988
19 2 0.999593
19 3 0.999999
19 4 0.096388
19 5 0.999997
19 6 0.998629
19 7 0.096388
19 8 0.999998
19 9 0.999939
19 10 0.999998
19 11 0.999998
19 12 0.999993
19 13 0.999711
19 14 0.329464
19 15 0.999999
19 16 0.005177
19 17 0.999998
19 18 0.999995
19 19 0.000000
19 20 0.999999
19 21 0.967602
19 22 0.999998
19 23 0.999593
19 24 0.999968
19 25 0.999990
19 26 0.998843
19 27 0.999968
19 28 0.993077
19 29 0.999996
19 30 0.189109
19 31 0.999998
19 32 0.999998
19 33 0.415919
19 34 0.999994
19 35 0.999989
19 36 0.928576
19 37 0.999995
19 38 0.999998
19 39 0.999998
19 40 0.999992
19 41 0.999999
19 42 0.996347
19 43 0.096388
19 44 0.999997
19 45 0.999729
19 46 0.999994
19 47 0.999986
19 48 0.999998
19 49 0.999995
19 50 0.999999
19 51 0.999928
19 52 0.999999
19 53 0.999998
19 54 0.999998
19 55 0.999997
19 56 0.999996
19 57 0.999997
19 58 0.999998
19 59 0.999999
19 60 0.999998
19 61 0.997563
19 62 0.999999
19 63 0.999997
19 64 0.999634
19 65 0.096388
19 66 0.999998
19 67 0.999998
19 68 0.999871
19 69 0.999999
19 70 0.999998
19 71 0.999998
19 72 0.999998
19 73 0.029925
19 74 0.999998
19 75 0.999998
19 76 0.999977
19 77 0.990289
19 78 0.999914
19 79 0.999786
19 80 0.029925
19 81 0.999999
19 82 0.803068
19 83 0.999998
19 84 0.029925
19 85 0.999993
19 86 0.996708
19 87 0.999994
19 88 0.999977
19 89 0.988501
19 90 0.999990
19 91 0.999943
19 92 0.999807
19 93 0.096388
19 94 0.999996
19 95 0.999566
19 96 0.999997
19 97 0.998375
19 98 0.999994
19 99 0.999023
20 0 0.985469
20 1 0.999998
20 2 0.999997
20 3 0.999998
20 4 0.999995
20 5 0.999848
20 6 0.997113
20 7 0.999991
20 8 0.999977
20 9 0.999997
20 10 0.999996
20 11 0.999973
20 12 0.999837
20 13 0.659444
20 14 0.946647
20 15 0.820691
20 16 0.999390
20 17 0.096388
20 18 0.999999
20 19 0.999999
20 20 0.000000
20 21 0.999999
20 22 0.999819
20 23 0.999968
20 24 0.999980
20 25 0.999995
20 26 0.999988
20 27 0.999999
20 28 0.991800
20 29 0.921048
20 30 0.999998
20 31 0.005177
20 32 0.999997
20 33 0.719662
20 34 0.996709
20 35 0.988501
20 36 0.999566
20 37 0.138922
20 38 0.999995
20 39 0.029925
20 40 0.996917
20 41 0.029925
20 42 0.096388
20 43 0.999999
20 44 0.999999
20 45 0.999943
20 46 0.982801
20 47 0.999998
20 48 0.999998
20 49 0.997113
20 50 0.011782
20 51 0.535509
20 52 0.999998
20 53 0.999999
20 54 0.029925
20 55 0.999973
20 56 0.999999
20 57 0.999993
20 58 0.999998
20 59 0.999999
20 60 0.990289
20 61 0.999999
20 62 0.757621
20 63 0.999997
20 64 0.999989
20 65 0.999997
20 66 0.005177
20 67 0.999999
20 68 0.999997
20 69 0.999997
20 70 0.999998
20 71 0.961718
20 72 0.999996
20 73 0.999996
20 74 0.245316
20 75 0.999999
20 76 0.999593
20 77 0.999999
20 78 0.999998
20 79 0.999999
20 80 0.999985
20 81 0.999999
20 82 0.999999
20 83 0.999914
20 84 0.999973
20 85 0.999995
20 86 0.999998
20 87 0.029925
20 88 0.029925
20 89 0.932960
20 90 0.999349
20 91 0.999955
20 92 0.999998
20 93 0.999999
20 94 0.999998
20 95 0.189109
20 96 0.999996
20 97 0.999999
20 98 0.999998
20 99 0.999998
21 0 0.999593
21 1 0.999996
21 2 0.999998
21 3 0.477022
21 4 0.999994
21 5 0.999939
21 6 0.999970
21 7 0.999998
21 8 0.999993
21 9 0.999998
21 10 0.999999
21 11 0.996708
21 12 0.999999
21 13 0.999999
21 14 0.999819
21 15 0.999999
21 16 0.999995
21 17 0.999999
21 18 0.999144
21 19 0.967602
21 20 0.999999
21 21 0.000000
21 22 0.999997
21 23 0.999999
21 24 0.999914
21 25 0.999657
21 26 0.999999
21 27 0.999998
21 28 0.999997
21 29 0.999993
21 30 0.999999
21 31 0.999968
21 32 0.901144
21 33 0.999996
21 34 0.999998
21 35 0.245316
21 36 0.999928
21 37 0.096388
21 38 0.999998
21 39 0.999997
21 40 0.999999
21 41 0.029925
21 42 0.415919
21 43 0.999998
21 44 0.999998
21 45 0.999990
21 46 0.999998
21 47 0.999998
21 48 0.999998
21 49 0.999086
21 50 0.999999
21 51 0.999996
21 52 0.999999
21 53 0.999943
21 54 0.996347
21 55 0.999998
21 56 0.999594
21 57 0.999998
21 58 0.999952
21 59 0.999943
21 60 0.999993
21 61 0.999898
21 62 0.610510
21 63 0.999999
21 64 0.023583
21 65 0.999995
21 66 0.096388
21 67 0.999914
21 68 0.999999
21 69 0.999848
21 70 0.999928
21 71 0.659444
21 72 0.999998
21 73 0.990289
21 74 0.999983
21 75 0.999994
21 76 0.999998
21 77 0.999979
21 78 0.999999
21 79 0.999998
21 80 0.096388
21 81 0.999999
21 82 0.985469
21 83 0.999928
21 84 0.999998
21 85 0.997944
21 86 0.999756
21 87 0.999995
21 88 0.999999
21 89 0.999228
21 90 0.268234
21 91 0.999349
21 92 0.999999
21 93 0.999985
21 94 0.996347
21 95 0.999997
21 96 0.999998
21 97 0.999995
21 98 0.999998
21 99 0.999996
22 0 0.999997
22 1 0.999997
22 2 0.999998
22 3 0.999771
22 4 0.976825
22 5 0.999990
22 6 0.999995
22 7 0.996100
22 8 0.999998
22 9 0.999871
22 10 0.999998
22 11 0.999999
22 12 0.999864
22 13 0.096388
22 14 0.999999
22 15 0.998265
22 16 0.999997
22 17 0.999729
22 18 0.029925
22 19 0.999998
22 20 0.999819
22 21 0.999997
22 22 0.000000
22 23 0.999997
22 24 0.999962
22 25 0.999996
22 26 0.999997
22 27 0.999991
22 28 0.051779
22 29 0.999998
22 30 0.967601
22 31 0.999729
22 32 0.999968
22 33 0.999955
22 34 0.999986
22 35 0.999880
22 36 0.999998
22 37 0.999973
22 38 0.999998
22 39 0.999999
22 40 0.999996
22 41 0.999999
22 42 0.999998
22 43 0.999998
22 44 0.999871
22 45 0.999998
22 46 0.999998
22 47 0.029925
22 48 0.999999
22 49 0.999999
22 50 0.999997
22 51 0.999983
22 52 0.999993
22 53 0.999593
22 54 0.329464
22 55 0.029925
22 56 0.999993
22 57 0.999998
22 58 0.999998
22 59 0.029925
22 60 0.994155
22 61 0.138922
22 62 0.999998
22 63 0.999837
22 64 0.998375
22 65 0.999657
22 66 0.999928
22 67 0.999518
22 68 0.999993
22 69 0.999871
22 70 0.999998
22 71 0.990903
22 72 0.999914
22 73 0.999997
22 74 0.005177
22 75 0.005177
22 76 0.791203
22 77 0.999999
22 78 0.999566
22 79 0.999999
22 80 0.999998
22 81 0.988933
22 82 0.210224
22 83 0.029925
22 84 0.999998
22 85 0.096388
22 86 0.535509
22 87 0.999998
22 88 0.972594
22 89 0.999995
22 90 0.999999
22 91 0.999975
22 92 0.894800
22 93 0.005177
22 94 0.999932
22 95 0.999998
22 96 0.999959
22 97 0.999952
22 98 0.999980
22 99 0.999998
23 0 0.991800
23 1 0.999998
23 2 0.999999
23 3 0.999968
23 4 0.999999
23 5 0.999997
23 6 0.998375
23 7 0.999998
23 8 0.999996
23 9 0.999998
23 10 0.999994
23 11 0.999997
23 12 0.999977
23 13 0.029925
23 14 0.999990
23 15 0.999983
23 16 0.999995
23 17 0.999634
23 18 0.999998
23 19 0.999593
23 20 0.999968
23 21 0.999999
23 22 0.999997
23 23 0.000000
23 24 0.999712
23 25 0.029925
23 26 0.999999
23 27 0.029925
23 28 0.999807
23 29 0.999277
23 30 0.999959
23 31 0.997563
23 32 0.999988
23 33 0.999997
23 34 0.999999
23 35 0.999999
23 36 0.999999
23 37 0.999999
23 38 0.535509
23 39 0.999998
23 40 0.999998
23 41 0.999999
23 42 0.999997
23 43 0.999998
23 44 0.999899
23 45 0.999890
23 46 0.999996
23 47 0.999988
23 48 0.329464
23 49 0.999997
23 50 0.992319
23 51 0.999995
23 52 0.999998
23 53 0.999349
23 54 0.954792
23 55 0.999995
23 56 0.999998
23 57 0.994155
23 58 0.995672
23 59 0.997563
23 60 0.029925
23 61 0.999997
23 62 0.999992
23 63 0.946647
23 64 0.999998
23 65 0.999999
23 66 0.999998
23 67 0.999999
23 68 0.999771
23 69 0.999837
23 70 0.999993
23 71 0.999998
23 72 0.946647
23 73 0.791203
23 74 0.999657
23 75 0.082237
23 76 0.999999
23 77 0.999998
23 78 0.999990
23 79 0.999959
23 80 0.791203
23 81 0.999997
23 82 0.096388
23 83 0.415919
23 84 0.999962
23 85 0.999086
23 86 0.999998
23 87 0.999998
23 88 0.999975
23 89 0.999998
23 90 0.999994
23 91 0.999993
23 92 0.999998
23 93 0.999998
23 94 0.138922
23 95 0.329464
23 96 0.096388
23 97 0.999998
23 98 0.999998
23 99 0.999998
24 0 0.999991
24 1 0.999999
24 2 0.999711
24 3 0.999999
24 4 0.999657
24 5 0.999997
24 6 0.999999
24 7 0.999992
24 8 0.415919
24 9 0.719662
24 10 0.999968
24 11 0.999998
24 12 0.993077
24 13 0.999998
24 14 0.998265
24 15 0.999996
24 16 0.999939
24 17 0.999997
24 18 0.967602
24 19 0.999968
24 20 0.999980
24 21 0.999914
24 22 0.999962
24 23 0.999712
24 24 0.000000
24 25 0.999998
24 26 0.999996
24 27 0.999998
24 28 0.999998
24 29 0.999996
24 30 0.998843
24 31 0.999994
24 32 0.096388
24 33 0.999996
24 34 0.999970
24 35 0.999998
24 36 0.999959
24 37 0.999994
24 38 0.999999
24 39 0.999994
24 40 0.029925
24 41 0.999871
24 42 0.051779
24 43 0.999997
24 44 0.999998
24 45 0.999998
24 46 0.999807
24 47 0.029925
24 48 0.999992
24 49 0.999975
24 50 0.999998
24 51 0.999228
24 52 0.999998
24 53 0.999998
24 54 0.999988
24 55 0.999892
24 56 0.993516
24 57 0.999998
24 58 0.029925
24 59 0.096388
24 60 0.999999
24 61 0.138922
24 62 0.999997
24 63 0.999999
24 64 0.029925
24 65 0.999998
24 66 0.993516
24 67 0.005177
24 68 0.997398
24 69 0.999986
24 70 0.999228
24 71 0.999914
24 72 0.999988
24 73 0.999997
24 74 0.999997
24 75 0.999995
24 76 0.999997
24 77 0.876571
24 78 0.985469
24 79 0.999228
24 80 0.996347
24 81 0.999999
24 82 0.999997
24 83 0.999998
24 84 0.999998
24 85 0.999771
24 86 0.999923
24 87 0.999995
24 88 0.999988
24 89 0.029925
24 90 0.999986
24 91 0.999898
24 92 0.999994
24 93 0.999999
24 94 0.999998
24 95 0.096388
24 96 0.999771
24 97 0.999998
24 98 0.999979
24 99 0.999711
25 0 0.999986
25 1 0.999996
25 2 0.096388
25 3 0.999807
25 4 0.999973
25 5 0.997563
25 6 0.999997
25 7 0.999998
25 8 0.999390
25 9 0.999970
25 10 0.999998
25 11 0.999914
25 12 0.999997
25 13 0.999998
25 14 0.999998
25 15 0.998916
25 16 0.029925
25 17 0.029925
25 18 0.932960
25 19 0.999990
25 20 0.999995
25 21 0.999657
25 22 0.999996
25 23 0.029925
25 24 0.999998
25 25 0.000000
25 26 0.999981
25 27 0.993926
25 28 0.999998
25 29 0.999999
25 30 0.999998
25 31 0.999390
25 32 0.999634
25 33 0.999955
25 34 0.999998
25 35 0.999999
25 36 0.005177
25 37 0.999999
25 38 0.096388
25 39 0.999634
25 40 0.999771
25 41 0.999998
25 42 0.999999
25 43 0.999998
25 44 0.993077
25 45 0.999998
25 46 0.999634
25 47 0.999729
25 48 0.999992
25 49 0.999566
25 50 0.999998
25 51 0.995672
25 52 0.999985
25 53 0.999990
25 54 0.999995
25 55 0.999999
25 56 0.999997
25 57 0.999086
25 58 0.999999
25 59 0.999997
25 60 0.997113
25 61 0.999996
25 62 0.998629
25 63 0.999998
25 64 0.999871
25 65 0.999999
25 66 0.999998
25 67 0.999990
25 68 0.999998
25 69 0.051779
25 70 0.999390
25 71 0.999997
25 72 0.999979
25 73 0.999999
25 74 0.999998
25 75 0.986386
25 76 0.610510
25 77 0.999939
25 78 0.999998
25 79 0.999999
25 80 0.999985
25 81 0.998843
25 82 0.999979
25 83 0.999998
25 84 0.999999
25 85 0.999995
25 86 0.999994
25 87 0.999999
25 88 0.996917
25 89 0.999998
25 90 0.999998
25 91 0.029925
25 92 0.999979
25 93 0.999998
25 94 0.999982
25 95 0.999999
25 96 0.999999
25 97 0.998843
25 98 0.999993
25 99 0.999962
26 0 0.999998
26 1 0.096388
26 2 0.999943
26 3 0.999996
26 4 0.999999
26 5 0.999994
26 6 0.999998
26 7 0.883941
26 8 0.999999
26 9 0.029925
26 10 0.999914
26 11 0.999999
26 12 0.557193
26 13 0.999998
26 14 0.999999
26 15 0.999997
26 16 0.029925
26 17 0.005177
26 18 0.999999
26 19 0.998843
26 20 0.999988
26 21 0.999999
26 22 0.999997
26 23 0.999999
26 24 0.999996
26 25 0.999981
26 26 0.000000
26 27 0.999996
26 28 0.999998
26 29 0.999995
26 30 0.999892
26 31 0.999992
26 32 0.999998
26 33 0.999711
26 34 0.992319
26 35 0.999979
26 36 0.928576
26 37 0.999997
26 38 0.999999
26 39 0.999995
26 40 0.999998
26 41 0.999999
26 42 0.999996
26 43 0.329464
26 44 0.999819
26 45 0.999999
26 46 0.999998
26 47 0.997944
26 48 0.961718
26 49 0.999959
26 50 0.999228
26 51 0.999962
26 52 0.999998
26 53 0.096388
26 54 0.992319
26 55 0.999998
26 56 0.999999
26 57 0.995672
26 58 0.999997
26 59 0.999277
26 60 0.996917
26 61 0.999996
26 62 0.999998
26 63 0.610510
26 64 0.999349
26 65 0.999998
26 66 0.999998
26 67 0.993516
26 68 0.932960
26 69 0.999999
26 70 0.999998
26 71 0.992609
26 72 0.999485
26 73 0.999996
26 74 0.999998
26 75 0.999998
26 76 0.999998
26 77 0.999998
26 78 0.999999
26 79 0.999973
26 80 0.928576
26 81 0.984490
26 82 0.999999
26 83 0.999996
26 84 0.999999
26 85 0.974313
26 86 0.998536
26 87 0.999999
26 88 0.999928
26 89 0.876570
26 90 0.999995
26 91 0.995672
26 92 0.998916
26 93 0.999729
26 94 0.999999
26 95 0.999975
26 96 0.998375
26 97 0.999982
26 98 0.999998
26 99 0.999928
27 0 0.999848
27 1 0.996917
27 2 0.999988
27 3 0.999992
27 4 0.978283
27 5 0.999999
27 6 0.096388
27 7 0.974313
27 8 0.978283
27 9 0.999998
27 10 0.999999
27 11 0.999998
27 12 0.999485
27 13 0.981645
27 14 0.999998
27 15 0.986386
27 16 0.999998
27 17 0.999998
27 18 0.982801
27 19 0.999968
27 20 0.999999
27 21 0.999998
27 22 0.999991
27 23 0.029925
27 24 0.999998
27 25 0.993926
27 26 0.999996
27 27 0.000000
27 28 0.999998
27 29 0.946647
27 30 0.999962
27 31 0.999996
27 32 0.999711
27 33 0.999996
27 34 0.999968
27 35 0.831064
27 36 0.999771
27 37 0.999952
27 38 0.999986
27 39 0.999990
27 40 0.999991
27 41 0.999994
27 42 0.999880
27 43 0.999998
27 44 0.999973
27 45 0.415919
27 46 0.999848
27 47 0.999998
27 48 0.999999
27 49 0.999980
27 50 0.999997
27 51 0.999999
