0 0 0.000000
0 1 0.999999
0 2 0.999999
0 3 0.029925
0 4 0.999998
0 5 0.999997
0 6 0.999996
0 7 0.999998
0 8 0.999998
0 9 0.329464
0 10 0.999998
0 11 0.999998
0 12 0.999997
0 13 0.999998
0 14 0.011782
0 15 0.999997
0 16 0.999990
0 17 0.999966
0 18 0.999968
0 19 0.999997
0 20 0.993077
0 21 0.999986
0 22 0.999997
0 23 0.999952
0 24 0.999998
0 25 0.999997
0 26 0.999998
0 27 0.999979
0 28 0.999999
0 29 0.999999
0 30 0.999990
0 31 0.999807
0 32 0.999999
0 33 0.999928
0 34 0.999995
0 35 0.999973
0 36 0.029925
0 37 0.999998
0 38 0.999998
0 39 0.999997
0 40 0.999988
0 41 0.999998
0 42 0.999995
0 43 0.999997
0 44 0.999997
0 45 0.999998
0 46 0.999999
0 47 0.029925
0 48 0.999999
0 49 0.999982
0 50 0.029925
0 51 0.999997
0 52 0.999996
0 53 0.999995
0 54 0.999998
0 55 0.029925
0 56 0.005177
0 57 0.999998
0 58 0.999997
0 59 0.999995
0 60 0.999996
0 61 0.999890
0 62 0.999932
0 63 0.999998
0 64 0.999228
0 65 0.999997
0 66 0.999979
0 67 0.999999
0 68 0.999993
0 69 0.999998
0 70 0.999999
0 71 0.999999
0 72 0.999999
0 73 0.999998
0 74 0.999998
0 75 0.999997
0 76 0.999998
0 77 0.999998
0 78 0.999999
0 79 0.999998
0 80 0.999999
0 81 0.999998
0 82 0.999999
0 83 0.999997
0 84 0.096388
0 85 0.999998
0 86 0.029925
0 87 0.999995
0 88 0.999999
0 89 0.999999
0 90 0.999999
0 91 0.999998
0 92 0.999998
0 93 0.999999
0 94 0.999998
0 95 0.268234
0 96 0.999973
0 97 0.999771
0 98 0.999993
0 99 0.999997
1 0 0.999999
1 1 0.000000
1 2 0.999993
1 3 0.999998
1 4 0.999998
1 5 0.999999
1 6 0.999999
1 7 0.999995
1 8 0.999995
1 9 0.999999
1 10 0.999999
1 11 0.985469
1 12 0.999959
1 13 0.999807
1 14 0.999998
1 15 0.999998
1 16 0.029925
1 17 0.999998
1 18 0.999908
1 19 0.999999
1 20 0.999997
1 21 0.999993
1 22 0.999983
1 23 0.999997
1 24 0.999998
1 25 0.999998
1 26 0.096388
1 27 0.996100
1 28 0.999999
1 29 0.999998
1 30 0.999998
1 31 0.999997
1 32 0.999999
1 33 0.999609
1 34 0.999998
1 35 0.999997
1 36 0.999997
1 37 0.999994
1 38 0.999999
1 39 0.999998
1 40 0.096388
1 41 0.999998
1 42 0.999990
1 43 0.999988
1 44 0.999871
1 45 0.999992
1 46 0.999991
1 47 0.999998
1 48 0.974313
1 49 0.999997
1 50 0.999997
1 51 0.999998
1 52 0.997563
1 53 0.998265
1 54 0.999837
1 55 0.999999
1 56 0.999998
1 57 0.999999
1 58 0.999999
1 59 0.999994
1 60 0.999998
1 61 0.096388
1 62 0.999995
1 63 0.096388
1 64 0.999998
1 65 0.999999
1 66 0.999999
1 67 0.999968
1 68 0.999983
1 69 0.999999
1 70 0.999999
1 71 0.999959
1 72 0.999952
1 73 0.999999
1 74 0.999998
1 75 0.999996
1 76 0.999898
1 77 0.999997
1 78 0.999999
1 79 0.999979
1 80 0.999998
1 81 0.999999
1 82 0.999995
1 83 0.999999
1 84 0.999999
1 85 0.999998
1 86 0.999999
1 87 0.138922
1 88 0.999999
1 89 0.999998
1 90 0.999086
1 91 0.096388
1 92 0.999999
1 93 0.999994
1 94 0.999997
1 95 0.999998
1 96 0.999998
1 97 0.999909
1 98 0.999976
1 99 0.999993
2 0 0.999999
2 1 0.999993
2 2 0.000000
2 3 0.999997
2 4 0.999999
2 5 0.999999
2 6 0.029925
2 7 0.999999
2 8 0.999998
2 9 0.999998
2 10 0.999998
2 11 0.999999
2 12 0.999998
2 13 0.999999
2 14 0.999999
2 15 0.999914
2 16 0.999997
2 17 0.999998
2 18 0.999996
2 19 0.999390
2 20 0.999990
2 21 0.999998
2 22 0.999998
2 23 0.999998
2 24 0.999973
2 25 0.029925
2 26 0.999943
2 27 0.999997
2 28 0.999999
2 29 0.999998
2 30 0.999144
2 31 0.970761
2 32 0.999997
2 33 0.999998
2 34 0.999996
2 35 0.999999
2 36 0.999996
2 37 0.997113
2 38 0.415919
2 39 0.999993
2 40 0.999999
2 41 0.999998
2 42 0.999995
2 43 0.051779
2 44 0.999999
2 45 0.999997
2 46 0.999996
2 47 0.999998
2 48 0.999970
2 49 0.999998
2 50 0.999997
2 51 0.999998
2 52 0.999999
2 53 0.999999
2 54 0.999999
2 55 0.999486
2 56 0.997563
2 57 0.999983
2 58 0.999999
2 59 0.029925
2 60 0.993515
2 61 0.999997
2 62 0.999999
2 63 0.999968
2 64 0.999998
2 65 0.999997
2 66 0.999998
2 67 0.138922
2 68 0.029925
2 69 0.999998
2 70 0.999992
2 71 0.999999
2 72 0.999998
2 73 0.999939
2 74 0.999999
2 75 0.029925
2 76 0.999985
2 77 0.999997
2 78 0.999982
2 79 0.996100
2 80 0.999998
2 81 0.999086
2 82 0.999228
2 83 0.999657
2 84 0.999998
2 85 0.999999
2 86 0.999863
2 87 0.995672
2 88 0.999999
2 89 0.999943
2 90 0.999989
2 91 0.999692
2 92 0.999892
2 93 0.999848
2 94 0.999998
2 95 0.999999
2 96 0.610510
2 97 0.999999
2 98 0.999998
2 99 0.999988
3 0 0.029925
3 1 0.999998
3 2 0.999997
3 3 0.000000
3 4 0.005177
3 5 0.999994
3 6 0.999959
3 7 0.999999
3 8 0.997563
3 9 0.999997
3 10 0.928576
3 11 0.999807
3 12 0.981645
3 13 0.999999
3 14 0.996917
3 15 0.996917
3 16 0.999349
3 17 0.999993
3 18 0.999987
3 19 0.999998
3 20 0.999998
3 21 0.189109
3 22 0.999871
3 23 0.999998
3 24 0.999991
3 25 0.999988
3 26 0.999999
3 27 0.999998
3 28 0.999998
3 29 0.915921
3 30 0.999999
3 31 0.999998
3 32 0.999997
3 33 0.980411
3 34 0.029925
3 35 0.999997
3 36 0.999987
3 37 0.999997
3 38 0.999998
3 39 0.999982
3 40 0.005177
3 41 0.999998
3 42 0.999998
3 43 0.999991
3 44 0.974313
3 45 0.915921
3 46 0.999998
3 47 0.999999
3 48 0.999943
3 49 0.999998
3 50 0.999999
3 51 0.999966
3 52 0.901145
3 53 0.999995
3 54 0.999998
3 55 0.999999
3 56 0.999990
3 57 0.999998
3 58 0.999999
3 59 0.999998
3 60 0.999998
3 61 0.999863
3 62 0.999593
3 63 0.999995
3 64 0.999999
3 65 0.999943
3 66 0.999986
3 67 0.999999
3 68 0.999999
3 69 0.557193
3 70 0.999999
3 71 0.999998
3 72 0.999999
3 73 0.999998
3 74 0.999999
3 75 0.999994
3 76 0.999983
3 77 0.999998
3 78 0.999982
3 79 0.999999
3 80 0.999998
3 81 0.999998
3 82 0.999228
3 83 0.999997
3 84 0.999998
3 85 0.999998
3 86 0.999998
3 87 0.999914
3 88 0.999995
3 89 0.999999
3 90 0.999959
3 91 0.999996
3 92 0.999993
3 93 0.999997
3 94 0.999997
3 95 0.999998
3 96 0.999998
3 97 0.999891
3 98 0.999871
3 99 0.999999
4 0 0.999998
4 1 0.999998
4 2 0.999999
4 3 0.005177
4 4 0.000000
4 5 0.978283
4 6 0.999952
4 7 0.997398
4 8 0.029925
4 9 0.999995
4 10 0.999995
4 11 0.999999
4 12 0.999999
4 13 0.999994
4 14 0.999994
4 15 0.998536
4 16 0.999997
4 17 0.999999
4 18 0.999997
4 19 0.096388
4 20 0.999997
4 21 0.999998
4 22 0.999908
4 23 0.999998
4 24 0.999871
4 25 0.999991
4 26 0.999997
4 27 0.959174
4 28 0.999996
4 29 0.999997
4 30 0.915921
4 31 0.999997
4 32 0.999872
4 33 0.999086
4 34 0.999995
4 35 0.999998
4 36 0.999975
4 37 0.999995
4 38 0.923918
4 39 0.096388
4 40 0.999998
4 41 0.999999
4 42 0.999999
4 43 0.999962
4 44 0.999999
4 45 0.999998
4 46 0.999998
4 47 0.999993
4 48 0.998629
4 49 0.999988
4 50 0.999999
4 51 0.999998
4 52 0.999995
4 53 0.999914
4 54 0.999711
4 55 0.999928
4 56 0.999997
4 57 0.999999
4 58 0.994526
4 59 0.999914
4 60 0.999999
4 61 0.999998
4 62 0.999998
4 63 0.999998
4 64 0.999998
4 65 0.999999
4 66 0.999999
4 67 0.999999
4 68 0.999998
4 69 0.999998
4 70 0.999998
4 71 0.999992
4 72 0.051779
4 73 0.999998
4 74 0.980411
4 75 0.011782
4 76 0.999998
4 77 0.999980
4 78 0.999999
4 79 0.999968
4 80 0.999999
4 81 0.999988
4 82 0.029925
4 83 0.999999
4 84 0.999999
4 85 0.999999
4 86 0.999998
4 87 0.999999
4 88 0.999998
4 89 0.999998
4 90 0.999995
4 91 0.999997
4 92 0.999970
4 93 0.999943
4 94 0.809755
4 95 0.999999
4 96 0.999998
4 97 0.999987
4 98 0.999990
4 99 0.999999
5 0 0.999997
5 1 0.999999
5 2 0.999999
5 3 0.999994
5 4 0.978283
5 5 0.000000
5 6 0.999982
5 7 0.999999
5 8 0.999987
5 9 0.999997
5 10 0.999998
5 11 0.999999
5 12 0.999998
5 13 0.999995
5 14 0.999998
5 15 0.999999
5 16 0.999983
5 17 0.999999
5 18 0.999998
5 19 0.999999
5 20 0.999997
5 21 0.999999
5 22 0.999997
5 23 0.999997
5 24 0.999998
5 25 0.999986
5 26 0.999997
5 27 0.999998
5 28 0.999992
5 29 0.999995
5 30 0.999997
5 31 0.967602
5 32 0.999451
5 33 0.999998
5 34 0.999999
5 35 0.999999
5 36 0.999999
5 37 0.999991
5 38 0.981645
5 39 0.999966
5 40 0.999996
5 41 0.138922
5 42 0.883941
5 43 0.011782
5 44 0.999176
5 45 0.999973
5 46 0.999997
5 47 0.999998
5 48 0.999998
5 49 0.999995
5 50 0.999998
5 51 0.999997
5 52 0.999999
5 53 0.999228
5 54 0.863976
5 55 0.998147
5 56 0.999711
5 57 0.992319
5 58 0.999996
5 59 0.999999
5 60 0.999995
5 61 0.999962
5 62 0.999998
5 63 0.999997
5 64 0.999999
5 65 0.999988
5 66 0.999993
5 67 0.999999
5 68 0.999999
5 69 0.999998
5 70 0.999024
5 71 0.999949
5 72 0.999998
5 73 0.999962
5 74 0.999975
5 75 0.999999
5 76 0.999979
5 77 0.999999
5 78 0.999998
5 79 0.999998
5 80 0.996708
5 81 0.999998
5 82 0.999962
5 83 0.999962
5 84 0.999996
5 85 0.023583
5 86 0.999995
5 87 0.999999
5 88 0.138922
5 89 0.999998
5 90 0.096388
5 91 0.999998
5 92 0.999998
5 93 0.029925
5 94 0.999999
5 95 0.999995
5 96 0.999985
5 97 0.096388
5 98 0.999995
5 99 0.999943
6 0 0.999996
6 1 0.999999
6 2 0.029925
6 3 0.999959
6 4 0.999952
6 5 0.999982
6 6 0.000000
6 7 0.999998
6 8 0.999711
6 9 0.999999
6 10 0.999999
6 11 0.999997
6 12 0.999997
6 13 0.999998
6 14 0.999999
6 15 0.999999
6 16 0.999995
6 17 0.999999
6 18 0.189109
6 19 0.999988
6 20 0.999962
6 21 0.999955
6 22 0.999998
6 23 0.993077
6 24 0.999999
6 25 0.999995
6 26 0.999988
6 27 0.096388
6 28 0.999998
6 29 0.999999
6 30 0.961718
6 31 0.999998
6 32 0.138922
6 33 0.999999
6 34 0.999995
6 35 0.999998
6 36 0.999995
6 37 0.999997
6 38 0.999996
6 39 0.999999
6 40 0.999995
6 41 0.999982
6 42 0.995379
6 43 0.999807
6 44 0.999999
6 45 0.999999
6 46 0.999999
6 47 0.999999
6 48 0.999996
6 49 0.999998
6 50 0.999993
6 51 0.999998
6 52 0.999999
6 53 0.999971
6 54 0.999998
6 55 0.995379
6 56 0.997804
6 57 0.999451
6 58 0.999999
6 59 0.999999
6 60 0.999995
6 61 0.999999
6 62 0.138922
6 63 0.999998
6 64 0.999999
6 65 0.999994
6 66 0.999999
6 67 0.999990
6 68 0.999999
6 69 0.029925
6 70 0.029925
6 71 0.999998
6 72 0.999807
6 73 0.999994
6 74 0.999998
6 75 0.999998
6 76 0.999997
6 77 0.994155
6 78 0.999998
6 79 0.999998
6 80 0.999998
6 81 0.029925
6 82 0.999998
6 83 0.999992
6 84 0.610510
6 85 0.999998
6 86 0.999998
6 87 0.999943
6 88 0.999998
6 89 0.999997
6 90 0.999518
6 91 0.999997
6 92 0.999999
6 93 0.999998
6 94 0.999794
6 95 0.999999
6 96 0.996917
6 97 0.999995
6 98 0.999999
6 99 0.999996
7 0 0.999998
7 1 0.999995
7 2 0.999999
7 3 0.999999
7 4 0.997398
7 5 0.999999
7 6 0.999998
7 7 0.000000
7 8 0.999928
7 9 0.999997
7 10 0.997398
7 11 0.999943
7 12 0.029925
7 13 0.998265
7 14 0.138922
7 15 0.999998
7 16 0.999997
7 17 0.999995
7 18 0.999998
7 19 0.096388
7 20 0.999998
7 21 0.999996
7 22 0.991247
7 23 0.999998
7 24 0.999995
7 25 0.999997
7 26 0.999819
7 27 0.978283
7 28 0.999995
7 29 0.999998
7 30 0.999998
7 31 0.999999
7 32 0.999998
7 33 0.999999
7 34 0.999997
7 35 0.005177
7 36 0.999998
7 37 0.999998
7 38 0.999999
7 39 0.959174
7 40 0.999998
7 41 0.928576
7 42 0.999771
7 43 0.999997
7 44 0.999999
7 45 0.999999
7 46 0.999451
7 47 0.999996
7 48 0.999998
7 49 0.999995
7 50 0.999999
7 51 0.998843
7 52 0.999998
7 53 0.999998
7 54 0.999997
7 55 0.999995
7 56 0.999998
7 57 0.245316
7 58 0.999898
7 59 0.999993
7 60 0.999999
7 61 0.999998
7 62 0.999999
7 63 0.999995
7 64 0.999998
7 65 0.999995
7 66 0.999999
7 67 0.999997
7 68 0.883941
7 69 0.999657
7 70 0.659444
7 71 0.029925
7 72 0.999997
7 73 0.999998
7 74 0.863976
7 75 0.999999
7 76 0.999985
7 77 0.999998
7 78 0.999999
7 79 0.999928
7 80 0.999999
7 81 0.999998
7 82 0.999999
7 83 0.999998
7 84 0.999999
7 85 0.997563
7 86 0.096388
7 87 0.999998
7 88 0.999992
7 89 0.999966
7 90 0.999998
7 91 0.999996
7 92 0.999993
7 93 0.928576
7 94 0.999998
7 95 0.999997
7 96 0.996917
7 97 0.999807
7 98 0.999998
7 99 0.999997
8 0 0.999998
8 1 0.999995
8 2 0.999998
8 3 0.997563
8 4 0.029925
8 5 0.999987
8 6 0.999711
8 7 0.999928
8 8 0.000000
8 9 0.005177
8 10 0.984490
8 11 0.999999
8 12 0.999999
8 13 0.029925
8 14 0.029925
8 15 0.999999
8 16 0.999998
8 17 0.999995
8 18 0.999999
8 19 0.999998
8 20 0.999991
8 21 0.999999
8 22 0.999993
8 23 0.999999
8 24 0.719662
8 25 0.999995
8 26 0.999998
8 27 0.998843
8 28 0.999998
8 29 0.999999
8 30 0.999998
8 31 0.995672
8 32 0.999892
8 33 0.999995
8 34 0.999998
8 35 0.005177
8 36 0.999998
8 37 0.999848
8 38 0.999995
8 39 0.999943
8 40 0.999999
8 41 0.999998
8 42 0.999999
8 43 0.999999
8 44 0.999999
8 45 0.999999
8 46 0.999997
8 47 0.999999
8 48 0.999998
8 49 0.719662
8 50 0.999998
8 51 0.999908
8 52 0.999998
8 53 0.029925
8 54 0.999999
8 55 0.999932
8 56 0.999999
8 57 0.999999
8 58 0.999994
8 59 0.999998
8 60 0.999992
8 61 0.999998
8 62 0.005177
8 63 0.999999
8 64 0.999998
8 65 0.999999
8 66 0.005177
8 67 0.999997
8 68 0.999996
8 69 0.999977
8 70 0.948613
8 71 0.096388
8 72 0.999968
8 73 0.999999
8 74 0.999999
8 75 0.996708
8 76 0.999998
8 77 0.999995
8 78 0.999997
8 79 0.999997
8 80 0.999998
8 81 0.999998
8 82 0.999999
8 83 0.998375
8 84 0.999983
8 85 0.999998
8 86 0.999995
8 87 0.999996
8 88 0.029925
8 89 0.999997
8 90 0.999999
8 91 0.999997
8 92 0.999998
8 93 0.999998
8 94 0.999990
8 95 0.999999
8 96 0.921048
8 97 0.999998
8 98 0.999891
8 99 0.999996
9 0 0.329464
9 1 0.999999
9 2 0.999998
9 3 0.999997
9 4 0.999995
9 5 0.999997
9 6 0.999999
9 7 0.999997
9 8 0.005177
9 9 0.000000
9 10 0.999390
9 11 0.999837
9 12 0.999976
9 13 0.999990
9 14 0.415919
9 15 0.005177
9 16 0.992319
9 17 0.999914
9 18 0.999997
9 19 0.999948
9 20 0.999998
9 21 0.999998
9 22 0.999959
9 23 0.999990
9 24 0.477022
9 25 0.999997
9 26 0.029925
9 27 0.999998
9 28 0.999998
9 29 0.999997
9 30 0.999711
9 31 0.999998
9 32 0.999999
9 33 0.999966
9 34 0.329464
9 35 0.997398
9 36 0.999819
9 37 0.999996
9 38 0.999997
9 39 0.023583
9 40 0.999996
9 41 0.999997
9 42 0.999990
9 43 0.999996
9 44 0.961718
9 45 0.999998
9 46 0.999999
9 47 0.051779
9 48 0.999999
9 49 0.999992
9 50 0.999982
9 51 0.999999
9 52 0.999998
9 53 0.029925
9 54 0.999997
9 55 0.999998
9 56 0.999891
9 57 0.999997
9 58 0.999986
9 59 0.029925
9 60 0.999998
9 61 0.999998
9 62 0.999998
9 63 0.999999
9 64 0.999997
9 65 0.096388
9 66 0.999999
9 67 0.999998
9 68 0.999998
9 69 0.999997
9 70 0.999997
9 71 0.005177
9 72 0.999691
9 73 0.999999
9 74 0.999920
9 75 0.999999
9 76 0.305549
9 77 0.999998
9 78 0.999999
9 79 0.415919
9 80 0.999962
9 81 0.999998
9 82 0.999996
9 83 0.999988
9 84 0.999989
9 85 0.999997
9 86 0.999998
9 87 0.999999
9 88 0.029925
9 89 0.999999
9 90 0.029925
9 91 0.999998
9 92 0.999998
9 93 0.876571
9 94 0.029925
9 95 0.999932
9 96 0.999995
9 97 0.999999
9 98 0.999999
9 99 0.999943
10 0 0.999998
10 1 0.999999
10 2 0.999998
10 3 0.928576
10 4 0.999995
10 5 0.999998
10 6 0.999999
10 7 0.997398
10 8 0.984490
10 9 0.999390
10 10 0.000000
10 11 0.999998
10 12 0.964107
10 13 0.999986
10 14 0.999997
10 15 0.999998
10 16 0.999996
10 17 0.999999
10 18 0.999999
10 19 0.999999
10 20 0.999998
10 21 0.999997
10 22 0.999998
10 23 0.999998
10 24 0.999999
10 25 0.999999
10 26 0.999968
10 27 0.999995
10 28 0.999999
10 29 0.999999
10 30 0.999998
10 31 0.999998
10 32 0.029925
10 33 0.999998
10 34 0.999995
10 35 0.998536
10 36 0.999998
10 37 0.999998
10 38 0.999995
10 39 0.999998
10 40 0.999995
10 41 0.999999
10 42 0.051779
10 43 0.999982
10 44 0.999996
10 45 0.999998
10 46 0.999990
10 47 0.999996
10 48 0.999998
10 49 0.999998
10 50 0.999999
10 51 0.999976
10 52 0.999998
10 53 0.999998
10 54 0.999968
10 55 0.999997
10 56 0.999996
10 57 0.990654
10 58 0.999999
10 59 0.999999
10 60 0.999998
10 61 0.999998
10 62 0.999998
10 63 0.999994
10 64 0.011782
10 65 0.999998
10 66 0.999898
10 67 0.999998
10 68 0.999429
10 69 0.999848
10 70 0.999998
10 71 0.999997
10 72 0.999998
10 73 0.999992
10 74 0.999998
10 75 0.999997
10 76 0.999997
10 77 0.999979
10 78 0.999998
10 79 0.996347
10 80 0.999998
10 81 0.999992
10 82 0.999997
10 83 0.999999
10 84 0.999998
10 85 0.999982
10 86 0.999998
10 87 0.999969
10 88 0.999977
10 89 0.999999
10 90 0.998265
10 91 0.998916
10 92 0.999998
10 93 0.999998
10 94 0.329464
10 95 0.029925
10 96 0.999999
10 97 0.997944
10 98 0.999998
10 99 0.946647
11 0 0.999998
11 1 0.985469
11 2 0.999999
11 3 0.999807
11 4 0.999999
11 5 0.999999
11 6 0.999997
11 7 0.999943
11 8 0.999999
11 9 0.999837
11 10 0.999998
11 11 0.000000
11 12 0.982801
11 13 0.999990
11 14 0.999997
11 15 0.210224
11 16 0.999999
11 17 0.999998
11 18 0.999995
11 19 0.999998
11 20 0.999998
11 21 0.999994
11 22 0.999998
11 23 0.999993
11 24 0.999999
11 25 0.999952
11 26 0.999999
11 27 0.999998
11 28 0.999998
11 29 0.999990
11 30 0.996100
11 31 0.999998
11 32 0.999997
11 33 0.005177
11 34 0.999997
11 35 0.969629
11 36 0.999992
11 37 0.999999
11 38 0.999998
11 39 0.999998
11 40 0.999998
11 41 0.999999
11 42 0.029925
11 43 0.999997
11 44 0.999998
11 45 0.005177
11 46 0.999982
11 47 0.999996
11 48 0.999997
11 49 0.999998
11 50 0.999997
11 51 0.999995
11 52 0.096388
11 53 0.999999
11 54 0.999928
11 55 0.765618
11 56 0.999998
11 57 0.999996
11 58 0.999995
11 59 0.996347
11 60 0.999998
11 61 0.999997
11 62 0.999982
11 63 0.029925
11 64 0.999997
11 65 0.999939
11 66 0.999988
11 67 0.999995
11 68 0.999999
11 69 0.999998
11 70 0.029925
11 71 0.999997
11 72 0.999996
11 73 0.999999
11 74 0.999998
11 75 0.999997
11 76 0.042353
11 77 0.999982
11 78 0.999997
11 79 0.999998
11 80 0.999996
11 81 0.999871
11 82 0.005177
11 83 0.011782
11 84 0.995380
11 85 0.999999
11 86 0.999711
11 87 0.999998
11 88 0.999998
11 89 0.999923
11 90 0.999998
11 91 0.999999
11 92 0.999997
11 93 0.999999
11 94 0.999939
11 95 0.999729
11 96 0.999998
11 97 0.803068
11 98 0.999995
11 99 0.999349
12 0 0.999997
12 1 0.999959
12 2 0.999998
12 3 0.981645
12 4 0.999999
12 5 0.999998
12 6 0.999997
12 7 0.029925
12 8 0.999999
12 9 0.999976
12 10 0.964107
12 11 0.982801
12 12 0.000000
12 13 0.999995
12 14 0.999999
12 15 0.987726
12 16 0.999998
12 17 0.999999
12 18 0.928576
12 19 0.999996
12 20 0.998147
12 21 0.999995
12 22 0.999957
12 23 0.999987
12 24 0.999949
12 25 0.999992
12 26 0.969629
12 27 0.999982
12 28 0.999996
12 29 0.946647
12 30 0.999998
12 31 0.999120
12 32 0.999998
12 33 0.999998
12 34 0.096388
12 35 0.999228
12 36 0.998843
12 37 0.999998
12 38 0.999998
12 39 0.011782
12 40 0.999998
12 41 0.999996
12 42 0.999998
12 43 0.999995
12 44 0.999996
12 45 0.999999
12 46 0.005177
12 47 0.999999
12 48 0.005177
12 49 0.999990
12 50 0.703771
12 51 0.999998
12 52 0.999999
12 53 0.999995
12 54 0.999144
12 55 0.029925
12 56 0.999998
12 57 0.999998
12 58 0.846427
12 59 0.999998
12 60 0.999999
12 61 0.999989
12 62 0.999995
12 63 0.999998
12 64 0.999999
12 65 0.978283
12 66 0.999996
12 67 0.999990
12 68 0.999995
12 69 0.999998
12 70 0.999998
12 71 0.999996
12 72 0.999996
12 73 0.995672
12 74 0.999998
12 75 0.051779
12 76 0.999997
12 77 0.999998
12 78 0.999998
12 79 0.999999
12 80 0.999390
12 81 0.999891
12 82 0.999998
12 83 0.999999
12 84 0.999995
12 85 0.999999
12 86 0.999997
12 87 0.999998
12 88 0.999999
12 89 0.999451
12 90 0.999997
12 91 0.096388
12 92 0.999998
12 93 0.999997
12 94 0.999998
12 95 0.005177
12 96 0.999998
12 97 0.999997
12 98 0.999932
12 99 0.999997
13 0 0.999998
13 1 0.999807
13 2 0.999999
13 3 0.999999
13 4 0.999994
13 5 0.999995
13 6 0.999998
13 7 0.998265
13 8 0.029925
13 9 0.999990
13 10 0.999986
13 11 0.999990
13 12 0.999995
13 13 0.000000
13 14 0.999998
13 15 0.999998
13 16 0.999998
13 17 0.999996
13 18 0.999998
13 19 0.999990
13 20 0.121504
13 21 0.999999
13 22 0.268234
13 23 0.005177
13 24 0.999995
13 25 0.999993
13 26 0.999999
13 27 0.989633
13 28 0.999998
13 29 0.932960
13 30 0.999999
13 31 0.999999
13 32 0.999991
13 33 0.999997
13 34 0.999277
13 35 0.999998
13 36 0.999998
13 37 0.999999
13 38 0.029925
13 39 0.999997
13 40 0.999998
13 41 0.999998
13 42 0.999998
13 43 0.999485
13 44 0.999999
13 45 0.999995
13 46 0.999998
13 47 0.999997
13 48 0.999997
13 49 0.999928
13 50 0.999995
13 51 0.999997
13 52 0.138922
13 53 0.029925
13 54 0.999998
13 55 0.999932
13 56 0.029925
13 57 0.999981
13 58 0.999997
13 59 0.999928
13 60 0.999999
13 61 0.999995
13 62 0.999997
13 63 0.999998
13 64 0.999999
13 65 0.999998
13 66 0.999999
13 67 0.999998
13 68 0.999999
13 69 0.096388
13 70 0.998629
13 71 0.999968
13 72 0.999995
13 73 0.999998
13 74 0.999711
13 75 0.996100
13 76 0.999998
13 77 0.999997
13 78 0.999998
13 79 0.999952
13 80 0.999997
13 81 0.999999
13 82 0.999998
13 83 0.999998
13 84 0.999987
13 85 0.999999
13 86 0.999999
13 87 0.999998
13 88 0.999996
13 89 0.999998
13 90 0.999998
13 91 0.029925
13 92 0.910477
13 93 0.999998
13 94 0.999997
13 95 0.999992
13 96 0.999995
13 97 0.703771
13 98 0.999997
13 99 0.999999
14 0 0.011782
14 1 0.999998
14 2 0.999999
14 3 0.996917
14 4 0.999994
14 5 0.999998
14 6 0.999999
14 7 0.138922
14 8 0.029925
14 9 0.415919
14 10 0.999997
14 11 0.999997
14 12 0.999999
14 13 0.999998
14 14 0.000000
14 15 0.991800
14 16 0.999997
14 17 0.096388
14 18 0.992609
14 19 0.189109
14 20 0.535509
14 21 0.999819
14 22 0.999997
14 23 0.999999
14 24 0.999994
14 25 0.999999
14 26 0.999997
14 27 0.999999
14 28 0.999794
14 29 0.999999
14 30 0.999997
14 31 0.969629
14 32 0.999999
14 33 0.998536
14 34 0.999998
14 35 0.998629
14 36 0.999998
14 37 0.999994
14 38 0.999999
14 39 0.999999
14 40 0.999996
14 41 0.999997
14 42 0.999997
14 43 0.999999
14 44 0.999999
14 45 0.999999
14 46 0.999994
14 47 0.999998
14 48 0.999998
14 49 0.999997
14 50 0.998265
14 51 0.999023
14 52 0.999991
14 53 0.999997
14 54 0.972594
14 55 0.999990
14 56 0.999998
14 57 0.999993
14 58 0.999999
14 59 0.999997
14 60 0.999955
14 61 0.999979
14 62 0.999998
14 63 0.999998
14 64 0.999999
14 65 0.999995
14 66 0.999998
14 67 0.999999
14 68 0.996347
14 69 0.029925
14 70 0.999998
14 71 0.999998
14 72 0.999995
14 73 0.999998
14 74 0.999999
14 75 0.999999
14 76 0.096388
14 77 0.999997
14 78 0.999998
14 79 0.999999
14 80 0.999985
14 81 0.999998
14 82 0.999995
14 83 0.999991
14 84 0.999999
14 85 0.999998
14 86 0.999999
14 87 0.999995
14 88 0.999995
14 89 0.999999
14 90 0.999998
14 91 0.999999
14 92 0.983448
14 93 0.999997
14 94 0.999998
14 95 0.999998
14 96 0.999993
14 97 0.999997
14 98 0.999998
14 99 0.999999
15 0 0.999997
15 1 0.999998
15 2 0.999914
15 3 0.996917
15 4 0.998536
15 5 0.999999
15 6 0.999999
15 7 0.999998
15 8 0.999999
15 9 0.005177
15 10 0.999998
15 11 0.210224
15 12 0.987726
15 13 0.999998
15 14 0.991800
15 15 0.000000
15 16 0.999871
15 17 0.999999
15 18 0.051779
15 19 0.999999
15 20 0.959174
15 21 0.999995
15 22 0.998536
15 23 0.999998
15 24 0.999998
15 25 0.999771
15 26 0.999999
15 27 0.998716
15 28 0.986386
15 29 0.999998
15 30 0.999756
15 31 0.999998
15 32 0.999999
15 33 0.946647
15 34 0.999995
15 35 0.999729
15 36 0.999998
15 37 0.999943
15 38 0.999979
15 39 0.999997
15 40 0.023583
15 41 0.999997
15 42 0.999998
15 43 0.999998
15 44 0.999993
15 45 0.995067
15 46 0.999848
15 47 0.999996
15 48 0.999999
15 49 0.999998
15 50 0.999999
15 51 0.999277
15 52 0.999998
15 53 0.999996
15 54 0.996347
15 55 0.999908
15 56 0.999989
15 57 0.999989
15 58 0.999979
15 59 0.999998
15 60 0.999998
15 61 0.999999
15 62 0.999996
15 63 0.999999
15 64 0.999998
15 65 0.999992
15 66 0.999998
15 67 0.051779
15 68 0.999998
15 69 0.999999
15 70 0.999998
15 71 0.096388
15 72 0.999997
15 73 0.999998
15 74 0.999977
15 75 0.999998
15 76 0.999998
15 77 0.999998
15 78 0.999998
15 79 0.999997
15 80 0.954792
15 81 0.999997
15 82 0.999995
15 83 0.999999
15 84 0.999998
15 85 0.999999
15 86 0.999999
15 87 0.999998
15 88 0.999992
15 89 0.999977
15 90 0.999914
15 91 0.999998
15 92 0.029925
15 93 0.999994
15 94 0.999998
15 95 0.999999
15 96 0.999993
15 97 0.999998
15 98 0.999999
15 99 0.999999
16 0 0.999990
16 1 0.029925
16 2 0.999997
16 3 0.999349
16 4 0.999997
16 5 0.999983
16 6 0.999995
16 7 0.999997
16 8 0.999998
16 9 0.992319
16 10 0.999996
16 11 0.999999
16 12 0.999998
16 13 0.999998
16 14 0.999997
16 15 0.999871
16 16 0.000000
16 17 0.999997
16 18 0.999999
16 19 0.005177
16 20 0.999711
16 21 0.999945
16 22 0.999998
16 23 0.999999
16 24 0.999999
16 25 0.029925
16 26 0.415919
16 27 0.999997
16 28 0.029925
16 29 0.999990
16 30 0.997944
16 31 0.999998
16 32 0.999971
16 33 0.011782
16 34 0.999998
16 35 0.999996
16 36 0.961718
16 37 0.999999
16 38 0.999997
16 39 0.999996
16 40 0.999997
16 41 0.999990
16 42 0.997563
16 43 0.999349
16 44 0.005177
16 45 0.999998
16 46 0.999998
16 47 0.999998
16 48 0.999999
16 49 0.996708
16 50 0.999992
16 51 0.999999
16 52 0.999998
16 53 0.999999
16 54 0.999995
16 55 0.999997
16 56 0.999988
16 57 0.998629
16 58 0.999871
16 59 0.999998
16 60 0.999994
16 61 0.999997
16 62 0.999518
16 63 0.999928
16 64 0.999999
16 65 0.999999
16 66 0.268234
16 67 0.999996
16 68 0.999999
16 69 0.999998
16 70 0.999983
16 71 0.999998
16 72 0.999999
16 73 0.999997
16 74 0.999729
16 75 0.999984
16 76 0.999998
16 77 0.999999
16 78 0.999998
16 79 0.999939
16 80 0.999999
16 81 0.999995
16 82 0.999996
16 83 0.999863
16 84 0.999998
16 85 0.999999
16 86 0.999998
16 87 0.999999
16 88 0.999228
16 89 0.999990
16 90 0.999990
16 91 0.999995
16 92 0.999999
16 93 0.999997
16 94 0.999997
16 95 0.999999
16 96 0.029925
16 97 0.999908
16 98 0.999999
16 99 0.999999
17 0 0.999966
17 1 0.999998
17 2 0.999998
17 3 0.999993
17 4 0.999999
17 5 0.999999
17 6 0.999999
17 7 0.999995
17 8 0.999995
17 9 0.999914
17 10 0.999999
17 11 0.999998
17 12 0.999999
17 13 0.999996
17 14 0.096388
17 15 0.999999
17 16 0.999997
17 17 0.000000
17 18 0.999999
17 19 0.999998
17 20 0.610510
17 21 0.999999
17 22 0.999990
17 23 0.999998
17 24 0.999999
17 25 0.029925
17 26 0.005177
17 27 0.999998
17 28 0.999998
17 29 0.999993
17 30 0.999999
17 31 0.999999
17 32 0.999999
17 33 0.999997
17 34 0.999998
17 35 0.999968
17 36 0.999998
17 37 0.999998
17 38 0.999998
17 39 0.999973
17 40 0.999999
17 41 0.999998
17 42 0.999996
17 43 0.999566
17 44 0.999991
17 45 0.005177
17 46 0.999998
17 47 0.999990
17 48 0.999998
17 49 0.803068
17 50 0.999997
17 51 0.557193
17 52 0.995066
17 53 0.999999
17 54 0.999771
17 55 0.982801
17 56 0.999996
17 57 0.999998
17 58 0.999998
17 59 0.999999
17 60 0.999998
17 61 0.999998
17 62 0.999997
17 63 0.999997
17 64 0.999999
17 65 0.999943
17 66 0.999995
17 67 0.999985
17 68 0.999999
17 69 0.999997
17 70 0.743480
17 71 0.703770
17 72 0.999998
17 73 0.999941
17 74 0.005177
17 75 0.719662
17 76 0.096388
17 77 0.999998
17 78 0.999999
17 79 0.999999
17 80 0.999928
17 81 0.999998
17 82 0.999999
17 83 0.999999
17 84 0.998629
17 85 0.999997
17 86 0.029925
17 87 0.999999
17 88 0.999998
17 89 0.999999
17 90 0.096388
17 91 0.999952
17 92 0.999998
17 93 0.999999
17 94 0.999998
17 95 0.999999
17 96 0.999997
17 97 0.999999
17 98 0.999998
17 99 0.999998
18 0 0.999968
18 1 0.999908
18 2 0.999996
18 3 0.999987
18 4 0.999997
18 5 0.999998
18 6 0.189109
18 7 0.999998
18 8 0.999999
18 9 0.999997
18 10 0.999999
18 11 0.999995
18 12 0.928576
18 13 0.999998
18 14 0.992609
18 15 0.051779
18 16 0.999999
18 17 0.999999
18 18 0.000000
18 19 0.999999
18 20 0.999999
18 21 0.999975
18 22 0.029925
18 23 0.999998
18 24 0.959174
18 25 0.961718
18 26 0.999999
18 27 0.990289
18 28 0.999998
18 29 0.138922
18 30 0.999998
18 31 0.999998
18 32 0.999998
18 33 0.999996
18 34 0.999985
18 35 0.997398
18 36 0.999999
18 37 0.999998
18 38 0.989633
18 39 0.999998
18 40 0.999997
18 41 0.999993
18 42 0.999991
18 43 0.999998
18 44 0.999998
18 45 0.999996
18 46 0.999998
18 47 0.999987
18 48 0.999999
18 49 0.999711
18 50 0.999998
18 51 0.999998
18 52 0.999998
18 53 0.999998
18 54 0.998536
18 55 0.999999
18 56 0.999998
18 57 0.029925
18 58 0.999999
18 59 0.999994
18 60 0.082237
18 61 0.051779
18 62 0.999995
18 63 0.999997
18 64 0.999992
18 65 0.999995
18 66 0.999998
18 67 0.999999
18 68 0.999998
18 69 0.999996
18 70 0.999998
18 71 0.999999
18 72 0.999998
18 73 0.005177
18 74 0.999998
18 75 0.999999
18 76 0.999871
18 77 0.999995
18 78 0.999998
18 79 0.999999
18 80 0.999998
18 81 0.999998
18 82 0.999912
18 83 0.998629
18 84 0.999998
18 85 0.999968
18 86 0.999999
18 87 0.999999
18 88 0.999996
18 89 0.999998
18 90 0.999998
18 91 0.999996
18 92 0.989633
18 93 0.999892
18 94 0.999998
18 95 0.863976
18 96 0.999999
18 97 0.999997
18 98 0.999997
18 99 0.029925
19 0 0.999997
19 1 0.999999
19 2 0.999390
19 3 0.999998
19 4 0.096388
19 5 0.999999
19 6 0.999988
19 7 0.096388
19 8 0.999998
19 9 0.999948
19 10 0.999999
19 11 0.999998
19 12 0.999996
19 13 0.999990
19 14 0.189109
19 15 0.999999
19 16 0.005177
19 17 0.999998
19 18 0.999999
19 19 0.000000
19 20 0.999998
19 21 0.959174
19 22 0.999998
19 23 0.999990
19 24 0.999998
19 25 0.999987
19 26 0.999908
19 27 0.999997
19 28 0.996100
19 29 0.999999
19 30 0.082237
19 31 0.999999
19 32 0.999995
19 33 0.268234
19 34 0.999998
19 35 0.999999
19 36 0.999959
19 37 0.999997
19 38 0.999997
19 39 0.999998
19 40 0.999995
19 41 0.999994
19 42 0.998843
19 43 0.096388
19 44 0.999998
19 45 0.999998
19 46 0.999998
19 47 0.999997
19 48 0.999999
19 49 0.999999
19 50 0.999998
19 51 0.999997
19 52 0.999998
19 53 0.999989
19 54 0.999998
19 55 0.999997
19 56 0.999997
19 57 0.999996
19 58 0.999998
19 59 0.999999
19 60 0.999997
19 61 0.999988
19 62 0.999998
19 63 0.999997
19 64 0.999739
19 65 0.863976
19 66 0.999984
19 67 0.999997
19 68 0.999959
19 69 0.999999
19 70 0.999992
19 71 0.999998
19 72 0.999998
19 73 0.268234
19 74 0.999999
19 75 0.999999
19 76 0.999998
19 77 0.996347
19 78 0.999992
19 79 0.999995
19 80 0.029925
19 81 0.999989
19 82 0.988501
19 83 0.999999
19 84 0.138922
19 85 0.999998
19 86 0.997222
19 87 0.999995
19 88 0.999999
19 89 0.999593
19 90 0.999995
19 91 0.999999
19 92 0.999995
19 93 0.096388
19 94 0.999998
19 95 0.999863
19 96 0.999998
19 97 0.999848
19 98 0.999998
19 99 0.999966
20 0 0.993077
20 1 0.999997
20 2 0.999990
20 3 0.999998
20 4 0.999997
20 5 0.999997
20 6 0.999962
20 7 0.999998
20 8 0.999991
20 9 0.999998
20 10 0.999998
20 11 0.999998
20 12 0.998147
20 13 0.121504
20 14 0.535509
20 15 0.959174
20 16 0.999711
20 17 0.610510
20 18 0.999999
20 19 0.999998
20 20 0.000000
20 21 0.999998
20 22 0.999390
20 23 0.999996
20 24 0.999999
20 25 0.999998
20 26 0.999996
20 27 0.999994
20 28 0.997944
20 29 0.901145
20 30 0.999997
20 31 0.005177
20 32 0.999997
20 33 0.995672
20 34 0.999971
20 35 0.999711
20 36 0.999991
20 37 0.138922
20 38 0.999997
20 39 0.029925
20 40 0.976827
20 41 0.029925
20 42 0.863976
20 43 0.999998
20 44 0.999998
20 45 0.999999
20 46 0.999979
20 47 0.999996
20 48 0.999999
20 49 0.996347
20 50 0.011782
20 51 0.535509
20 52 0.999997
20 53 0.999998
20 54 0.005177
20 55 0.999997
20 56 0.999999
20 57 0.999997
20 58 0.999997
20 59 0.999997
20 60 0.999979
20 61 0.999998
20 62 0.961718
20 63 0.999999
20 64 0.999995
20 65 0.999999
20 66 0.005177
20 67 0.999998
20 68 0.999999
20 69 0.999998
20 70 0.999997
20 71 0.999871
20 72 0.999999
20 73 0.999988
20 74 0.245316
20 75 0.999994
20 76 0.999771
20 77 0.999999
20 78 0.999998
20 79 0.999997
20 80 0.999994
20 81 0.999998
20 82 0.999998
20 83 0.999973
20 84 0.999985
20 85 0.999999
20 86 0.999998
20 87 0.029925
20 88 0.029925
20 89 0.791203
20 90 0.999826
20 91 0.999994
20 92 0.999995
20 93 0.999998
20 94 0.999998
20 95 0.023583
20 96 0.999998
20 97 0.999997
20 98 0.999999
20 99 0.999998
21 0 0.999986
21 1 0.999993
21 2 0.999998
21 3 0.189109
21 4 0.999998
21 5 0.999999
21 6 0.999955
21 7 0.999996
21 8 0.999999
21 9 0.999998
21 10 0.999997
21 11 0.999994
21 12 0.999995
21 13 0.999999
21 14 0.999819
21 15 0.999995
21 16 0.999945
21 17 0.999999
21 18 0.999975
21 19 0.959174
21 20 0.999998
21 21 0.000000
21 22 0.999999
21 23 0.999998
21 24 0.999023
21 25 0.999807
21 26 0.999999
21 27 0.999997
21 28 0.999997
21 29 0.999997
21 30 0.999998
21 31 0.999999
21 32 0.978283
21 33 0.999998
21 34 0.999999
21 35 0.997944
21 36 0.999998
21 37 0.096388
21 38 0.999999
21 39 0.999998
21 40 0.999999
21 41 0.029925
21 42 0.946647
21 43 0.999998
21 44 0.999999
21 45 0.999997
21 46 0.999995
21 47 0.999997
21 48 0.999998
21 49 0.999711
21 50 0.999997
21 51 0.999999
21 52 0.999998
21 53 0.999979
21 54 0.999952
21 55 0.999999
21 56 0.999943
21 57 0.999999
21 58 0.999996
21 59 0.999992
21 60 0.999997
21 61 0.999999
21 62 0.831064
21 63 0.999999
21 64 0.245316
21 65 0.999998
21 66 0.096388
21 67 0.999928
21 68 0.999998
21 69 0.999998
21 70 0.999998
21 71 0.901145
21 72 0.999999
21 73 0.999807
21 74 0.999999
21 75 0.999998
21 76 0.999999
21 77 0.999995
21 78 0.999993
21 79 0.999995
21 80 0.096388
21 81 0.999998
21 82 0.999891
21 83 0.999863
21 84 0.999996
21 85 0.999634
21 86 0.999863
21 87 0.999998
21 88 0.999999
21 89 0.999982
21 90 0.921048
21 91 0.997222
21 92 0.999999
21 93 0.999987
21 94 0.999228
21 95 0.999987
21 96 0.999997
21 97 0.999999
21 98 0.999998
21 99 0.999999
22 0 0.999997
22 1 0.999983
22 2 0.999998
22 3 0.999871
22 4 0.999908
22 5 0.999997
22 6 0.999998
22 7 0.991247
22 8 0.999993
22 9 0.999959
22 10 0.999998
22 11 0.999998
22 12 0.999957
22 13 0.268234
22 14 0.999997
22 15 0.998536
22 16 0.999998
22 17 0.999990
22 18 0.029925
22 19 0.999998
22 20 0.999390
22 21 0.999999
22 22 0.000000
22 23 0.999996
22 24 0.999996
22 25 0.999993
22 26 0.999998
22 27 0.999997
22 28 0.051779
22 29 0.999998
22 30 0.959173
22 31 0.999711
22 32 0.999998
22 33 0.999994
22 34 0.999998
22 35 0.999999
22 36 0.999998
22 37 0.999991
22 38 0.999999
22 39 0.999998
22 40 0.999999
22 41 0.999997
22 42 0.999998
22 43 0.999999
22 44 0.999998
22 45 0.999998
22 46 0.999998
22 47 0.029925
22 48 0.999997
22 49 0.999998
22 50 0.999998
22 51 0.999998
22 52 0.999999
22 53 0.999996
22 54 0.974313
22 55 0.029925
22 56 0.999996
22 57 0.999991
22 58 0.999995
22 59 0.029925
22 60 0.998764
22 61 0.932960
22 62 0.999998
22 63 0.999939
22 64 0.999914
22 65 0.999992
22 66 0.999993
22 67 0.999975
22 68 0.999998
22 69 0.999634
22 70 0.999998
22 71 0.990903
22 72 0.999992
22 73 0.999997
22 74 0.005177
22 75 0.005177
22 76 0.998629
22 77 0.999999
22 78 0.999999
22 79 0.999998
22 80 0.999998
22 81 0.999609
22 82 0.557193
22 83 0.029925
22 84 0.999997
22 85 0.029925
22 86 0.999086
22 87 0.999998
22 88 0.999959
22 89 0.999999
22 90 0.999999
22 91 0.999998
22 92 0.868767
22 93 0.005177
22 94 0.999999
22 95 0.999999
22 96 0.999999
22 97 0.999990
22 98 0.999998
22 99 0.999998
23 0 0.999952
23 1 0.999997
23 2 0.999998
23 3 0.999998
23 4 0.999998
23 5 0.999997
23 6 0.993077
23 7 0.999998
23 8 0.999999
23 9 0.999990
23 10 0.999998
23 11 0.999993
23 12 0.999987
23 13 0.005177
23 14 0.999999
23 15 0.999998
23 16 0.999999
23 17 0.999998
23 18 0.999998
23 19 0.999990
23 20 0.999996
23 21 0.999998
23 22 0.999996
23 23 0.000000
23 24 0.999181
23 25 0.803068
23 26 0.999996
23 27 0.029925
23 28 0.999176
23 29 0.999848
23 30 0.999977
23 31 0.998843
23 32 0.999998
23 33 0.999994
23 34 0.999998
23 35 0.999999
23 36 0.999997
23 37 0.999997
23 38 0.943131
23 39 0.999998
23 40 0.999994
23 41 0.999998
23 42 0.999998
23 43 0.999996
23 44 0.999979
23 45 0.999977
23 46 0.999982
23 47 0.999997
23 48 0.082237
23 49 0.999993
23 50 0.820691
23 51 0.999998
23 52 0.999994
23 53 0.999634
23 54 0.982801
23 55 0.999959
23 56 0.999993
23 57 0.999451
23 58 0.999962
23 59 0.997944
23 60 0.029925
23 61 0.999999
23 62 0.999998
23 63 0.998074
23 64 0.999996
23 65 0.999996
23 66 0.999992
23 67 0.999998
23 68 0.999995
23 69 0.999977
23 70 0.999994
23 71 0.999999
23 72 0.988501
23 73 0.999486
23 74 0.999871
23 75 0.023583
23 76 0.999998
23 77 0.999998
23 78 0.999994
23 79 0.999994
23 80 0.985469
23 81 0.999987
23 82 0.557193
23 83 0.994873
23 84 0.999996
23 85 0.999992
23 86 0.999999
23 87 0.999999
23 88 0.999979
23 89 0.999998
23 90 0.999995
23 91 0.999999
23 92 0.999999
23 93 0.999998
23 94 0.138922
23 95 0.993516
23 96 0.096388
23 97 0.999993
23 98 0.999999
23 99 0.999998
24 0 0.999998
24 1 0.999998
24 2 0.999973
24 3 0.999991
24 4 0.999871
24 5 0.999998
24 6 0.999999
24 7 0.999995
24 8 0.719662
24 9 0.477022
24 10 0.999999
24 11 0.999999
24 12 0.999949
24 13 0.999995
24 14 0.999994
24 15 0.999998
24 16 0.999999
24 17 0.999999
24 18 0.959174
24 19 0.999998
24 20 0.999999
24 21 0.999023
24 22 0.999996
24 23 0.999181
24 24 0.000000
24 25 0.999998
24 26 0.999999
24 27 0.999998
24 28 0.999999
24 29 0.999999
24 30 0.999908
24 31 0.999999
24 32 0.997718
24 33 0.999997
24 34 0.999996
24 35 0.999999
24 36 0.999998
24 37 0.999997
24 38 0.999995
24 39 0.999997
24 40 0.029925
24 41 0.999908
24 42 0.051779
24 43 0.999998
24 44 0.999996
24 45 0.999998
24 46 0.999999
24 47 0.029925
24 48 0.999997
24 49 0.999999
24 50 0.999996
24 51 0.999952
24 52 0.999990
24 53 0.999999
24 54 0.999998
24 55 0.999985
24 56 0.997563
24 57 0.999999
24 58 0.029925
24 59 0.029925
24 60 0.999999
24 61 0.051779
24 62 0.999998
24 63 0.999997
24 64 0.029925
24 65 0.999999
24 66 0.999657
24 67 0.005177
24 68 0.991246
24 69 0.999999
24 70 0.998766
24 71 0.999973
24 72 0.999996
24 73 0.999998
24 74 0.999981
24 75 0.999999
24 76 0.999998
24 77 0.999228
24 78 0.991800
24 79 0.999892
24 80 0.997944
24 81 0.999997
24 82 0.999999
24 83 0.999998
24 84 0.999999
24 85 0.999998
24 86 0.999999
24 87 0.999999
24 88 0.999996
24 89 0.029925
24 90 0.999992
24 91 0.999992
24 92 0.999998
24 93 0.999999
24 94 0.999999
24 95 0.557193
24 96 0.999973
24 97 0.999998
24 98 0.999998
24 99 0.999756
25 0 0.999997
25 1 0.999998
25 2 0.029925
25 3 0.999988
25 4 0.999991
25 5 0.999986
25 6 0.999995
25 7 0.999997
25 8 0.999995
25 9 0.999997
25 10 0.999999
25 11 0.999952
25 12 0.999992
25 13 0.999993
25 14 0.999999
25 15 0.999771
25 16 0.029925
25 17 0.029925
25 18 0.961718
25 19 0.999987
25 20 0.999998
25 21 0.999807
25 22 0.999993
25 23 0.803068
25 24 0.999998
25 25 0.000000
25 26 0.999994
25 27 0.997113
25 28 0.999992
25 29 0.999999
25 30 0.999998
25 31 0.999998
25 32 0.999691
25 33 0.999994
25 34 0.999999
25 35 0.999999
25 36 0.005177
25 37 0.999999
25 38 0.096388
25 39 0.999794
25 40 0.999968
25 41 0.999998
25 42 0.999995
25 43 0.999992
25 44 0.999349
25 45 0.999991
25 46 0.999794
25 47 0.999914
25 48 0.999998
25 49 0.999996
25 50 0.999998
25 51 0.996347
25 52 0.999999
25 53 0.999999
25 54 0.999994
25 55 0.999999
25 56 0.999999
25 57 0.999228
25 58 0.999999
25 59 0.999999
25 60 0.999994
25 61 0.999998
25 62 0.999968
25 63 0.999998
25 64 0.999837
25 65 0.999999
25 66 0.999997
25 67 0.999998
25 68 0.999995
25 69 0.051779
25 70 0.998628
25 71 0.999996
25 72 0.999996
25 73 0.999997
25 74 0.999996
25 75 0.999277
25 76 0.998074
25 77 0.999994
25 78 0.999999
25 79 0.999998
25 80 0.999998
25 81 0.999891
25 82 0.999997
25 83 0.999999
25 84 0.999998
25 85 0.999998
25 86 0.999997
25 87 0.999998
25 88 0.923916
25 89 0.999998
25 90 0.999998
25 91 0.029925
25 92 0.999999
25 93 0.999998
25 94 0.999909
25 95 0.999998
25 96 0.999999
25 97 0.999756
25 98 0.999996
25 99 0.999999
26 0 0.999998
26 1 0.096388
26 2 0.999943
26 3 0.999999
26 4 0.999997
26 5 0.999997
26 6 0.999988
26 7 0.999819
26 8 0.999998
26 9 0.029925
26 10 0.999968
26 11 0.999999
26 12 0.969629
26 13 0.999999
26 14 0.999997
26 15 0.999999
26 16 0.415919
26 17 0.005177
26 18 0.999999
26 19 0.999908
26 20 0.999996
26 21 0.999999
26 22 0.999998
26 23 0.999996
26 24 0.999999
26 25 0.999994
26 26 0.000000
26 27 0.999998
26 28 0.999999
26 29 0.999997
26 30 0.999993
26 31 0.999999
26 32 0.999993
26 33 0.999566
26 34 0.990289
26 35 0.999999
26 36 0.976826
26 37 0.999999
26 38 0.999999
26 39 0.999999
26 40 0.999998
26 41 0.999999
26 42 0.999999
26 43 0.855444
26 44 0.999999
26 45 0.999999
26 46 0.999999
26 47 0.999024
26 48 0.999807
26 49 0.999998
26 50 0.999988
26 51 0.999979
26 52 0.999999
26 53 0.096388
26 54 0.999848
26 55 0.999999
26 56 0.999997
26 57 0.994526
26 58 0.999998
26 59 0.999657
26 60 0.999024
26 61 0.999995
26 62 0.999998
26 63 0.329464
26 64 0.999999
26 65 0.999995
26 66 0.999999
26 67 0.978283
26 68 0.990289
26 69 0.999998
26 70 0.999997
26 71 0.999826
26 72 0.999973
26 73 0.999999
26 74 0.999997
26 75 0.999999
26 76 0.999996
26 77 0.999998
26 78 0.999999
26 79 0.999985
26 80 0.778726
26 81 0.999176
26 82 0.999999
26 83 0.999998
26 84 0.999999
26 85 0.999486
26 86 0.995066
26 87 0.999999
26 88 0.999999
26 89 0.951799
26 90 0.999995
26 91 0.999932
26 92 0.999771
26 93 0.999998
26 94 0.999997
26 95 0.999998
26 96 0.999988
26 97 0.999995
26 98 0.999999
26 99 0.999998
27 0 0.999979
27 1 0.996100
27 2 0.999997
27 3 0.999998
27 4 0.959174
27 5 0.999998
27 6 0.096388
27 7 0.978283
27 8 0.998843
27 9 0.999998
27 10 0.999995
27 11 0.999998
27 12 0.999982
27 13 0.989633
27 14 0.999999
27 15 0.998716
27 16 0.999997
27 17 0.999998
27 18 0.990289
27 19 0.999997
27 20 0.999994
27 21 0.999997
27 22 0.999997
27 23 0.029925
27 24 0.999998
27 25 0.997113
27 26 0.999998
27 27 0.000000
27 28 0.999985
27 29 0.998074
27 30 0.999999
27 31 0.999998
27 32 0.999977
27 33 0.999998
27 34 0.999999
27 35 0.995672
27 36 0.999986
27 37 0.999998
27 38 0.999997
27 39 0.999999
27 40 0.999952
27 41 0.999999
27 42 0.999932
27 43 0.999989
27 44 0.999977
27 45 0.051779
27 46 0.999998
27 47 0.999998
27 48 0.999999
27 49 0.999998
27 50 0.999997
27 51 0.999998
