0 0 0.000000
0 1 0.975926
0 2 0.997563
0 3 0.210224
0 4 0.096388
0 5 0.999429
0 6 0.999998
0 7 0.997113
0 8 0.999429
0 9 0.268234
0 10 0.990903
0 11 0.964107
0 12 0.999987
0 13 0.677128
0 14 0.677128
0 15 0.986386
0 16 0.998916
0 17 0.268234
0 18 0.415919
0 19 0.937084
0 20 0.803068
0 21 0.353553
0 22 0.999429
0 23 0.771105
0 24 0.771105
0 25 0.999518
0 26 0.863976
0 27 0.907126
0 28 0.329464
0 29 0.557193
0 30 0.999857
0 31 0.840896
0 32 0.999987
0 33 0.986386
0 34 0.937084
0 35 0.964107
0 36 0.353553
0 37 0.557193
0 38 0.995947
0 39 0.997718
0 40 0.964107
0 41 0.986386
0 42 0.863976
0 43 0.996579
0 44 0.983886
0 45 0.999786
0 46 0.994873
0 47 0.210224
0 48 0.677128
0 49 0.803068
0 50 0.029925
0 51 0.999989
0 52 0.964107
0 53 0.998478
0 54 0.999619
0 55 0.096388
0 56 0.210224
0 57 0.986386
0 58 0.992319
0 59 0.996579
0 60 0.990903
0 61 0.964107
0 62 0.210224
0 63 0.979649
0 64 0.353553
0 65 0.964107
0 66 0.999144
0 67 0.993926
0 68 0.999964
0 69 0.353553
0 70 0.954792
0 71 0.677128
0 72 0.998478
0 73 0.907126
0 74 0.992319
0 75 0.986386
0 76 0.975926
0 77 0.979649
0 78 0.999970
0 79 0.982801
0 80 0.210224
0 81 0.946647
0 82 0.998074
0 83 0.993926
0 84 0.210224
0 85 0.979649
0 86 0.210224
0 87 0.975926
0 88 0.986386
0 89 0.995672
0 90 0.986386
0 91 0.907126
0 92 0.998478
0 93 0.999144
0 94 0.994873
0 95 0.210224
0 96 0.957603
0 97 0.096388
0 98 0.999984
0 99 0.975926
1 0 0.975926
1 1 0.000000
1 2 0.964107
1 3 0.771105
1 4 0.993926
1 5 0.975926
1 6 0.979649
1 7 0.771105
1 8 0.937084
1 9 0.946647
1 10 0.999429
1 11 0.096388
1 12 0.863976
1 13 0.946647
1 14 0.999946
1 15 0.997718
1 16 0.029925
1 17 0.986386
1 18 0.979649
1 19 0.964107
1 20 0.999976
1 21 0.999746
1 22 0.999976
1 23 0.999518
1 24 0.999144
1 25 0.964107
1 26 0.096388
1 27 0.986386
1 28 0.999429
1 29 0.999999
1 30 0.996579
1 31 0.999857
1 32 0.979649
1 33 0.883941
1 34 0.999144
1 35 0.964107
1 36 0.557193
1 37 0.946647
1 38 0.999323
1 39 0.969629
1 40 0.096388
1 41 0.210224
1 42 0.983886
1 43 0.986386
1 44 0.210224
1 45 0.964107
1 46 0.969629
1 47 0.964107
1 48 0.210224
1 49 0.863976
1 50 0.719662
1 51 0.999679
1 52 0.415919
1 53 0.353553
1 54 0.946647
1 55 0.990903
1 56 0.975926
1 57 0.946647
1 58 0.863976
1 59 0.863976
1 60 0.999429
1 61 0.096388
1 62 0.999998
1 63 0.210224
1 64 0.964107
1 65 0.863976
1 66 0.051779
1 67 0.983886
1 68 0.210224
1 69 0.998478
1 70 0.986386
1 71 0.883941
1 72 0.771105
1 73 0.999429
1 74 0.999987
1 75 0.937084
1 76 0.500000
1 77 0.954792
1 78 0.997718
1 79 0.863976
1 80 0.937084
1 81 0.983886
1 82 0.999429
1 83 0.998985
1 84 0.995947
1 85 0.994873
1 86 0.964107
1 87 0.557193
1 88 0.964107
1 89 0.992319
1 90 0.677128
1 91 0.210224
1 92 0.995672
1 93 0.994873
1 94 0.964107
1 95 0.979649
1 96 0.997718
1 97 0.268234
1 98 0.996579
1 99 0.990903
2 0 0.997563
2 1 0.964107
2 2 0.000000
2 3 0.999996
2 4 0.957603
2 5 0.998478
2 6 0.210224
2 7 0.999964
2 8 0.964107
2 9 0.999144
2 10 0.096388
2 11 0.937084
2 12 0.415919
2 13 0.946647
2 14 0.210224
2 15 0.863976
2 16 0.999955
2 17 0.999323
2 18 0.677128
2 19 0.997718
2 20 0.946647
2 21 0.771105
2 22 0.803068
2 23 0.986386
2 24 0.946647
2 25 0.210224
2 26 0.268234
2 27 0.999786
2 28 0.995947
2 29 0.500000
2 30 0.353553
2 31 0.883941
2 32 0.983886
2 33 0.268234
2 34 0.998716
2 35 0.993926
2 36 0.998478
2 37 0.210224
2 38 0.210224
2 39 0.415919
2 40 0.997718
2 41 0.999857
2 42 0.961718
2 43 0.268234
2 44 0.998985
2 45 0.210224
2 46 0.096388
2 47 0.993926
2 48 0.210224
2 49 0.999997
2 50 0.999619
2 51 0.999786
2 52 0.974313
2 53 0.999429
2 54 0.998478
2 55 0.863976
2 56 0.210224
2 57 0.210224
2 58 0.999991
2 59 0.210224
2 60 0.210224
2 61 0.999619
2 62 0.983886
2 63 0.210224
2 64 0.999984
2 65 0.946647
2 66 0.995947
2 67 0.096388
2 68 0.096388
2 69 0.979649
2 70 0.500000
2 71 0.997718
2 72 0.610510
2 73 0.997296
2 74 0.863976
2 75 0.353553
2 76 0.998716
2 77 0.994873
2 78 0.997718
2 79 0.353553
2 80 0.975926
2 81 0.610510
2 82 0.268234
2 83 0.983886
2 84 0.999593
2 85 0.999905
2 86 0.557193
2 87 0.771105
2 88 0.998985
2 89 0.677128
2 90 0.998478
2 91 0.999144
2 92 0.979649
2 93 0.096388
2 94 0.998478
2 95 0.999932
2 96 0.210224
2 97 0.969629
2 98 0.863976
2 99 0.096388
3 0 0.210224
3 1 0.771105
3 2 0.999996
3 3 0.000000
3 4 0.096388
3 5 0.557193
3 6 0.964107
3 7 0.993926
3 8 0.500000
3 9 0.771105
3 10 0.771105
3 11 0.863976
3 12 0.771105
3 13 0.986386
3 14 0.415919
3 15 0.975926
3 16 0.677128
3 17 0.975926
3 18 0.771105
3 19 0.999946
3 20 0.990289
3 21 0.210224
3 22 0.610509
3 23 0.803068
3 24 0.990903
3 25 0.979649
3 26 0.990903
3 27 0.999980
3 28 0.557193
3 29 0.096388
3 30 0.677128
3 31 0.983886
3 32 0.979649
3 33 0.974313
3 34 0.029925
3 35 0.986386
3 36 0.803068
3 37 0.986386
3 38 0.557193
3 39 0.946647
3 40 0.210224
3 41 0.999679
3 42 0.863976
3 43 0.999144
3 44 0.096388
3 45 0.415919
3 46 0.946647
3 47 0.999277
3 48 0.840896
3 49 0.999964
3 50 0.990903
3 51 0.996579
3 52 0.210224
3 53 0.883941
3 54 0.999429
3 55 0.719662
3 56 0.863976
3 57 0.993926
3 58 0.719662
3 59 0.990903
3 60 0.999429
3 61 0.946647
3 62 0.210224
3 63 0.999946
3 64 0.990903
3 65 0.353553
3 66 0.353553
3 67 0.986386
3 68 0.975926
3 69 0.210224
3 70 0.999786
3 71 0.907126
3 72 0.957603
3 73 0.999999
3 74 0.975926
3 75 0.907126
3 76 0.353553
3 77 0.983886
3 78 0.937084
3 79 0.954792
3 80 0.996579
3 81 0.907126
3 82 0.907126
3 83 0.791202
3 84 0.210224
3 85 0.999746
3 86 0.999976
3 87 0.946647
3 88 0.999976
3 89 0.997718
3 90 0.659444
3 91 0.677128
3 92 0.863976
3 93 0.999786
3 94 0.932960
3 95 0.998629
3 96 0.995947
3 97 0.907126
3 98 0.999429
3 99 0.964107
4 0 0.096388
4 1 0.993926
4 2 0.957603
4 3 0.096388
4 4 0.000000
4 5 0.719662
4 6 0.907126
4 7 0.883941
4 8 0.096388
4 9 0.997718
4 10 0.096388
4 11 0.993926
4 12 0.210224
4 13 0.996579
4 14 0.986386
4 15 0.719662
4 16 0.999429
4 17 0.994873
4 18 0.999679
4 19 0.096388
4 20 0.964107
4 21 0.997718
4 22 0.986386
4 23 0.996579
4 24 0.803068
4 25 0.975926
4 26 0.993516
4 27 0.096388
4 28 0.677128
4 29 0.863976
4 30 0.415919
4 31 0.979649
4 32 0.863976
4 33 0.803068
4 34 0.999619
4 35 0.961718
4 36 0.677128
4 37 0.932960
4 38 0.883941
4 39 0.353553
4 40 0.986386
4 41 0.993516
4 42 0.999991
4 43 0.771105
4 44 0.986386
4 45 0.994873
4 46 0.998716
4 47 0.677128
4 48 0.210224
4 49 0.557193
4 50 0.990903
4 51 0.997718
4 52 0.999920
4 53 0.353553
4 54 0.863976
4 55 0.990903
4 56 0.999518
4 57 0.863976
4 58 0.771105
4 59 0.964107
4 60 0.863976
4 61 0.964107
4 62 0.999429
4 63 0.998074
4 64 0.964107
4 65 0.964107
4 66 0.990903
4 67 0.982801
4 68 0.998985
4 69 0.677128
4 70 0.999277
4 71 0.210224
4 72 0.557193
4 73 0.986386
4 74 0.863976
4 75 0.210224
4 76 0.998716
4 77 0.946647
4 78 0.975926
4 79 0.557193
4 80 0.999999
4 81 0.999905
4 82 0.096388
4 83 0.975926
4 84 0.997296
4 85 0.998478
4 86 0.999679
4 87 0.995672
4 88 0.996579
4 89 0.999429
4 90 0.610510
4 91 0.979649
4 92 0.677128
4 93 0.557193
4 94 0.988501
4 95 0.990903
4 96 0.999429
4 97 0.415919
4 98 0.719662
4 99 0.999323
5 0 0.999429
5 1 0.975926
5 2 0.998478
5 3 0.557193
5 4 0.719662
5 5 0.000000
5 6 0.863976
5 7 0.998074
5 8 0.997718
5 9 0.999999
5 10 0.999619
5 11 0.990903
5 12 0.998478
5 13 0.803068
5 14 0.946647
5 15 0.907126
5 16 0.983886
5 17 0.993926
5 18 0.937084
5 19 0.986386
5 20 0.803068
5 21 0.988501
5 22 0.677128
5 23 0.999880
5 24 0.210224
5 25 0.771105
5 26 0.995947
5 27 0.964107
5 28 0.999679
5 29 0.979649
5 30 0.999619
5 31 0.210224
5 32 0.986386
5 33 0.803068
5 34 0.997296
5 35 0.999994
5 36 0.557193
5 37 0.719661
5 38 0.557193
5 39 0.999619
5 40 0.999619
5 41 0.353553
5 42 0.096388
5 43 0.029925
5 44 0.557193
5 45 0.415919
5 46 0.999786
5 47 0.998478
5 48 0.999144
5 49 0.995947
5 50 0.999786
5 51 0.997718
5 52 0.997718
5 53 0.964107
5 54 0.096388
5 55 0.757621
5 56 0.610509
5 57 0.415919
5 58 0.719662
5 59 0.677128
5 60 0.982801
5 61 0.803068
5 62 0.964107
5 63 0.975926
5 64 0.964107
5 65 0.883941
5 66 0.999857
5 67 0.946647
5 68 0.996579
5 69 0.990903
5 70 0.803068
5 71 0.999729
5 72 0.415919
5 73 0.771105
5 74 0.677128
5 75 0.999619
5 76 0.964107
5 77 0.557193
5 78 0.993926
5 79 0.677128
5 80 0.557193
5 81 0.998478
5 82 0.557193
5 83 0.210224
5 84 0.999679
5 85 0.557193
5 86 0.999429
5 87 0.999857
5 88 0.557193
5 89 0.969629
5 90 0.096388
5 91 0.999964
5 92 0.999144
5 93 0.096388
5 94 0.999958
5 95 0.999999
5 96 0.964107
5 97 0.210224
5 98 0.990903
5 99 0.803068
6 0 0.999998
6 1 0.979649
6 2 0.210224
6 3 0.964107
6 4 0.907126
6 5 0.863976
6 6 0.000000
6 7 0.863976
6 8 0.907126
6 9 0.719662
6 10 0.975926
6 11 0.999932
6 12 0.932960
6 13 0.995672
6 14 0.999999
6 15 0.997296
6 16 0.989228
6 17 0.975926
6 18 0.096388
6 19 0.415919
6 20 0.975926
6 21 0.353553
6 22 0.415919
6 23 0.677128
6 24 0.975926
6 25 0.946647
6 26 0.982801
6 27 0.210224
6 28 0.979649
6 29 0.999746
6 30 0.096388
6 31 0.969629
6 32 0.677128
6 33 0.999994
6 34 0.964107
6 35 0.863976
6 36 0.907126
6 37 0.994873
6 38 0.999144
6 39 0.210224
6 40 0.995672
6 41 0.863976
6 42 0.771105
6 43 0.907126
6 44 0.979649
6 45 0.998375
6 46 0.999999
6 47 0.096388
6 48 0.994873
6 49 0.996579
6 50 0.988501
6 51 0.999880
6 52 0.999429
6 53 0.932960
6 54 0.993926
6 55 0.979649
6 56 0.946647
6 57 0.996579
6 58 0.975926
6 59 0.999786
6 60 0.954792
6 61 0.999679
6 62 0.415919
6 63 0.210224
6 64 0.907126
6 65 0.937084
6 66 0.999992
6 67 0.210224
6 68 0.997113
6 69 0.096388
6 70 0.029925
6 71 0.994873
6 72 0.907126
6 73 0.999831
6 74 0.719661
6 75 0.937084
6 76 0.979649
6 77 0.803068
6 78 0.946647
6 79 0.999144
6 80 0.999989
6 81 0.096388
6 82 0.996579
6 83 0.557193
6 84 0.415919
6 85 0.999144
6 86 0.993926
6 87 0.353553
6 88 0.998478
6 89 0.999996
6 90 0.677128
6 91 0.983886
6 92 0.999997
6 93 0.096388
6 94 0.992319
6 95 0.946647
6 96 0.677128
6 97 0.983886
6 98 0.964107
6 99 0.996579
7 0 0.997113
7 1 0.771105
7 2 0.999964
7 3 0.993926
7 4 0.883941
7 5 0.998074
7 6 0.863976
7 7 0.000000
7 8 0.907126
7 9 0.999857
7 10 0.610510
7 11 0.993926
7 12 0.096388
7 13 0.415919
7 14 0.005177
7 15 0.999989
7 16 0.999920
7 17 0.982801
7 18 0.999619
7 19 0.210224
7 20 0.998478
7 21 0.557193
7 22 0.210224
7 23 0.994873
7 24 0.986386
7 25 0.986386
7 26 0.210224
7 27 0.557193
7 28 0.946647
7 29 0.999619
7 30 0.210224
7 31 0.999144
7 32 0.998716
7 33 0.921048
7 34 0.998074
7 35 0.029925
7 36 0.677128
7 37 0.975926
7 38 0.997718
7 39 0.803068
7 40 0.999278
7 41 0.964107
7 42 0.975926
7 43 0.998478
7 44 0.983886
7 45 0.994873
7 46 0.998716
7 47 0.999786
7 48 0.999819
7 49 0.975926
7 50 0.954792
7 51 0.268234
7 52 0.415919
7 53 0.803068
7 54 0.997718
7 55 0.921048
7 56 0.997718
7 57 0.610510
7 58 0.983886
7 59 0.999857
7 60 0.946647
7 61 0.999937
7 62 0.998478
7 63 0.840896
7 64 0.677128
7 65 0.990903
7 66 0.268234
7 67 0.989228
7 68 0.210224
7 69 0.719662
7 70 0.415919
7 71 0.096388
7 72 0.994873
7 73 0.999999
7 74 0.096388
7 75 0.964107
7 76 0.986386
7 77 0.986386
7 78 0.803068
7 79 0.557193
7 80 0.999619
7 81 0.946647
7 82 0.803068
7 83 0.990903
7 84 0.901144
7 85 0.415919
7 86 0.096388
7 87 0.937084
7 88 0.993926
7 89 0.990903
7 90 0.268234
7 91 0.353553
7 92 0.803068
7 93 0.907126
7 94 0.921048
7 95 0.992319
7 96 0.415919
7 97 0.210224
7 98 0.999746
7 99 0.986386
8 0 0.999429
8 1 0.937084
8 2 0.964107
8 3 0.500000
8 4 0.096388
8 5 0.997718
8 6 0.907126
8 7 0.907126
8 8 0.000000
8 9 0.096388
8 10 0.975926
8 11 0.677128
8 12 0.863976
8 13 0.096388
8 14 0.096388
8 15 0.993926
8 16 0.964107
8 17 0.937084
8 18 0.999937
8 19 0.990903
8 20 0.994873
8 21 0.999997
8 22 0.999920
8 23 0.353553
8 24 0.210224
8 25 0.415919
8 26 0.999323
8 27 0.937084
8 28 0.975926
8 29 0.998074
8 30 0.992319
8 31 0.096388
8 32 0.937084
8 33 0.997718
8 34 0.964107
8 35 0.210224
8 36 0.999429
8 37 0.353553
8 38 0.999746
8 39 0.210224
8 40 0.937084
8 41 0.999905
8 42 0.999937
8 43 0.999429
8 44 0.677128
8 45 0.771105
8 46 0.999980
8 47 0.995947
8 48 0.990903
8 49 0.096388
8 50 0.907126
8 51 0.992319
8 52 0.557193
8 53 0.210224
8 54 0.999937
8 55 0.096388
8 56 0.997113
8 57 0.999857
8 58 0.999429
8 59 0.999984
8 60 0.677128
8 61 0.975926
8 62 0.029925
8 63 0.999593
8 64 0.975926
8 65 0.998074
8 66 0.096388
8 67 0.999277
8 68 0.979649
8 69 0.999619
8 70 0.610510
8 71 0.353553
8 72 0.210224
8 73 0.803068
8 74 0.993926
8 75 0.975926
8 76 0.771105
8 77 0.964107
8 78 0.921048
8 79 0.921048
8 80 0.993926
8 81 0.999619
8 82 0.999905
8 83 0.210224
8 84 0.210224
8 85 0.921048
8 86 0.992319
8 87 0.993926
8 88 0.210224
8 89 0.771105
8 90 0.999746
8 91 0.999991
8 92 0.993516
8 93 0.986386
8 94 0.771105
8 95 0.999518
8 96 0.096388
8 97 0.999989
8 98 0.719662
8 99 0.999946
9 0 0.268234
9 1 0.946647
9 2 0.999144
9 3 0.771105
9 4 0.997718
9 5 0.999999
9 6 0.719662
9 7 0.999857
9 8 0.096388
9 9 0.000000
9 10 0.353553
9 11 0.677128
9 12 0.994873
9 13 0.883941
9 14 0.210224
9 15 0.096388
9 16 0.210224
9 17 0.353553
9 18 0.988501
9 19 0.999857
9 20 0.999964
9 21 0.998716
9 22 0.863976
9 23 0.994873
9 24 0.500000
9 25 0.990903
9 26 0.210224
9 27 0.907126
9 28 0.995672
9 29 0.210224
9 30 0.983886
9 31 0.863976
9 32 0.999880
9 33 0.994873
9 34 0.138922
9 35 0.677128
9 36 0.353553
9 37 0.677128
9 38 0.999323
9 39 0.610510
9 40 0.557193
9 41 0.999997
9 42 0.210224
9 43 0.999905
9 44 0.096388
9 45 0.677128
9 46 0.999997
9 47 0.268234
9 48 0.986386
9 49 0.983886
9 50 0.677128
9 51 0.999880
9 52 0.998478
9 53 0.029925
9 54 0.999995
9 55 0.986386
9 56 0.803068
9 57 0.999997
9 58 0.096388
9 59 0.096388
9 60 0.996579
9 61 0.998478
9 62 0.999619
9 63 0.999987
9 64 0.993926
9 65 0.096388
9 66 0.990903
9 67 0.677128
9 68 0.998375
9 69 0.999932
9 70 0.979649
9 71 0.029925
9 72 0.954792
9 73 0.803068
9 74 0.210224
9 75 0.990903
9 76 0.415919
9 77 0.999946
9 78 0.863976
9 79 0.210224
9 80 0.907126
9 81 0.999819
9 82 0.986386
9 83 0.999619
9 84 0.771105
9 85 0.964107
9 86 0.993926
9 87 0.994873
9 88 0.096388
9 89 0.907126
9 90 0.029925
9 91 0.979649
9 92 0.993926
9 93 0.946647
9 94 0.029925
9 95 0.096388
9 96 0.096388
9 97 0.210224
9 98 0.983886
9 99 0.719662
10 0 0.990903
10 1 0.999429
10 2 0.096388
10 3 0.771105
10 4 0.096388
10 5 0.999619
10 6 0.975926
10 7 0.610510
10 8 0.975926
10 9 0.353553
10 10 0.000000
10 11 0.999429
10 12 0.096388
10 13 0.907126
10 14 0.999857
10 15 0.999920
10 16 0.996579
10 17 0.997296
10 18 0.964107
10 19 0.999679
10 20 0.983886
10 21 0.937084
10 22 0.964107
10 23 0.974313
10 24 0.210224
10 25 0.997718
10 26 0.557193
10 27 0.986386
10 28 0.937084
10 29 0.999679
10 30 0.997718
10 31 0.997718
10 32 0.096388
10 33 0.964107
10 34 0.803068
10 35 0.557193
10 36 0.992319
10 37 0.983886
10 38 0.994873
10 39 0.677128
10 40 0.999857
10 41 0.990903
10 42 0.557193
10 43 0.999987
10 44 0.803068
10 45 0.997718
10 46 0.979649
10 47 0.210224
10 48 0.990903
10 49 0.998074
10 50 0.964107
10 51 0.998074
10 52 0.998985
10 53 0.997113
10 54 0.863976
10 55 0.999999
10 56 0.994873
10 57 0.992319
10 58 0.994873
10 59 0.999920
10 60 0.964107
10 61 0.998074
10 62 0.997113
10 63 0.998074
10 64 0.268234
10 65 0.969629
10 66 0.353553
10 67 0.995947
10 68 0.210224
10 69 0.096388
10 70 0.999619
10 71 0.946647
10 72 0.803068
10 73 0.999619
10 74 0.996579
10 75 0.999991
10 76 0.999857
10 77 0.964107
10 78 0.907126
10 79 0.937084
10 80 0.999679
10 81 0.994873
10 82 0.990903
10 83 0.986386
10 84 0.999619
10 85 0.999880
10 86 0.999619
10 87 0.983886
10 88 0.999998
10 89 0.998074
10 90 0.329464
10 91 0.096388
10 92 0.990903
10 93 0.998985
10 94 0.210224
10 95 0.096388
10 96 0.998985
10 97 0.210224
10 98 0.999976
10 99 0.029925
11 0 0.964107
11 1 0.096388
11 2 0.937084
11 3 0.863976
11 4 0.993926
11 5 0.990903
11 6 0.999932
11 7 0.993926
11 8 0.677128
11 9 0.677128
11 10 0.999429
11 11 0.000000
11 12 0.210224
11 13 0.937084
11 14 0.979649
11 15 0.210224
11 16 0.983886
11 17 0.883941
11 18 0.983886
11 19 0.999955
11 20 0.997718
11 21 0.994873
11 22 0.990903
11 23 0.957603
11 24 0.969629
11 25 0.999144
11 26 0.983886
11 27 0.999946
11 28 0.719662
11 29 0.863976
11 30 0.096388
11 31 0.946647
11 32 0.863976
11 33 0.096388
11 34 0.999619
11 35 0.353553
11 36 0.997718
11 37 0.999946
11 38 0.771105
11 39 0.096388
11 40 0.964107
11 41 0.999786
11 42 0.096388
11 43 0.999277
11 44 0.997113
11 45 0.029925
11 46 0.998985
11 47 0.677128
11 48 0.946647
11 49 0.998478
11 50 0.997113
11 51 0.998074
11 52 0.210224
11 53 0.999429
11 54 0.975926
11 55 0.907126
11 56 0.883941
11 57 0.999144
11 58 0.677128
11 59 0.210224
11 60 0.994873
11 61 0.999619
11 62 0.557193
11 63 0.210224
11 64 0.096388
11 65 0.921048
11 66 0.677128
11 67 0.999946
11 68 0.999943
11 69 0.999905
11 70 0.210224
11 71 0.999994
11 72 0.999323
11 73 0.999619
11 74 0.999679
11 75 0.999277
11 76 0.863976
11 77 0.029925
11 78 0.803068
11 79 0.957603
11 80 0.863976
11 81 0.415919
11 82 0.096388
11 83 0.268234
11 84 0.557193
11 85 0.999518
11 86 0.946647
11 87 0.210224
11 88 0.999619
11 89 0.992319
11 90 0.997113
11 91 0.975926
11 92 0.946647
11 93 0.999429
11 94 0.863976
11 95 0.415919
11 96 0.998074
11 97 0.096388
11 98 0.803068
11 99 0.964107
12 0 0.999987
12 1 0.863976
12 2 0.415919
12 3 0.771105
12 4 0.210224
12 5 0.998478
12 6 0.932960
12 7 0.096388
12 8 0.863976
12 9 0.994873
12 10 0.096388
12 11 0.210224
12 12 0.000000
12 13 0.998916
12 14 0.990903
12 15 0.210224
12 16 0.993926
12 17 0.997718
12 18 0.677128
12 19 0.946647
12 20 0.557193
12 21 0.994873
12 22 0.993926
12 23 0.979649
12 24 0.990903
12 25 0.999429
12 26 0.096388
12 27 0.994873
12 28 0.907126
12 29 0.096388
12 30 0.997718
12 31 0.990903
12 32 0.998478
12 33 0.999857
12 34 0.353553
12 35 0.268234
12 36 0.557193
12 37 0.997718
12 38 0.993926
12 39 0.353553
12 40 0.996579
12 41 0.994873
12 42 0.979649
12 43 0.803068
12 44 0.937084
12 45 0.999429
12 46 0.096388
12 47 0.999970
12 48 0.096388
12 49 0.863976
12 50 0.677128
12 51 0.999619
12 52 0.986386
12 53 0.964107
12 54 0.353553
12 55 0.096388
12 56 0.954792
12 57 0.975926
12 58 0.907126
12 59 0.999144
12 60 0.907126
12 61 0.999786
12 62 0.986386
12 63 0.999144
12 64 0.999679
12 65 0.415919
12 66 0.677128
12 67 0.975926
12 68 0.994873
12 69 0.979649
12 70 0.946647
12 71 0.986386
12 72 0.999144
12 73 0.096388
12 74 0.995947
12 75 0.557193
12 76 0.999937
12 77 0.946647
12 78 0.979649
12 79 0.803068
12 80 0.210224
12 81 0.677128
12 82 0.946647
12 83 0.999920
12 84 0.998716
12 85 0.998478
12 86 0.353553
12 87 0.998985
12 88 0.999975
12 89 0.883941
12 90 0.975926
12 91 0.096388
12 92 0.907126
12 93 0.975926
12 94 0.557193
12 95 0.029925
12 96 0.771105
12 97 0.677128
12 98 0.771105
12 99 0.998478
13 0 0.677128
13 1 0.946647
13 2 0.946647
13 3 0.986386
13 4 0.996579
13 5 0.803068
13 6 0.995672
13 7 0.415919
13 8 0.096388
13 9 0.883941
13 10 0.907126
13 11 0.937084
13 12 0.998916
13 13 0.000000
13 14 0.999946
13 15 0.999984
13 16 0.999964
13 17 0.999746
13 18 0.986386
13 19 0.803068
13 20 0.719662
13 21 0.997718
13 22 0.210224
13 23 0.029925
13 24 0.999277
13 25 0.975926
13 26 0.999920
13 27 0.557193
13 28 0.999998
13 29 0.353553
13 30 0.907126
13 31 0.803068
13 32 0.907126
13 33 0.999857
13 34 0.353553
13 35 0.964107
13 36 0.677128
13 37 0.557193
13 38 0.096388
13 39 0.997718
13 40 0.803068
13 41 0.415919
13 42 0.979649
13 43 0.964107
13 44 0.415919
13 45 0.990903
13 46 0.996579
13 47 0.986386
13 48 0.999277
13 49 0.771105
13 50 0.993926
13 51 0.907126
13 52 0.096388
13 53 0.210224
13 54 0.937084
13 55 0.353553
13 56 0.096388
13 57 0.982801
13 58 0.986386
13 59 0.803068
13 60 0.999786
13 61 0.975926
13 62 0.999905
13 63 0.998478
13 64 0.992319
13 65 0.883941
13 66 0.999987
13 67 0.997718
13 68 0.979649
13 69 0.096388
13 70 0.771105
13 71 0.975926
13 72 0.999831
13 73 0.999989
13 74 0.268234
13 75 0.921048
13 76 0.999144
13 77 0.996579
13 78 0.957603
13 79 0.975926
13 80 0.998478
13 81 0.990903
13 82 0.998716
13 83 0.921048
13 84 0.863976
13 85 0.996579
13 86 0.268234
13 87 0.907126
13 88 0.995947
13 89 0.937084
13 90 0.990903
13 91 0.096388
13 92 0.946647
13 93 0.986386
13 94 0.982801
13 95 0.992319
13 96 0.907126
13 97 0.677128
13 98 0.993926
13 99 0.990903
14 0 0.677128
14 1 0.999946
14 2 0.210224
14 3 0.415919
14 4 0.986386
14 5 0.946647
14 6 0.999999
14 7 0.005177
14 8 0.096388
14 9 0.210224
14 10 0.999857
14 11 0.979649
14 12 0.990903
14 13 0.999946
14 14 0.000000
14 15 0.907126
14 16 0.979649
14 17 0.210224
14 18 0.954792
14 19 0.415919
14 20 0.096388
14 21 0.677128
14 22 0.883941
14 23 0.907126
14 24 0.803068
14 25 0.988501
14 26 0.863976
14 27 0.998716
14 28 0.999679
14 29 0.964107
14 30 0.907126
14 31 0.353553
14 32 0.999786
14 33 0.883941
14 34 0.964107
14 35 0.210224
14 36 0.937084
14 37 0.415919
14 38 0.957603
14 39 0.964107
14 40 0.946647
14 41 0.771105
14 42 0.999679
14 43 0.999277
14 44 0.998074
14 45 0.831064
14 46 0.863976
14 47 0.975926
14 48 0.999946
14 49 0.771105
14 50 0.990903
14 51 0.883941
14 52 0.946647
14 53 0.983886
14 54 0.757621
14 55 0.998985
14 56 0.975926
14 57 0.996579
14 58 0.999920
14 59 0.999920
14 60 0.210224
14 61 0.500000
14 62 0.964107
14 63 0.937084
14 64 0.994873
14 65 0.999964
14 66 0.999946
14 67 0.964107
14 68 0.937084
14 69 0.096388
14 70 0.964107
14 71 0.993926
14 72 0.907126
14 73 0.996579
14 74 0.210224
14 75 0.983886
14 76 0.210224
14 77 0.996579
14 78 0.964107
14 79 0.997718
14 80 0.907126
14 81 0.998478
14 82 0.946647
14 83 0.998074
14 84 0.996579
14 85 0.937084
14 86 0.990903
14 87 0.999997
14 88 0.353553
14 89 0.677128
14 90 0.999955
14 91 0.998916
14 92 0.998716
14 93 0.993926
14 94 0.964107
14 95 0.096388
14 96 0.964107
14 97 0.964107
14 98 0.757621
14 99 0.997296
15 0 0.986386
15 1 0.997718
15 2 0.863976
15 3 0.975926
15 4 0.719662
15 5 0.907126
15 6 0.997296
15 7 0.999989
15 8 0.993926
15 9 0.096388
15 10 0.999920
15 11 0.210224
15 12 0.210224
15 13 0.999984
15 14 0.907126
15 15 0.000000
15 16 0.415919
15 17 0.557193
15 18 0.138922
15 19 0.999955
15 20 0.677128
15 21 0.990903
15 22 0.610510
15 23 0.957603
15 24 0.353553
15 25 0.210224
15 26 0.999277
15 27 0.353553
15 28 0.210224
15 29 0.997718
15 30 0.969629
15 31 0.998478
15 32 0.998478
15 33 0.096388
15 34 0.863976
15 35 0.210224
15 36 0.996579
15 37 0.210224
15 38 0.863976
15 39 0.999786
15 40 0.719662
15 41 0.957603
15 42 0.964107
15 43 0.210224
15 44 0.803068
15 45 0.831064
15 46 0.771105
15 47 0.999144
15 48 0.677128
15 49 0.937084
15 50 0.353553
15 51 0.210224
15 52 0.996579
15 53 0.999518
15 54 0.353553
15 55 0.329464
15 56 0.986386
15 57 0.937084
15 58 0.677128
15 59 0.990903
15 60 0.992319
15 61 0.992319
15 62 0.500000
15 63 0.999746
15 64 0.999786
15 65 0.983886
15 66 0.677128
15 67 0.557193
15 68 0.999857
15 69 0.992319
15 70 0.831064
15 71 0.210224
15 72 0.999992
15 73 0.979649
15 74 0.979649
15 75 0.990903
15 76 0.998985
15 77 0.803068
15 78 0.999786
15 79 0.863976
15 80 0.677128
15 81 0.999144
15 82 0.999786
15 83 0.986386
15 84 0.975926
15 85 0.999518
15 86 0.946647
15 87 0.986386
15 88 0.999679
15 89 0.907126
15 90 0.096388
15 91 0.999144
15 92 0.210224
15 93 0.964107
15 94 0.901144
15 95 0.999144
15 96 0.994873
15 97 0.979649
15 98 0.999746
15 99 0.840896
16 0 0.998916
16 1 0.029925
16 2 0.999955
16 3 0.677128
16 4 0.999429
16 5 0.983886
16 6 0.989228
16 7 0.999920
16 8 0.964107
16 9 0.210224
16 10 0.996579
16 11 0.983886
16 12 0.993926
16 13 0.999964
16 14 0.979649
16 15 0.415919
16 16 0.000000
16 17 0.998478
16 18 0.999619
16 19 0.005177
16 20 0.210224
16 21 0.996579
16 22 0.999964
16 23 0.996579
16 24 0.997113
16 25 0.210224
16 26 0.096388
16 27 0.883941
16 28 0.096388
16 29 0.979649
16 30 0.803068
16 31 0.999746
16 32 0.932960
16 33 0.268234
16 34 0.986386
16 35 0.096388
16 36 0.096388
16 37 0.983886
16 38 0.982801
16 39 0.999518
16 40 0.998478
16 41 0.937084
16 42 0.863976
16 43 0.677128
16 44 0.029925
16 45 0.999947
16 46 0.993926
16 47 0.999976
16 48 0.557193
16 49 0.831064
16 50 0.863976
16 51 0.937084
16 52 0.863976
16 53 0.946647
16 54 0.907126
16 55 0.999679
16 56 0.986386
16 57 0.863976
16 58 0.937084
16 59 0.993515
16 60 0.979649
16 61 0.974313
16 62 0.096388
16 63 0.557193
16 64 0.999964
16 65 0.975926
16 66 0.096388
16 67 0.771105
16 68 0.997718
16 69 0.988501
16 70 0.990903
16 71 0.996579
16 72 0.771105
16 73 0.999679
16 74 0.500000
16 75 0.138922
16 76 0.998478
16 77 0.999980
16 78 0.964107
16 79 0.937084
16 80 0.999998
16 81 0.677128
16 82 0.993926
16 83 0.921048
16 84 0.210224
16 85 0.998716
16 86 0.999144
16 87 0.975926
16 88 0.937084
16 89 0.999989
16 90 0.998478
16 91 0.946647
16 92 0.946647
16 93 0.883941
16 94 0.990903
16 95 0.999989
16 96 0.096388
16 97 0.999429
16 98 0.998478
16 99 0.990903
17 0 0.268234
17 1 0.986386
17 2 0.999323
17 3 0.975926
17 4 0.994873
17 5 0.993926
17 6 0.975926
17 7 0.982801
17 8 0.937084
17 9 0.353553
17 10 0.997296
17 11 0.883941
17 12 0.997718
17 13 0.999746
17 14 0.210224
17 15 0.557193
17 16 0.998478
17 17 0.000000
17 18 0.999995
17 19 0.996579
17 20 0.210224
17 21 0.990903
17 22 0.557193
17 23 0.863976
17 24 0.937084
17 25 0.096388
17 26 0.210224
17 27 0.999970
17 28 0.994873
17 29 0.999679
17 30 0.999831
17 31 0.998985
17 32 0.353553
17 33 0.995672
17 34 0.907126
17 35 0.415919
17 36 0.999976
17 37 0.995947
17 38 0.999984
17 39 0.907126
17 40 0.557193
17 41 0.998074
17 42 0.986386
17 43 0.415919
17 44 0.677128
17 45 0.210224
17 46 0.995947
17 47 0.997296
17 48 0.996579
17 49 0.210224
17 50 0.997718
17 51 0.210224
17 52 0.996579
17 53 0.992319
17 54 0.677128
17 55 0.210224
17 56 0.943129
17 57 0.979649
17 58 0.999144
17 59 0.863976
17 60 0.992319
17 61 0.999937
17 62 0.999277
17 63 0.983886
17 64 0.999429
17 65 0.029925
17 66 0.983886
17 67 0.610510
17 68 0.999999
17 69 0.994873
17 70 0.964107
17 71 0.096388
17 72 0.993926
17 73 0.999144
17 74 0.029925
17 75 0.557193
17 76 0.210224
17 77 0.997718
17 78 0.999987
17 79 0.999946
17 80 0.096388
17 81 0.975926
17 82 0.999857
17 83 0.964107
17 84 0.771105
17 85 0.979649
17 86 0.210224
17 87 0.999144
17 88 0.994873
17 89 0.964107
17 90 0.096388
17 91 0.937084
17 92 0.999976
17 93 0.999679
17 94 0.998716
17 95 0.997718
17 96 0.999144
17 97 0.946647
17 98 0.994873
17 99 0.677128
18 0 0.415919
18 1 0.979649
18 2 0.677128
18 3 0.771105
18 4 0.999679
18 5 0.937084
18 6 0.096388
18 7 0.999619
18 8 0.999937
18 9 0.988501
18 10 0.964107
18 11 0.983886
18 12 0.677128
18 13 0.986386
18 14 0.954792
18 15 0.138922
18 16 0.999619
18 17 0.999995
18 18 0.000000
18 19 0.988501
18 20 0.999786
18 21 0.353553
18 22 0.029925
18 23 0.975926
18 24 0.477022
18 25 0.210224
18 26 0.907126
18 27 0.353553
18 28 0.964107
18 29 0.415919
18 30 0.995947
18 31 0.677128
18 32 0.993926
18 33 0.998985
18 34 0.719662
18 35 0.964107
18 36 0.995947
18 37 0.974313
18 38 0.771105
18 39 0.964107
18 40 0.210224
18 41 0.989228
18 42 0.999937
18 43 0.996579
18 44 0.997113
18 45 0.863976
18 46 0.979649
18 47 0.999987
18 48 0.995672
18 49 0.557193
18 50 0.997718
18 51 0.995947
18 52 0.803068
18 53 0.998478
18 54 0.990903
18 55 0.557193
18 56 0.863976
18 57 0.096388
18 58 0.964107
18 59 0.268234
18 60 0.268234
18 61 0.557193
18 62 0.999955
18 63 0.999746
18 64 0.500000
18 65 0.999920
18 66 0.999619
18 67 0.999920
18 68 0.353553
18 69 0.964107
18 70 0.975926
18 71 0.863976
18 72 0.415919
18 73 0.005177
18 74 0.831064
18 75 0.803068
18 76 0.995947
18 77 0.415919
18 78 0.883941
18 79 0.921048
18 80 0.999999
18 81 0.999729
18 82 0.999518
18 83 0.557193
18 84 0.994873
18 85 0.969629
18 86 0.964107
18 87 0.353553
18 88 0.993926
18 89 0.964107
18 90 0.803068
18 91 0.999679
18 92 0.996579
18 93 0.803068
18 94 0.677128
18 95 0.210224
18 96 0.999518
18 97 0.999970
18 98 0.210224
18 99 0.096388
19 0 0.937084
19 1 0.964107
19 2 0.997718
19 3 0.999946
19 4 0.096388
19 5 0.986386
19 6 0.415919
19 7 0.210224
19 8 0.990903
19 9 0.999857
19 10 0.999679
19 11 0.999955
19 12 0.946647
19 13 0.803068
19 14 0.415919
19 15 0.999955
19 16 0.005177
19 17 0.996579
19 18 0.988501
19 19 0.000000
19 20 0.999679
19 21 0.557193
19 22 0.992319
19 23 0.353553
19 24 0.995947
19 25 0.998985
19 26 0.969629
19 27 0.986386
19 28 0.719662
19 29 0.964107
19 30 0.610510
19 31 0.907126
19 32 0.996579
19 33 0.210224
19 34 0.997113
19 35 0.353553
19 36 0.803068
19 37 0.996579
19 38 0.969629
19 39 0.997718
19 40 0.999729
19 41 0.999144
19 42 0.883941
19 43 0.096388
19 44 0.997296
19 45 0.353553
19 46 0.999991
19 47 0.719662
19 48 0.998478
19 49 0.999995
19 50 0.907126
19 51 0.975926
19 52 0.999144
19 53 0.999277
19 54 0.353553
19 55 0.771105
19 56 0.999995
19 57 0.997718
19 58 0.999994
19 59 0.999786
19 60 0.907126
19 61 0.840896
19 62 0.975926
19 63 0.993926
19 64 0.921048
19 65 0.210224
19 66 0.999980
19 67 0.989228
19 68 0.921048
19 69 0.771105
19 70 0.998478
19 71 0.994873
19 72 0.996579
19 73 0.210224
19 74 0.999144
19 75 0.999390
19 76 0.998074
19 77 0.557193
19 78 0.557193
19 79 0.840896
19 80 0.029925
19 81 0.907126
19 82 0.210224
19 83 0.975926
19 84 0.096388
19 85 0.994873
19 86 0.996579
19 87 0.096388
19 88 0.986386
19 89 0.353553
19 90 0.983886
19 91 0.863976
19 92 0.986386
19 93 0.353553
19 94 0.994873
19 95 0.998074
19 96 0.998985
19 97 0.557193
19 98 0.999991
19 99 0.993515
20 0 0.803068
20 1 0.999976
20 2 0.946647
20 3 0.990289
20 4 0.964107
20 5 0.803068
20 6 0.975926
20 7 0.998478
20 8 0.994873
20 9 0.999964
20 10 0.983886
20 11 0.997718
20 12 0.557193
20 13 0.719662
20 14 0.096388
20 15 0.677128
20 16 0.210224
20 17 0.210224
20 18 0.999786
20 19 0.999679
20 20 0.000000
20 21 0.999964
20 22 0.210224
20 23 0.996579
20 24 0.993926
20 25 0.883941
20 26 0.996579
20 27 0.999679
20 28 0.757621
20 29 0.096388
20 30 0.999786
20 31 0.029925
20 32 0.210224
20 33 0.677128
20 34 0.883941
20 35 0.840896
20 36 0.907126
20 37 0.096388
20 38 0.975926
20 39 0.096388
20 40 0.986386
20 41 0.096388
20 42 0.210224
20 43 0.937084
20 44 0.999746
20 45 0.803068
20 46 0.353553
20 47 0.999144
20 48 0.997718
20 49 0.907126
20 50 0.415919
20 51 0.210224
20 52 0.998985
20 53 0.998478
20 54 0.096388
20 55 0.415919
20 56 0.969629
20 57 0.979649
20 58 0.677128
20 59 0.993926
20 60 0.677128
20 61 0.954792
20 62 0.210224
20 63 0.999970
20 64 0.992319
20 65 0.999955
20 66 0.210224
20 67 0.999998
20 68 0.999429
20 69 0.969629
20 70 0.992319
20 71 0.353553
20 72 0.863976
20 73 0.863976
20 74 0.907126
20 75 0.994873
20 76 0.771105
20 77 0.997718
20 78 0.995672
20 79 0.999144
20 80 0.975926
20 81 0.999679
20 82 0.975926
20 83 0.719662
20 84 0.997718
20 85 0.719662
20 86 0.999946
20 87 0.096388
20 88 0.096388
20 89 0.210224
20 90 0.983886
20 91 0.096388
20 92 0.986386
20 93 0.995947
20 94 0.990903
20 95 0.138922
20 96 0.921048
20 97 0.999857
20 98 0.999905
20 99 0.901145
21 0 0.353553
21 1 0.999746
21 2 0.771105
21 3 0.210224
21 4 0.997718
21 5 0.988501
21 6 0.353553
21 7 0.557193
21 8 0.999997
21 9 0.998716
21 10 0.937084
21 11 0.994873
21 12 0.994873
21 13 0.997718
21 14 0.677128
21 15 0.990903
21 16 0.996579
21 17 0.990903
21 18 0.353553
21 19 0.557193
21 20 0.999964
21 21 0.000000
21 22 0.998985
21 23 0.997113
21 24 0.983886
21 25 0.353553
21 26 0.999390
21 27 0.999998
21 28 0.415919
21 29 0.999964
21 30 0.997113
21 31 0.557193
21 32 0.096388
21 33 0.979649
21 34 0.999995
21 35 0.029925
21 36 0.883941
21 37 0.096388
21 38 0.997718
21 39 0.999679
21 40 0.999144
21 41 0.096388
21 42 0.353553
21 43 0.997718
21 44 0.990903
21 45 0.990903
21 46 0.999989
21 47 0.983886
21 48 0.999920
21 49 0.986386
21 50 0.994873
21 51 0.986386
21 52 0.999995
21 53 0.029925
21 54 0.677128
21 55 0.907126
21 56 0.975926
21 57 0.993926
21 58 0.998716
21 59 0.210224
21 60 0.986386
21 61 0.096388
21 62 0.415919
21 63 0.999746
21 64 0.415919
21 65 0.999144
21 66 0.210224
21 67 0.975926
21 68 0.999729
21 69 0.946647
21 70 0.719662
21 71 0.677128
21 72 0.998985
21 73 0.557193
21 74 0.210224
21 75 0.998478
21 76 0.677128
21 77 0.964107
21 78 0.999746
21 79 0.999323
21 80 0.210224
21 81 0.999144
21 82 0.353553
21 83 0.975926
21 84 0.999619
21 85 0.997718
21 86 0.883941
21 87 0.964107
21 88 0.999786
21 89 0.992319
21 90 0.029925
21 91 0.268234
21 92 0.999964
21 93 0.999857
21 94 0.957603
21 95 0.999144
21 96 0.975926
21 97 0.982801
21 98 0.210224
21 99 0.954792
22 0 0.999429
22 1 0.999976
22 2 0.803068
22 3 0.610509
22 4 0.986386
22 5 0.677128
22 6 0.415919
22 7 0.210224
22 8 0.999920
22 9 0.863976
22 10 0.964107
22 11 0.990903
22 12 0.993926
22 13 0.210224
22 14 0.883941
22 15 0.610510
22 16 0.999964
22 17 0.557193
22 18 0.029925
22 19 0.992319
22 20 0.210224
22 21 0.998985
22 22 0.000000
22 23 0.946647
22 24 0.840896
22 25 0.946647
22 26 0.986386
22 27 0.975926
22 28 0.415919
22 29 0.999518
22 30 0.993926
22 31 0.477022
22 32 0.993926
22 33 0.964107
22 34 0.994873
22 35 0.353553
22 36 0.990903
22 37 0.964107
22 38 0.994873
22 39 0.997718
22 40 0.999905
22 41 0.997718
22 42 0.998074
22 43 0.989228
22 44 0.996579
22 45 0.803068
22 46 0.964107
22 47 0.096388
22 48 0.999976
22 49 0.992319
22 50 0.863976
22 51 0.677128
22 52 0.999619
22 53 0.210224
22 54 0.210224
22 55 0.096388
22 56 0.999429
22 57 0.990903
22 58 0.999920
22 59 0.353553
22 60 0.863976
22 61 0.268234
22 62 0.999976
22 63 0.999144
22 64 0.719662
22 65 0.921048
22 66 0.771105
22 67 0.557193
22 68 0.477022
22 69 0.803068
22 70 0.677128
22 71 0.210224
22 72 0.946647
22 73 0.210224
22 74 0.353553
22 75 0.005177
22 76 0.415919
22 77 0.932960
22 78 0.883941
22 79 0.999955
22 80 0.998985
22 81 0.993515
22 82 0.353553
22 83 0.096388
22 84 0.994873
22 85 0.353553
22 86 0.677128
22 87 0.863976
22 88 0.863976
22 89 0.353553
22 90 0.990903
22 91 0.937084
22 92 0.979649
22 93 0.029925
22 94 0.771105
22 95 0.998478
22 96 0.964107
22 97 0.996579
22 98 0.557193
22 99 0.999144
23 0 0.771105
23 1 0.999518
23 2 0.986386
23 3 0.803068
23 4 0.996579
23 5 0.999880
23 6 0.677128
23 7 0.994873
23 8 0.353553
23 9 0.994873
23 10 0.974313
23 11 0.957603
23 12 0.979649
23 13 0.029925
23 14 0.907126
23 15 0.957603
23 16 0.996579
23 17 0.863976
23 18 0.975926
23 19 0.353553
23 20 0.996579
23 21 0.997113
23 22 0.946647
23 23 0.000000
23 24 0.999429
23 25 0.096388
23 26 0.999999
23 27 0.210224
23 28 0.993926
23 29 0.415919
23 30 0.974313
23 31 0.096388
23 32 0.983886
23 33 0.883941
23 34 0.999857
23 35 0.993926
23 36 0.998985
23 37 0.998716
23 38 0.415919
23 39 0.983886
23 40 0.995672
23 41 0.998716
23 42 0.986386
23 43 0.999518
23 44 0.557193
23 45 0.999429
23 46 0.999729
23 47 0.990903
23 48 0.557193
23 49 0.946647
23 50 0.210224
23 51 0.803068
23 52 0.999905
23 53 0.993926
23 54 0.210224
23 55 0.964107
23 56 0.946647
23 57 0.996579
23 58 0.964107
23 59 0.771105
23 60 0.096388
23 61 0.995947
23 62 0.999429
23 63 0.210224
23 64 0.210224
23 65 0.999964
23 66 0.937084
23 67 0.999857
23 68 0.771105
23 69 0.999880
23 70 0.994873
23 71 0.937084
23 72 0.210224
23 73 0.557193
23 74 0.353553
23 75 0.610510
23 76 0.999619
23 77 0.997718
23 78 0.907126
23 79 0.677128
23 80 0.677128
23 81 0.999679
23 82 0.096388
23 83 0.210224
23 84 0.096388
23 85 0.096388
23 86 0.983886
23 87 0.999786
23 88 0.677128
23 89 0.999786
23 90 0.803068
23 91 0.907126
23 92 0.988501
23 93 0.907126
23 94 0.210224
23 95 0.210224
23 96 0.096388
23 97 0.990903
23 98 0.999518
23 99 0.998716
24 0 0.771105
24 1 0.999144
24 2 0.946647
24 3 0.990903
24 4 0.803068
24 5 0.210224
24 6 0.975926
24 7 0.986386
24 8 0.210224
24 9 0.500000
24 10 0.210224
24 11 0.969629
24 12 0.990903
24 13 0.999277
24 14 0.803068
24 15 0.353553
24 16 0.997113
24 17 0.937084
24 18 0.477022
24 19 0.995947
24 20 0.993926
24 21 0.983886
24 22 0.840896
24 23 0.999429
24 24 0.000000
24 25 0.997718
24 26 0.964107
24 27 0.964107
24 28 0.999976
24 29 0.969629
24 30 0.964107
24 31 0.995947
24 32 0.096388
24 33 0.999831
24 34 0.986386
24 35 0.999984
24 36 0.986386
24 37 0.557193
24 38 0.937084
24 39 0.998478
24 40 0.096388
24 41 0.921048
24 42 0.138922
24 43 0.999998
24 44 0.999518
24 45 0.907126
24 46 0.946647
24 47 0.029925
24 48 0.969629
24 49 0.803068
24 50 0.999998
24 51 0.771105
24 52 0.997718
24 53 0.999905
24 54 0.999619
24 55 0.719662
24 56 0.353553
24 57 0.999999
24 58 0.029925
24 59 0.096388
24 60 0.999996
24 61 0.557193
24 62 0.993926
24 63 0.999998
24 64 0.353553
24 65 0.677128
24 66 0.863976
24 67 0.096388
24 68 0.979649
24 69 0.677128
24 70 0.921048
24 71 0.840896
24 72 0.997718
24 73 0.946647
24 74 0.990903
24 75 0.986386
24 76 0.677128
24 77 0.964107
24 78 0.907126
24 79 0.969629
24 80 0.677128
24 81 0.999144
24 82 0.983886
24 83 0.999518
24 84 0.999984
24 85 0.964107
24 86 0.997113
24 87 0.990903
24 88 0.907126
24 89 0.210224
24 90 0.993926
24 91 0.138922
24 92 0.415919
24 93 0.954792
24 94 0.998478
24 95 0.353553
24 96 0.096388
24 97 0.557193
24 98 0.907126
24 99 0.974313
25 0 0.999518
25 1 0.964107
25 2 0.210224
25 3 0.979649
25 4 0.975926
25 5 0.771105
25 6 0.946647
25 7 0.986386
25 8 0.415919
25 9 0.990903
25 10 0.997718
25 11 0.999144
25 12 0.999429
25 13 0.975926
25 14 0.988501
25 15 0.210224
25 16 0.210224
25 17 0.096388
25 18 0.210224
25 19 0.998985
25 20 0.883941
25 21 0.353553
25 22 0.946647
25 23 0.096388
25 24 0.997718
25 25 0.000000
25 26 0.996579
25 27 0.210224
25 28 0.993926
25 29 0.997113
25 30 0.831064
25 31 0.986386
25 32 0.757621
25 33 0.677128
25 34 0.610510
25 35 0.999947
25 36 0.210224
25 37 0.990903
25 38 0.096388
25 39 0.982801
25 40 0.937084
25 41 0.992319
25 42 0.353553
25 43 0.999880
25 44 0.329464
25 45 0.993926
25 46 0.863976
25 47 0.677128
25 48 0.992319
25 49 0.964107
25 50 0.937084
25 51 0.415919
25 52 0.996579
25 53 0.353553
25 54 0.999786
25 55 0.863976
25 56 0.998916
25 57 0.975926
25 58 0.353553
25 59 0.999980
25 60 0.937084
25 61 0.999958
25 62 0.803068
25 63 0.993926
25 64 0.946647
25 65 0.999947
25 66 0.999429
25 67 0.677128
25 68 0.996579
25 69 0.677128
25 70 0.993926
25 71 0.990903
25 72 0.995947
25 73 0.999946
25 74 0.989228
25 75 0.210224
25 76 0.677128
25 77 0.883941
25 78 0.210224
25 79 0.907126
25 80 0.969629
25 81 0.921048
25 82 0.946647
25 83 0.353553
25 84 0.921048
25 85 0.998478
25 86 0.969629
25 87 0.999857
25 88 0.907126
25 89 0.999999
25 90 0.986386
25 91 0.029925
25 92 0.883941
25 93 0.992319
25 94 0.992319
25 95 0.969629
25 96 0.998985
25 97 0.946647
25 98 0.998478
25 99 0.677128
26 0 0.863976
26 1 0.096388
26 2 0.268234
26 3 0.990903
26 4 0.993516
26 5 0.995947
26 6 0.982801
26 7 0.210224
26 8 0.999323
26 9 0.210224
26 10 0.557193
26 11 0.983886
26 12 0.096388
26 13 0.999920
26 14 0.863976
26 15 0.999277
26 16 0.096388
26 17 0.210224
26 18 0.907126
26 19 0.969629
26 20 0.996579
26 21 0.999390
26 22 0.986386
26 23 0.999999
26 24 0.964107
26 25 0.996579
26 26 0.000000
26 27 0.557193
26 28 0.998478
26 29 0.995947
26 30 0.992319
26 31 0.998716
26 32 0.979649
26 33 0.557193
26 34 0.096388
26 35 0.946647
26 36 0.831064
26 37 0.990903
26 38 0.999619
26 39 0.999920
26 40 0.986386
26 41 0.997113
26 42 0.677128
26 43 0.029925
26 44 0.677128
26 45 0.999992
26 46 0.921048
26 47 0.803068
26 48 0.771105
26 49 0.994873
26 50 0.907126
26 51 0.907126
26 52 0.994873
26 53 0.210224
26 54 0.210224
26 55 0.999987
26 56 0.994873
26 57 0.415919
26 58 0.999144
26 59 0.771105
26 60 0.975926
26 61 0.993926
26 62 0.771105
26 63 0.353553
26 64 0.268234
26 65 0.863976
26 66 0.921048
26 67 0.771105
26 68 0.210224
26 69 0.999593
26 70 0.986386
26 71 0.997718
26 72 0.937084
26 73 0.840896
26 74 0.999958
26 75 0.986386
26 76 0.990903
26 77 0.999998
26 78 0.986386
26 79 0.921048
26 80 0.803068
26 81 0.988501
26 82 0.999998
26 83 0.983886
26 84 0.983886
26 85 0.268234
26 86 0.969629
26 87 0.921048
26 88 0.921048
26 89 0.268234
26 90 0.998478
26 91 0.557193
26 92 0.210224
26 93 0.907126
26 94 0.983886
26 95 0.096388
26 96 0.557193
26 97 0.415919
26 98 0.677128
26 99 0.719662
27 0 0.907126
27 1 0.986386
27 2 0.999786
27 3 0.999980
27 4 0.096388
27 5 0.964107
27 6 0.210224
27 7 0.557193
27 8 0.937084
27 9 0.907126
27 10 0.986386
27 11 0.999946
27 12 0.994873
27 13 0.557193
27 14 0.998716
27 15 0.353553
27 16 0.883941
27 17 0.999970
27 18 0.353553
27 19 0.986386
27 20 0.999679
27 21 0.999998
27 22 0.975926
27 23 0.210224
27 24 0.964107
27 25 0.210224
27 26 0.557193
27 27 0.000000
27 28 0.863976
27 29 0.210224
27 30 0.771105
27 31 0.557193
27 32 0.986386
27 33 0.946647
27 34 0.677128
27 35 0.415919
27 36 0.907126
27 37 0.993926
27 38 0.771105
27 39 0.999905
27 40 0.210224
27 41 0.883941
27 42 0.937084
27 43 0.998478
27 44 0.964107
27 45 0.096388
27 46 0.771105
27 47 0.863976
27 48 0.975926
27 49 0.353553
27 50 0.986386
27 51 0.946647
