0 0 0.000000
0 1 0.999998
0 2 0.999997
0 3 0.096388
0 4 0.803068
0 5 0.999998
0 6 0.999995
0 7 0.998843
0 8 0.999999
0 9 0.268234
0 10 0.999986
0 11 0.999983
0 12 0.999993
0 13 0.999991
0 14 0.268234
0 15 0.987725
0 16 0.999999
0 17 0.997944
0 18 0.999277
0 19 0.932960
0 20 0.329464
0 21 0.979649
0 22 0.999996
0 23 0.990289
0 24 0.999857
0 25 0.999847
0 26 0.997113
0 27 0.997113
0 28 0.999711
0 29 0.994873
0 30 0.999999
0 31 0.969629
0 32 0.999999
0 33 0.982801
0 34 0.997113
0 35 0.998716
0 36 0.029925
0 37 0.998375
0 38 0.999679
0 39 0.999729
0 40 0.999932
0 41 0.999932
0 42 0.999518
0 43 0.999999
0 44 0.999997
0 45 0.999994
0 46 0.999932
0 47 0.096388
0 48 0.999989
0 49 0.988501
0 50 0.029925
0 51 0.999999
0 52 0.999997
0 53 0.999999
0 54 0.999998
0 55 0.029925
0 56 0.005177
0 57 0.999729
0 58 0.951799
0 59 0.998375
0 60 0.999962
0 61 0.999932
0 62 0.268234
0 63 0.999999
0 64 0.883941
0 65 0.999962
0 66 0.999277
0 67 0.999848
0 68 0.999999
0 69 0.964107
0 70 0.999486
0 71 0.999518
0 72 0.999898
0 73 0.999880
0 74 0.999995
0 75 0.999989
0 76 0.998716
0 77 0.999992
0 78 0.999999
0 79 0.997944
0 80 0.999277
0 81 0.999679
0 82 0.999807
0 83 0.999999
0 84 0.096388
0 85 0.999848
0 86 0.029925
0 87 0.994873
0 88 0.999975
0 89 0.999928
0 90 0.999943
0 91 0.999992
0 92 0.999593
0 93 0.999999
0 94 0.990289
0 95 0.210224
0 96 0.998375
0 97 0.992319
0 98 0.999995
0 99 0.999970
1 0 0.999998
1 1 0.000000
1 2 0.999998
1 3 0.998074
1 4 0.999729
1 5 0.999992
1 6 0.994526
1 7 0.995672
1 8 0.999518
1 9 0.999996
1 10 0.999999
1 11 0.415919
1 12 0.974313
1 13 0.992319
1 14 0.999998
1 15 0.999970
1 16 0.029925
1 17 0.999999
1 18 0.967602
1 19 0.998916
1 20 0.999999
1 21 0.999999
1 22 0.999998
1 23 0.999998
1 24 0.999992
1 25 0.999594
1 26 0.096388
1 27 0.985469
1 28 0.999995
1 29 0.999996
1 30 0.999989
1 31 0.999998
1 32 0.997944
1 33 0.641070
1 34 0.999998
1 35 0.999729
1 36 0.915921
1 37 0.999955
1 38 0.999976
1 39 0.999975
1 40 0.096388
1 41 0.988501
1 42 0.999819
1 43 0.998375
1 44 0.268234
1 45 0.985469
1 46 0.999872
1 47 0.999390
1 48 0.415919
1 49 0.999970
1 50 0.974313
1 51 0.999998
1 52 0.051779
1 53 0.831064
1 54 0.996347
1 55 0.999994
1 56 0.999970
1 57 0.999997
1 58 0.999848
1 59 0.999990
1 60 0.999932
1 61 0.096388
1 62 0.999984
1 63 0.210224
1 64 0.999771
1 65 0.999998
1 66 0.943131
1 67 0.999518
1 68 0.999786
1 69 0.999999
1 70 0.999228
1 71 0.901145
1 72 0.831064
1 73 0.999997
1 74 0.999998
1 75 0.999980
1 76 0.937084
1 77 0.999973
1 78 0.999992
1 79 0.988501
1 80 0.999992
1 81 0.999997
1 82 0.999943
1 83 0.999975
1 84 0.999932
1 85 0.999962
1 86 0.999771
1 87 0.268234
1 88 0.994526
1 89 0.999995
1 90 0.855444
1 91 0.096388
1 92 0.999998
1 93 0.999983
1 94 0.999968
1 95 0.998916
1 96 0.999277
1 97 0.974313
1 98 0.999994
1 99 0.978284
2 0 0.999997
2 1 0.999998
2 2 0.000000
2 3 0.999999
2 4 0.998629
2 5 0.999998
2 6 0.096388
2 7 0.999999
2 8 0.999975
2 9 0.999999
2 10 0.921048
2 11 0.995672
2 12 0.985469
2 13 0.999898
2 14 0.982801
2 15 0.992319
2 16 0.999998
2 17 0.999996
2 18 0.999880
2 19 0.997113
2 20 0.999729
2 21 0.999946
2 22 0.999955
2 23 0.999994
2 24 0.998629
2 25 0.096388
2 26 0.932960
2 27 0.999998
2 28 0.999998
2 29 0.999857
2 30 0.096388
2 31 0.641070
2 32 0.992319
2 33 0.997563
2 34 0.999729
2 35 0.999880
2 36 0.999986
2 37 0.557193
2 38 0.096388
2 39 0.999819
2 40 0.999898
2 41 0.999955
2 42 0.999998
2 43 0.138922
2 44 0.999786
2 45 0.992319
2 46 0.954792
2 47 0.995672
2 48 0.415919
2 49 0.999997
2 50 0.999999
2 51 0.999979
2 52 0.999999
2 53 0.999962
2 54 0.999983
2 55 0.988501
2 56 0.210224
2 57 0.883941
2 58 0.999998
2 59 0.096388
2 60 0.029925
2 61 0.999998
2 62 0.998716
2 63 0.979649
2 64 0.999998
2 65 0.932960
2 66 0.995672
2 67 0.138922
2 68 0.096388
2 69 0.999998
2 70 0.999679
2 71 0.999997
2 72 0.831064
2 73 0.999914
2 74 0.999975
2 75 0.029925
2 76 0.999486
2 77 0.999962
2 78 0.999898
2 79 0.863976
2 80 0.999986
2 81 0.189109
2 82 0.659444
2 83 0.999786
2 84 0.999999
2 85 0.999999
2 86 0.883941
2 87 0.268234
2 88 0.999992
2 89 0.979649
2 90 0.999999
2 91 0.999657
2 92 0.974313
2 93 0.610510
2 94 0.999998
2 95 0.999997
2 96 0.096388
2 97 0.999848
2 98 0.999771
2 99 0.921048
3 0 0.096388
3 1 0.998074
3 2 0.999999
3 3 0.000000
3 4 0.005177
3 5 0.992319
3 6 0.993515
3 7 0.999998
3 8 0.557193
3 9 0.999679
3 10 0.979649
3 11 0.995672
3 12 0.969629
3 13 0.999390
3 14 0.757621
3 15 0.998074
3 16 0.974313
3 17 0.999594
3 18 0.995379
3 19 0.999999
3 20 0.999997
3 21 0.268234
3 22 0.999593
3 23 0.757621
3 24 0.999729
3 25 0.994526
3 26 0.999848
3 27 0.999997
3 28 0.999996
3 29 0.803068
3 30 0.999980
3 31 0.999962
3 32 0.999898
3 33 0.894800
3 34 0.029925
3 35 0.999920
3 36 0.961718
3 37 0.999998
3 38 0.994873
3 39 0.999277
3 40 0.096388
3 41 0.999998
3 42 0.994873
3 43 0.999999
3 44 0.803068
3 45 0.954792
3 46 0.995672
3 47 0.999986
3 48 0.986386
3 49 0.999997
3 50 0.998916
3 51 0.999975
3 52 0.719662
3 53 0.999979
3 54 0.999679
3 55 0.999898
3 56 0.974313
3 57 0.999932
3 58 0.999998
3 59 0.999987
3 60 0.999998
3 61 0.987725
3 62 0.677128
3 63 0.999999
3 64 0.988501
3 65 0.719662
3 66 0.996579
3 67 0.999955
3 68 0.999996
3 69 0.210224
3 70 0.999819
3 71 0.999962
3 72 0.999518
3 73 0.999999
3 74 0.999996
3 75 0.999898
3 76 0.210224
3 77 0.997113
3 78 0.999819
3 79 0.999771
3 80 0.999999
3 81 0.999729
3 82 0.988501
3 83 0.951798
3 84 0.999946
3 85 0.999998
3 86 0.999998
3 87 0.901145
3 88 0.999998
3 89 0.999970
3 90 0.703771
3 91 0.999898
3 92 0.999983
3 93 0.999999
3 94 0.999771
3 95 0.999985
3 96 0.999995
3 97 0.990289
3 98 0.998629
3 99 0.999943
4 0 0.803068
4 1 0.999729
4 2 0.998629
4 3 0.005177
4 4 0.000000
4 5 0.659444
4 6 0.992319
4 7 0.961718
4 8 0.096388
4 9 0.999999
4 10 0.610510
4 11 0.999997
4 12 0.990903
4 13 0.999932
4 14 0.999880
4 15 0.659444
4 16 0.999986
4 17 0.999771
4 18 0.999994
4 19 0.096388
4 20 0.998375
4 21 0.999277
4 22 0.985469
4 23 0.999975
4 24 0.659444
4 25 0.999086
4 26 0.999997
4 27 0.803068
4 28 0.998716
4 29 0.998916
4 30 0.610510
4 31 0.999999
4 32 0.999819
4 33 0.992319
4 34 0.999999
4 35 0.999977
4 36 0.986386
4 37 0.999993
4 38 0.703771
4 39 0.096388
4 40 0.997944
4 41 0.999998
4 42 0.999999
4 43 0.979649
4 44 0.998375
4 45 0.999991
4 46 0.999970
4 47 0.999277
4 48 0.969629
4 49 0.659444
4 50 0.999593
4 51 0.999998
4 52 0.999994
4 53 0.719662
4 54 0.993515
4 55 0.999729
4 56 0.999982
4 57 0.999518
4 58 0.921048
4 59 0.998916
4 60 0.999485
4 61 0.997563
4 62 0.999898
4 63 0.999914
4 64 0.999898
4 65 0.999998
4 66 0.999990
4 67 0.996347
4 68 0.999987
4 69 0.999997
4 70 0.999992
4 71 0.992319
4 72 0.138922
4 73 0.999990
4 74 0.820692
4 75 0.051779
4 76 0.999979
4 77 0.999975
4 78 0.999943
4 79 0.988501
4 80 0.999998
4 81 0.999999
4 82 0.029925
4 83 0.999086
4 84 0.999964
4 85 0.999975
4 86 0.999998
4 87 0.999996
4 88 0.998916
4 89 0.999998
4 90 0.985469
4 91 0.999390
4 92 0.946647
4 93 0.995672
4 94 0.876568
4 95 0.999898
4 96 0.999979
4 97 0.998375
4 98 0.991800
4 99 0.999991
5 0 0.999998
5 1 0.999992
5 2 0.999998
5 3 0.992319
5 4 0.659444
5 5 0.000000
5 6 0.995672
5 7 0.999999
5 8 0.999962
5 9 0.999989
5 10 0.999992
5 11 0.999848
5 12 0.998716
5 13 0.999729
5 14 0.999997
5 15 0.999955
5 16 0.996579
5 17 0.999983
5 18 0.999679
5 19 0.998074
5 20 0.883941
5 21 0.999566
5 22 0.999771
5 23 0.999998
5 24 0.994873
5 25 0.992319
5 26 0.999920
5 27 0.999983
5 28 0.999997
5 29 0.999998
5 30 0.999880
5 31 0.831064
5 32 0.999657
5 33 0.999962
5 34 0.999995
5 35 0.999998
5 36 0.974313
5 37 0.967602
5 38 0.954792
5 39 0.996347
5 40 0.999999
5 41 0.096388
5 42 0.096388
5 43 0.268234
5 44 0.974313
5 45 0.999819
5 46 0.999998
5 47 0.999987
5 48 0.999999
5 49 0.999998
5 50 0.999992
5 51 0.999999
5 52 0.999998
5 53 0.996347
5 54 0.096388
5 55 0.996917
5 56 0.791202
5 57 0.415919
5 58 0.999593
5 59 0.999932
5 60 0.999998
5 61 0.998074
5 62 0.999983
5 63 0.999999
5 64 0.999932
5 65 0.999898
5 66 0.999999
5 67 0.999989
5 68 0.999983
5 69 0.999955
5 70 0.943131
5 71 0.999952
5 72 0.999390
5 73 0.997718
5 74 0.998716
5 75 0.998917
5 76 0.998074
5 77 0.999729
5 78 0.995672
5 79 0.988501
5 80 0.978283
5 81 0.999657
5 82 0.831064
5 83 0.997718
5 84 0.994526
5 85 0.610510
5 86 0.999998
5 87 0.999999
5 88 0.268234
5 89 0.999771
5 90 0.096388
5 91 0.999952
5 92 0.999996
5 93 0.096388
5 94 0.999998
5 95 0.999997
5 96 0.997563
5 97 0.096388
5 98 0.993515
5 99 0.932960
6 0 0.999995
6 1 0.994526
6 2 0.096388
6 3 0.993515
6 4 0.992319
6 5 0.995672
6 6 0.000000
6 7 0.999998
6 8 0.961718
6 9 0.999955
6 10 0.999998
6 11 0.998266
6 12 0.999992
6 13 0.999979
6 14 0.999998
6 15 0.999994
6 16 0.999998
6 17 0.999679
6 18 0.415919
6 19 0.932960
6 20 0.992319
6 21 0.990903
6 22 0.999995
6 23 0.999144
6 24 0.999975
6 25 0.999993
6 26 0.999962
6 27 0.096388
6 28 0.999997
6 29 0.999999
6 30 0.863976
6 31 0.999277
6 32 0.138922
6 33 0.999999
6 34 0.993516
6 35 0.999955
6 36 0.999729
6 37 0.999990
6 38 0.999999
6 39 0.994873
6 40 0.999999
6 41 0.999932
6 42 0.992319
6 43 0.999277
6 44 0.999848
6 45 0.999999
6 46 0.999999
6 47 0.863976
6 48 0.999998
6 49 0.982801
6 50 0.991800
6 51 0.999996
6 52 0.999998
6 53 0.978283
6 54 0.999990
6 55 0.943131
6 56 0.999657
6 57 0.985469
6 58 0.999999
6 59 0.999975
6 60 0.999228
6 61 0.999999
6 62 0.138922
6 63 0.994873
6 64 0.999996
6 65 0.999989
6 66 0.999995
6 67 0.964107
6 68 0.999998
6 69 0.096388
6 70 0.029925
6 71 0.999989
6 72 0.999277
6 73 0.999980
6 74 0.999994
6 75 0.999999
6 76 0.997113
6 77 0.943131
6 78 0.999771
6 79 0.999996
6 80 0.999999
6 81 0.096388
6 82 0.999657
6 83 0.994873
6 84 0.138922
6 85 0.999955
6 86 0.999277
6 87 0.993926
6 88 0.999983
6 89 0.999998
6 90 0.803068
6 91 0.991802
6 92 0.999998
6 93 0.477022
6 94 0.993077
6 95 0.995672
6 96 0.988501
6 97 0.999518
6 98 0.999932
6 99 0.999989
7 0 0.998843
7 1 0.995672
7 2 0.999999
7 3 0.999998
7 4 0.961718
7 5 0.999999
7 6 0.999998
7 7 0.000000
7 8 0.974313
7 9 0.999997
7 10 0.961718
7 11 0.998074
7 12 0.096388
7 13 0.995672
7 14 0.005177
7 15 0.999998
7 16 0.999998
7 17 0.999998
7 18 0.999996
7 19 0.096388
7 20 0.999997
7 21 0.998375
7 22 0.998375
7 23 0.999996
7 24 0.999983
7 25 0.999998
7 26 0.096388
7 27 0.921048
7 28 0.998843
7 29 0.999932
7 30 0.999946
7 31 0.999848
7 32 0.999943
7 33 0.999995
7 34 0.999999
7 35 0.029925
7 36 0.999920
7 37 0.999998
7 38 0.999988
7 39 0.982801
7 40 0.999968
7 41 0.901144
7 42 0.997718
7 43 0.999994
7 44 0.999786
7 45 0.999990
7 46 0.999807
7 47 0.999999
7 48 0.999847
7 49 0.999992
7 50 0.999485
7 51 0.659444
7 52 0.999277
7 53 0.999998
7 54 0.999999
7 55 0.999968
7 56 0.999995
7 57 0.391878
7 58 0.998074
7 59 0.999998
7 60 0.999998
7 61 0.999991
7 62 0.999997
7 63 0.999746
7 64 0.994873
7 65 0.999594
7 66 0.719662
7 67 0.999987
7 68 0.210224
7 69 0.995672
7 70 0.138922
7 71 0.029925
7 72 0.998375
7 73 0.999998
7 74 0.096388
7 75 0.999975
7 76 0.943131
7 77 0.999970
7 78 0.990289
7 79 0.883941
7 80 0.999995
7 81 0.998375
7 82 0.999848
7 83 0.997563
7 84 0.999771
7 85 0.946647
7 86 0.096388
7 87 0.999819
7 88 0.999975
7 89 0.996347
7 90 0.999593
7 91 0.999786
7 92 0.961718
7 93 0.831064
7 94 0.999996
7 95 0.999986
7 96 0.883941
7 97 0.999518
7 98 0.999983
7 99 0.999998
8 0 0.999999
8 1 0.999518
8 2 0.999975
8 3 0.557193
8 4 0.096388
8 5 0.999962
8 6 0.961718
8 7 0.974313
8 8 0.000000
8 9 0.029925
8 10 0.967602
8 11 0.946647
8 12 0.999086
8 13 0.029925
8 14 0.096388
8 15 0.999729
8 16 0.876570
8 17 0.994873
8 18 0.999991
8 19 0.999998
8 20 0.998265
8 21 0.999998
8 22 0.999995
8 23 0.999987
8 24 0.210224
8 25 0.946647
8 26 0.999990
8 27 0.921048
8 28 0.999819
8 29 0.999657
8 30 0.999914
8 31 0.803068
8 32 0.999970
8 33 0.999914
8 34 0.999997
8 35 0.029925
8 36 0.999962
8 37 0.979649
8 38 0.999999
8 39 0.719662
8 40 0.999277
8 41 0.999996
8 42 0.999997
8 43 0.999986
8 44 0.974313
8 45 0.831064
8 46 0.999999
8 47 0.999970
8 48 0.999992
8 49 0.096388
8 50 0.999819
8 51 0.998375
8 52 0.999999
8 53 0.029925
8 54 0.999998
8 55 0.096388
8 56 0.999998
8 57 0.999987
8 58 0.999999
8 59 0.999998
8 60 0.932960
8 61 0.995672
8 62 0.005177
8 63 0.999998
8 64 0.997563
8 65 0.999988
8 66 0.029925
8 67 0.999486
8 68 0.999996
8 69 0.999915
8 70 0.943131
8 71 0.096388
8 72 0.803068
8 73 0.999277
8 74 0.999998
8 75 0.999657
8 76 0.999679
8 77 0.999390
8 78 0.999819
8 79 0.999999
8 80 0.999848
8 81 0.999997
8 82 0.999998
8 83 0.557193
8 84 0.964107
8 85 0.990289
8 86 0.999998
8 87 0.999819
8 88 0.096388
8 89 0.999786
8 90 0.999998
8 91 0.999998
8 92 0.999928
8 93 0.999999
8 94 0.979649
8 95 0.999999
8 96 0.096388
8 97 0.999997
8 98 0.974313
8 99 0.999999
9 0 0.268234
9 1 0.999996
9 2 0.999999
9 3 0.999679
9 4 0.999999
9 5 0.999989
9 6 0.999955
9 7 0.999997
9 8 0.029925
9 9 0.000000
9 10 0.210224
9 11 0.999899
9 12 0.972593
9 13 0.999390
9 14 0.210224
9 15 0.005177
9 16 0.096388
9 17 0.997113
9 18 0.999998
9 19 0.999986
9 20 0.999998
9 21 0.999999
9 22 0.998375
9 23 0.999999
9 24 0.557193
9 25 0.998716
9 26 0.029925
9 27 0.999995
9 28 0.999952
9 29 0.975926
9 30 0.855444
9 31 0.954792
9 32 0.999991
9 33 0.981645
9 34 0.138922
9 35 0.974313
9 36 0.415919
9 37 0.998916
9 38 0.999987
9 39 0.082237
9 40 0.999996
9 41 0.999999
9 42 0.992319
9 43 0.999998
9 44 0.803068
9 45 0.988501
9 46 0.999998
9 47 0.138922
9 48 0.999943
9 49 0.999991
9 50 0.999679
9 51 0.999995
9 52 0.999786
9 53 0.029925
9 54 0.999999
9 55 0.999998
9 56 0.999729
9 57 0.999995
9 58 0.415919
9 59 0.029925
9 60 0.999975
9 61 0.999999
9 62 0.999998
9 63 0.999999
9 64 0.999996
9 65 0.096388
9 66 0.999997
9 67 0.998074
9 68 0.999973
9 69 0.999999
9 70 0.999898
9 71 0.005177
9 72 0.999228
9 73 0.999819
9 74 0.210224
9 75 0.999996
9 76 0.477022
9 77 0.999996
9 78 0.999994
9 79 0.210224
9 80 0.979649
9 81 0.999177
9 82 0.999593
9 83 0.999983
9 84 0.999679
9 85 0.999992
9 86 0.998716
9 87 0.999847
9 88 0.096388
9 89 0.999920
9 90 0.029925
9 91 0.999729
9 92 0.999998
9 93 0.831064
9 94 0.029925
9 95 0.096388
9 96 0.954792
9 97 0.998074
9 98 0.998716
9 99 0.999819
10 0 0.999986
10 1 0.999999
10 2 0.921048
10 3 0.979649
10 4 0.610510
10 5 0.999992
10 6 0.999998
10 7 0.961718
10 8 0.967602
10 9 0.210224
10 10 0.000000
10 11 0.999998
10 12 0.096388
10 13 0.757621
10 14 0.999998
10 15 0.999999
10 16 0.999914
10 17 0.999998
10 18 0.999955
10 19 0.999994
10 20 0.999998
10 21 0.999932
10 22 0.999975
10 23 0.998265
10 24 0.988501
10 25 0.999998
10 26 0.993515
10 27 0.999999
10 28 0.997563
10 29 0.999999
10 30 0.999729
10 31 0.999996
10 32 0.096388
10 33 0.999998
10 34 0.999848
10 35 0.996347
10 36 0.999999
10 37 0.999996
10 38 0.999968
10 39 0.999987
10 40 0.999999
10 41 0.999983
10 42 0.138922
10 43 0.999999
10 44 0.978283
10 45 0.999983
10 46 0.999729
10 47 0.954792
10 48 0.999970
10 49 0.999992
10 50 0.999898
10 51 0.999996
10 52 0.999898
10 53 0.999998
10 54 0.995672
10 55 0.999997
10 56 0.999898
10 57 0.984490
10 58 0.999390
10 59 0.999998
10 60 0.999729
10 61 0.999968
10 62 0.999228
10 63 0.999943
10 64 0.051779
10 65 0.999996
10 66 0.907126
10 67 0.999819
10 68 0.557193
10 69 0.415919
10 70 0.999999
10 71 0.999679
10 72 0.999390
10 73 0.999989
10 74 0.999999
10 75 0.999998
10 76 0.999983
10 77 0.988501
10 78 0.995672
10 79 0.610509
10 80 0.999998
10 81 0.999729
10 82 0.999898
10 83 0.999390
10 84 0.998074
10 85 0.999999
10 86 0.999998
10 87 0.999144
10 88 0.999999
10 89 0.999975
10 90 0.996347
10 91 0.096388
10 92 0.999962
10 93 0.999989
10 94 0.415919
10 95 0.029925
10 96 0.999998
10 97 0.998074
10 98 0.999990
10 99 0.415919
11 0 0.999983
11 1 0.415919
11 2 0.995672
11 3 0.995672
11 4 0.999997
11 5 0.999848
11 6 0.998266
11 7 0.998074
11 8 0.946647
11 9 0.999899
11 10 0.999998
11 11 0.000000
11 12 0.677128
11 13 0.999429
11 14 0.999228
11 15 0.210224
11 16 0.999920
11 17 0.999943
11 18 0.999999
11 19 0.999872
11 20 0.999657
11 21 0.998843
11 22 0.999997
11 23 0.999786
11 24 0.999998
11 25 0.999594
11 26 0.999999
11 27 0.999998
11 28 0.999998
11 29 0.998629
11 30 0.992319
11 31 0.999729
11 32 0.997563
11 33 0.096388
11 34 0.999711
11 35 0.096388
11 36 0.999657
11 37 0.999994
11 38 0.999518
11 39 0.999880
11 40 0.999943
11 41 0.999872
11 42 0.029925
11 43 0.999990
11 44 0.999486
11 45 0.005177
11 46 0.999880
11 47 0.994873
11 48 0.999995
11 49 0.999997
11 50 0.999996
11 51 0.999962
11 52 0.096388
11 53 0.999996
11 54 0.999729
11 55 0.985469
11 56 0.998375
11 57 0.999999
11 58 0.610510
11 59 0.998074
11 60 0.999657
11 61 0.999932
11 62 0.757621
11 63 0.096388
11 64 0.803068
11 65 0.999086
11 66 0.999518
11 67 0.999982
11 68 0.999997
11 69 0.999998
11 70 0.210224
11 71 0.999998
11 72 0.999995
11 73 0.999998
11 74 0.999979
11 75 0.999998
11 76 0.659445
11 77 0.994873
11 78 0.999955
11 79 0.999920
11 80 0.999819
11 81 0.921048
11 82 0.096388
11 83 0.051779
11 84 0.719662
11 85 0.999771
11 86 0.954792
11 87 0.998716
11 88 0.999278
11 89 0.991800
11 90 0.999986
11 91 0.999989
11 92 0.999932
11 93 0.999898
11 94 0.999518
11 95 0.979649
11 96 0.999998
11 97 0.029925
11 98 0.999996
11 99 0.943130
12 0 0.999993
12 1 0.974313
12 2 0.985469
12 3 0.969629
12 4 0.990903
12 5 0.998716
12 6 0.999992
12 7 0.096388
12 8 0.999086
12 9 0.972593
12 10 0.096388
12 11 0.677128
12 12 0.000000
12 13 0.999997
12 14 0.999989
12 15 0.719662
12 16 0.999999
12 17 0.999946
12 18 0.982801
12 19 0.999975
12 20 0.994526
12 21 0.997113
12 22 0.999983
12 23 0.999943
12 24 0.994526
12 25 0.999970
12 26 0.557193
12 27 0.997563
12 28 0.999946
12 29 0.096388
12 30 0.999999
12 31 0.993077
12 32 0.999996
12 33 0.999998
12 34 0.210224
12 35 0.477022
12 36 0.994873
12 37 0.999999
12 38 0.999998
12 39 0.138922
12 40 0.999277
12 41 0.999943
12 42 0.999995
12 43 0.993516
12 44 0.999955
12 45 0.999962
12 46 0.029925
12 47 0.999990
12 48 0.029925
12 49 0.999990
12 50 0.921048
12 51 0.999996
12 52 0.999994
12 53 0.999593
12 54 0.210224
12 55 0.029925
12 56 0.999998
12 57 0.999848
12 58 0.659444
12 59 0.999999
12 60 0.997113
12 61 0.999986
12 62 0.999997
12 63 0.999994
12 64 0.999998
12 65 0.901145
12 66 0.982801
12 67 0.999946
12 68 0.999999
12 69 0.999997
12 70 0.998629
12 71 0.999658
12 72 0.999729
12 73 0.138922
12 74 0.999983
12 75 0.268234
12 76 0.999985
12 77 0.998375
12 78 0.999771
12 79 0.993516
12 80 0.477022
12 81 0.974313
12 82 0.943131
12 83 0.999998
12 84 0.999996
12 85 0.999994
12 86 0.907126
12 87 0.999998
12 88 0.999998
12 89 0.876570
12 90 0.999994
12 91 0.096388
12 92 0.990289
12 93 0.999277
12 94 0.999880
12 95 0.029925
12 96 0.477022
12 97 0.986386
12 98 0.803068
12 99 0.999980
13 0 0.999991
13 1 0.992319
13 2 0.999898
13 3 0.999390
13 4 0.999932
13 5 0.999729
13 6 0.999979
13 7 0.995672
13 8 0.029925
13 9 0.999390
13 10 0.757621
13 11 0.999429
13 12 0.999997
13 13 0.000000
13 14 0.999996
13 15 0.999999
13 16 0.999998
13 17 0.999943
13 18 0.999994
13 19 0.999593
13 20 0.329464
13 21 0.999996
13 22 0.096388
13 23 0.029925
13 24 0.999988
13 25 0.999848
13 26 0.999995
13 27 0.915921
13 28 0.999998
13 29 0.719662
13 30 0.998716
13 31 0.999819
13 32 0.999518
13 33 0.999998
13 34 0.964107
13 35 0.997113
13 36 0.999819
13 37 0.998074
13 38 0.096388
13 39 0.999819
13 40 0.999975
13 41 0.999962
13 42 0.999999
13 43 0.954792
13 44 0.999390
13 45 0.999786
13 46 0.999992
13 47 0.999996
13 48 0.999995
13 49 0.979649
13 50 0.999996
13 51 0.999277
13 52 0.029925
13 53 0.096388
13 54 0.999729
13 55 0.996579
13 56 0.096388
13 57 0.999891
13 58 0.999771
13 59 0.659444
13 60 0.999999
13 61 0.999871
13 62 0.999992
13 63 0.999997
13 64 0.998629
13 65 0.998375
13 66 0.999998
13 67 0.999848
13 68 0.999990
13 69 0.096388
13 70 0.831064
13 71 0.995672
13 72 0.999946
13 73 0.999995
13 74 0.990289
13 75 0.994526
13 76 0.999999
13 77 0.999997
13 78 0.999987
13 79 0.995672
13 80 0.999997
13 81 0.999992
13 82 0.999988
13 83 0.999975
13 84 0.999086
13 85 0.999848
13 86 0.998916
13 87 0.999144
13 88 0.999946
13 89 0.999987
13 90 0.999932
13 91 0.096388
13 92 0.985469
13 93 0.999998
13 94 0.999837
13 95 0.999657
13 96 0.993515
13 97 0.391878
13 98 0.999999
13 99 0.999518
14 0 0.268234
14 1 0.999998
14 2 0.982801
14 3 0.757621
14 4 0.999880
14 5 0.999997
14 6 0.999998
14 7 0.005177
14 8 0.096388
14 9 0.210224
14 10 0.999998
14 11 0.999228
14 12 0.999989
14 13 0.999996
14 14 0.000000
14 15 0.329464
14 16 0.999807
14 17 0.210224
14 18 0.915920
14 19 0.138922
14 20 0.096388
14 21 0.999144
14 22 0.999988
14 23 0.979649
14 24 0.974313
14 25 0.999952
14 26 0.999946
14 27 0.999992
14 28 0.999898
14 29 0.999593
14 30 0.999998
14 31 0.096388
14 32 0.999995
14 33 0.997563
14 34 0.999729
14 35 0.946647
14 36 0.999970
14 37 0.999771
14 38 0.999992
14 39 0.999932
14 40 0.999880
14 41 0.999946
14 42 0.999994
14 43 0.999952
14 44 0.999968
14 45 0.998843
14 46 0.999990
14 47 0.999679
14 48 0.999997
14 49 0.999880
14 50 0.998074
14 51 0.985469
14 52 0.987725
14 53 0.999999
14 54 0.391878
14 55 0.999848
14 56 0.994873
14 57 0.961719
14 58 0.999995
14 59 0.999997
14 60 0.557193
14 61 0.946647
14 62 0.999955
14 63 0.999998
14 64 0.999988
14 65 0.999997
14 66 0.999995
14 67 0.999920
14 68 0.994873
14 69 0.029925
14 70 0.999898
14 71 0.999998
14 72 0.999518
14 73 0.999962
14 74 0.932960
14 75 0.995672
14 76 0.096388
14 77 0.999943
14 78 0.999086
14 79 0.999996
14 80 0.999819
14 81 0.998629
14 82 0.997944
14 83 0.999891
14 84 0.999771
14 85 0.999819
14 86 0.999979
14 87 0.999995
14 88 0.999857
14 89 0.964107
14 90 0.999999
14 91 0.999998
14 92 0.995380
14 93 0.999991
14 94 0.999994
14 95 0.995672
14 96 0.999657
14 97 0.997113
14 98 0.999943
14 99 0.999518
15 0 0.987725
15 1 0.999970
15 2 0.992319
15 3 0.998074
15 4 0.659444
15 5 0.999955
15 6 0.999994
15 7 0.999998
15 8 0.999729
15 9 0.005177
15 10 0.999999
15 11 0.210224
15 12 0.719662
15 13 0.999999
15 14 0.329464
15 15 0.000000
15 16 0.932960
15 17 0.999518
15 18 0.138922
15 19 0.999996
15 20 0.988501
15 21 0.999997
15 22 0.954792
15 23 0.999786
15 24 0.994873
15 25 0.803068
15 26 0.999999
15 27 0.677128
15 28 0.210224
15 29 0.999992
15 30 0.996347
15 31 0.999998
15 32 0.999992
15 33 0.096388
15 34 0.988501
15 35 0.677128
15 36 0.999999
15 37 0.719662
15 38 0.997113
15 39 0.999986
15 40 0.082237
15 41 0.999964
15 42 0.999997
15 43 0.996579
15 44 0.999898
15 45 0.997944
15 46 0.994873
15 47 0.999975
15 48 0.999983
15 49 0.999594
15 50 0.677128
15 51 0.096388
15 52 0.999997
15 53 0.999998
15 54 0.907126
15 55 0.943131
15 56 0.999962
15 57 0.986386
15 58 0.999920
15 59 0.999932
15 60 0.999711
15 61 0.999993
15 62 0.996579
15 63 0.999991
15 64 0.999992
15 65 0.999518
15 66 0.974313
15 67 0.138922
15 68 0.999998
15 69 0.999988
15 70 0.999943
15 71 0.096388
15 72 0.999994
15 73 0.999999
15 74 0.998375
15 75 0.999898
15 76 0.999995
15 77 0.757621
15 78 0.999999
15 79 0.995672
15 80 0.415919
15 81 0.999998
15 82 0.999995
15 83 0.999807
15 84 0.999991
15 85 0.999871
15 86 0.999962
15 87 0.999998
15 88 0.999994
15 89 0.993516
15 90 0.719662
15 91 0.999986
15 92 0.029925
15 93 0.999771
15 94 0.999807
15 95 0.999996
15 96 0.999989
15 97 0.999390
15 98 0.999998
15 99 0.999997
16 0 0.999999
16 1 0.029925
16 2 0.999998
16 3 0.974313
16 4 0.999986
16 5 0.996579
16 6 0.999998
16 7 0.999998
16 8 0.876570
16 9 0.096388
16 10 0.999914
16 11 0.999920
16 12 0.999999
16 13 0.999998
16 14 0.999807
16 15 0.932960
16 16 0.000000
16 17 0.998716
16 18 0.999996
16 19 0.005177
16 20 0.982801
16 21 0.999999
16 22 0.999998
16 23 0.999998
16 24 0.999486
16 25 0.096388
16 26 0.029925
16 27 0.999999
16 28 0.029925
16 29 0.999990
16 30 0.997113
16 31 0.999980
16 32 0.999228
16 33 0.051779
16 34 0.999983
16 35 0.999518
16 36 0.719662
16 37 0.993516
16 38 0.999657
16 39 0.999999
16 40 0.999999
16 41 0.999518
16 42 0.969629
16 43 0.883941
16 44 0.029925
16 45 0.999996
16 46 0.995379
16 47 0.999993
16 48 0.985469
16 49 0.778725
16 50 0.999729
16 51 0.999920
16 52 0.999999
16 53 0.999771
16 54 0.999992
16 55 0.999999
16 56 0.999962
16 57 0.932960
16 58 0.992319
16 59 0.999995
16 60 0.999872
16 61 0.999891
16 62 0.096388
16 63 0.988501
16 64 0.999998
16 65 0.999819
16 66 0.096388
16 67 0.999932
16 68 0.999991
16 69 0.999999
16 70 0.999970
16 71 0.999593
16 72 0.999518
16 73 0.999999
16 74 0.983886
16 75 0.876571
16 76 0.999980
16 77 0.999998
16 78 0.999995
16 79 0.993516
16 80 0.999998
16 81 0.999970
16 82 0.999819
16 83 0.999943
16 84 0.986386
16 85 0.996347
16 86 0.999998
16 87 0.999729
16 88 0.997113
16 89 0.999999
16 90 0.999999
16 91 0.999390
16 92 0.999848
16 93 0.999729
16 94 0.999999
16 95 0.999992
16 96 0.096388
16 97 0.999771
16 98 0.999995
16 99 0.999848
17 0 0.997944
17 1 0.999999
17 2 0.999996
17 3 0.999594
17 4 0.999771
17 5 0.999983
17 6 0.999679
17 7 0.999998
17 8 0.994873
17 9 0.997113
17 10 0.999998
17 11 0.999943
17 12 0.999946
17 13 0.999943
17 14 0.210224
17 15 0.999518
17 16 0.998716
17 17 0.000000
17 18 0.999999
17 19 0.999955
17 20 0.096388
17 21 0.999932
17 22 0.268234
17 23 0.999228
17 24 0.999997
17 25 0.029925
17 26 0.029925
17 27 0.999995
17 28 0.995379
17 29 0.999996
17 30 0.999998
17 31 0.999997
17 32 0.998716
17 33 0.999952
17 34 0.974313
17 35 0.999277
17 36 0.999998
17 37 0.999995
17 38 0.999998
17 39 0.757621
17 40 0.999679
17 41 0.999979
17 42 0.999771
17 43 0.954792
17 44 0.998375
17 45 0.029925
17 46 0.999996
17 47 0.999998
17 48 0.999999
17 49 0.096388
17 50 0.999914
17 51 0.096388
17 52 0.998629
17 53 0.999952
17 54 0.988501
17 55 0.096388
17 56 0.998265
17 57 0.999998
17 58 0.999980
17 59 0.820692
17 60 0.999968
17 61 0.999997
17 62 0.999998
17 63 0.999880
17 64 0.999995
17 65 0.979649
17 66 0.999992
17 67 0.999593
17 68 0.999999
17 69 0.999990
17 70 0.992319
17 71 0.557193
17 72 0.999997
17 73 0.999998
17 74 0.029925
17 75 0.415919
17 76 0.210224
17 77 0.999932
17 78 0.999996
17 79 0.999997
17 80 0.964107
17 81 0.999679
17 82 0.999999
17 83 0.999994
17 84 0.954792
17 85 0.997944
17 86 0.029925
17 87 0.999998
17 88 0.999228
17 89 0.999277
17 90 0.096388
17 91 0.999880
17 92 0.999658
17 93 0.999962
17 94 0.999998
17 95 0.999999
17 96 0.999390
17 97 0.999994
17 98 0.999848
17 99 0.999277
18 0 0.999277
18 1 0.967602
18 2 0.999880
18 3 0.995379
18 4 0.999994
18 5 0.999679
18 6 0.415919
18 7 0.999996
18 8 0.999991
18 9 0.999998
18 10 0.999955
18 11 0.999999
18 12 0.982801
18 13 0.999994
18 14 0.915920
18 15 0.138922
18 16 0.999996
18 17 0.999999
18 18 0.000000
18 19 0.993077
18 20 0.999998
18 21 0.907126
18 22 0.029925
18 23 0.999995
18 24 0.855444
18 25 0.803068
18 26 0.990289
18 27 0.803068
18 28 0.999729
18 29 0.138922
18 30 0.998916
18 31 0.998074
18 32 0.999955
18 33 0.999995
18 34 0.915921
18 35 0.915921
18 36 0.999992
18 37 0.999998
18 38 0.831064
18 39 0.999998
18 40 0.999880
18 41 0.998916
18 42 0.999997
18 43 0.998375
18 44 0.999998
18 45 0.999983
18 46 0.999989
18 47 0.999998
18 48 0.999975
18 49 0.921048
18 50 0.999657
18 51 0.999992
18 52 0.999986
18 53 0.999999
18 54 0.985469
18 55 0.803068
18 56 0.999955
18 57 0.096388
18 58 0.999997
18 59 0.831064
18 60 0.189109
18 61 0.051779
18 62 0.999997
18 63 0.999998
18 64 0.907126
18 65 0.999996
18 66 0.999998
18 67 0.999998
18 68 0.999932
18 69 0.999989
18 70 0.999995
18 71 0.999679
18 72 0.969629
18 73 0.005177
18 74 0.999979
18 75 0.999970
18 76 0.999518
18 77 0.969629
18 78 0.999228
18 79 0.999848
18 80 0.999999
18 81 0.999998
18 82 0.999939
18 83 0.979649
18 84 0.999999
18 85 0.997563
18 86 0.999932
18 87 0.990903
18 88 0.999995
18 89 0.999679
18 90 0.998375
18 91 0.999962
18 92 0.951798
18 93 0.993516
18 94 0.995672
18 95 0.096388
18 96 0.999999
18 97 0.999997
18 98 0.964107
18 99 0.029925
19 0 0.932960
19 1 0.998916
19 2 0.997113
19 3 0.999999
19 4 0.096388
19 5 0.998074
19 6 0.932960
19 7 0.096388
19 8 0.999998
19 9 0.999986
19 10 0.999994
19 11 0.999872
19 12 0.999975
19 13 0.999593
19 14 0.138922
19 15 0.999996
19 16 0.005177
19 17 0.999955
19 18 0.993077
19 19 0.000000
19 20 0.999999
19 21 0.719662
19 22 0.999928
19 23 0.992319
19 24 0.999277
19 25 0.999847
19 26 0.990289
19 27 0.999390
19 28 0.703771
19 29 0.999955
19 30 0.329464
19 31 0.999996
19 32 0.999871
19 33 0.210224
19 34 0.999871
19 35 0.999144
19 36 0.954792
19 37 0.999997
19 38 0.999983
19 39 0.999999
19 40 0.999999
19 41 0.999968
19 42 0.998916
19 43 0.096388
19 44 0.999277
19 45 0.803068
19 46 0.999997
19 47 0.974313
19 48 0.999994
19 49 0.999996
19 50 0.999987
19 51 0.999086
19 52 0.999975
19 53 0.999999
19 54 0.988501
19 55 0.999679
19 56 0.999998
19 57 0.999995
19 58 0.999999
19 59 0.999979
19 60 0.999964
19 61 0.986386
19 62 0.999932
19 63 0.999999
19 64 0.998629
19 65 0.096388
19 66 0.999999
19 67 0.999998
19 68 0.999880
19 69 0.999996
19 70 0.999989
19 71 0.999986
19 72 0.999998
19 73 0.029925
19 74 0.999998
19 75 0.999995
19 76 0.999943
19 77 0.969629
19 78 0.999819
19 79 0.999429
19 80 0.029925
19 81 0.999999
19 82 0.096388
19 83 0.999999
19 84 0.029925
19 85 0.999998
19 86 0.997944
19 87 0.964107
19 88 0.998629
19 89 0.979649
19 90 0.999729
19 91 0.998916
19 92 0.995672
19 93 0.096388
19 94 0.999952
19 95 0.998629
19 96 0.999994
19 97 0.477022
19 98 0.999995
19 99 0.997398
20 0 0.329464
20 1 0.999999
20 2 0.999729
20 3 0.999997
20 4 0.998375
20 5 0.883941
20 6 0.992319
20 7 0.999997
20 8 0.998265
20 9 0.999998
20 10 0.999998
20 11 0.999657
20 12 0.994526
20 13 0.329464
20 14 0.096388
20 15 0.988501
20 16 0.982801
20 17 0.096388
20 18 0.999998
20 19 0.999999
20 20 0.000000
20 21 0.999997
20 22 0.803068
20 23 0.999593
20 24 0.994873
20 25 0.999871
20 26 0.999999
20 27 0.999998
20 28 0.535509
20 29 0.268234
20 30 0.999999
20 31 0.029925
20 32 0.995672
20 33 0.557193
20 34 0.999086
20 35 0.996579
20 36 0.961718
20 37 0.029925
20 38 0.992319
20 39 0.029925
20 40 0.999390
20 41 0.029925
20 42 0.096388
20 43 0.999987
20 44 0.999998
20 45 0.988501
20 46 0.946647
20 47 0.999996
20 48 0.999998
20 49 0.803068
20 50 0.051779
20 51 0.477022
20 52 0.999998
20 53 0.999988
20 54 0.096388
20 55 0.994526
20 56 0.998074
20 57 0.999979
20 58 0.999999
20 59 0.999996
20 60 0.477022
20 61 0.999943
20 62 0.803068
20 63 0.999998
20 64 0.999566
20 65 0.999892
20 66 0.029925
20 67 0.999981
20 68 0.999983
20 69 0.999995
20 70 0.999986
20 71 0.329464
20 72 0.999983
20 73 0.999593
20 74 0.535509
20 75 0.999999
20 76 0.994873
20 77 0.999968
20 78 0.991800
20 79 0.999998
20 80 0.999711
20 81 0.999999
20 82 0.999994
20 83 0.999932
20 84 0.999955
20 85 0.999914
20 86 0.999999
20 87 0.096388
20 88 0.096388
20 89 0.415919
20 90 0.985469
20 91 0.994873
20 92 0.999943
20 93 0.999997
20 94 0.999729
20 95 0.329464
20 96 0.999999
20 97 0.999658
20 98 0.999998
20 99 0.996100
21 0 0.979649
21 1 0.999999
21 2 0.999946
21 3 0.268234
21 4 0.999277
21 5 0.999566
21 6 0.990903
21 7 0.998375
21 8 0.999998
21 9 0.999999
21 10 0.999932
21 11 0.998843
21 12 0.997113
21 13 0.999996
21 14 0.999144
21 15 0.999997
21 16 0.999999
21 17 0.999932
21 18 0.907126
21 19 0.719662
21 20 0.999997
21 21 0.000000
21 22 0.999975
21 23 0.999998
21 24 0.993516
21 25 0.969629
21 26 0.999996
21 27 0.999999
21 28 0.999998
21 29 0.999999
21 30 0.999995
21 31 0.999848
21 32 0.969629
21 33 0.999998
21 34 0.999999
21 35 0.659444
21 36 0.996347
21 37 0.096388
21 38 0.999898
21 39 0.999968
21 40 0.999999
21 41 0.029925
21 42 0.210224
21 43 0.999899
21 44 0.999999
21 45 0.999880
21 46 0.999999
21 47 0.999920
21 48 0.999998
21 49 0.993516
21 50 0.999986
21 51 0.999968
21 52 0.999997
21 53 0.883941
21 54 0.969629
21 55 0.998074
21 56 0.999144
21 57 0.999999
21 58 0.999819
21 59 0.999518
21 60 0.999997
21 61 0.863976
21 62 0.138922
21 63 0.999999
21 64 0.082237
21 65 0.999999
21 66 0.210224
21 67 0.974313
21 68 0.999996
21 69 0.998074
21 70 0.999729
21 71 0.719662
21 72 0.999998
21 73 0.831064
21 74 0.990903
21 75 0.999996
21 76 0.999975
21 77 0.999277
21 78 0.999998
21 79 0.999980
21 80 0.096388
21 81 0.999999
21 82 0.979649
21 83 0.990289
21 84 0.999772
21 85 0.993515
21 86 0.995379
21 87 0.999989
21 88 0.999998
21 89 0.996347
21 90 0.005177
21 91 0.990289
21 92 0.999999
21 93 0.999998
21 94 0.998716
21 95 0.999998
21 96 0.999955
21 97 0.999771
21 98 0.999786
21 99 0.999228
22 0 0.999996
22 1 0.999998
22 2 0.999955
22 3 0.999593
22 4 0.985469
22 5 0.999771
22 6 0.999995
22 7 0.998375
22 8 0.999995
22 9 0.998375
22 10 0.999975
22 11 0.999997
22 12 0.999983
22 13 0.096388
22 14 0.999988
22 15 0.954792
22 16 0.999998
22 17 0.268234
22 18 0.029925
22 19 0.999928
22 20 0.803068
22 21 0.999975
22 22 0.000000
22 23 0.999518
22 24 0.999964
22 25 0.999996
22 26 0.999657
22 27 0.999989
22 28 0.138922
22 29 0.999995
22 30 0.988501
22 31 0.954792
22 32 0.999932
22 33 0.999920
22 34 0.999986
22 35 0.990903
22 36 0.999657
22 37 0.996347
22 38 0.999771
22 39 0.999819
22 40 0.999996
22 41 0.999943
22 42 0.999999
22 43 0.999983
22 44 0.997944
22 45 0.999277
22 46 0.999819
22 47 0.029925
22 48 0.999999
22 49 0.999979
22 50 0.974313
22 51 0.999144
22 52 0.999997
22 53 0.883941
22 54 0.268234
22 55 0.029925
22 56 0.999997
22 57 0.999999
22 58 0.999998
22 59 0.096388
22 60 0.951797
22 61 0.138922
22 62 0.999998
22 63 0.999594
22 64 0.932960
22 65 0.995672
22 66 0.985469
22 67 0.996579
22 68 0.999657
22 69 0.995672
22 70 0.998375
22 71 0.210224
22 72 0.998375
22 73 0.999992
22 74 0.096388
22 75 0.005177
22 76 0.189109
22 77 0.999848
22 78 0.915921
22 79 0.999998
22 80 0.999998
22 81 0.959173
22 82 0.210224
22 83 0.029925
22 84 0.999997
22 85 0.210224
22 86 0.477022
22 87 0.999983
22 88 0.791203
22 89 0.999898
22 90 0.999997
22 91 0.999786
22 92 0.915920
22 93 0.005177
22 94 0.999277
22 95 0.999998
22 96 0.996917
22 97 0.999390
22 98 0.268234
22 99 0.999994
23 0 0.990289
23 1 0.999998
23 2 0.999994
23 3 0.757621
23 4 0.999975
23 5 0.999998
23 6 0.999144
23 7 0.999996
23 8 0.999987
23 9 0.999999
23 10 0.998265
23 11 0.999786
23 12 0.999943
23 13 0.029925
23 14 0.979649
23 15 0.999786
23 16 0.999998
23 17 0.999228
23 18 0.999995
23 19 0.992319
23 20 0.999593
23 21 0.999998
23 22 0.999518
23 23 0.000000
23 24 0.999518
23 25 0.029925
23 26 0.999999
23 27 0.096388
23 28 0.998375
23 29 0.719662
23 30 0.999229
23 31 0.138922
23 32 0.999879
23 33 0.999486
23 34 0.999997
23 35 0.999970
23 36 0.999999
23 37 0.999999
23 38 0.329464
23 39 0.999955
23 40 0.999998
23 41 0.999998
23 42 0.999996
23 43 0.999979
23 44 0.997718
23 45 0.999990
23 46 0.999998
23 47 0.999898
23 48 0.477022
23 49 0.999771
23 50 0.210224
23 51 0.999962
23 52 0.999998
23 53 0.995672
23 54 0.096388
23 55 0.999989
23 56 0.999998
23 57 0.996917
23 58 0.831065
23 59 0.954792
23 60 0.096388
23 61 0.999998
23 62 0.999994
23 63 0.210224
23 64 0.999679
23 65 0.999998
23 66 0.999932
23 67 0.999999
23 68 0.996579
23 69 0.999657
23 70 0.999943
23 71 0.999898
23 72 0.557193
23 73 0.831064
23 74 0.979649
23 75 0.082237
23 76 0.999997
23 77 0.999996
23 78 0.999994
23 79 0.995672
23 80 0.803068
23 81 0.999998
23 82 0.096388
23 83 0.096388
23 84 0.996579
23 85 0.803068
23 86 0.999277
23 87 0.999994
23 88 0.969629
23 89 0.999998
23 90 0.994526
23 91 0.999983
23 92 0.999998
23 93 0.999946
23 94 0.557193
23 95 0.557193
23 96 0.096388
23 97 0.999932
23 98 0.999990
23 99 0.999943
24 0 0.999857
24 1 0.999992
24 2 0.998629
24 3 0.999729
24 4 0.659444
24 5 0.994873
24 6 0.999975
24 7 0.999983
24 8 0.210224
24 9 0.557193
24 10 0.988501
24 11 0.999998
24 12 0.994526
24 13 0.999988
24 14 0.974313
24 15 0.994873
24 16 0.999486
24 17 0.999997
24 18 0.855444
24 19 0.999277
24 20 0.994873
24 21 0.993516
24 22 0.999964
24 23 0.999518
24 24 0.000000
24 25 0.999898
24 26 0.999994
24 27 0.999993
24 28 0.999999
24 29 0.999871
24 30 0.855444
24 31 0.999999
24 32 0.096388
24 33 0.999989
24 34 0.998074
24 35 0.999999
24 36 0.999979
24 37 0.921048
24 38 0.999429
24 39 0.999955
24 40 0.096388
24 41 0.999848
24 42 0.051779
24 43 0.999997
24 44 0.999968
24 45 0.999943
24 46 0.961718
24 47 0.029925
24 48 0.999962
24 49 0.999729
24 50 0.999999
24 51 0.997563
24 52 0.999998
24 53 0.999990
24 54 0.999771
24 55 0.985469
24 56 0.415919
24 57 0.999998
24 58 0.029925
24 59 0.096388
24 60 0.999999
24 61 0.138922
24 62 0.999999
24 63 0.999999
24 64 0.096388
24 65 0.998375
24 66 0.993516
24 67 0.029925
24 68 0.915920
24 69 0.999847
24 70 0.999771
24 71 0.992319
24 72 0.999999
24 73 0.999975
24 74 0.999729
24 75 0.999086
24 76 0.999905
24 77 0.932960
24 78 0.954792
24 79 0.997563
24 80 0.757621
24 81 0.999998
24 82 0.999987
24 83 0.999995
24 84 0.999998
24 85 0.999932
24 86 0.999756
24 87 0.961718
24 88 0.999998
24 89 0.096388
24 90 0.999989
24 91 0.988501
24 92 0.921048
24 93 0.999566
24 94 0.999898
24 95 0.210224
24 96 0.999518
24 97 0.999983
24 98 0.999593
24 99 0.999657
25 0 0.999847
25 1 0.999594
25 2 0.096388
25 3 0.994526
25 4 0.999086
25 5 0.992319
25 6 0.999993
25 7 0.999998
25 8 0.946647
25 9 0.998716
25 10 0.999998
25 11 0.999594
25 12 0.999970
25 13 0.999848
25 14 0.999952
25 15 0.803068
25 16 0.096388
25 17 0.029925
25 18 0.803068
25 19 0.999847
25 20 0.999871
25 21 0.969629
25 22 0.999996
25 23 0.029925
25 24 0.999898
25 25 0.000000
25 26 0.999952
25 27 0.210224
25 28 0.999997
25 29 0.999998
25 30 0.999771
25 31 0.998375
25 32 0.997944
25 33 0.998716
25 34 0.999943
25 35 0.999999
25 36 0.029925
25 37 0.999990
25 38 0.096388
25 39 0.995379
25 40 0.988501
25 41 0.999986
25 42 0.998074
25 43 0.999999
25 44 0.791203
25 45 0.999999
25 46 0.996917
25 47 0.999518
25 48 0.999771
25 49 0.996347
25 50 0.999999
25 51 0.610510
25 52 0.999771
25 53 0.964107
25 54 0.999992
25 55 0.999998
25 56 0.999998
25 57 0.992319
25 58 0.999880
25 59 0.999999
25 60 0.946647
25 61 0.999955
25 62 0.901145
25 63 0.999975
25 64 0.978283
25 65 0.999999
25 66 0.999998
25 67 0.997113
25 68 0.999729
25 69 0.138922
25 70 0.997113
25 71 0.999989
25 72 0.997113
25 73 0.999975
25 74 0.999994
25 75 0.557193
25 76 0.268234
25 77 0.998629
25 78 0.999518
25 79 0.999999
25 80 0.995379
25 81 0.997563
25 82 0.998375
25 83 0.999619
25 84 0.999952
25 85 0.999989
25 86 0.999999
25 87 0.999943
25 88 0.855444
25 89 0.999995
25 90 0.999975
25 91 0.029925
25 92 0.997563
25 93 0.999998
25 94 0.999975
25 95 0.999983
25 96 0.999998
25 97 0.995672
25 98 0.999998
25 99 0.998074
26 0 0.997113
26 1 0.096388
26 2 0.932960
26 3 0.999848
26 4 0.999997
26 5 0.999920
26 6 0.999962
26 7 0.096388
26 8 0.999990
26 9 0.029925
26 10 0.993515
26 11 0.999999
26 12 0.557193
26 13 0.999995
26 14 0.999946
26 15 0.999999
26 16 0.029925
26 17 0.029925
26 18 0.990289
26 19 0.990289
26 20 0.999999
26 21 0.999996
26 22 0.999657
26 23 0.999999
26 24 0.999994
26 25 0.999952
26 26 0.000000
26 27 0.993516
26 28 0.999729
26 29 0.999898
26 30 0.996347
26 31 0.999848
26 32 0.999999
26 33 0.961718
26 34 0.096388
26 35 0.943130
26 36 0.703771
26 37 0.999975
26 38 0.999998
26 39 0.999997
26 40 0.999997
26 41 0.999952
26 42 0.999980
26 43 0.268234
26 44 0.992319
26 45 0.999996
26 46 0.999711
26 47 0.974313
26 48 0.659444
26 49 0.994526
26 50 0.974313
26 51 0.999920
26 52 0.978282
26 53 0.096388
26 54 0.557193
26 55 0.999997
26 56 0.999998
26 57 0.946647
26 58 0.999999
26 59 0.946647
26 60 0.995672
26 61 0.999998
26 62 0.998716
26 63 0.268234
26 64 0.978283
26 65 0.999920
26 66 0.999998
26 67 0.719662
26 68 0.803068
26 69 0.999996
26 70 0.999999
26 71 0.959173
26 72 0.988501
26 73 0.994873
26 74 0.999998
26 75 0.999955
26 76 0.999980
26 77 0.999999
26 78 0.999899
26 79 0.997944
26 80 0.915921
26 81 0.994526
26 82 0.999997
26 83 0.999952
26 84 0.999987
26 85 0.954792
26 86 0.994526
26 87 0.999992
26 88 0.985469
26 89 0.791203
26 90 0.999898
26 91 0.883941
26 92 0.986386
26 93 0.998074
26 94 0.999991
26 95 0.719662
26 96 0.969629
26 97 0.996917
26 98 0.999975
26 99 0.998916
27 0 0.997113
27 1 0.985469
27 2 0.999998
27 3 0.999997
27 4 0.803068
27 5 0.999983
27 6 0.096388
27 7 0.921048
27 8 0.921048
27 9 0.999995
27 10 0.999999
27 11 0.999998
27 12 0.997563
27 13 0.915921
27 14 0.999992
27 15 0.677128
27 16 0.999999
27 17 0.999995
27 18 0.803068
27 19 0.999390
27 20 0.999998
27 21 0.999999
27 22 0.999989
27 23 0.096388
27 24 0.999993
27 25 0.210224
27 26 0.993516
27 27 0.000000
27 28 0.999999
27 29 0.096388
27 30 0.999920
27 31 0.999880
27 32 0.998916
27 33 0.998074
27 34 0.979649
27 35 0.138922
27 36 0.999518
27 37 0.999594
27 38 0.999920
27 39 0.999999
27 40 0.979649
27 41 0.999979
27 42 0.994873
27 43 0.999997
27 44 0.999962
27 45 0.096388
27 46 0.946647
27 47 0.999914
27 48 0.999996
27 49 0.964107
27 50 0.987725
27 51 0.999277
