0 0 0.000000
0 1 0.999998
0 2 0.999998
0 3 0.096388
0 4 0.999518
0 5 0.999999
0 6 0.999999
0 7 0.999973
0 8 0.999997
0 9 0.268234
0 10 0.999996
0 11 0.999999
0 12 0.999998
0 13 0.999998
0 14 0.051779
0 15 0.976826
0 16 0.999997
0 17 0.999711
0 18 0.999593
0 19 0.996347
0 20 0.974313
0 21 0.995672
0 22 0.999999
0 23 0.978283
0 24 0.999997
0 25 0.999771
0 26 0.999998
0 27 0.999729
0 28 0.999973
0 29 0.998916
0 30 0.999999
0 31 0.998916
0 32 0.999999
0 33 0.996347
0 34 0.998375
0 35 0.999880
0 36 0.029925
0 37 0.999962
0 38 0.999679
0 39 0.999998
0 40 0.999994
0 41 0.999998
0 42 0.999996
0 43 0.999999
0 44 0.999998
0 45 0.999998
0 46 0.999962
0 47 0.096388
0 48 0.999994
0 49 0.999390
0 50 0.029925
0 51 0.999999
0 52 0.999999
0 53 0.999996
0 54 0.999998
0 55 0.029925
0 56 0.005177
0 57 0.999996
0 58 0.998265
0 59 0.999390
0 60 0.999872
0 61 0.999998
0 62 0.719662
0 63 0.999993
0 64 0.901145
0 65 0.999998
0 66 0.999390
0 67 0.999986
0 68 0.999999
0 69 0.999786
0 70 0.999807
0 71 0.999999
0 72 0.999771
0 73 0.999729
0 74 0.999997
0 75 0.999998
0 76 0.999518
0 77 0.999999
0 78 0.999998
0 79 0.999973
0 80 0.999983
0 81 0.999970
0 82 0.999952
0 83 0.999997
0 84 0.096388
0 85 0.999998
0 86 0.029925
0 87 0.999819
0 88 0.999999
0 89 0.999837
0 90 0.999968
0 91 0.999999
0 92 0.999998
0 93 0.999998
0 94 0.991800
0 95 0.096388
0 96 0.994526
0 97 0.988501
0 98 0.999999
0 99 0.999989
1 0 0.999998
1 1 0.000000
1 2 0.999999
1 3 0.999970
1 4 0.999962
1 5 0.999992
1 6 0.999871
1 7 0.999848
1 8 0.999898
1 9 0.999999
1 10 0.999999
1 11 0.138922
1 12 0.990289
1 13 0.999932
1 14 0.999996
1 15 0.999998
1 16 0.029925
1 17 0.999998
1 18 0.987726
1 19 0.999968
1 20 0.999998
1 21 0.999997
1 22 0.999999
1 23 0.999995
1 24 0.999990
1 25 0.999962
1 26 0.096388
1 27 0.994526
1 28 0.999998
1 29 0.999998
1 30 0.999996
1 31 0.999995
1 32 0.998843
1 33 0.959174
1 34 0.999997
1 35 0.999994
1 36 0.997944
1 37 0.999658
1 38 0.999997
1 39 0.999996
1 40 0.096388
1 41 0.999983
1 42 0.999955
1 43 0.996347
1 44 0.979649
1 45 0.985469
1 46 0.999982
1 47 0.999914
1 48 0.610510
1 49 0.999970
1 50 0.999593
1 51 0.999999
1 52 0.051779
1 53 0.703771
1 54 0.991800
1 55 0.999996
1 56 0.999989
1 57 0.999997
1 58 0.999952
1 59 0.999997
1 60 0.999994
1 61 0.096388
1 62 0.999999
1 63 0.210224
1 64 0.999986
1 65 0.999999
1 66 0.978283
1 67 0.999983
1 68 0.999880
1 69 0.999997
1 70 0.999349
1 71 0.791203
1 72 0.982801
1 73 0.999999
1 74 0.999999
1 75 0.999955
1 76 0.979649
1 77 0.999985
1 78 0.999989
1 79 0.993515
1 80 0.999998
1 81 0.999999
1 82 0.999993
1 83 0.999996
1 84 0.999998
1 85 0.999997
1 86 0.999657
1 87 0.268234
1 88 0.997944
1 89 0.999977
1 90 0.961718
1 91 0.096388
1 92 0.999998
1 93 0.999979
1 94 0.999892
1 95 0.999771
1 96 0.999998
1 97 0.990289
1 98 0.999992
1 99 0.999657
2 0 0.999998
2 1 0.999999
2 2 0.000000
2 3 0.999998
2 4 0.999968
2 5 0.999999
2 6 0.096388
2 7 0.999998
2 8 0.999998
2 9 0.999998
2 10 0.999518
2 11 0.999848
2 12 0.999485
2 13 0.999807
2 14 0.998375
2 15 0.999518
2 16 0.999992
2 17 0.999996
2 18 0.999729
2 19 0.998375
2 20 0.999983
2 21 0.999995
2 22 0.999994
2 23 0.999999
2 24 0.999228
2 25 0.096388
2 26 0.997563
2 27 0.999995
2 28 0.999998
2 29 0.999995
2 30 0.096388
2 31 0.223001
2 32 0.999729
2 33 0.994526
2 34 0.999657
2 35 0.999997
2 36 0.999999
2 37 0.268234
2 38 0.096388
2 39 0.999997
2 40 0.999999
2 41 0.999986
2 42 0.999999
2 43 0.051779
2 44 0.999970
2 45 0.999847
2 46 0.997113
2 47 0.999848
2 48 0.921048
2 49 0.999999
2 50 0.999997
2 51 0.999992
2 52 0.999999
2 53 0.999968
2 54 0.999991
2 55 0.995672
2 56 0.990903
2 57 0.998074
2 58 0.999998
2 59 0.029925
2 60 0.415919
2 61 0.999999
2 62 0.999975
2 63 0.982801
2 64 0.999997
2 65 0.855444
2 66 0.999962
2 67 0.138922
2 68 0.096388
2 69 0.999999
2 70 0.999593
2 71 0.999998
2 72 0.998916
2 73 0.999808
2 74 0.999986
2 75 0.029925
2 76 0.999807
2 77 0.999968
2 78 0.999962
2 79 0.974313
2 80 0.999968
2 81 0.082237
2 82 0.391878
2 83 0.999786
2 84 0.999989
2 85 0.999998
2 86 0.974313
2 87 0.719662
2 88 0.999998
2 89 0.997113
2 90 0.999997
2 91 0.999807
2 92 0.996347
2 93 0.883941
2 94 0.999998
2 95 0.999998
2 96 0.096388
2 97 0.999771
2 98 0.999999
2 99 0.997113
3 0 0.096388
3 1 0.999970
3 2 0.999998
3 3 0.000000
3 4 0.005177
3 5 0.994526
3 6 0.997944
3 7 0.999997
3 8 0.268234
3 9 0.999992
3 10 0.995672
3 11 0.998916
3 12 0.901145
3 13 0.999943
3 14 0.901145
3 15 0.985469
3 16 0.978283
3 17 0.999771
3 18 0.999891
3 19 0.999999
3 20 0.999999
3 21 0.138922
3 22 0.999898
3 23 0.998375
3 24 0.999228
3 25 0.998629
3 26 0.999998
3 27 0.999998
3 28 0.999998
3 29 0.883941
3 30 0.999772
3 31 0.999979
3 32 0.999996
3 33 0.972594
3 34 0.029925
3 35 0.999998
3 36 0.996917
3 37 0.999999
3 38 0.998074
3 39 0.999593
3 40 0.096388
3 41 0.999997
3 42 0.998916
3 43 0.999998
3 44 0.921048
3 45 0.974313
3 46 0.999914
3 47 0.999996
3 48 0.994873
3 49 0.999997
3 50 0.999848
3 51 0.999992
3 52 0.610510
3 53 0.999998
3 54 0.999999
3 55 0.999962
3 56 0.820692
3 57 0.999871
3 58 0.999994
3 59 0.999970
3 60 0.999999
3 61 0.998843
3 62 0.921048
3 63 0.999993
3 64 0.997563
3 65 0.954792
3 66 0.999786
3 67 0.999983
3 68 0.999986
3 69 0.096388
3 70 0.999848
3 71 0.999962
3 72 0.999996
3 73 0.999999
3 74 0.999998
3 75 0.999872
3 76 0.557193
3 77 0.999593
3 78 0.999898
3 79 0.999968
3 80 0.999999
3 81 0.999898
3 82 0.999277
3 83 0.999973
3 84 0.999975
3 85 0.999999
3 86 0.999998
3 87 0.993516
3 88 0.999994
3 89 0.999994
3 90 0.915921
3 91 0.999952
3 92 0.999999
3 93 0.999996
3 94 0.999998
3 95 0.999999
3 96 0.999998
3 97 0.997563
3 98 0.999657
3 99 0.999998
4 0 0.999518
4 1 0.999962
4 2 0.999968
4 3 0.005177
4 4 0.000000
4 5 0.535509
4 6 0.999277
4 7 0.991800
4 8 0.029925
4 9 0.999997
4 10 0.969629
4 11 0.999999
4 12 0.986386
4 13 0.999986
4 14 0.999657
4 15 0.943131
4 16 0.999998
4 17 0.999871
4 18 0.999998
4 19 0.096388
4 20 0.998629
4 21 0.999983
4 22 0.998629
4 23 0.999968
4 24 0.996347
4 25 0.999952
4 26 0.999995
4 27 0.535509
4 28 0.999277
4 29 0.999975
4 30 0.477022
4 31 0.999997
4 32 0.999819
4 33 0.995672
4 34 0.999998
4 35 0.999999
4 36 0.999819
4 37 0.999990
4 38 0.305549
4 39 0.096388
4 40 0.997944
4 41 0.999998
4 42 0.999997
4 43 0.997113
4 44 0.997563
4 45 0.999991
4 46 0.999989
4 47 0.999898
4 48 0.932960
4 49 0.998375
4 50 0.999657
4 51 0.999998
4 52 0.999985
4 53 0.997113
4 54 0.996347
4 55 0.999848
4 56 0.999993
4 57 0.999999
4 58 0.932960
4 59 0.999593
4 60 0.999982
4 61 0.987725
4 62 0.999990
4 63 0.999999
4 64 0.999998
4 65 0.999997
4 66 0.999993
4 67 0.999771
4 68 0.999998
4 69 0.999997
4 70 0.999999
4 71 0.999518
4 72 0.138922
4 73 0.999999
4 74 0.846427
4 75 0.011782
4 76 0.999988
4 77 0.999998
4 78 0.999979
4 79 0.998375
4 80 0.999995
4 81 0.999999
4 82 0.029925
4 83 0.999914
4 84 0.999995
4 85 0.999999
4 86 0.999999
4 87 0.999998
4 88 0.999975
4 89 0.999998
4 90 0.994526
4 91 0.999998
4 92 0.996579
4 93 0.990289
4 94 0.894799
4 95 0.999943
4 96 0.999992
4 97 0.999086
4 98 0.995379
4 99 0.999970
5 0 0.999999
5 1 0.999992
5 2 0.999999
5 3 0.994526
5 4 0.535509
5 5 0.000000
5 6 0.999771
5 7 0.999995
5 8 0.999711
5 9 0.999999
5 10 0.999999
5 11 0.999871
5 12 0.999999
5 13 0.999593
5 14 0.999998
5 15 0.999998
5 16 0.999144
5 17 0.999996
5 18 0.999518
5 19 0.998375
5 20 0.954792
5 21 0.999837
5 22 0.999891
5 23 0.999997
5 24 0.998716
5 25 0.988501
5 26 0.999955
5 27 0.999995
5 28 0.999996
5 29 0.999998
5 30 0.999970
5 31 0.901145
5 32 0.999711
5 33 0.999992
5 34 0.999997
5 35 0.999999
5 36 0.996347
5 37 0.995379
5 38 0.961718
5 39 0.999228
5 40 0.999997
5 41 0.415919
5 42 0.096388
5 43 0.138922
5 44 0.997944
5 45 0.999983
5 46 0.999997
5 47 0.999998
5 48 0.999998
5 49 0.999999
5 50 0.999999
5 51 0.999999
5 52 0.999999
5 53 0.998629
5 54 0.096388
5 55 0.989633
5 56 0.915921
5 57 0.415919
5 58 0.999962
5 59 0.999999
5 60 0.999998
5 61 0.999518
5 62 0.999994
5 63 0.999998
5 64 0.999996
5 65 0.999990
5 66 0.999999
5 67 0.999994
5 68 0.999998
5 69 0.999994
5 70 0.981645
5 71 0.999837
5 72 0.999962
5 73 0.999144
5 74 0.999819
5 75 0.999983
5 76 0.999277
5 77 0.999898
5 78 0.998629
5 79 0.999593
5 80 0.998629
5 81 0.999952
5 82 0.932960
5 83 0.994873
5 84 0.996917
5 85 0.189109
5 86 0.999995
5 87 0.999997
5 88 0.268234
5 89 0.999891
5 90 0.096388
5 91 0.999993
5 92 0.999998
5 93 0.096388
5 94 0.999998
5 95 0.999994
5 96 0.995379
5 97 0.096388
5 98 0.999898
5 99 0.997563
6 0 0.999999
6 1 0.999871
6 2 0.096388
6 3 0.997944
6 4 0.999277
6 5 0.999771
6 6 0.000000
6 7 0.999998
6 8 0.996347
6 9 0.999996
6 10 0.999997
6 11 0.999349
6 12 0.999995
6 13 0.999998
6 14 0.999997
6 15 0.999999
6 16 0.999998
6 17 0.999729
6 18 0.803068
6 19 0.997563
6 20 0.988501
6 21 0.999144
6 22 0.999998
6 23 0.999518
6 24 0.999996
6 25 0.999990
6 26 0.999998
6 27 0.096388
6 28 0.999998
6 29 0.999998
6 30 0.954792
6 31 0.999962
6 32 0.138922
6 33 0.999998
6 34 0.998375
6 35 0.999983
6 36 0.999847
6 37 0.999990
6 38 0.999998
6 39 0.999518
6 40 0.999995
6 41 0.999962
6 42 0.995672
6 43 0.999593
6 44 0.999943
6 45 0.999999
6 46 0.999997
6 47 0.999857
6 48 0.999995
6 49 0.999983
6 50 0.999871
6 51 0.999998
6 52 0.999994
6 53 0.998265
6 54 0.999998
6 55 0.876571
6 56 0.997398
6 57 0.999086
6 58 0.999998
6 59 0.999988
6 60 0.999973
6 61 0.999997
6 62 0.138922
6 63 0.997113
6 64 0.999998
6 65 0.999999
6 66 0.999999
6 67 0.994873
6 68 0.999992
6 69 0.096388
6 70 0.029925
6 71 0.999998
6 72 0.998916
6 73 0.999996
6 74 0.999998
6 75 0.999999
6 76 0.999657
6 77 0.994526
6 78 0.999914
6 79 0.999998
6 80 0.999999
6 81 0.029925
6 82 0.999952
6 83 0.999593
6 84 0.138922
6 85 0.999986
6 86 0.999819
6 87 0.996579
6 88 0.999998
6 89 0.999998
6 90 0.921048
6 91 0.999229
6 92 0.999998
6 93 0.757621
6 94 0.997398
6 95 0.999847
6 96 0.998916
6 97 0.999819
6 98 0.999999
6 99 0.999996
7 0 0.999973
7 1 0.999848
7 2 0.999998
7 3 0.999997
7 4 0.991800
7 5 0.999995
7 6 0.999998
7 7 0.000000
7 8 0.998375
7 9 0.999998
7 10 0.951799
7 11 0.999277
7 12 0.029925
7 13 0.985469
7 14 0.005177
7 15 0.999997
7 16 0.999997
7 17 0.999998
7 18 0.999991
7 19 0.096388
7 20 0.999996
7 21 0.999986
7 22 0.997944
7 23 0.999999
7 24 0.999979
7 25 0.999995
7 26 0.557193
7 27 0.921048
7 28 0.999999
7 29 0.999996
7 30 0.999997
7 31 0.999992
7 32 0.999997
7 33 0.999998
7 34 0.999999
7 35 0.029925
7 36 0.999992
7 37 0.999998
7 38 0.999999
7 39 0.985469
7 40 0.999973
7 41 0.943131
7 42 0.999277
7 43 0.999998
7 44 0.999679
7 45 0.999952
7 46 0.999711
7 47 0.999999
7 48 0.999943
7 49 0.999996
7 50 0.999995
7 51 0.535509
7 52 0.999999
7 53 0.999999
7 54 0.999999
7 55 0.999952
7 56 0.999998
7 57 0.245316
7 58 0.999277
7 59 0.999999
7 60 0.999998
7 61 0.999999
7 62 0.999997
7 63 0.999994
7 64 0.999819
7 65 0.999898
7 66 0.999880
7 67 0.999992
7 68 0.210224
7 69 0.998375
7 70 0.610510
7 71 0.029925
7 72 0.999962
7 73 0.999999
7 74 0.096388
7 75 0.999872
7 76 0.991800
7 77 0.999970
7 78 0.999771
7 79 0.855444
7 80 0.999993
7 81 0.999928
7 82 0.999992
7 83 0.999986
7 84 0.999995
7 85 0.954792
7 86 0.096388
7 87 0.999996
7 88 0.999996
7 89 0.999657
7 90 0.999848
7 91 0.999920
7 92 0.999086
7 93 0.535509
7 94 0.999999
7 95 0.999998
7 96 0.974313
7 97 0.999593
7 98 0.999996
7 99 0.999992
8 0 0.999997
8 1 0.999898
8 2 0.999998
8 3 0.268234
8 4 0.029925
8 5 0.999711
8 6 0.996347
8 7 0.998375
8 8 0.000000
8 9 0.029925
8 10 0.928576
8 11 0.979649
8 12 0.999657
8 13 0.029925
8 14 0.029925
8 15 0.999657
8 16 0.995379
8 17 0.995672
8 18 0.999998
8 19 0.999999
8 20 0.999837
8 21 0.999999
8 22 0.999996
8 23 0.999998
8 24 0.677128
8 25 0.969629
8 26 0.999992
8 27 0.921048
8 28 0.999996
8 29 0.999711
8 30 0.999982
8 31 0.610510
8 32 0.999932
8 33 0.999998
8 34 0.999996
8 35 0.005177
8 36 0.999979
8 37 0.994873
8 38 0.999998
8 39 0.831064
8 40 0.999955
8 41 0.999999
8 42 0.999984
8 43 0.999998
8 44 0.999657
8 45 0.997563
8 46 0.999999
8 47 0.999996
8 48 0.999998
8 49 0.719662
8 50 0.999998
8 51 0.998629
8 52 0.999997
8 53 0.029925
8 54 0.999996
8 55 0.415919
8 56 0.999996
8 57 0.999999
8 58 0.999999
8 59 0.999998
8 60 0.932960
8 61 0.999729
8 62 0.005177
8 63 0.999998
8 64 0.999998
8 65 0.999998
8 66 0.005177
8 67 0.999952
8 68 0.999999
8 69 0.999988
8 70 0.981645
8 71 0.096388
8 72 0.969629
8 73 0.999898
8 74 0.999998
8 75 0.999228
8 76 0.999992
8 77 0.999711
8 78 0.999979
8 79 0.999995
8 80 0.999952
8 81 0.999998
8 82 0.999999
8 83 0.883941
8 84 0.996579
8 85 0.999771
8 86 0.999998
8 87 0.999898
8 88 0.096388
8 89 0.999920
8 90 0.999998
8 91 0.999992
8 92 0.999993
8 93 0.999998
8 94 0.982801
8 95 0.999999
8 96 0.096388
8 97 0.999997
8 98 0.997563
8 99 0.999995
9 0 0.268234
9 1 0.999999
9 2 0.999998
9 3 0.999992
9 4 0.999997
9 5 0.999999
9 6 0.999996
9 7 0.999998
9 8 0.029925
9 9 0.000000
9 10 0.863976
9 11 0.999990
9 12 0.965441
9 13 0.999486
9 14 0.210224
9 15 0.005177
9 16 0.096388
9 17 0.999932
9 18 0.999997
9 19 0.999982
9 20 0.999999
9 21 0.999997
9 22 0.999086
9 23 0.999999
9 24 0.863976
9 25 0.999970
9 26 0.029925
9 27 0.999997
9 28 0.999982
9 29 0.997718
9 30 0.791202
9 31 0.974313
9 32 0.999999
9 33 0.993077
9 34 0.138922
9 35 0.990289
9 36 0.803068
9 37 0.999990
9 38 0.999995
9 39 0.023583
9 40 0.999992
9 41 0.999998
9 42 0.999819
9 43 0.999997
9 44 0.329464
9 45 0.998916
9 46 0.999998
9 47 0.138922
9 48 0.999952
9 49 0.999968
9 50 0.999898
9 51 0.999998
9 52 0.999819
9 53 0.029925
9 54 0.999997
9 55 0.999998
9 56 0.999771
9 57 0.999990
9 58 0.921048
9 59 0.029925
9 60 0.999991
9 61 0.999997
9 62 0.999998
9 63 0.999998
9 64 0.999999
9 65 0.096388
9 66 0.999997
9 67 0.999729
9 68 0.999973
9 69 0.999995
9 70 0.999990
9 71 0.005177
9 72 0.999566
9 73 0.999991
9 74 0.210224
9 75 0.999995
9 76 0.757621
9 77 0.999998
9 78 0.999999
9 79 0.210224
9 80 0.974313
9 81 0.999826
9 82 0.999996
9 83 0.999991
9 84 0.999771
9 85 0.999998
9 86 0.999999
9 87 0.999928
9 88 0.096388
9 89 0.999999
9 90 0.029925
9 91 0.999898
9 92 0.999997
9 93 0.943131
9 94 0.029925
9 95 0.557193
9 96 0.993516
9 97 0.999277
9 98 0.999970
9 99 0.999729
10 0 0.999996
10 1 0.999999
10 2 0.999518
10 3 0.995672
10 4 0.969629
10 5 0.999999
10 6 0.999997
10 7 0.951799
10 8 0.928576
10 9 0.863976
10 10 0.000000
10 11 0.999998
10 12 0.096388
10 13 0.995672
10 14 0.999998
10 15 0.999998
10 16 0.999872
10 17 0.999998
10 18 0.999932
10 19 0.999999
10 20 0.999997
10 21 0.999996
10 22 0.999992
10 23 0.994155
10 24 0.999593
10 25 0.999999
10 26 0.999086
10 27 0.999998
10 28 0.991800
10 29 0.999997
10 30 0.999995
10 31 0.999994
10 32 0.029925
10 33 0.999994
10 34 0.999997
10 35 0.991800
10 36 0.999999
10 37 0.999998
10 38 0.999996
10 39 0.999997
10 40 0.999998
10 41 0.999975
10 42 0.138922
10 43 0.999998
10 44 0.951799
10 45 0.999994
10 46 0.998629
10 47 0.999390
10 48 0.999997
10 49 0.999999
10 50 0.999996
10 51 0.999996
10 52 0.999657
10 53 0.999998
10 54 0.997563
10 55 0.999997
10 56 0.999992
10 57 0.948611
10 58 0.999979
10 59 0.999995
10 60 0.999657
10 61 0.999997
10 62 0.999997
10 63 0.999968
10 64 0.051779
10 65 0.999998
10 66 0.999429
10 67 0.999999
10 68 0.990903
10 69 0.992319
10 70 0.999998
10 71 0.999992
10 72 0.999979
10 73 0.999994
10 74 0.999998
10 75 0.999998
10 76 0.999943
10 77 0.999729
10 78 0.999085
10 79 0.610509
10 80 0.999998
10 81 0.999975
10 82 0.999999
10 83 0.999657
10 84 0.997113
10 85 0.999998
10 86 0.999998
10 87 0.999992
10 88 0.999998
10 89 0.999996
10 90 0.999771
10 91 0.096388
10 92 0.999998
10 93 0.999996
10 94 0.268234
10 95 0.029925
10 96 0.999996
10 97 0.999277
10 98 0.999988
10 99 0.415919
11 0 0.999999
11 1 0.138922
11 2 0.999848
11 3 0.998916
11 4 0.999999
11 5 0.999871
11 6 0.999349
11 7 0.999277
11 8 0.979649
11 9 0.999990
11 10 0.999998
11 11 0.000000
11 12 0.946647
11 13 0.999880
11 14 0.999349
11 15 0.210224
11 16 0.999992
11 17 0.999998
11 18 0.999997
11 19 0.999952
11 20 0.999228
11 21 0.999349
11 22 0.999998
11 23 0.999995
11 24 0.999999
11 25 0.999962
11 26 0.999999
11 27 0.999998
11 28 0.999995
11 29 0.999928
11 30 0.988501
11 31 0.999996
11 32 0.999848
11 33 0.096388
11 34 0.999837
11 35 0.096388
11 36 0.999657
11 37 0.999998
11 38 0.999955
11 39 0.999999
11 40 0.999992
11 41 0.999992
11 42 0.029925
11 43 0.999996
11 44 0.999998
11 45 0.005177
11 46 0.999657
11 47 0.998716
11 48 0.999997
11 49 0.999998
11 50 0.999998
11 51 0.999997
11 52 0.096388
11 53 0.999999
11 54 0.999593
11 55 0.976826
11 56 0.997563
11 57 0.999997
11 58 0.932960
11 59 0.999277
11 60 0.999228
11 61 0.999995
11 62 0.943131
11 63 0.029925
11 64 0.979649
11 65 0.998629
11 66 0.998916
11 67 0.999997
11 68 0.999999
11 69 0.999997
11 70 0.029925
11 71 0.999999
11 72 0.999999
11 73 0.999996
11 74 0.999928
11 75 0.999997
11 76 0.391878
11 77 0.974313
11 78 0.999998
11 79 0.999998
11 80 0.999975
11 81 0.992319
11 82 0.005177
11 83 0.051779
11 84 0.988501
11 85 0.999986
11 86 0.978283
11 87 0.998375
11 88 0.999594
11 89 0.997944
11 90 0.999997
11 91 0.999996
11 92 0.999983
11 93 0.999990
11 94 0.999848
11 95 0.969629
11 96 0.999998
11 97 0.029925
11 98 0.999995
11 99 0.978283
12 0 0.999998
12 1 0.990289
12 2 0.999485
12 3 0.901145
12 4 0.986386
12 5 0.999999
12 6 0.999995
12 7 0.029925
12 8 0.999657
12 9 0.965441
12 10 0.096388
12 11 0.946647
12 12 0.000000
12 13 0.999989
12 14 0.999999
12 15 0.932960
12 16 0.999993
12 17 0.999955
12 18 0.982801
12 19 0.999998
12 20 0.996917
12 21 0.999819
12 22 0.999892
12 23 0.999988
12 24 0.996917
12 25 0.999989
12 26 0.557193
12 27 0.998629
12 28 0.999980
12 29 0.096388
12 30 0.999997
12 31 0.965441
12 32 0.999996
12 33 0.999998
12 34 0.096388
12 35 0.831064
12 36 0.999277
12 37 0.999999
12 38 0.999998
12 39 0.051779
12 40 0.999983
12 41 0.999943
12 42 0.999999
12 43 0.998375
12 44 0.999997
12 45 0.999992
12 46 0.029925
12 47 0.999999
12 48 0.029925
12 49 0.999995
12 50 0.901145
12 51 0.999997
12 52 0.999995
12 53 0.999848
12 54 0.210224
12 55 0.029925
12 56 0.999997
12 57 0.999998
12 58 0.961718
12 59 0.999999
12 60 0.999979
12 61 0.999999
12 62 0.999999
12 63 0.999999
12 64 0.999998
12 65 0.855444
12 66 0.998375
12 67 0.999975
12 68 0.999999
12 69 0.999999
12 70 0.999968
12 71 0.999928
12 72 0.999594
12 73 0.138922
12 74 0.999995
12 75 0.051779
12 76 0.999992
12 77 0.999085
12 78 0.999485
12 79 0.999848
12 80 0.932960
12 81 0.990289
12 82 0.998629
12 83 0.999998
12 84 0.999998
12 85 0.999979
12 86 0.996579
12 87 0.999999
12 88 0.999994
12 89 0.743481
12 90 0.999999
12 91 0.096388
12 92 0.999485
12 93 0.999990
12 94 0.999955
12 95 0.029925
12 96 0.982801
12 97 0.986386
12 98 0.992319
12 99 0.999989
13 0 0.999998
13 1 0.999932
13 2 0.999807
13 3 0.999943
13 4 0.999986
13 5 0.999593
13 6 0.999998
13 7 0.985469
13 8 0.029925
13 9 0.999486
13 10 0.995672
13 11 0.999880
13 12 0.999989
13 13 0.000000
13 14 0.999998
13 15 0.999998
13 16 0.999999
13 17 0.999892
13 18 0.999999
13 19 0.998629
13 20 0.329464
13 21 0.999998
13 22 0.096388
13 23 0.029925
13 24 0.999997
13 25 0.999986
13 26 0.999998
13 27 0.967602
13 28 0.999998
13 29 0.610510
13 30 0.999998
13 31 0.999998
13 32 0.999970
13 33 0.999998
13 34 0.946647
13 35 0.999819
13 36 0.999898
13 37 0.999880
13 38 0.029925
13 39 0.999994
13 40 0.999991
13 41 0.999990
13 42 0.999997
13 43 0.998375
13 44 0.999848
13 45 0.999980
13 46 0.999998
13 47 0.999991
13 48 0.999992
13 49 0.990289
13 50 0.999999
13 51 0.999932
13 52 0.268234
13 53 0.096388
13 54 0.999485
13 55 0.999880
13 56 0.096388
13 57 0.999756
13 58 0.999914
13 59 0.985469
13 60 0.999998
13 61 0.999998
13 62 0.999996
13 63 0.999999
13 64 0.996917
13 65 0.999657
13 66 0.999998
13 67 0.999995
13 68 0.999998
13 69 0.096388
13 70 0.932960
13 71 0.999085
13 72 0.999999
13 73 0.999999
13 74 0.985469
13 75 0.991800
13 76 0.999999
13 77 0.999996
13 78 0.999999
13 79 0.999898
13 80 0.999999
13 81 0.999997
13 82 0.999998
13 83 0.999999
13 84 0.999998
13 85 0.999968
13 86 0.999390
13 87 0.999679
13 88 0.999997
13 89 0.999998
13 90 0.999996
13 91 0.096388
13 92 0.978283
13 93 0.999999
13 94 0.999634
13 95 0.999914
13 96 0.999593
13 97 0.245316
13 98 0.999995
13 99 0.998916
14 0 0.051779
14 1 0.999996
14 2 0.998375
14 3 0.901145
14 4 0.999657
14 5 0.999998
14 6 0.999997
14 7 0.005177
14 8 0.029925
14 9 0.210224
14 10 0.999998
14 11 0.999349
14 12 0.999999
14 13 0.999998
14 14 0.000000
14 15 0.329464
14 16 0.999837
14 17 0.096388
14 18 0.928576
14 19 0.477022
14 20 0.557193
14 21 0.999518
14 22 0.999999
14 23 0.974313
14 24 0.967602
14 25 0.999998
14 26 0.999998
14 27 0.999988
14 28 0.999486
14 29 0.999898
14 30 0.999999
14 31 0.557193
14 32 0.999990
14 33 0.997944
14 34 0.999962
14 35 0.757621
14 36 0.999983
14 37 0.999988
14 38 0.999995
14 39 0.999996
14 40 0.999989
14 41 0.999998
14 42 0.999999
14 43 0.999993
14 44 0.999999
14 45 0.999973
14 46 0.999998
14 47 0.999518
14 48 0.999993
14 49 0.999983
14 50 0.990289
14 51 0.994526
14 52 0.989633
14 53 0.999998
14 54 0.590401
14 55 0.999807
14 56 0.998074
14 57 0.967602
14 58 0.999997
14 59 0.999999
14 60 0.863976
14 61 0.992319
14 62 0.999996
14 63 0.999995
14 64 0.999966
14 65 0.999999
14 66 0.999998
14 67 0.999997
14 68 0.992319
14 69 0.029925
14 70 0.999999
14 71 0.999997
14 72 0.999880
14 73 0.999990
14 74 0.999086
14 75 0.993516
14 76 0.096388
14 77 0.999952
14 78 0.999914
14 79 0.999996
14 80 0.999975
14 81 0.999871
14 82 0.999988
14 83 0.999756
14 84 0.999914
14 85 0.999983
14 86 0.999998
14 87 0.999997
14 88 0.999997
14 89 0.999964
14 90 0.999997
14 91 0.999997
14 92 0.984491
14 93 0.999998
14 94 0.999998
14 95 0.997563
14 96 0.999988
14 97 0.990289
14 98 0.999999
14 99 0.999932
15 0 0.976826
15 1 0.999998
15 2 0.999518
15 3 0.985469
15 4 0.943131
15 5 0.999998
15 6 0.999999
15 7 0.999997
15 8 0.999657
15 9 0.005177
15 10 0.999998
15 11 0.210224
15 12 0.932960
15 13 0.999998
15 14 0.329464
15 15 0.000000
15 16 0.974313
15 17 0.999989
15 18 0.138922
15 19 0.999996
15 20 0.943130
15 21 0.999998
15 22 0.985469
15 23 0.999920
15 24 0.999518
15 25 0.610510
15 26 0.999999
15 27 0.557193
15 28 0.415919
15 29 0.999998
15 30 0.994526
15 31 0.999997
15 32 0.999997
15 33 0.096388
15 34 0.978283
15 35 0.964107
15 36 0.999998
15 37 0.954792
15 38 0.999390
15 39 0.999998
15 40 0.082237
15 41 0.999998
15 42 0.999998
15 43 0.999679
15 44 0.999975
15 45 0.996917
15 46 0.982801
15 47 0.999994
15 48 0.999998
15 49 0.999848
15 50 0.998478
15 51 0.096388
15 52 0.999997
15 53 0.999995
15 54 0.993926
15 55 0.915921
15 56 0.999998
15 57 0.999679
15 58 0.999955
15 59 0.999962
15 60 0.999998
15 61 0.999998
15 62 0.999679
15 63 0.999995
15 64 0.999998
15 65 0.999819
15 66 0.999771
15 67 0.138922
15 68 0.999992
15 69 0.999996
15 70 0.999999
15 71 0.096388
15 72 0.999986
15 73 0.999999
15 74 0.999962
15 75 0.999986
15 76 0.999997
15 77 0.999848
15 78 0.999997
15 79 0.999990
15 80 0.415919
15 81 0.999999
15 82 0.999998
15 83 0.999973
15 84 0.999987
15 85 0.999891
15 86 0.999998
15 87 0.999997
15 88 0.999995
15 89 0.999771
15 90 0.831064
15 91 0.999999
15 92 0.029925
15 93 0.999807
15 94 0.999982
15 95 0.999999
15 96 0.999991
15 97 0.999992
15 98 0.999998
15 99 0.999999
16 0 0.999997
16 1 0.029925
16 2 0.999992
16 3 0.978283
16 4 0.999998
16 5 0.999144
16 6 0.999998
16 7 0.999997
16 8 0.995379
16 9 0.096388
16 10 0.999872
16 11 0.999992
16 12 0.999993
16 13 0.999999
16 14 0.999837
16 15 0.974313
16 16 0.000000
16 17 0.999970
16 18 0.999999
16 19 0.005177
16 20 0.990289
16 21 0.999997
16 22 0.999997
16 23 0.999998
16 24 0.998265
16 25 0.096388
16 26 0.029925
16 27 0.999998
16 28 0.029925
16 29 0.999996
16 30 0.995672
16 31 0.999999
16 32 0.999349
16 33 0.011782
16 34 0.999962
16 35 0.999880
16 36 0.477022
16 37 0.999086
16 38 0.999485
16 39 0.999997
16 40 0.999998
16 41 0.999932
16 42 0.982801
16 43 0.995672
16 44 0.029925
16 45 0.999998
16 46 0.999993
16 47 0.999966
16 48 0.996347
16 49 0.976826
16 50 0.999657
16 51 0.999955
16 52 0.999999
16 53 0.999979
16 54 0.999992
16 55 0.999998
16 56 0.999915
16 57 0.901145
16 58 0.993515
16 59 0.999997
16 60 0.999992
16 61 0.999985
16 62 0.557193
16 63 0.998916
16 64 0.999996
16 65 0.999999
16 66 0.557193
16 67 0.999999
16 68 0.999996
16 69 0.999998
16 70 0.999996
16 71 0.999086
16 72 0.999997
16 73 0.999998
16 74 0.993926
16 75 0.894801
16 76 0.999998
16 77 0.999998
16 78 0.999998
16 79 0.985469
16 80 0.999998
16 81 0.999992
16 82 0.999914
16 83 0.999952
16 84 0.997113
16 85 0.999914
16 86 0.999998
16 87 0.999975
16 88 0.993516
16 89 0.999999
16 90 0.999997
16 91 0.999962
16 92 0.999928
16 93 0.999593
16 94 0.999999
16 95 0.999973
16 96 0.029925
16 97 0.999952
16 98 0.999999
16 99 0.999986
17 0 0.999711
17 1 0.999998
17 2 0.999996
17 3 0.999771
17 4 0.999871
17 5 0.999996
17 6 0.999729
17 7 0.999998
17 8 0.995672
17 9 0.999932
17 10 0.999998
17 11 0.999998
17 12 0.999955
17 13 0.999892
17 14 0.096388
17 15 0.999989
17 16 0.999970
17 17 0.000000
17 18 0.999999
17 19 0.999848
17 20 0.096388
17 21 0.999999
17 22 0.979649
17 23 0.999891
17 24 0.999991
17 25 0.029925
17 26 0.029925
17 27 0.999995
17 28 0.999837
17 29 0.999998
17 30 0.999998
17 31 0.999998
17 32 0.999970
17 33 0.999996
17 34 0.998629
17 35 0.998916
17 36 0.999999
17 37 0.999997
17 38 0.999995
17 39 0.985469
17 40 0.999970
17 41 0.999968
17 42 0.999992
17 43 0.985469
17 44 0.999979
17 45 0.005177
17 46 0.999997
17 47 0.999994
17 48 0.999997
17 49 0.096388
17 50 0.999998
17 51 0.096388
17 52 0.996917
17 53 0.999999
17 54 0.999729
17 55 0.096388
17 56 0.999977
17 57 0.999996
17 58 0.999999
17 59 0.972594
17 60 0.999998
17 61 0.999998
17 62 0.999996
17 63 0.999997
17 64 0.999992
17 65 0.999518
17 66 0.999997
17 67 0.998843
17 68 0.999998
17 69 0.999992
17 70 0.982801
17 71 0.986386
17 72 0.999999
17 73 0.999998
17 74 0.029925
17 75 0.268234
17 76 0.210224
17 77 0.999899
17 78 0.999998
17 79 0.999999
17 80 0.883941
17 81 0.999970
17 82 0.999995
17 83 0.999998
17 84 0.997113
17 85 0.999871
17 86 0.029925
17 87 0.999997
17 88 0.999566
17 89 0.999729
17 90 0.096388
17 91 0.999819
17 92 0.999914
17 93 0.999999
17 94 0.999995
17 95 0.999998
17 96 0.998628
17 97 0.999999
17 98 0.999807
17 99 0.999975
18 0 0.999593
18 1 0.987726
18 2 0.999729
18 3 0.999891
18 4 0.999998
18 5 0.999518
18 6 0.803068
18 7 0.999991
18 8 0.999998
18 9 0.999997
18 10 0.999932
18 11 0.999997
18 12 0.982801
18 13 0.999999
18 14 0.928576
18 15 0.138922
18 16 0.999999
18 17 0.999999
18 18 0.000000
18 19 0.999634
18 20 0.999995
18 21 0.990903
18 22 0.029925
18 23 0.999998
18 24 0.961718
18 25 0.883941
18 26 0.999979
18 27 0.986386
18 28 0.999962
18 29 0.138922
18 30 0.998375
18 31 0.998916
18 32 0.999996
18 33 0.999998
18 34 0.967602
18 35 0.820693
18 36 0.999996
18 37 0.999994
18 38 0.961718
18 39 0.999998
18 40 0.999992
18 41 0.999086
18 42 0.999997
18 43 0.996917
18 44 0.999999
18 45 0.999998
18 46 0.999998
18 47 0.999991
18 48 0.999990
18 49 0.831064
18 50 0.999807
18 51 0.999997
18 52 0.999996
18 53 0.999998
18 54 0.996347
18 55 0.969629
18 56 0.999998
18 57 0.096388
18 58 0.999998
18 59 0.999277
18 60 0.082237
18 61 0.051779
18 62 0.999996
18 63 0.999998
18 64 0.997718
18 65 0.999999
18 66 0.999985
18 67 0.999998
18 68 0.999962
18 69 0.999997
18 70 0.999999
18 71 0.999277
18 72 0.995672
18 73 0.005177
18 74 0.999999
18 75 0.999998
18 76 0.998375
18 77 0.999277
18 78 0.999711
18 79 0.999943
18 80 0.999999
18 81 0.999998
18 82 0.999991
18 83 0.979649
18 84 0.999996
18 85 0.999962
18 86 0.999994
18 87 0.999144
18 88 0.999999
18 89 0.999980
18 90 0.999657
18 91 0.999914
18 92 0.928575
18 93 0.990289
18 94 0.999848
18 95 0.096388
18 96 0.999998
18 97 0.999999
18 98 0.998716
18 99 0.029925
19 0 0.996347
19 1 0.999968
19 2 0.998375
19 3 0.999999
19 4 0.096388
19 5 0.998375
19 6 0.997563
19 7 0.096388
19 8 0.999999
19 9 0.999982
19 10 0.999999
19 11 0.999952
19 12 0.999998
19 13 0.998629
19 14 0.477022
19 15 0.999996
19 16 0.005177
19 17 0.999848
19 18 0.999634
19 19 0.000000
19 20 0.999999
19 21 0.974313
19 22 0.999995
19 23 0.992319
19 24 0.999898
19 25 0.999807
19 26 0.999771
19 27 0.999847
19 28 0.820692
19 29 0.999998
19 30 0.189109
19 31 0.999999
19 32 0.999998
19 33 0.677128
19 34 0.999988
19 35 0.999880
19 36 0.943131
19 37 0.999998
19 38 0.999986
19 39 0.999998
19 40 0.999998
19 41 0.999995
19 42 0.997563
19 43 0.096388
19 44 0.999932
19 45 0.998716
19 46 0.999989
19 47 0.999086
19 48 0.999986
19 49 0.999999
19 50 0.999992
19 51 0.999228
19 52 0.999998
19 53 0.999997
19 54 0.999819
19 55 0.999970
19 56 0.999998
19 57 0.999998
19 58 0.999998
19 59 0.999992
19 60 0.999998
19 61 0.988501
19 62 0.999992
19 63 0.999998
19 64 0.999349
19 65 0.096388
19 66 0.999998
19 67 0.999995
19 68 0.999898
19 69 0.999998
19 70 0.999999
19 71 0.999988
19 72 0.999997
19 73 0.029925
19 74 0.999996
19 75 0.999999
19 76 0.999952
19 77 0.997113
19 78 0.999593
19 79 0.999144
19 80 0.029925
19 81 0.999998
19 82 0.096388
19 83 0.999999
19 84 0.029925
19 85 0.999999
19 86 0.999349
19 87 0.999518
19 88 0.999807
19 89 0.979649
19 90 0.999975
19 91 0.999898
19 92 0.999898
19 93 0.096388
19 94 0.999959
19 95 0.996917
19 96 0.999997
19 97 0.329464
19 98 0.999997
19 99 0.999023
20 0 0.974313
20 1 0.999998
20 2 0.999983
20 3 0.999999
20 4 0.998629
20 5 0.954792
20 6 0.988501
20 7 0.999996
20 8 0.999837
20 9 0.999999
20 10 0.999997
20 11 0.999228
20 12 0.996917
20 13 0.329464
20 14 0.557193
20 15 0.943130
20 16 0.990289
20 17 0.096388
20 18 0.999995
20 19 0.999999
20 20 0.000000
20 21 0.999999
20 22 0.921048
20 23 0.999390
20 24 0.998716
20 25 0.999952
20 26 0.999998
20 27 0.999998
20 28 0.855444
20 29 0.268234
20 30 0.999998
20 31 0.029925
20 32 0.999943
20 33 0.415919
20 34 0.999807
20 35 0.992319
20 36 0.997944
20 37 0.415919
20 38 0.999390
20 39 0.029925
20 40 0.997944
20 41 0.029925
20 42 0.096388
20 43 0.999986
20 44 0.999999
20 45 0.998916
20 46 0.982801
20 47 0.999999
20 48 0.999998
20 49 0.946647
20 50 0.011782
20 51 0.329464
20 52 0.999995
20 53 0.999999
20 54 0.029925
20 55 0.999928
20 56 0.999983
20 57 0.999995
20 58 0.999995
20 59 0.999998
20 60 0.954792
20 61 0.999998
20 62 0.921048
20 63 0.999998
20 64 0.999985
20 65 0.999990
20 66 0.005177
20 67 0.999996
20 68 0.999998
20 69 0.999999
20 70 0.999998
20 71 0.659444
20 72 0.999962
20 73 0.999962
20 74 0.391878
20 75 0.999999
20 76 0.995672
20 77 0.999998
20 78 0.999997
20 79 0.999998
20 80 0.999756
20 81 0.999997
20 82 0.999996
20 83 0.999771
20 84 0.999807
20 85 0.999871
20 86 0.999998
20 87 0.029925
20 88 0.029925
20 89 0.803068
20 90 0.894801
20 91 0.999518
20 92 0.999996
20 93 0.999997
20 94 0.999991
20 95 0.329464
20 96 0.999995
20 97 0.999959
20 98 0.999998
20 99 0.999939
21 0 0.995672
21 1 0.999997
21 2 0.999995
21 3 0.138922
21 4 0.999983
21 5 0.999837
21 6 0.999144
21 7 0.999986
21 8 0.999999
21 9 0.999997
21 10 0.999996
21 11 0.999349
21 12 0.999819
21 13 0.999998
21 14 0.999518
21 15 0.999998
21 16 0.999997
21 17 0.999999
21 18 0.990903
21 19 0.974313
21 20 0.999999
21 21 0.000000
21 22 0.999986
21 23 0.999997
21 24 0.999943
21 25 0.999819
21 26 0.999996
21 27 0.999993
21 28 0.999999
21 29 0.999997
21 30 0.999998
21 31 0.999962
21 32 0.901144
21 33 0.999998
21 34 0.999999
21 35 0.391878
21 36 0.999871
21 37 0.096388
21 38 0.999990
21 39 0.999993
21 40 0.999997
21 41 0.029925
21 42 0.677128
21 43 0.999998
21 44 0.999999
21 45 0.999962
21 46 0.999998
21 47 0.999997
21 48 0.999999
21 49 0.997563
21 50 0.999998
21 51 0.999959
21 52 0.999999
21 53 0.998916
21 54 0.995672
21 55 0.999992
21 56 0.998074
21 57 0.999997
21 58 0.999962
21 59 0.999880
21 60 0.999997
21 61 0.990903
21 62 0.138922
21 63 0.999996
21 64 0.082237
21 65 0.999999
21 66 0.210224
21 67 0.985469
21 68 0.999997
21 69 0.999729
21 70 0.999914
21 71 0.921048
21 72 0.999998
21 73 0.961718
21 74 0.999518
21 75 0.999997
21 76 0.999975
21 77 0.999729
21 78 0.999999
21 79 0.999997
21 80 0.096388
21 81 0.999997
21 82 0.993515
21 83 0.999871
21 84 0.999952
21 85 0.999086
21 86 0.999711
21 87 0.999943
21 88 0.999998
21 89 0.991800
21 90 0.268234
21 91 0.951799
21 92 0.999998
21 93 0.999997
21 94 0.995673
21 95 0.999996
21 96 0.999999
21 97 0.999997
21 98 0.999955
21 99 0.999993
22 0 0.999999
22 1 0.999999
22 2 0.999994
22 3 0.999898
22 4 0.998629
22 5 0.999891
22 6 0.999998
22 7 0.997944
22 8 0.999996
22 9 0.999086
22 10 0.999992
22 11 0.999998
22 12 0.999892
22 13 0.096388
22 14 0.999999
22 15 0.985469
22 16 0.999997
22 17 0.979649
22 18 0.029925
22 19 0.999995
22 20 0.921048
22 21 0.999986
22 22 0.000000
22 23 0.999998
22 24 0.999955
22 25 0.999998
22 26 0.999871
22 27 0.999983
22 28 0.051779
22 29 0.999999
22 30 0.982801
22 31 0.999277
22 32 0.999932
22 33 0.999970
22 34 0.999999
22 35 0.999679
22 36 0.999997
22 37 0.996917
22 38 0.999914
22 39 0.999898
22 40 0.999998
22 41 0.999968
22 42 0.999997
22 43 0.999990
22 44 0.997944
22 45 0.999819
22 46 0.999999
22 47 0.029925
22 48 0.999998
22 49 0.999979
22 50 0.999943
22 51 0.999277
22 52 0.999993
22 53 0.982801
22 54 0.051779
22 55 0.029925
22 56 0.999998
22 57 0.999999
22 58 0.999998
22 59 0.029925
22 60 0.846424
22 61 0.138922
22 62 0.999999
22 63 0.999871
22 64 0.995672
22 65 0.998375
22 66 0.999914
22 67 0.998716
22 68 0.999871
22 69 0.998375
22 70 0.999975
22 71 0.677128
22 72 0.998629
22 73 0.999997
22 74 0.005177
22 75 0.005177
22 76 0.855444
22 77 0.999986
22 78 0.991800
22 79 0.999998
22 80 0.999998
22 81 0.970761
22 82 0.210224
22 83 0.029925
22 84 0.999998
22 85 0.210224
22 86 0.329464
22 87 0.999994
22 88 0.967602
22 89 0.999998
22 90 0.999999
22 91 0.999819
22 92 0.820692
22 93 0.005177
22 94 0.999729
22 95 0.999998
22 96 0.999711
22 97 0.998629
22 98 0.994873
22 99 0.999997
23 0 0.978283
23 1 0.999995
23 2 0.999999
23 3 0.998375
23 4 0.999968
23 5 0.999997
23 6 0.999518
23 7 0.999999
23 8 0.999998
23 9 0.999999
23 10 0.994155
23 11 0.999995
23 12 0.999988
23 13 0.029925
23 14 0.974313
23 15 0.999920
23 16 0.999998
23 17 0.999891
23 18 0.999998
23 19 0.992319
23 20 0.999390
23 21 0.999997
23 22 0.999998
23 23 0.000000
23 24 0.999915
23 25 0.029925
23 26 0.999999
23 27 0.029925
23 28 0.998629
23 29 0.979649
23 30 0.999952
23 31 0.477022
23 32 0.999962
23 33 0.999973
23 34 0.999999
23 35 0.999995
23 36 0.999998
23 37 0.999999
23 38 0.189109
23 39 0.999996
23 40 0.999999
23 41 0.999999
23 42 0.999999
23 43 0.999988
23 44 0.999970
23 45 0.999978
23 46 0.999997
23 47 0.999943
23 48 0.329464
23 49 0.999979
23 50 0.907126
23 51 0.999988
23 52 0.999995
23 53 0.999485
23 54 0.946647
23 55 0.999962
23 56 0.999998
23 57 0.989633
23 58 0.954792
23 59 0.901144
23 60 0.029925
23 61 0.999998
23 62 0.999998
23 63 0.964107
23 64 0.999983
23 65 0.999999
23 66 0.999992
23 67 0.999998
23 68 0.999679
23 69 0.999807
23 70 0.999968
23 71 0.999996
23 72 0.415919
23 73 0.932960
23 74 0.993516
23 75 0.082237
23 76 0.999997
23 77 0.999998
23 78 0.999999
23 79 0.999807
23 80 0.954792
23 81 0.999997
23 82 0.096388
23 83 0.096388
23 84 0.999932
23 85 0.997113
23 86 0.999819
23 87 0.999999
23 88 0.954792
23 89 0.999998
23 90 0.999566
23 91 0.999999
23 92 0.999998
23 93 0.999999
23 94 0.415919
23 95 0.719662
23 96 0.096388
23 97 0.999975
23 98 0.999994
23 99 0.999996
24 0 0.999997
24 1 0.999990
24 2 0.999228
24 3 0.999228
24 4 0.996347
24 5 0.998716
24 6 0.999996
24 7 0.999979
24 8 0.677128
24 9 0.863976
24 10 0.999593
24 11 0.999999
24 12 0.996917
24 13 0.999997
24 14 0.967602
24 15 0.999518
24 16 0.998265
24 17 0.999991
24 18 0.961718
24 19 0.999898
24 20 0.998716
24 21 0.999943
24 22 0.999955
24 23 0.999915
24 24 0.000000
24 25 0.999986
24 26 0.999978
24 27 0.999997
24 28 0.999998
24 29 0.999973
24 30 0.999390
24 31 0.999997
24 32 0.096388
24 33 0.999975
24 34 0.999880
24 35 0.999991
24 36 0.999952
24 37 0.997113
24 38 0.999991
24 39 0.999998
24 40 0.096388
24 41 0.999657
24 42 0.051779
24 43 0.999991
24 44 0.999891
24 45 0.999998
24 46 0.998629
24 47 0.029925
24 48 0.999998
24 49 0.999983
24 50 0.999997
24 51 0.994526
24 52 0.999999
24 53 0.999999
24 54 0.999871
24 55 0.999943
24 56 0.883941
24 57 0.999999
24 58 0.029925
24 59 0.096388
24 60 0.999999
24 61 0.138922
24 62 0.999997
24 63 0.999998
24 64 0.096388
24 65 0.999593
24 66 0.993516
24 67 0.029925
24 68 0.951798
24 69 0.999847
24 70 0.999657
24 71 0.999771
24 72 0.999997
24 73 0.999986
24 74 0.999962
24 75 0.999657
24 76 0.999920
24 77 0.982801
24 78 0.855444
24 79 0.998629
24 80 0.993516
24 81 0.999999
24 82 0.999997
24 83 0.999999
24 84 0.999995
24 85 0.999932
24 86 0.999977
24 87 0.999943
24 88 0.999997
24 89 0.029925
24 90 0.999962
24 91 0.988501
24 92 0.999518
24 93 0.999756
24 94 0.999998
24 95 0.096388
24 96 0.998916
24 97 0.999994
24 98 0.999962
24 99 0.999485
25 0 0.999771
25 1 0.999962
25 2 0.096388
25 3 0.998629
25 4 0.999952
25 5 0.988501
25 6 0.999990
25 7 0.999995
25 8 0.969629
25 9 0.999970
25 10 0.999999
25 11 0.999962
25 12 0.999989
25 13 0.999986
25 14 0.999998
25 15 0.610510
25 16 0.096388
25 17 0.029925
25 18 0.883941
25 19 0.999807
25 20 0.999952
25 21 0.999819
25 22 0.999998
25 23 0.029925
25 24 0.999986
25 25 0.000000
25 26 0.999990
25 27 0.210224
25 28 0.999992
25 29 0.999998
25 30 0.999998
25 31 0.998375
25 32 0.993077
25 33 0.999679
25 34 0.999998
25 35 0.999999
25 36 0.029925
25 37 0.999998
25 38 0.096388
25 39 0.999349
25 40 0.998375
25 41 0.999986
25 42 0.999996
25 43 0.999998
25 44 0.987725
25 45 0.999995
25 46 0.999566
25 47 0.999819
25 48 0.999914
25 49 0.996917
25 50 0.999997
25 51 0.831064
25 52 0.999229
25 53 0.999679
25 54 0.999993
25 55 0.999997
25 56 0.999997
25 57 0.999390
25 58 0.999989
25 59 0.999998
25 60 0.986386
25 61 0.999994
25 62 0.855444
25 63 0.999992
25 64 0.997944
25 65 0.999998
25 66 0.999998
25 67 0.999729
25 68 0.999975
25 69 0.138922
25 70 0.999729
25 71 0.999997
25 72 0.999932
25 73 0.999995
25 74 0.999999
25 75 0.990903
25 76 0.138922
25 77 0.999871
25 78 0.999999
25 79 0.999997
25 80 0.999982
25 81 0.997944
25 82 0.999848
25 83 0.999999
25 84 0.999998
25 85 0.999991
25 86 0.999997
25 87 0.999988
25 88 0.990289
25 89 0.999997
25 90 0.999999
25 91 0.029925
25 92 0.999848
25 93 0.999999
25 94 0.999990
25 95 0.999994
25 96 0.999999
25 97 0.999657
25 98 0.999998
25 99 0.999518
26 0 0.999998
26 1 0.096388
26 2 0.997563
26 3 0.999998
26 4 0.999995
26 5 0.999955
26 6 0.999998
26 7 0.557193
26 8 0.999992
26 9 0.029925
26 10 0.999086
26 11 0.999999
26 12 0.557193
26 13 0.999998
26 14 0.999998
26 15 0.999999
26 16 0.029925
26 17 0.029925
26 18 0.999979
26 19 0.999771
26 20 0.999998
26 21 0.999996
26 22 0.999871
26 23 0.999999
26 24 0.999978
26 25 0.999990
26 26 0.000000
26 27 0.998375
26 28 0.999999
26 29 0.999962
26 30 0.998629
26 31 0.999914
26 32 0.999998
26 33 0.961718
26 34 0.415919
26 35 0.994526
26 36 0.876570
26 37 0.999962
26 38 0.999995
26 39 0.999999
26 40 0.999999
26 41 0.999982
26 42 0.999989
26 43 0.138922
26 44 0.999518
26 45 0.999999
26 46 0.999982
26 47 0.999086
26 48 0.855444
26 49 0.995379
26 50 0.978283
26 51 0.999980
26 52 0.999657
26 53 0.096388
26 54 0.921048
26 55 0.999998
26 56 0.999998
26 57 0.969629
26 58 0.999998
26 59 0.992319
26 60 0.996347
26 61 0.999998
26 62 0.999992
26 63 0.268234
26 64 0.987725
26 65 0.999999
26 66 0.999998
26 67 0.988501
26 68 0.719662
26 69 0.999999
26 70 0.999998
26 71 0.965441
26 72 0.999771
26 73 0.999518
26 74 0.999998
26 75 0.999997
26 76 0.999980
26 77 0.999998
26 78 0.999952
26 79 0.999711
26 80 0.915921
26 81 0.995379
26 82 0.999999
26 83 0.999990
26 84 0.999998
26 85 0.954792
26 86 0.998265
26 87 0.999998
26 88 0.997944
26 89 0.791203
26 90 0.999986
26 91 0.883941
26 92 0.988501
26 93 0.999819
26 94 0.999995
26 95 0.999518
26 96 0.932960
26 97 0.999228
26 98 0.999992
26 99 0.999962
27 0 0.999729
27 1 0.994526
27 2 0.999995
27 3 0.999998
27 4 0.535509
27 5 0.999995
27 6 0.096388
27 7 0.921048
27 8 0.921048
27 9 0.999997
27 10 0.999998
27 11 0.999998
27 12 0.998629
27 13 0.967602
27 14 0.999988
27 15 0.557193
27 16 0.999998
27 17 0.999995
27 18 0.986386
27 19 0.999847
27 20 0.999998
27 21 0.999993
27 22 0.999983
27 23 0.029925
27 24 0.999997
27 25 0.210224
27 26 0.998375
27 27 0.000000
27 28 0.999999
27 29 0.863976
27 30 0.999955
27 31 0.999943
27 32 0.999771
27 33 0.999983
27 34 0.990289
27 35 0.477022
27 36 0.999955
27 37 0.999486
27 38 0.999955
27 39 0.999999
27 40 0.999932
27 41 0.999997
27 42 0.992319
27 43 0.999998
27 44 0.999872
27 45 0.096388
27 46 0.995672
27 47 0.999992
27 48 0.999998
27 49 0.996579
27 50 0.999807
27 51 0.999989
