0 0 0.000000
0 1 0.023583
0 2 0.013938
0 3 0.149692
0 4 0.049729
0 5 0.037146
0 6 0.001508
0 7 0.051779
0 8 0.017316
0 9 0.023583
0 10 0.205798
0 11 0.874752
0 12 0.029925
0 13 0.000334
0 14 0.042353
0 15 0.045794
0 16 0.135230
0 17 0.348574
0 18 0.001279
0 19 0.004818
0 20 0.023583
0 21 0.281925
0 22 0.019299
0 23 0.135230
0 24 0.006763
0 25 0.040565
0 26 0.035762
0 27 0.028526
0 28 0.019299
0 29 0.011782
0 30 0.011782
0 31 0.324511
0 32 0.076783
0 33 0.022408
0 34 0.013149
0 35 0.018287
0 36 0.037146
0 37 0.011782
0 38 0.082237
0 39 0.111329
0 40 0.001279
0 41 0.034173
0 42 0.943760
0 43 0.485825
0 44 0.142082
0 45 0.018287
0 46 0.895935
0 47 0.011782
0 48 0.049729
0 49 0.047734
0 50 0.007651
0 51 0.886416
0 52 0.376938
0 53 0.002681
0 54 0.272287
0 55 0.006763
0 56 0.011782
0 57 0.022408
0 58 0.035762
0 59 0.013938
0 60 0.022408
0 61 0.057916
0 62 0.057916
0 63 0.005177
0 64 0.011782
0 65 0.025871
0 66 0.319566
0 67 0.005177
0 68 0.006317
0 69 0.192733
0 70 0.053556
0 71 0.045793
0 72 0.004161
0 73 0.090388
0 74 0.093360
0 75 0.082237
0 76 0.003622
0 77 0.884959
0 78 0.006317
0 79 0.014763
0 80 0.090388
0 81 0.118059
0 82 0.406015
0 83 0.008716
0 84 0.023583
0 85 0.069412
0 86 0.062139
0 87 0.049729
0 88 0.000556
0 89 0.003622
0 90 0.093360
0 91 0.102123
0 92 0.004818
0 93 0.013938
0 94 0.240658
0 95 0.114667
0 96 0.002681
0 97 0.082237
0 98 0.000556
0 99 0.011782
1 0 0.023583
1 1 0.000000
1 2 0.019299
1 3 0.223001
1 4 0.703255
1 5 0.008716
1 6 0.023583
1 7 0.002473
1 8 0.142082
1 9 0.042353
1 10 0.069412
1 11 0.007159
1 12 0.005177
1 13 0.069412
1 14 0.034173
1 15 0.001645
1 16 0.002681
1 17 0.008716
1 18 0.236026
1 19 0.560920
1 20 0.064507
1 21 0.690134
1 22 0.047734
1 23 0.180652
1 24 0.028526
1 25 0.002681
1 26 0.135231
1 27 0.011782
1 28 0.001279
1 29 0.064507
1 30 0.002681
1 31 0.676576
1 32 0.011782
1 33 0.168897
1 34 0.006317
1 35 0.034173
1 36 0.006763
1 37 0.494568
1 38 0.042353
1 39 0.042353
1 40 0.002681
1 41 0.008716
1 42 0.164848
1 43 0.079482
1 44 0.082237
1 45 0.005177
1 46 0.014763
1 47 0.014763
1 48 0.011090
1 49 0.489838
1 50 0.014763
1 51 0.011782
1 52 0.042353
1 53 0.625389
1 54 0.000814
1 55 0.180652
1 56 0.142082
1 57 0.042353
1 58 0.000139
1 59 0.160843
1 60 0.807431
1 61 0.049729
1 62 0.034173
1 63 0.011090
1 64 0.006317
1 65 0.040565
1 66 0.090388
1 67 0.028526
1 68 0.005177
1 69 0.035762
1 70 0.011782
1 71 0.057916
1 72 0.003622
1 73 0.938589
1 74 0.035762
1 75 0.543836
1 76 0.023583
1 77 0.011782
1 78 0.485091
1 79 0.021276
1 80 0.000372
1 81 0.014763
1 82 0.003354
1 83 0.004818
1 84 0.396084
1 85 0.011782
1 86 0.027175
1 87 0.014763
1 88 0.201407
1 89 0.049729
1 90 0.082237
1 91 0.013938
1 92 0.051779
1 93 0.002681
1 94 0.135231
1 95 0.076783
1 96 0.005177
1 97 0.093360
1 98 0.079482
1 99 0.047734
2 0 0.013938
2 1 0.019299
2 2 0.000000
2 3 0.028526
2 4 0.006763
2 5 0.002681
2 6 0.633287
2 7 0.971090
2 8 0.047734
2 9 0.028526
2 10 0.040565
2 11 0.034173
2 12 0.016383
2 13 0.093360
2 14 0.060180
2 15 0.076783
2 16 0.034173
2 17 0.014763
2 18 0.530966
2 19 0.135230
2 20 0.001279
2 21 0.552080
2 22 0.176483
2 23 0.022408
2 24 0.006763
2 25 0.011090
2 26 0.300646
2 27 0.004161
2 28 0.090388
2 29 0.018287
2 30 0.037146
2 31 0.281925
2 32 0.213994
2 33 0.022408
2 34 0.021276
2 35 0.049729
2 36 0.028526
2 37 0.000814
2 38 0.197052
2 39 0.000814
2 40 0.008170
2 41 0.042353
2 42 0.035762
2 43 0.434110
2 44 0.006763
2 45 0.031146
2 46 0.069412
2 47 0.019299
2 48 0.008716
2 49 0.006763
2 50 0.003354
2 51 0.023583
2 52 0.014763
2 53 0.003622
2 54 0.023583
2 55 0.064507
2 56 0.069026
2 57 0.142082
2 58 0.028526
2 59 0.257979
2 60 0.011782
2 61 0.184861
2 62 0.485825
2 63 0.127998
2 64 0.011782
2 65 0.240658
2 66 0.006763
2 67 0.035762
2 68 0.069412
2 69 0.001794
2 70 0.011782
2 71 0.042353
2 72 0.003622
2 73 0.160843
2 74 0.082237
2 75 0.333660
2 76 0.008170
2 77 0.019299
2 78 0.305549
2 79 0.002681
2 80 0.060180
2 81 0.019299
2 82 0.006763
2 83 0.005177
2 84 0.164848
2 85 0.018287
2 86 0.003354
2 87 0.008716
2 88 0.164848
2 89 0.286022
2 90 0.051779
2 91 0.057916
2 92 0.168897
2 93 0.002473
2 94 0.788287
2 95 0.231422
2 96 0.019299
2 97 0.019299
2 98 0.636593
2 99 0.145863
3 0 0.149692
3 1 0.223001
3 2 0.028526
3 3 0.000000
3 4 0.188452
3 5 0.069412
3 6 0.004818
3 7 0.683139
3 8 0.082237
3 9 0.102123
3 10 0.028526
3 11 0.013149
3 12 0.049729
3 13 0.606413
3 14 0.069412
3 15 0.011090
3 16 0.343597
3 17 0.042353
3 18 0.023583
3 19 0.005896
3 20 0.644326
3 21 0.035762
3 22 0.006763
3 23 0.042353
3 24 0.055708
3 25 0.858478
3 26 0.145864
3 27 0.053556
3 28 0.028526
3 29 0.049729
3 30 0.060180
3 31 0.023583
3 32 0.249277
3 33 0.055708
3 34 0.082237
3 35 0.023583
3 36 0.565302
3 37 0.028526
3 38 0.007651
3 39 0.011090
3 40 0.079482
3 41 0.448784
3 42 0.022408
3 43 0.028526
3 44 0.000372
3 45 0.023583
3 46 0.023583
3 47 0.005177
3 48 0.066931
3 49 0.453650
3 50 0.005177
3 51 0.049729
3 52 0.023583
3 53 0.153568
3 54 0.049729
3 55 0.047734
3 56 0.066931
3 57 0.108547
3 58 0.006763
3 59 0.060180
3 60 0.236026
3 61 0.084612
3 62 0.028526
3 63 0.081809
3 64 0.047734
3 65 0.035762
3 66 0.715940
3 67 0.176483
3 68 0.090388
3 69 0.008716
3 70 0.028526
3 71 0.011782
3 72 0.016384
3 73 0.000556
3 74 0.029925
3 75 0.060180
3 76 0.023583
3 77 0.037146
3 78 0.003622
3 79 0.003622
3 80 0.014763
3 81 0.034173
3 82 0.023583
3 83 0.006763
3 84 0.005177
3 85 0.008716
3 86 0.006763
3 87 0.034173
3 88 0.499276
3 89 0.728192
3 90 0.286770
3 91 0.060180
3 92 0.006763
3 93 0.049729
3 94 0.324511
3 95 0.095918
3 96 0.027175
3 97 0.213994
3 98 0.762834
3 99 0.333660
4 0 0.049729
4 1 0.703255
4 2 0.006763
4 3 0.188452
4 4 0.000000
4 5 0.011090
4 6 0.051779
4 7 0.035762
4 8 0.060180
4 9 0.342831
4 10 0.581916
4 11 0.011782
4 12 0.082237
4 13 0.011782
4 14 0.093360
4 15 0.029925
4 16 0.003861
4 17 0.062139
4 18 0.035762
4 19 0.023583
4 20 0.357768
4 21 0.047734
4 22 0.142082
4 23 0.001279
4 24 0.060180
4 25 0.000814
4 26 0.002681
4 27 0.002473
4 28 0.008170
4 29 0.001794
4 30 0.021276
4 31 0.381921
4 32 0.011782
4 33 0.000814
4 34 0.004818
4 35 0.023583
4 36 0.102123
4 37 0.087472
4 38 0.093360
4 39 0.035762
4 40 0.019299
4 41 0.019299
4 42 0.006763
4 43 0.131589
4 44 0.020187
4 45 0.001794
4 46 0.017316
4 47 0.003622
4 48 0.020187
4 49 0.011782
4 50 0.006317
4 51 0.040565
4 52 0.002681
4 53 0.018287
4 54 0.004818
4 55 0.006763
4 56 0.001065
4 57 0.003622
4 58 0.005177
4 59 0.004818
4 60 0.004818
4 61 0.042353
4 62 0.055708
4 63 0.023583
4 64 0.014763
4 65 0.013938
4 66 0.001794
4 67 0.045793
4 68 0.035762
4 69 0.986330
4 70 0.018287
4 71 0.035762
4 72 0.014763
4 73 0.180652
4 74 0.880717
4 75 0.205798
4 76 0.011782
4 77 0.014763
4 78 0.000372
4 79 0.008716
4 80 0.121504
4 81 0.495294
4 82 0.001168
4 83 0.000814
4 84 0.001279
4 85 0.556513
4 86 0.011090
4 87 0.105307
4 88 0.020187
4 89 0.258710
4 90 0.011782
4 91 0.057916
4 92 0.184860
4 93 0.004818
4 94 0.057916
4 95 0.017316
4 96 0.002473
4 97 0.053556
4 98 0.019299
4 99 0.047734
5 0 0.037146
5 1 0.008716
5 2 0.002681
5 3 0.069412
5 4 0.011090
5 5 0.000000
5 6 0.023399
5 7 0.001794
5 8 0.205798
5 9 0.018287
5 10 0.022408
5 11 0.004818
5 12 0.135230
5 13 0.090388
5 14 0.011090
5 15 0.000814
5 16 0.003622
5 17 0.019299
5 18 0.000334
5 19 0.005177
5 20 0.018287
5 21 0.189109
5 22 0.002473
5 23 0.184861
5 24 0.102123
5 25 0.001279
5 26 0.060180
5 27 0.028526
5 28 0.362752
5 29 0.003622
5 30 0.114667
5 31 0.000139
5 32 0.017316
5 33 0.049729
5 34 0.028526
5 35 0.018287
5 36 0.002681
5 37 0.014763
5 38 0.093360
5 39 0.861987
5 40 0.035762
5 41 0.082237
5 42 0.066931
5 43 0.069412
5 44 0.002681
5 45 0.005177
5 46 0.348574
5 47 0.014763
5 48 0.231422
5 49 0.108547
5 50 0.002473
5 51 0.011090
5 52 0.002279
5 53 0.005177
5 54 0.002681
5 55 0.249277
5 56 0.000139
5 57 0.014763
5 58 0.002681
5 59 0.922767
5 60 0.556513
5 61 0.079482
5 62 0.164848
5 63 0.004818
5 64 0.008716
5 65 0.135230
5 66 0.018287
5 67 0.149692
5 68 0.004818
5 69 0.066931
5 70 0.023583
5 71 0.745998
5 72 0.076783
5 73 0.076783
5 74 0.071949
5 75 0.071949
5 76 0.066931
5 77 0.006763
5 78 0.357768
5 79 0.002473
5 80 0.011090
5 81 0.002681
5 82 0.019299
5 83 0.013938
5 84 0.003354
5 85 0.543835
5 86 0.131589
5 87 0.002681
5 88 0.135230
5 89 0.064506
5 90 0.079482
5 91 0.023583
5 92 0.648150
5 93 0.004818
5 94 0.013149
5 95 0.008170
5 96 0.118059
5 97 0.074140
5 98 0.013938
5 99 0.051779
6 0 0.001508
6 1 0.023583
6 2 0.633287
6 3 0.004818
6 4 0.051779
6 5 0.023399
6 6 0.000000
6 7 0.014763
6 8 0.006763
6 9 0.002681
6 10 0.023583
6 11 0.000502
6 12 0.105307
6 13 0.425031
6 14 0.035762
6 15 0.049729
6 16 0.076782
6 17 0.168897
6 18 0.001794
6 19 0.069025
6 20 0.028526
6 21 0.415157
6 22 0.051779
6 23 0.018287
6 24 0.008716
6 25 0.003622
6 26 0.160843
6 27 0.240658
6 28 0.006763
6 29 0.008170
6 30 0.503966
6 31 0.003622
6 32 0.149692
6 33 0.071949
6 34 0.018287
6 35 0.666262
6 36 0.003622
6 37 0.023583
6 38 0.022408
6 39 0.023583
6 40 0.055708
6 41 0.153568
6 42 0.034173
6 43 0.082237
6 44 0.028526
6 45 0.060180
6 46 0.040565
6 47 0.002473
6 48 0.205798
6 49 0.253981
6 50 0.005177
6 51 0.000556
6 52 0.014763
6 53 0.184861
6 54 0.008716
6 55 0.018287
6 56 0.019299
6 57 0.164848
6 58 0.019299
6 59 0.001168
6 60 0.001646
6 61 0.051779
6 62 0.172355
6 63 0.108547
6 64 0.014763
6 65 0.391111
6 66 0.006763
6 67 0.021276
6 68 0.098993
6 69 0.324511
6 70 0.223001
6 71 0.093360
6 72 0.005177
6 73 0.027175
6 74 0.253982
6 75 0.135230
6 76 0.042353
6 77 0.011782
6 78 0.014763
6 79 0.023583
6 80 0.004818
6 81 0.023583
6 82 0.530264
6 83 0.023583
6 84 0.209540
6 85 0.040565
6 86 0.017316
6 87 0.651944
6 88 0.013938
6 89 0.000502
6 90 0.002681
6 91 0.000556
6 92 0.013149
6 93 0.055708
6 94 0.236026
6 95 0.005177
6 96 0.008716
6 97 0.014763
6 98 0.357768
6 99 0.001794
7 0 0.051779
7 1 0.002473
7 2 0.971090
7 3 0.683139
7 4 0.035762
7 5 0.001794
7 6 0.014763
7 7 0.000000
7 8 0.035762
7 9 0.281925
7 10 0.180652
7 11 0.218482
7 12 0.060180
7 13 0.105307
7 14 0.087472
7 15 0.042353
7 16 0.548312
7 17 0.028526
7 18 0.003622
7 19 0.013938
7 20 0.105307
7 21 0.005177
7 22 0.802700
7 23 0.049729
7 24 0.005497
7 25 0.051779
7 26 0.508635
7 27 0.124458
7 28 0.037146
7 29 0.002681
7 30 0.006317
7 31 0.034173
7 32 0.018287
7 33 0.028526
7 34 0.014763
7 35 0.309706
7 36 0.003354
7 37 0.006763
7 38 0.013938
7 39 0.168897
7 40 0.004818
7 41 0.034173
7 42 0.201407
7 43 0.040565
7 44 0.098993
7 45 0.064507
7 46 0.138350
7 47 0.848037
7 48 0.002681
7 49 0.038829
7 50 0.040565
7 51 0.051779
7 52 0.066931
7 53 0.002681
7 54 0.006763
7 55 0.011090
7 56 0.022408
7 57 0.008716
7 58 0.018287
7 59 0.014763
7 60 0.314631
7 61 0.093360
7 62 0.011090
7 63 0.079482
7 64 0.006763
7 65 0.000556
7 66 0.022408
7 67 0.135231
7 68 0.006763
7 69 0.277097
7 70 0.060180
7 71 0.573324
7 72 0.093360
7 73 0.105307
7 74 0.006763
7 75 0.064507
7 76 0.981607
7 77 0.000334
7 78 0.386901
7 79 0.006317
7 80 0.014763
7 81 0.004818
7 82 0.002681
7 83 0.060180
7 84 0.472229
7 85 0.121504
7 86 0.051779
7 87 0.027175
7 88 0.018287
7 89 0.010429
7 90 0.011782
7 91 0.002681
7 92 0.734394
7 93 0.023583
7 94 0.001794
7 95 0.013149
7 96 0.800668
7 97 0.017316
7 98 0.037146
7 99 0.019299
8 0 0.017316
8 1 0.142082
8 2 0.047734
8 3 0.082237
8 4 0.060180
8 5 0.205798
8 6 0.006763
8 7 0.035762
8 8 0.000000
8 9 0.005497
8 10 0.131589
8 11 0.082237
8 12 0.011782
8 13 0.011090
8 14 0.002681
8 15 0.011782
8 16 0.300646
8 17 0.000502
8 18 0.055708
8 19 0.028314
8 20 0.005177
8 21 0.006763
8 22 0.029925
8 23 0.001794
8 24 0.609880
8 25 0.462596
8 26 0.145864
8 27 0.079482
8 28 0.014763
8 29 0.023583
8 30 0.049729
8 31 0.076783
8 32 0.028526
8 33 0.213994
8 34 0.001279
8 35 0.000046
8 36 0.002473
8 37 0.513285
8 38 0.003354
8 39 0.042353
8 40 0.102123
8 41 0.042353
8 42 0.121504
8 43 0.020187
8 44 0.071949
8 45 0.013938
8 46 0.168897
8 47 0.108547
8 48 0.011782
8 49 0.003354
8 50 0.003103
8 51 0.006763
8 52 0.969970
8 53 0.034173
8 54 0.018287
8 55 0.003622
8 56 0.156883
8 57 0.004818
8 58 0.371954
8 59 0.040565
8 60 0.013938
8 61 0.006763
8 62 0.149692
8 63 0.770686
8 64 0.490569
8 65 0.060180
8 66 0.457755
8 67 0.022408
8 68 0.019299
8 69 0.105307
8 70 0.064507
8 71 0.028526
8 72 0.003622
8 73 0.001794
8 74 0.011782
8 75 0.005177
8 76 0.613953
8 77 0.004818
8 78 0.362752
8 79 0.006763
8 80 0.002473
8 81 0.023583
8 82 0.004818
8 83 0.013938
8 84 0.003354
8 85 0.000372
8 86 0.295757
8 87 0.121504
8 88 0.023399
8 89 0.069412
8 90 0.396084
8 91 0.002681
8 92 0.057572
8 93 0.018287
8 94 0.022408
8 95 0.011090
8 96 0.011090
8 97 0.011782
8 98 0.001794
8 99 0.082237
9 0 0.023583
9 1 0.042353
9 2 0.028526
9 3 0.102123
9 4 0.342831
9 5 0.018287
9 6 0.002681
9 7 0.281925
9 8 0.005497
9 9 0.000000
9 10 0.023583
9 11 0.066931
9 12 0.011782
9 13 0.003622
9 14 0.001794
9 15 0.023583
9 16 0.003622
9 17 0.002868
9 18 0.000372
9 19 0.001279
9 20 0.029925
9 21 0.040565
9 22 0.051779
9 23 0.011782
9 24 0.028526
9 25 0.035762
9 26 0.035762
9 27 0.006317
9 28 0.028526
9 29 0.709905
9 30 0.028526
9 31 0.006763
9 32 0.006763
9 33 0.017316
9 34 0.051779
9 35 0.006317
9 36 0.008716
9 37 0.908134
9 38 0.180651
9 39 0.105307
9 40 0.023583
9 41 0.184861
9 42 0.001794
9 43 0.014763
9 44 0.319566
9 45 0.011090
9 46 0.040565
9 47 0.223001
9 48 0.011090
9 49 0.006763
9 50 0.014763
9 51 0.022408
9 52 0.244596
9 53 0.019299
9 54 0.002681
9 55 0.003354
9 56 0.457755
9 57 0.034173
9 58 0.020187
9 59 0.027175
9 60 0.028526
9 61 0.924751
9 62 0.547623
9 63 0.028526
9 64 0.290883
9 65 0.093360
9 66 0.008716
9 67 0.348574
9 68 0.004480
9 69 0.352786
9 70 0.002681
9 71 0.131589
9 72 0.028526
9 73 0.011782
9 74 0.042353
9 75 0.035762
9 76 0.003622
9 77 0.227550
9 78 0.014763
9 79 0.090388
9 80 0.005177
9 81 0.357768
9 82 0.064507
9 83 0.001279
9 84 0.986513
9 85 0.034173
9 86 0.011782
9 87 0.021276
9 88 0.651363
9 89 0.184210
9 90 0.019299
9 91 0.071555
9 92 0.102123
9 93 0.090388
9 94 0.006763
9 95 0.069412
9 96 0.102123
9 97 0.087472
9 98 0.066931
9 99 0.011782
10 0 0.205798
10 1 0.069412
10 2 0.040565
10 3 0.028526
10 4 0.581916
10 5 0.022408
10 6 0.023583
10 7 0.180652
10 8 0.131589
10 9 0.023583
10 10 0.000000
10 11 0.093360
10 12 0.006763
10 13 0.082237
10 14 0.197052
10 15 0.074140
10 16 0.424270
10 17 0.060180
10 18 0.098993
10 19 0.577633
10 20 0.011782
10 21 0.005177
10 22 0.082237
10 23 0.013938
10 24 0.019299
10 25 0.000173
10 26 0.168897
10 27 0.004818
10 28 0.079482
10 29 0.047734
10 30 0.011782
10 31 0.006763
10 32 0.051779
10 33 0.034173
10 34 0.006763
10 35 0.042353
10 36 0.011090
10 37 0.082237
10 38 0.004818
10 39 0.093360
10 40 0.223001
10 41 0.051779
10 42 0.565302
10 43 0.025871
10 44 0.415157
10 45 0.027175
10 46 0.448784
10 47 0.192733
10 48 0.011782
10 49 0.023583
10 50 0.035762
10 51 0.028526
10 52 0.189109
10 53 0.231422
10 54 0.011782
10 55 0.035762
10 56 0.028526
10 57 0.042353
10 58 0.079482
10 59 0.042353
10 60 0.002681
10 61 0.082237
10 62 0.001279
10 63 0.076782
10 64 0.218482
10 65 0.832819
10 66 0.028526
10 67 0.348574
10 68 0.842257
10 69 0.000556
10 70 0.003354
10 71 0.347806
10 72 0.932825
10 73 0.006763
10 74 0.788287
10 75 0.006317
10 76 0.023583
10 77 0.019299
10 78 0.000814
10 79 0.023583
10 80 0.205798
10 81 0.032635
10 82 0.900948
10 83 0.981358
10 84 0.002473
10 85 0.007651
10 86 0.008716
10 87 0.019299
10 88 0.014763
10 89 0.093360
10 90 0.023583
10 91 0.090388
10 92 0.019299
10 93 0.333659
10 94 0.037146
10 95 0.004480
10 96 0.011090
10 97 0.000372
10 98 0.002473
10 99 0.017316
11 0 0.874752
11 1 0.007159
11 2 0.034173
11 3 0.013149
11 4 0.011782
11 5 0.004818
11 6 0.000502
11 7 0.218482
11 8 0.082237
11 9 0.066931
11 10 0.093360
11 11 0.000000
11 12 0.071555
11 13 0.006763
11 14 0.023583
11 15 0.013938
11 16 0.008716
11 17 0.004161
11 18 0.051779
11 19 0.770687
11 20 0.008170
11 21 0.006763
11 22 0.003622
11 23 0.028526
11 24 0.164848
11 25 0.197052
11 26 0.690133
11 27 0.025871
11 28 0.028526
11 29 0.767953
11 30 0.006763
11 31 0.105307
11 32 0.002681
11 33 0.019299
11 34 0.160843
11 35 0.014763
11 36 0.008716
11 37 0.028315
11 38 0.004818
11 39 0.245316
11 40 0.002681
11 41 0.205798
11 42 0.420099
11 43 0.001794
11 44 0.006317
11 45 0.007651
11 46 0.003622
11 47 0.023583
11 48 0.011782
11 49 0.001279
11 50 0.040565
11 51 0.002681
11 52 0.197052
11 53 0.042353
11 54 0.386901
11 55 0.164848
11 56 0.008716
11 57 0.005177
11 58 0.066931
11 59 0.049729
11 60 0.105307
11 61 0.000814
11 62 0.002681
11 63 0.457755
11 64 0.014763
11 65 0.090388
11 66 0.314631
11 67 0.060180
11 68 0.192733
11 69 0.093360
11 70 0.082237
11 71 0.004818
11 72 0.003622
11 73 0.028526
11 74 0.000556
11 75 0.018287
11 76 0.049729
11 77 0.014763
11 78 0.011090
11 79 0.022408
11 80 0.008170
11 81 0.087472
11 82 0.000556
11 83 0.168897
11 84 0.004480
11 85 0.011782
11 86 0.023583
11 87 0.011782
11 88 0.035762
11 89 0.013938
11 90 0.034173
11 91 0.002473
11 92 0.034173
11 93 0.037146
11 94 0.184861
11 95 0.014763
11 96 0.027175
11 97 0.002681
11 98 0.127998
11 99 0.064506
12 0 0.029925
12 1 0.005177
12 2 0.016383
12 3 0.049729
12 4 0.082237
12 5 0.135230
12 6 0.105307
12 7 0.060180
12 8 0.011782
12 9 0.011782
12 10 0.006763
12 11 0.071555
12 12 0.000000
12 13 0.481064
12 14 0.025871
12 15 0.005896
12 16 0.745997
12 17 0.008716
12 18 0.324511
12 19 0.223001
12 20 0.028526
12 21 0.066931
12 22 0.560920
12 23 0.023583
12 24 0.069412
12 25 0.006763
12 26 0.022408
12 27 0.023583
12 28 0.253981
12 29 0.006763
12 30 0.011782
12 31 0.023583
12 32 0.049729
12 33 0.205120
12 34 0.019299
12 35 0.023583
12 36 0.014763
12 37 0.011782
12 38 0.751866
12 39 0.040565
12 40 0.027175
12 41 0.314631
12 42 0.286022
12 43 0.014763
12 44 0.011090
12 45 0.014763
12 46 0.069412
12 47 0.034173
12 48 0.090388
12 49 0.019299
12 50 0.002473
12 51 0.002473
12 52 0.049729
12 53 0.005896
12 54 0.272287
12 55 0.087472
12 56 0.066931
12 57 0.013149
12 58 0.006763
12 59 0.014763
12 60 0.197052
12 61 0.022408
12 62 0.069412
12 63 0.281925
12 64 0.223001
12 65 0.002681
12 66 0.028526
12 67 0.856968
12 68 0.027175
12 69 0.013938
12 70 0.040565
12 71 0.003622
12 72 0.014763
12 73 0.006763
12 74 0.011782
12 75 0.004818
12 76 0.011782
12 77 0.000814
12 78 0.003622
12 79 0.019299
12 80 0.090388
12 81 0.105307
12 82 0.005896
12 83 0.005896
12 84 0.055373
12 85 0.028526
12 86 0.715940
12 87 0.003622
12 88 0.008716
12 89 0.001794
12 90 0.006763
12 91 0.006763
12 92 0.425031
12 93 0.690134
12 94 0.001794
12 95 0.105307
12 96 0.014763
12 97 0.127998
12 98 0.071949
12 99 0.069412
13 0 0.000334
13 1 0.069412
13 2 0.093360
13 3 0.606413
13 4 0.011782
13 5 0.090388
13 6 0.425031
13 7 0.105307
13 8 0.011090
13 9 0.003622
13 10 0.082237
13 11 0.006763
13 12 0.481064
13 13 0.000000
13 14 0.964034
13 15 0.149692
13 16 0.014763
13 17 0.108547
13 18 0.059827
13 19 0.006763
13 20 0.676576
13 21 0.011090
13 22 0.002681
13 23 0.011782
13 24 0.713187
13 25 0.226848
13 26 0.443905
13 27 0.035762
13 28 0.381921
13 29 0.023583
13 30 0.034173
13 31 0.023583
13 32 0.019299
13 33 0.231423
13 34 0.034173
13 35 0.010429
13 36 0.362752
13 37 0.035762
13 38 0.005497
13 39 0.258710
13 40 0.001279
13 41 0.011782
13 42 0.011782
13 43 0.205798
13 44 0.001794
13 45 0.011090
13 46 0.577633
13 47 0.105307
13 48 0.371954
13 49 0.236026
13 50 0.049729
13 51 0.035762
13 52 0.001794
13 53 0.082237
13 54 0.006317
13 55 0.192732
13 56 0.003103
13 57 0.069412
13 58 0.008716
13 59 0.051779
13 60 0.236026
13 61 0.019299
13 62 0.027175
13 63 0.004480
13 64 0.019299
13 65 0.102123
13 66 0.049729
13 67 0.066931
13 68 0.035762
13 69 0.040565
13 70 0.006763
13 71 0.018287
13 72 0.381921
13 73 0.517201
13 74 0.012394
13 75 0.149692
13 76 0.042353
13 77 0.018287
13 78 0.069412
13 79 0.006763
13 80 0.535509
13 81 0.991346
13 82 0.213994
13 83 0.760022
13 84 0.003622
13 85 0.098993
13 86 0.160843
13 87 0.014763
13 88 0.002681
13 89 0.406015
13 90 0.201407
13 91 0.042353
13 92 0.027175
13 93 0.042353
13 94 0.773393
13 95 0.118059
13 96 0.236026
13 97 0.118059
13 98 0.669913
13 99 0.019299
14 0 0.042353
14 1 0.034173
14 2 0.060180
14 3 0.069412
14 4 0.093360
14 5 0.011090
14 6 0.035762
14 7 0.087472
14 8 0.002681
14 9 0.001794
14 10 0.197052
14 11 0.023583
14 12 0.025871
14 13 0.964034
14 14 0.000000
14 15 0.023583
14 16 0.006763
14 17 0.005177
14 18 0.021276
14 19 0.005177
14 20 0.011090
14 21 0.138922
14 22 0.006763
14 23 0.001168
14 24 0.049729
14 25 0.218482
14 26 0.002681
14 27 0.002681
14 28 0.201407
14 29 0.135231
14 30 0.003622
14 31 0.069412
14 32 0.064506
14 33 0.057916
14 34 0.040565
14 35 0.055708
14 36 0.035762
14 37 0.011090
14 38 0.079482
14 39 0.066931
14 40 0.090388
14 41 0.081809
14 42 0.142082
14 43 0.066931
14 44 0.060180
14 45 0.060180
14 46 0.142082
14 47 0.967536
14 48 0.011090
14 49 0.001279
14 50 0.035762
14 51 0.021276
14 52 0.093360
14 53 0.180652
14 54 0.084612
14 55 0.060180
14 56 0.005177
14 57 0.495294
14 58 0.145863
14 59 0.281925
14 60 0.066931
14 61 0.035762
14 62 0.014763
14 63 0.434111
14 64 0.000814
14 65 0.984666
14 66 0.042353
14 67 0.008716
14 68 0.090388
14 69 0.007651
14 70 0.008716
14 71 0.060180
14 72 0.000738
14 73 0.300647
14 74 0.023583
14 75 0.277097
14 76 0.027175
14 77 0.201407
14 78 0.040565
14 79 0.008716
14 80 0.029925
14 81 0.035762
14 82 0.184861
14 83 0.164848
14 84 0.000372
14 85 0.314631
14 86 0.003622
14 87 0.121504
14 88 0.071554
14 89 0.108547
14 90 0.082237
14 91 0.111329
14 92 0.011782
14 93 0.060180
14 94 0.001279
14 95 0.105307
14 96 0.429954
14 97 0.011090
14 98 0.003622
14 99 0.022408
15 0 0.045794
15 1 0.001645
15 2 0.076783
15 3 0.011090
15 4 0.029925
15 5 0.000814
15 6 0.049729
15 7 0.042353
15 8 0.011782
15 9 0.023583
15 10 0.074140
15 11 0.013938
15 12 0.005896
15 13 0.149692
15 14 0.023583
15 15 0.000000
15 16 0.035762
15 17 0.000139
15 18 0.005177
15 19 0.258710
15 20 0.000502
15 21 0.028526
15 22 0.019299
15 23 0.001279
15 24 0.001279
15 25 0.022408
15 26 0.001279
15 27 0.858750
15 28 0.011782
15 29 0.034173
15 30 0.010429
15 31 0.003622
15 32 0.006763
15 33 0.011782
15 34 0.017316
15 35 0.223001
15 36 0.002097
15 37 0.006763
15 38 0.338626
15 39 0.121504
15 40 0.011090
15 41 0.277097
15 42 0.573324
15 43 0.018287
15 44 0.000556
15 45 0.003103
15 46 0.014763
15 47 0.014763
15 48 0.002681
15 49 0.013938
15 50 0.023583
15 51 0.031146
15 52 0.138350
15 53 0.021276
15 54 0.503966
15 55 0.118059
15 56 0.131589
15 57 0.011090
15 58 0.001794
15 59 0.000556
15 60 0.028526
15 61 0.003622
15 62 0.029925
15 63 0.001794
15 64 0.008716
15 65 0.019299
15 66 0.295757
15 67 0.000372
15 68 0.006763
15 69 0.076783
15 70 0.034173
15 71 0.028526
15 72 0.236026
15 73 0.013938
15 74 0.324511
15 75 0.027175
15 76 0.045794
15 77 0.662581
15 78 0.011782
15 79 0.057916
15 80 0.011090
15 81 0.007159
15 82 0.042353
15 83 0.013938
15 84 0.011782
15 85 0.014763
15 86 0.883713
15 87 0.003622
15 88 0.055708
15 89 0.006763
15 90 0.066931
15 91 0.006317
15 92 0.019299
15 93 0.014763
15 94 0.006763
15 95 0.188452
15 96 0.018287
15 97 0.138350
15 98 0.042353
15 99 0.016383
16 0 0.135230
16 1 0.002681
16 2 0.034173
16 3 0.343597
16 4 0.003861
16 5 0.003622
16 6 0.076782
16 7 0.548312
16 8 0.300646
16 9 0.003622
16 10 0.424270
16 11 0.008716
16 12 0.745997
16 13 0.014763
16 14 0.006763
16 15 0.035762
16 16 0.000000
16 17 0.184861
16 18 0.018287
16 19 0.042353
16 20 0.184861
16 21 0.069412
16 22 0.425031
16 23 0.693588
16 24 0.055708
16 25 0.006317
16 26 0.023583
16 27 0.028526
16 28 0.034173
16 29 0.019299
16 30 0.004818
16 31 0.005177
16 32 0.277097
16 33 0.008716
16 34 0.003622
16 35 0.757182
16 36 0.957516
16 37 0.102123
16 38 0.023583
16 39 0.066931
16 40 0.016384
16 41 0.008716
16 42 0.597495
16 43 0.038829
16 44 0.160843
16 45 0.006763
16 46 0.082237
16 47 0.978238
16 48 0.338626
16 49 0.023583
16 50 0.014763
16 51 0.008716
16 52 0.018287
16 53 0.011090
16 54 0.040565
16 55 0.074140
16 56 0.565302
16 57 0.011090
16 58 0.003622
16 59 0.105307
16 60 0.004818
16 61 0.324511
16 62 0.002473
16 63 0.002681
16 64 0.286023
16 65 0.001279
16 66 0.003622
16 67 0.102123
16 68 0.023583
16 69 0.008170
16 70 0.138350
16 71 0.102123
16 72 0.019299
16 73 0.218481
16 74 0.071949
16 75 0.023583
16 76 0.005177
16 77 0.131589
16 78 0.051779
16 79 0.027175
16 80 0.003622
16 81 0.042353
16 82 0.028526
16 83 0.135231
16 84 0.021276
16 85 0.042353
16 86 0.014763
16 87 0.006763
16 88 0.076783
16 89 0.019299
16 90 0.201407
16 91 0.135230
16 92 0.005177
16 93 0.004818
16 94 0.006763
16 95 0.010429
16 96 0.005177
16 97 0.818139
16 98 0.131589
16 99 0.003622
17 0 0.348574
17 1 0.008716
17 2 0.014763
17 3 0.042353
17 4 0.062139
17 5 0.019299
17 6 0.168897
17 7 0.028526
17 8 0.000502
17 9 0.002868
17 10 0.060180
17 11 0.004161
17 12 0.008716
17 13 0.108547
17 14 0.005177
17 15 0.000139
17 16 0.184861
17 17 0.000000
17 18 0.003103
17 19 0.003354
17 20 0.617997
17 21 0.028526
17 22 0.014763
17 23 0.023583
17 24 0.019299
17 25 0.000218
17 26 0.035514
17 27 0.011782
17 28 0.019299
17 29 0.029925
17 30 0.010429
17 31 0.023583
17 32 0.004480
17 33 0.565302
17 34 0.012394
17 35 0.069412
17 36 0.018287
17 37 0.018287
17 38 0.002681
17 39 0.820353
17 40 0.023583
17 41 0.002681
17 42 0.028526
17 43 0.002681
17 44 0.560920
17 45 0.008170
17 46 0.987864
17 47 0.011782
17 48 0.503244
17 49 0.006763
17 50 0.304793
17 51 0.034173
17 52 0.082237
17 53 0.049729
17 54 0.921755
17 55 0.004480
17 56 0.051779
17 57 0.023583
17 58 0.010429
17 59 0.003622
17 60 0.006763
17 61 0.002473
17 62 0.025871
17 63 0.011782
17 64 0.121504
17 65 0.008170
17 66 0.004818
17 67 0.429954
17 68 0.064506
17 69 0.093360
17 70 0.003622
17 71 0.034173
17 72 0.443905
17 73 0.011782
17 74 0.499276
17 75 0.002681
17 76 0.051779
17 77 0.009200
17 78 0.045794
17 79 0.014763
17 80 0.003622
17 81 0.019299
17 82 0.105307
17 83 0.008716
17 84 0.034173
17 85 0.006763
17 86 0.118059
17 87 0.108044
17 88 0.006763
17 89 0.357768
17 90 0.028526
17 91 0.057916
17 92 0.051779
17 93 0.014763
17 94 0.057916
17 95 0.010429
17 96 0.028526
17 97 0.135230
17 98 0.079481
17 99 0.209540
18 0 0.001279
18 1 0.236026
18 2 0.530966
18 3 0.023583
18 4 0.035762
18 5 0.000334
18 6 0.001794
18 7 0.003622
18 8 0.055708
18 9 0.000372
18 10 0.098993
18 11 0.051779
18 12 0.324511
18 13 0.059827
18 14 0.021276
18 15 0.005177
18 16 0.018287
18 17 0.003103
18 18 0.000000
18 19 0.069412
18 20 0.002681
18 21 0.069412
18 22 0.029925
18 23 0.002097
18 24 0.945829
18 25 0.076783
18 26 0.008170
18 27 0.008716
18 28 0.121504
18 29 0.008716
18 30 0.028526
18 31 0.008170
18 32 0.023583
18 33 0.376938
18 34 0.011782
18 35 0.028315
18 36 0.035762
18 37 0.263461
18 38 0.084612
18 39 0.023583
18 40 0.222301
18 41 0.003622
18 42 0.040565
18 43 0.004480
18 44 0.005177
18 45 0.040565
18 46 0.019299
18 47 0.205798
18 48 0.042353
18 49 0.001794
18 50 0.000372
18 51 0.019299
18 52 0.034173
18 53 0.007159
18 54 0.105307
18 55 0.035762
18 56 0.004818
18 57 0.066931
18 58 0.038829
18 59 0.045794
18 60 0.011782
18 61 0.011090
18 62 0.019299
18 63 0.503966
18 64 0.008716
18 65 0.008170
18 66 0.108547
18 67 0.352786
18 68 0.002681
18 69 0.035762
18 70 0.028526
18 71 0.014763
18 72 0.003622
18 73 0.042353
18 74 0.023583
18 75 0.503966
18 76 0.223001
18 77 0.023583
18 78 0.090388
18 79 0.168897
18 80 0.205798
18 81 0.006763
18 82 0.021276
18 83 0.029925
18 84 0.022408
18 85 0.381921
18 86 0.028526
18 87 0.045794
18 88 0.000556
18 89 0.079482
18 90 0.000218
18 91 0.534811
18 92 0.042353
18 93 0.008716
18 94 0.035762
18 95 0.022408
18 96 0.305549
18 97 0.401053
18 98 0.069412
18 99 0.512569
19 0 0.004818
19 1 0.560920
19 2 0.135230
19 3 0.005896
19 4 0.023583
19 5 0.005177
19 6 0.069025
19 7 0.013938
19 8 0.028314
19 9 0.001279
19 10 0.577633
19 11 0.770687
19 12 0.223001
19 13 0.006763
19 14 0.005177
19 15 0.258710
19 16 0.042353
19 17 0.003354
19 18 0.069412
19 19 0.000000
19 20 0.245316
19 21 0.362752
19 22 0.002473
19 23 0.007651
19 24 0.149692
19 25 0.000556
19 26 0.028526
19 27 0.060180
19 28 0.240658
19 29 0.019299
19 30 0.008716
19 31 0.008170
19 32 0.029925
19 33 0.029925
19 34 0.008170
19 35 0.005177
19 36 0.019299
19 37 0.035762
19 38 0.011782
19 39 0.028526
19 40 0.605779
19 41 0.053556
19 42 0.042353
19 43 0.213994
19 44 0.008716
19 45 0.082237
19 46 0.018287
19 47 0.032635
19 48 0.022408
19 49 0.004818
19 50 0.003622
19 51 0.082237
19 52 0.034173
19 53 0.003622
19 54 0.014763
19 55 0.201407
19 56 0.060180
19 57 0.406015
19 58 0.043907
19 59 0.051779
19 60 0.001168
19 61 0.043907
19 62 0.049729
19 63 0.135231
19 64 0.035762
19 65 0.074140
19 66 0.153568
19 67 0.023583
19 68 0.019299
19 69 0.006763
19 70 0.314631
19 71 0.406015
19 72 0.111329
19 73 0.027175
19 74 0.013938
19 75 0.577633
19 76 0.010429
19 77 0.006763
19 78 0.082237
19 79 0.049729
19 80 0.863711
19 81 0.035762
19 82 0.034173
19 83 0.005177
19 84 0.005177
19 85 0.008716
19 86 0.008716
19 87 0.005177
19 88 0.000372
19 89 0.348574
19 90 0.910299
19 91 0.263461
19 92 0.118059
19 93 0.184860
19 94 0.168897
19 95 0.197052
19 96 0.005177
19 97 0.003622
19 98 0.006763
19 99 0.448784
20 0 0.023583
20 1 0.064507
20 2 0.001279
20 3 0.644326
20 4 0.357768
20 5 0.018287
20 6 0.028526
20 7 0.105307
20 8 0.005177
20 9 0.029925
20 10 0.011782
20 11 0.008170
20 12 0.028526
20 13 0.676576
20 14 0.011090
20 15 0.000502
20 16 0.184861
20 17 0.617997
20 18 0.002681
20 19 0.245316
20 20 0.000000
20 21 0.028526
20 22 0.003354
20 23 0.028526
20 24 0.002279
20 25 0.057916
20 26 0.047734
20 27 0.014763
20 28 0.006763
20 29 0.719167
20 30 0.589751
20 31 0.006763
20 32 0.066931
20 33 0.049729
20 34 0.003622
20 35 0.000372
20 36 0.022408
20 37 0.049729
20 38 0.018287
20 39 0.017316
20 40 0.184861
20 41 0.006763
20 42 0.011090
20 43 0.605780
20 44 0.503966
20 45 0.006763
20 46 0.019299
20 47 0.000372
20 48 0.066931
20 49 0.636593
20 50 0.019299
20 51 0.023583
20 52 0.647563
20 53 0.121504
20 54 0.138349
20 55 0.019299
20 56 0.142083
20 57 0.227550
20 58 0.019299
20 59 0.019299
20 60 0.314631
20 61 0.060180
20 62 0.049729
20 63 0.131589
20 64 0.014763
20 65 0.016383
20 66 0.019299
20 67 0.011090
20 68 0.131589
20 69 0.002681
20 70 0.826523
20 71 0.074140
20 72 0.093360
20 73 0.105307
20 74 0.014763
20 75 0.006763
20 76 0.011782
20 77 0.014763
20 78 0.357768
20 79 0.006763
20 80 0.066931
20 81 0.118059
20 82 0.079482
20 83 0.045793
20 84 0.060180
20 85 0.029925
20 86 0.093360
20 87 0.042353
20 88 0.021276
20 89 0.060180
20 90 0.001794
20 91 0.000372
20 92 0.135230
20 93 0.002681
20 94 0.011090
20 95 0.008716
20 96 0.006763
20 97 0.003622
20 98 0.082237
20 99 0.263461
21 0 0.281925
21 1 0.690134
21 2 0.552080
21 3 0.035762
21 4 0.047734
21 5 0.189109
21 6 0.415157
21 7 0.005177
21 8 0.006763
21 9 0.040565
21 10 0.005177
21 11 0.006763
21 12 0.066931
21 13 0.011090
21 14 0.138922
21 15 0.028526
21 16 0.069412
21 17 0.028526
21 18 0.069412
21 19 0.362752
21 20 0.028526
21 21 0.000000
21 22 0.920889
21 23 0.013938
21 24 0.189109
21 25 0.003622
21 26 0.149692
21 27 0.082237
21 28 0.184861
21 29 0.348574
21 30 0.034173
21 31 0.118059
21 32 0.223001
21 33 0.218482
21 34 0.022408
21 35 0.082237
21 36 0.042353
21 37 0.034173
21 38 0.666262
21 39 0.060180
21 40 0.156883
21 41 0.539335
21 42 0.035762
21 43 0.324511
21 44 0.644327
21 45 0.022408
21 46 0.019299
21 47 0.135230
21 48 0.006763
21 49 0.017316
21 50 0.006763
21 51 0.047734
21 52 0.005177
21 53 0.049729
21 54 0.023583
21 55 0.002681
21 56 0.069412
21 57 0.889278
21 58 0.028526
21 59 0.025870
21 60 0.001279
21 61 0.366968
21 62 0.082237
21 63 0.236026
21 64 0.008170
21 65 0.102123
21 66 0.042353
21 67 0.272287
21 68 0.028526
21 69 0.258710
21 70 0.042353
21 71 0.697012
21 72 0.028526
21 73 0.010429
21 74 0.003622
21 75 0.003622
21 76 0.011782
21 77 0.015490
21 78 0.105307
21 79 0.526400
21 80 0.028526
21 81 0.986173
21 82 0.013938
21 83 0.014763
21 84 0.028526
21 85 0.022408
21 86 0.029925
21 87 0.023583
21 88 0.023583
21 89 0.006763
21 90 0.008716
21 91 0.164848
21 92 0.038829
21 93 0.011782
21 94 0.000556
21 95 0.290882
21 96 0.060180
21 97 0.006763
21 98 0.662581
21 99 0.047734
22 0 0.019299
22 1 0.047734
22 2 0.176483
22 3 0.006763
22 4 0.142082
22 5 0.002473
22 6 0.051779
22 7 0.802700
22 8 0.029925
22 9 0.051779
22 10 0.082237
22 11 0.003622
22 12 0.560920
22 13 0.002681
22 14 0.006763
22 15 0.019299
22 16 0.425031
22 17 0.014763
22 18 0.029925
22 19 0.002473
22 20 0.003354
22 21 0.920889
22 22 0.000000
22 23 0.035762
22 24 0.006763
22 25 0.008716
22 26 0.027175
22 27 0.042074
22 28 0.066931
22 29 0.001794
22 30 0.082237
22 31 0.060180
22 32 0.168897
22 33 0.569659
22 34 0.002681
22 35 0.060180
22 36 0.517201
22 37 0.231422
22 38 0.049729
22 39 0.005896
22 40 0.027175
22 41 0.002681
22 42 0.090388
22 43 0.008716
22 44 0.001279
22 45 0.040565
22 46 0.038829
22 47 0.014763
22 48 0.009800
22 49 0.028526
22 50 0.011782
22 51 0.060180
22 52 0.008170
22 53 0.011782
22 54 0.034173
22 55 0.023583
22 56 0.002681
22 57 0.539336
22 58 0.006317
22 59 0.025871
22 60 0.011090
22 61 0.014763
22 62 0.011782
22 63 0.530966
22 64 0.011782
22 65 0.253981
22 66 0.249276
22 67 0.042353
22 68 0.396085
22 69 0.192733
22 70 0.028526
22 71 0.006763
22 72 0.013938
22 73 0.014763
22 74 0.035762
22 75 0.008716
22 76 0.019299
22 77 0.060180
22 78 0.006763
22 79 0.011782
22 80 0.057916
22 81 0.105307
22 82 0.060180
22 83 0.023583
22 84 0.213994
22 85 0.003622
22 86 0.338626
22 87 0.005177
22 88 0.011090
22 89 0.032635
22 90 0.149693
22 91 0.049729
22 92 0.205798
22 93 0.138922
22 94 0.028526
22 95 0.018287
22 96 0.008716
22 97 0.000814
22 98 0.025870
22 99 0.011782
23 0 0.135230
23 1 0.180652
23 2 0.022408
23 3 0.042353
23 4 0.001279
23 5 0.184861
23 6 0.018287
23 7 0.049729
23 8 0.001794
23 9 0.011782
23 10 0.013938
23 11 0.028526
23 12 0.023583
23 13 0.011782
23 14 0.001168
23 15 0.001279
23 16 0.693588
23 17 0.023583
23 18 0.002097
23 19 0.007651
23 20 0.028526
23 21 0.013938
23 22 0.035762
23 23 0.000000
23 24 0.051779
23 25 0.669353
23 26 0.004818
23 27 0.035762
23 28 0.014763
23 29 0.042353
23 30 0.093360
23 31 0.995713
23 32 0.105307
23 33 0.995604
23 34 0.319566
23 35 0.245316
23 36 0.029925
23 37 0.027175
23 38 0.029925
23 39 0.121504
23 40 0.000218
23 41 0.001168
23 42 0.152968
23 43 0.323749
23 44 0.014763
23 45 0.131589
23 46 0.281925
23 47 0.002681
23 48 0.722365
23 49 0.035762
23 50 0.956949
23 51 0.002681
23 52 0.034173
23 53 0.093360
23 54 0.014763
23 55 0.023583
23 56 0.014763
23 57 0.121504
23 58 0.006763
23 59 0.004818
23 60 0.324511
23 61 0.338626
23 62 0.028526
23 63 0.023583
23 64 0.003622
23 65 0.343597
23 66 0.001168
23 67 0.011782
23 68 0.534811
23 69 0.189109
23 70 0.108547
23 71 0.011782
23 72 0.006317
23 73 0.019299
23 74 0.023583
23 75 0.002681
23 76 0.005177
23 77 0.069412
23 78 0.035762
23 79 0.629352
23 80 0.003354
23 81 0.051460
23 82 0.011782
23 83 0.003622
23 84 0.082237
23 85 0.006317
23 86 0.018287
23 87 0.008170
23 88 0.299892
23 89 0.060180
23 90 0.003622
23 91 0.526400
23 92 0.003622
23 93 0.023583
23 94 0.003622
23 95 0.734394
23 96 0.076782
23 97 0.005177
23 98 0.014763
23 99 0.060180
24 0 0.006763
24 1 0.028526
24 2 0.006763
24 3 0.055708
24 4 0.060180
24 5 0.102123
24 6 0.008716
24 7 0.005497
24 8 0.609880
24 9 0.028526
24 10 0.019299
24 11 0.164848
24 12 0.069412
24 13 0.713187
24 14 0.049729
24 15 0.001279
24 16 0.055708
24 17 0.019299
24 18 0.945829
24 19 0.149692
24 20 0.002279
24 21 0.189109
24 22 0.006763
24 23 0.051779
24 24 0.000000
24 25 0.006763
24 26 0.007651
24 27 0.057916
24 28 0.060180
24 29 0.000218
24 30 0.000814
24 31 0.019299
24 32 0.019299
24 33 0.503966
24 34 0.160843
24 35 0.035762
24 36 0.277097
24 37 0.049729
24 38 0.079482
24 39 0.071554
24 40 0.023583
24 41 0.788287
24 42 0.018287
24 43 0.042353
24 44 0.560920
24 45 0.035762
24 46 0.031146
24 47 0.035762
24 48 0.003354
24 49 0.014763
24 50 0.076783
24 51 0.022408
24 52 0.018287
24 53 0.108547
24 54 0.082237
24 55 0.019299
24 56 0.034173
24 57 0.149692
24 58 0.006317
24 59 0.057916
24 60 0.028526
24 61 0.011782
24 62 0.002473
24 63 0.013149
24 64 0.205798
24 65 0.035762
24 66 0.415157
24 67 0.481063
24 68 0.035762
24 69 0.027175
24 70 0.180652
24 71 0.035762
24 72 0.040565
24 73 0.008716
24 74 0.006763
24 75 0.004818
24 76 0.035762
24 77 0.472229
24 78 0.118059
24 79 0.038829
24 80 0.001794
24 81 0.029706
24 82 0.002681
24 83 0.040565
24 84 0.060180
24 85 0.300646
24 86 0.003622
24 87 0.006763
24 88 0.023583
24 89 0.754314
24 90 0.022408
24 91 0.019299
24 92 0.082237
24 93 0.272287
24 94 0.042353
24 95 0.060180
24 96 0.003622
24 97 0.006763
24 98 0.019299
24 99 0.047734
25 0 0.040565
25 1 0.002681
25 2 0.011090
25 3 0.858478
25 4 0.000814
25 5 0.001279
25 6 0.003622
25 7 0.051779
25 8 0.462596
25 9 0.035762
25 10 0.000173
25 11 0.197052
25 12 0.006763
25 13 0.226848
25 14 0.218482
25 15 0.022408
25 16 0.006317
25 17 0.000218
25 18 0.076783
25 19 0.000556
25 20 0.057916
25 21 0.003622
25 22 0.008716
25 23 0.669353
25 24 0.006763
25 25 0.000000
25 26 0.118059
25 27 0.001794
25 28 0.371954
25 29 0.076783
25 30 0.035762
25 31 0.008716
25 32 0.040565
25 33 0.029925
25 34 0.082237
25 35 0.028526
25 36 0.011782
25 37 0.027175
25 38 0.023583
25 39 0.006763
25 40 0.002279
25 41 0.149692
25 42 0.042353
25 43 0.019299
25 44 0.218482
25 45 0.352786
25 46 0.047734
25 47 0.008716
25 48 0.003622
25 49 0.338626
25 50 0.060180
25 51 0.079482
25 52 0.034173
25 53 0.013938
25 54 0.019299
25 55 0.011782
25 56 0.164848
25 57 0.530966
25 58 0.160843
25 59 0.035762
25 60 0.049729
25 61 0.055708
25 62 0.022408
25 63 0.021276
25 64 0.022408
25 65 0.898370
25 66 0.002681
25 67 0.010429
25 68 0.018287
25 69 0.014763
25 70 0.018287
25 71 0.003622
25 72 0.965370
25 73 0.011782
25 74 0.135230
25 75 0.006763
25 76 0.003622
25 77 0.004818
25 78 0.040565
25 79 0.028526
25 80 0.057916
25 81 0.008716
25 82 0.011782
25 83 0.002681
25 84 0.002681
25 85 0.040565
25 86 0.004818
25 87 0.001794
25 88 0.000218
25 89 0.079482
25 90 0.047734
25 91 0.023583
25 92 0.002681
25 93 0.001794
25 94 0.014763
25 95 0.002681
25 96 0.004818
25 97 0.049729
25 98 0.002681
25 99 0.002681
26 0 0.035762
26 1 0.135231
26 2 0.300646
26 3 0.145864
26 4 0.002681
26 5 0.060180
26 6 0.160843
26 7 0.508635
26 8 0.145864
26 9 0.035762
26 10 0.168897
26 11 0.690133
26 12 0.022408
26 13 0.443905
26 14 0.002681
26 15 0.001279
26 16 0.023583
26 17 0.035514
26 18 0.008170
26 19 0.028526
26 20 0.047734
26 21 0.149692
26 22 0.027175
26 23 0.004818
26 24 0.007651
26 25 0.118059
26 26 0.000000
26 27 0.003622
26 28 0.613953
26 29 0.253981
26 30 0.142082
26 31 0.079482
26 32 0.556513
26 33 0.049729
26 34 0.057916
26 35 0.002681
26 36 0.565302
26 37 0.006763
26 38 0.023583
26 39 0.095918
26 40 0.034173
26 41 0.034173
26 42 0.168897
26 43 0.006317
26 44 0.429954
26 45 0.029925
26 46 0.001168
26 47 0.049729
26 48 0.011782
26 49 0.055708
26 50 0.001279
26 51 0.057916
26 52 0.002473
26 53 0.000218
26 54 0.277097
26 55 0.197052
26 56 0.201407
26 57 0.049729
26 58 0.051779
26 59 0.001794
26 60 0.319566
26 61 0.396084
26 62 0.485825
26 63 0.035762
26 64 0.011782
26 65 0.035762
26 66 0.002681
26 67 0.410209
26 68 0.560920
26 69 0.184861
26 70 0.396084
26 71 0.051779
26 72 0.002681
26 73 0.476285
26 74 0.074140
26 75 0.118059
26 76 0.013938
26 77 0.027175
26 78 0.023583
26 79 0.082237
26 80 0.008716
26 81 0.040565
26 82 0.060180
26 83 0.290882
26 84 0.836591
26 85 0.156883
26 86 0.021276
26 87 0.057916
26 88 0.057916
26 89 0.005177
26 90 0.018287
26 91 0.060180
26 92 0.098993
26 93 0.188452
26 94 0.666262
26 95 0.060180
26 96 0.006317
26 97 0.005177
26 98 0.008716
26 99 0.066931
27 0 0.028526
27 1 0.011782
27 2 0.004161
27 3 0.053556
27 4 0.002473
27 5 0.028526
27 6 0.240658
27 7 0.124458
27 8 0.079482
27 9 0.006317
27 10 0.004818
27 11 0.025871
27 12 0.023583
27 13 0.035762
27 14 0.002681
27 15 0.858750
27 16 0.028526
27 17 0.011782
27 18 0.008716
27 19 0.060180
27 20 0.014763
27 21 0.082237
27 22 0.042074
27 23 0.035762
27 24 0.057916
27 25 0.001794
27 26 0.003622
27 27 0.000000
27 28 0.005177
27 29 0.263461
27 30 0.003622
27 31 0.032635
27 32 0.121504
27 33 0.079482
27 34 0.006763
27 35 0.028526
27 36 0.811708
27 37 0.121504
27 38 0.304793
27 39 0.023583
27 40 0.008716
27 41 0.127998
27 42 0.138922
27 43 0.686650
27 44 0.018287
27 45 0.019299
27 46 0.102123
27 47 0.022408
27 48 0.006317
27 49 0.772979
27 50 0.105307
27 51 0.108547
