0 0 0.000000
0 1 0.003622
0 2 0.001646
0 3 0.164848
0 4 0.034173
0 5 0.084612
0 6 0.001508
0 7 0.391878
0 8 0.017316
0 9 0.023583
0 10 0.028526
0 11 0.902020
0 12 0.005177
0 13 0.000334
0 14 0.168897
0 15 0.031146
0 16 0.057916
0 17 0.028526
0 18 0.001279
0 19 0.004818
0 20 0.023583
0 21 0.565302
0 22 0.011782
0 23 0.049729
0 24 0.006763
0 25 0.090388
0 26 0.035762
0 27 0.028526
0 28 0.019299
0 29 0.011782
0 30 0.035762
0 31 0.300646
0 32 0.076783
0 33 0.022408
0 34 0.038829
0 35 0.018287
0 36 0.037146
0 37 0.011782
0 38 0.205798
0 39 0.024612
0 40 0.001279
0 41 0.057916
0 42 0.910300
0 43 0.087472
0 44 0.249277
0 45 0.002473
0 46 0.605780
0 47 0.011782
0 48 0.011090
0 49 0.076783
0 50 0.007651
0 51 0.783152
0 52 0.209540
0 53 0.002681
0 54 0.111329
0 55 0.006763
0 56 0.011782
0 57 0.022408
0 58 0.035762
0 59 0.040565
0 60 0.022408
0 61 0.013938
0 62 0.057916
0 63 0.005177
0 64 0.011782
0 65 0.004161
0 66 0.145864
0 67 0.005177
0 68 0.006317
0 69 0.249277
0 70 0.037146
0 71 0.009800
0 72 0.004161
0 73 0.027175
0 74 0.135231
0 75 0.003622
0 76 0.003622
0 77 0.433354
0 78 0.006317
0 79 0.014763
0 80 0.027175
0 81 0.066931
0 82 0.076783
0 83 0.000814
0 84 0.014763
0 85 0.135231
0 86 0.062139
0 87 0.001168
0 88 0.000556
0 89 0.003622
0 90 0.004818
0 91 0.114667
0 92 0.004818
0 93 0.013938
0 94 0.027175
0 95 0.007651
0 96 0.002681
0 97 0.069412
0 98 0.000556
0 99 0.011782
1 0 0.003622
1 1 0.000000
1 2 0.019299
1 3 0.223001
1 4 0.222302
1 5 0.069412
1 6 0.023583
1 7 0.002473
1 8 0.037146
1 9 0.069412
1 10 0.135231
1 11 0.007159
1 12 0.005177
1 13 0.018287
1 14 0.006317
1 15 0.001645
1 16 0.002681
1 17 0.008716
1 18 0.114667
1 19 0.124458
1 20 0.213994
1 21 0.703255
1 22 0.047734
1 23 0.038829
1 24 0.028526
1 25 0.002681
1 26 0.049729
1 27 0.011782
1 28 0.001279
1 29 0.064507
1 30 0.002681
1 31 0.640474
1 32 0.011782
1 33 0.049729
1 34 0.006317
1 35 0.006317
1 36 0.006763
1 37 0.049419
1 38 0.042353
1 39 0.008716
1 40 0.002681
1 41 0.008716
1 42 0.180652
1 43 0.022408
1 44 0.023583
1 45 0.005177
1 46 0.014763
1 47 0.008716
1 48 0.011090
1 49 0.651361
1 50 0.042353
1 51 0.011782
1 52 0.008716
1 53 0.022231
1 54 0.000814
1 55 0.277097
1 56 0.309706
1 57 0.042353
1 58 0.000139
1 59 0.613953
1 60 0.521811
1 61 0.049729
1 62 0.034173
1 63 0.011090
1 64 0.006317
1 65 0.027175
1 66 0.090388
1 67 0.004818
1 68 0.005177
1 69 0.035762
1 70 0.011782
1 71 0.118059
1 72 0.003622
1 73 0.832818
1 74 0.035762
1 75 0.045794
1 76 0.003622
1 77 0.011782
1 78 0.160229
1 79 0.055708
1 80 0.000372
1 81 0.042353
1 82 0.003354
1 83 0.004818
1 84 0.209540
1 85 0.011782
1 86 0.004480
1 87 0.014763
1 88 0.066931
1 89 0.034173
1 90 0.023583
1 91 0.013938
1 92 0.011782
1 93 0.002681
1 94 0.135231
1 95 0.055708
1 96 0.005177
1 97 0.135231
1 98 0.149692
1 99 0.055708
2 0 0.001646
2 1 0.019299
2 2 0.000000
2 3 0.028526
2 4 0.006763
2 5 0.002681
2 6 0.539335
2 7 0.967100
2 8 0.032635
2 9 0.028526
2 10 0.040565
2 11 0.034173
2 12 0.016383
2 13 0.788678
2 14 0.060180
2 15 0.021276
2 16 0.034173
2 17 0.000814
2 18 0.300647
2 19 0.765619
2 20 0.001279
2 21 0.149099
2 22 0.012394
2 23 0.022408
2 24 0.006763
2 25 0.011090
2 26 0.381921
2 27 0.004161
2 28 0.027175
2 29 0.002473
2 30 0.037146
2 31 0.362752
2 32 0.020187
2 33 0.022408
2 34 0.114667
2 35 0.049729
2 36 0.018287
2 37 0.000814
2 38 0.087472
2 39 0.000814
2 40 0.008170
2 41 0.042353
2 42 0.082237
2 43 0.168270
2 44 0.006763
2 45 0.031146
2 46 0.201407
2 47 0.019299
2 48 0.008716
2 49 0.006763
2 50 0.003354
2 51 0.060180
2 52 0.014763
2 53 0.003622
2 54 0.003622
2 55 0.045794
2 56 0.069026
2 57 0.053556
2 58 0.069412
2 59 0.076371
2 60 0.001279
2 61 0.118059
2 62 0.333660
2 63 0.314631
2 64 0.035762
2 65 0.362752
2 66 0.006763
2 67 0.006763
2 68 0.066931
2 69 0.001794
2 70 0.011782
2 71 0.093360
2 72 0.003622
2 73 0.098993
2 74 0.082237
2 75 0.156883
2 76 0.008170
2 77 0.011782
2 78 0.018287
2 79 0.002681
2 80 0.014763
2 81 0.019299
2 82 0.006763
2 83 0.000372
2 84 0.102123
2 85 0.018287
2 86 0.003354
2 87 0.008716
2 88 0.047734
2 89 0.042074
2 90 0.011782
2 91 0.008170
2 92 0.069412
2 93 0.002473
2 94 0.424271
2 95 0.084612
2 96 0.019299
2 97 0.002681
2 98 0.114149
2 99 0.013149
3 0 0.164848
3 1 0.223001
3 2 0.028526
3 3 0.000000
3 4 0.042074
3 5 0.049729
3 6 0.004818
3 7 0.160231
3 8 0.153568
3 9 0.277097
3 10 0.028526
3 11 0.013149
3 12 0.049729
3 13 0.149692
3 14 0.018287
3 15 0.034173
3 16 0.737452
3 17 0.042353
3 18 0.014763
3 19 0.005896
3 20 0.152967
3 21 0.006763
3 22 0.006763
3 23 0.093360
3 24 0.192733
3 25 0.759587
3 26 0.236026
3 27 0.012394
3 28 0.028526
3 29 0.079482
3 30 0.042353
3 31 0.023583
3 32 0.573324
3 33 0.087472
3 34 0.023583
3 35 0.023583
3 36 0.277097
3 37 0.018287
3 38 0.007651
3 39 0.079482
3 40 0.003354
3 41 0.521811
3 42 0.022408
3 43 0.028526
3 44 0.000372
3 45 0.060180
3 46 0.003622
3 47 0.005177
3 48 0.338626
3 49 0.490569
3 50 0.005177
3 51 0.049729
3 52 0.023583
3 53 0.060180
3 54 0.011090
3 55 0.010429
3 56 0.017316
3 57 0.082237
3 58 0.006763
3 59 0.060180
3 60 0.038829
3 61 0.024612
3 62 0.069412
3 63 0.023399
3 64 0.047734
3 65 0.035762
3 66 0.066554
3 67 0.290882
3 68 0.066931
3 69 0.008716
3 70 0.069412
3 71 0.011782
3 72 0.016384
3 73 0.000556
3 74 0.005177
3 75 0.060180
3 76 0.023583
3 77 0.037146
3 78 0.003622
3 79 0.003622
3 80 0.014763
3 81 0.034173
3 82 0.023583
3 83 0.006763
3 84 0.005177
3 85 0.008716
3 86 0.006763
3 87 0.022408
3 88 0.051460
3 89 0.424272
3 90 0.042353
3 91 0.305549
3 92 0.006763
3 93 0.184861
3 94 0.022408
3 95 0.005120
3 96 0.004480
3 97 0.822542
3 98 0.805078
3 99 0.415157
4 0 0.034173
4 1 0.222302
4 2 0.006763
4 3 0.042074
4 4 0.000000
4 5 0.011090
4 6 0.035762
4 7 0.006763
4 8 0.014763
4 9 0.026971
4 10 0.290882
4 11 0.001279
4 12 0.023583
4 13 0.011782
4 14 0.004818
4 15 0.029925
4 16 0.003861
4 17 0.095918
4 18 0.006763
4 19 0.023583
4 20 0.020187
4 21 0.010429
4 22 0.290882
4 23 0.001279
4 24 0.060180
4 25 0.000814
4 26 0.002681
4 27 0.002473
4 28 0.008170
4 29 0.000814
4 30 0.021276
4 31 0.087472
4 32 0.011782
4 33 0.000814
4 34 0.004818
4 35 0.023583
4 36 0.381921
4 37 0.160843
4 38 0.018287
4 39 0.035762
4 40 0.019299
4 41 0.019299
4 42 0.006763
4 43 0.010429
4 44 0.020187
4 45 0.001794
4 46 0.002279
4 47 0.003622
4 48 0.012394
4 49 0.011782
4 50 0.006317
4 51 0.362752
4 52 0.002681
4 53 0.018287
4 54 0.004818
4 55 0.006763
4 56 0.001065
4 57 0.003622
4 58 0.005177
4 59 0.004818
4 60 0.004818
4 61 0.042353
4 62 0.055708
4 63 0.003622
4 64 0.001794
4 65 0.013938
4 66 0.001794
4 67 0.031146
4 68 0.035762
4 69 0.797490
4 70 0.018287
4 71 0.035762
4 72 0.093360
4 73 0.055708
4 74 0.230716
4 75 0.000334
4 76 0.011782
4 77 0.001794
4 78 0.000372
4 79 0.008716
4 80 0.093360
4 81 0.201407
4 82 0.001168
4 83 0.000814
4 84 0.001279
4 85 0.471489
4 86 0.011090
4 87 0.079482
4 88 0.053556
4 89 0.236026
4 90 0.035762
4 91 0.057916
4 92 0.022408
4 93 0.004818
4 94 0.118059
4 95 0.017316
4 96 0.002473
4 97 0.012394
4 98 0.051779
4 99 0.102123
5 0 0.084612
5 1 0.069412
5 2 0.002681
5 3 0.049729
5 4 0.011090
5 5 0.000000
5 6 0.023399
5 7 0.001794
5 8 0.057916
5 9 0.018287
5 10 0.040565
5 11 0.004818
5 12 0.049729
5 13 0.066931
5 14 0.011090
5 15 0.000814
5 16 0.003622
5 17 0.002681
5 18 0.000334
5 19 0.005177
5 20 0.018287
5 21 0.023583
5 22 0.002473
5 23 0.022408
5 24 0.032635
5 25 0.001279
5 26 0.028526
5 27 0.105307
5 28 0.076782
5 29 0.003622
5 30 0.064507
5 31 0.000139
5 32 0.002279
5 33 0.022408
5 34 0.079482
5 35 0.018287
5 36 0.002681
5 37 0.001794
5 38 0.093360
5 39 0.740016
5 40 0.035762
5 41 0.014763
5 42 0.017316
5 43 0.002473
5 44 0.002681
5 45 0.005177
5 46 0.069412
5 47 0.028526
5 48 0.003861
5 49 0.263461
5 50 0.002473
5 51 0.034173
5 52 0.000109
5 53 0.005177
5 54 0.002681
5 55 0.043907
5 56 0.000139
5 57 0.014763
5 58 0.002681
5 59 0.475549
5 60 0.512570
5 61 0.003354
5 62 0.066931
5 63 0.004818
5 64 0.004818
5 65 0.149692
5 66 0.011090
5 67 0.164848
5 68 0.004818
5 69 0.017316
5 70 0.003622
5 71 0.120969
5 72 0.055708
5 73 0.055708
5 74 0.019299
5 75 0.019299
5 76 0.047734
5 77 0.000556
5 78 0.020187
5 79 0.002473
5 80 0.011090
5 81 0.002681
5 82 0.051779
5 83 0.001646
5 84 0.003354
5 85 0.457755
5 86 0.047734
5 87 0.002681
5 88 0.490569
5 89 0.016383
5 90 0.118059
5 91 0.060180
5 92 0.249277
5 93 0.004818
5 94 0.013149
5 95 0.000738
5 96 0.008170
5 97 0.053556
5 98 0.090388
5 99 0.023583
6 0 0.001508
6 1 0.023583
6 2 0.539335
6 3 0.004818
6 4 0.035762
6 5 0.023399
6 6 0.000000
6 7 0.001794
6 8 0.003622
6 9 0.002681
6 10 0.023583
6 11 0.000502
6 12 0.034173
6 13 0.197052
6 14 0.035762
6 15 0.713187
6 16 0.021276
6 17 0.135231
6 18 0.001794
6 19 0.002442
6 20 0.028526
6 21 0.552081
6 22 0.153568
6 23 0.018287
6 24 0.008716
6 25 0.003622
6 26 0.176483
6 27 0.066931
6 28 0.006763
6 29 0.008170
6 30 0.176483
6 31 0.003622
6 32 0.118059
6 33 0.019299
6 34 0.002473
6 35 0.098993
6 36 0.003622
6 37 0.023583
6 38 0.022408
6 39 0.023583
6 40 0.055708
6 41 0.060180
6 42 0.034173
6 43 0.060180
6 44 0.028526
6 45 0.014763
6 46 0.040565
6 47 0.002473
6 48 0.343597
6 49 0.031146
6 50 0.005177
6 51 0.000556
6 52 0.042353
6 53 0.149692
6 54 0.008716
6 55 0.018287
6 56 0.019299
6 57 0.066931
6 58 0.019299
6 59 0.001168
6 60 0.001646
6 61 0.082237
6 62 0.494567
6 63 0.673535
6 64 0.014763
6 65 0.489839
6 66 0.000556
6 67 0.021276
6 68 0.031146
6 69 0.240658
6 70 0.240658
6 71 0.105307
6 72 0.005177
6 73 0.102123
6 74 0.629352
6 75 0.049729
6 76 0.093360
6 77 0.011782
6 78 0.014763
6 79 0.023583
6 80 0.004818
6 81 0.023583
6 82 0.381153
6 83 0.003622
6 84 0.095918
6 85 0.090388
6 86 0.017316
6 87 0.357768
6 88 0.013938
6 89 0.000502
6 90 0.002681
6 91 0.000556
6 92 0.013149
6 93 0.087472
6 94 0.295757
6 95 0.005177
6 96 0.008716
6 97 0.014763
6 98 0.192733
6 99 0.001794
7 0 0.391878
7 1 0.002473
7 2 0.967100
7 3 0.160231
7 4 0.006763
7 5 0.001794
7 6 0.001794
7 7 0.000000
7 8 0.006763
7 9 0.017316
7 10 0.076783
7 11 0.102123
7 12 0.121504
7 13 0.079482
7 14 0.016383
7 15 0.042353
7 16 0.180651
7 17 0.028526
7 18 0.003622
7 19 0.013938
7 20 0.184861
7 21 0.005177
7 22 0.286023
7 23 0.049729
7 24 0.005497
7 25 0.051779
7 26 0.160843
7 27 0.209540
7 28 0.037146
7 29 0.002681
7 30 0.006317
7 31 0.034173
7 32 0.011090
7 33 0.028526
7 34 0.014763
7 35 0.328700
7 36 0.003354
7 37 0.003622
7 38 0.013938
7 39 0.105307
7 40 0.004818
7 41 0.034173
7 42 0.218482
7 43 0.008170
7 44 0.020187
7 45 0.016383
7 46 0.391111
7 47 0.853342
7 48 0.002681
7 49 0.038829
7 50 0.040565
7 51 0.051779
7 52 0.131589
7 53 0.002681
7 54 0.006763
7 55 0.011090
7 56 0.022408
7 57 0.008716
7 58 0.018287
7 59 0.014763
7 60 0.142082
7 61 0.093360
7 62 0.001168
7 63 0.149692
7 64 0.006763
7 65 0.000556
7 66 0.022408
7 67 0.022408
7 68 0.006763
7 69 0.401053
7 70 0.042353
7 71 0.366969
7 72 0.028526
7 73 0.076783
7 74 0.006763
7 75 0.002097
7 76 0.909132
7 77 0.000334
7 78 0.164848
7 79 0.006317
7 80 0.042353
7 81 0.004818
7 82 0.002681
7 83 0.014763
7 84 0.079482
7 85 0.028526
7 86 0.011782
7 87 0.066931
7 88 0.034173
7 89 0.010429
7 90 0.011782
7 91 0.002681
7 92 0.790815
7 93 0.023583
7 94 0.001794
7 95 0.013149
7 96 0.240658
7 97 0.002279
7 98 0.062139
7 99 0.002681
8 0 0.017316
8 1 0.037146
8 2 0.032635
8 3 0.153568
8 4 0.014763
8 5 0.057916
8 6 0.003622
8 7 0.006763
8 8 0.000000
8 9 0.020187
8 10 0.114667
8 11 0.453650
8 12 0.121504
8 13 0.011090
8 14 0.002681
8 15 0.011782
8 16 0.218482
8 17 0.000502
8 18 0.038829
8 19 0.004764
8 20 0.000372
8 21 0.006763
8 22 0.005177
8 23 0.001794
8 24 0.205119
8 25 0.226848
8 26 0.055708
8 27 0.022408
8 28 0.042353
8 29 0.023583
8 30 0.011090
8 31 0.021276
8 32 0.028526
8 33 0.020187
8 34 0.001279
8 35 0.000046
8 36 0.002473
8 37 0.201407
8 38 0.003354
8 39 0.168897
8 40 0.032635
8 41 0.018287
8 42 0.008716
8 43 0.053556
8 44 0.071949
8 45 0.001646
8 46 0.168897
8 47 0.035762
8 48 0.153568
8 49 0.003354
8 50 0.003103
8 51 0.006763
8 52 0.861986
8 53 0.034173
8 54 0.018287
8 55 0.003622
8 56 0.009200
8 57 0.004818
8 58 0.035514
8 59 0.102123
8 60 0.001646
8 61 0.006763
8 62 0.118059
8 63 0.800296
8 64 0.197052
8 65 0.121504
8 66 0.391111
8 67 0.040565
8 68 0.002681
8 69 0.034173
8 70 0.016383
8 71 0.028526
8 72 0.003622
8 73 0.001794
8 74 0.001279
8 75 0.005177
8 76 0.062139
8 77 0.002473
8 78 0.338626
8 79 0.006763
8 80 0.002473
8 81 0.014763
8 82 0.004818
8 83 0.013938
8 84 0.003354
8 85 0.000372
8 86 0.045794
8 87 0.042353
8 88 0.023399
8 89 0.018287
8 90 0.286023
8 91 0.002681
8 92 0.057572
8 93 0.018287
8 94 0.040565
8 95 0.011090
8 96 0.011090
8 97 0.011782
8 98 0.001794
8 99 0.082237
9 0 0.023583
9 1 0.069412
9 2 0.028526
9 3 0.277097
9 4 0.026971
9 5 0.018287
9 6 0.002681
9 7 0.017316
9 8 0.020187
9 9 0.000000
9 10 0.023583
9 11 0.102123
9 12 0.011782
9 13 0.003622
9 14 0.001794
9 15 0.003622
9 16 0.003622
9 17 0.002868
9 18 0.000372
9 19 0.001279
9 20 0.029925
9 21 0.008170
9 22 0.051779
9 23 0.011782
9 24 0.069412
9 25 0.023583
9 26 0.006763
9 27 0.006317
9 28 0.028526
9 29 0.156883
9 30 0.028526
9 31 0.006763
9 32 0.006763
9 33 0.017316
9 34 0.011782
9 35 0.006317
9 36 0.008716
9 37 0.924752
9 38 0.114667
9 39 0.079482
9 40 0.003622
9 41 0.022408
9 42 0.001794
9 43 0.014763
9 44 0.038829
9 45 0.011090
9 46 0.008170
9 47 0.201407
9 48 0.011090
9 49 0.006763
9 50 0.014763
9 51 0.022408
9 52 0.104813
9 53 0.019299
9 54 0.002681
9 55 0.003354
9 56 0.081809
9 57 0.034173
9 58 0.012394
9 59 0.004480
9 60 0.028526
9 61 0.740016
9 62 0.851497
9 63 0.004818
9 64 0.767953
9 65 0.028526
9 66 0.008716
9 67 0.069412
9 68 0.004480
9 69 0.071555
9 70 0.002681
9 71 0.010429
9 72 0.004818
9 73 0.035762
9 74 0.168897
9 75 0.035762
9 76 0.003622
9 77 0.082237
9 78 0.014763
9 79 0.004480
9 80 0.019299
9 81 0.098993
9 82 0.064507
9 83 0.001279
9 84 0.702749
9 85 0.006317
9 86 0.011782
9 87 0.003103
9 88 0.376172
9 89 0.022231
9 90 0.019299
9 91 0.019141
9 92 0.102123
9 93 0.027175
9 94 0.006763
9 95 0.049729
9 96 0.102123
9 97 0.098993
9 98 0.102123
9 99 0.011782
10 0 0.028526
10 1 0.135231
10 2 0.040565
10 3 0.028526
10 4 0.290882
10 5 0.040565
10 6 0.023583
10 7 0.076783
10 8 0.114667
10 9 0.023583
10 10 0.000000
10 11 0.028526
10 12 0.006763
10 13 0.082237
10 14 0.016383
10 15 0.002868
10 16 0.253253
10 17 0.014763
10 18 0.031146
10 19 0.267497
10 20 0.011782
10 21 0.019299
10 22 0.003622
10 23 0.013938
10 24 0.002681
10 25 0.000173
10 26 0.069412
10 27 0.000334
10 28 0.003354
10 29 0.010429
10 30 0.011782
10 31 0.000556
10 32 0.011782
10 33 0.006317
10 34 0.006763
10 35 0.008716
10 36 0.011090
10 37 0.082237
10 38 0.004818
10 39 0.028526
10 40 0.079482
10 41 0.011782
10 42 0.503966
10 43 0.064507
10 44 0.800297
10 45 0.066931
10 46 0.114667
10 47 0.156883
10 48 0.011782
10 49 0.023583
10 50 0.006763
10 51 0.004818
10 52 0.153568
10 53 0.007159
10 54 0.011782
10 55 0.082237
10 56 0.028526
10 57 0.008716
10 58 0.003354
10 59 0.093360
10 60 0.011782
10 61 0.121504
10 62 0.001279
10 63 0.076782
10 64 0.032635
10 65 0.434111
10 66 0.028526
10 67 0.093360
10 68 0.889060
10 69 0.000556
10 70 0.003354
10 71 0.205119
10 72 0.712683
10 73 0.006763
10 74 0.696486
10 75 0.022408
10 76 0.023583
10 77 0.051779
10 78 0.000814
10 79 0.014763
10 80 0.429954
10 81 0.032635
10 82 0.918806
10 83 0.804709
10 84 0.002473
10 85 0.000669
10 86 0.008716
10 87 0.019299
10 88 0.014763
10 89 0.105307
10 90 0.023583
10 91 0.047734
10 92 0.019299
10 93 0.156883
10 94 0.037146
10 95 0.004480
10 96 0.011090
10 97 0.000372
10 98 0.002473
10 99 0.017316
11 0 0.902020
11 1 0.007159
11 2 0.034173
11 3 0.013149
11 4 0.001279
11 5 0.004818
11 6 0.000502
11 7 0.102123
11 8 0.453650
11 9 0.102123
11 10 0.028526
11 11 0.000000
11 12 0.071555
11 13 0.006763
11 14 0.003622
11 15 0.013938
11 16 0.008716
11 17 0.004161
11 18 0.011782
11 19 0.828644
11 20 0.000738
11 21 0.006763
11 22 0.003622
11 23 0.069412
11 24 0.066931
11 25 0.004161
11 26 0.069025
11 27 0.025871
11 28 0.028526
11 29 0.257980
11 30 0.006763
11 31 0.022408
11 32 0.002681
11 33 0.019299
11 34 0.064506
11 35 0.014763
11 36 0.008716
11 37 0.004765
11 38 0.004818
11 39 0.093360
11 40 0.002681
11 41 0.028526
11 42 0.156883
11 43 0.001794
11 44 0.006317
11 45 0.007651
11 46 0.003622
11 47 0.023583
11 48 0.011782
11 49 0.001279
11 50 0.040565
11 51 0.002681
11 52 0.539335
11 53 0.018287
11 54 0.040565
11 55 0.017316
11 56 0.008716
11 57 0.005177
11 58 0.526400
11 59 0.105307
11 60 0.040565
11 61 0.000814
11 62 0.002681
11 63 0.471489
11 64 0.014763
11 65 0.164848
11 66 0.142082
11 67 0.014763
11 68 0.071555
11 69 0.028526
11 70 0.082237
11 71 0.004818
11 72 0.003622
11 73 0.135231
11 74 0.000556
11 75 0.018287
11 76 0.049729
11 77 0.014763
11 78 0.011090
11 79 0.003354
11 80 0.008170
11 81 0.025870
11 82 0.000556
11 83 0.281925
11 84 0.004480
11 85 0.011782
11 86 0.014763
11 87 0.011782
11 88 0.082237
11 89 0.013938
11 90 0.006317
11 91 0.002473
11 92 0.006317
11 93 0.249276
11 94 0.149692
11 95 0.014763
11 96 0.027175
11 97 0.002681
11 98 0.213994
11 99 0.064506
12 0 0.005177
12 1 0.005177
12 2 0.016383
12 3 0.049729
12 4 0.023583
12 5 0.049729
12 6 0.034173
12 7 0.121504
12 8 0.121504
12 9 0.011782
12 10 0.006763
12 11 0.071555
12 12 0.000000
12 13 0.309706
12 14 0.004161
12 15 0.005896
12 16 0.686651
12 17 0.008716
12 18 0.090388
12 19 0.490569
12 20 0.069412
12 21 0.066931
12 22 0.371954
12 23 0.003622
12 24 0.069412
12 25 0.006763
12 26 0.003354
12 27 0.060180
12 28 0.127998
12 29 0.006763
12 30 0.011782
12 31 0.023583
12 32 0.049729
12 33 0.489840
12 34 0.019299
12 35 0.003622
12 36 0.014763
12 37 0.011782
12 38 0.376938
12 39 0.040565
12 40 0.004480
12 41 0.192733
12 42 0.120969
12 43 0.014763
12 44 0.079482
12 45 0.014763
12 46 0.105307
12 47 0.057916
12 48 0.066931
12 49 0.019299
12 50 0.002473
12 51 0.002473
12 52 0.011090
12 53 0.000453
12 54 0.156883
12 55 0.004161
12 56 0.017316
12 57 0.013149
12 58 0.006763
12 59 0.001794
12 60 0.087472
12 61 0.003354
12 62 0.069412
12 63 0.180651
12 64 0.118059
12 65 0.002681
12 66 0.028526
12 67 0.809401
12 68 0.004480
12 69 0.013938
12 70 0.040565
12 71 0.003622
12 72 0.014763
12 73 0.006763
12 74 0.011782
12 75 0.000334
12 76 0.011782
12 77 0.000814
12 78 0.003622
12 79 0.019299
12 80 0.027175
12 81 0.034173
12 82 0.005896
12 83 0.005896
12 84 0.007574
12 85 0.069412
12 86 0.089936
12 87 0.003622
12 88 0.008716
12 89 0.001794
12 90 0.006763
12 91 0.006763
12 92 0.680144
12 93 0.601651
12 94 0.001794
12 95 0.118059
12 96 0.014763
12 97 0.000970
12 98 0.019299
12 99 0.002473
13 0 0.000334
13 1 0.018287
13 2 0.788678
13 3 0.149692
13 4 0.011782
13 5 0.066931
13 6 0.197052
13 7 0.079482
13 8 0.011090
13 9 0.003622
13 10 0.082237
13 11 0.006763
13 12 0.309706
13 13 0.000000
13 14 0.919855
13 15 0.040565
13 16 0.014763
13 17 0.108547
13 18 0.059827
13 19 0.006763
13 20 0.715940
13 21 0.011090
13 22 0.002681
13 23 0.001279
13 24 0.055708
13 25 0.081809
13 26 0.045793
13 27 0.035762
13 28 0.038829
13 29 0.014763
13 30 0.034173
13 31 0.023583
13 32 0.019299
13 33 0.352786
13 34 0.006317
13 35 0.010429
13 36 0.485825
13 37 0.035762
13 38 0.005497
13 39 0.197052
13 40 0.001279
13 41 0.011782
13 42 0.011782
13 43 0.184861
13 44 0.001794
13 45 0.011090
13 46 0.249277
13 47 0.034173
13 48 0.434111
13 49 0.357768
13 50 0.011090
13 51 0.035762
13 52 0.001794
13 53 0.023583
13 54 0.006317
13 55 0.352785
13 56 0.003103
13 57 0.069412
13 58 0.028526
13 59 0.011782
13 60 0.087472
13 61 0.002681
13 62 0.027175
13 63 0.004480
13 64 0.002681
13 65 0.277096
13 66 0.049729
13 67 0.066931
13 68 0.082237
13 69 0.008170
13 70 0.006763
13 71 0.018287
13 72 0.064507
13 73 0.244596
13 74 0.012394
13 75 0.057916
13 76 0.008716
13 77 0.018287
13 78 0.049729
13 79 0.006763
13 80 0.018287
13 81 0.982533
13 82 0.111329
13 83 0.108044
13 84 0.003622
13 85 0.176483
13 86 0.142082
13 87 0.014763
13 88 0.002681
13 89 0.032635
13 90 0.066931
13 91 0.028526
13 92 0.027175
13 93 0.093360
13 94 0.889278
13 95 0.027175
13 96 0.038829
13 97 0.066931
13 98 0.892073
13 99 0.002681
14 0 0.168897
14 1 0.006317
14 2 0.060180
14 3 0.018287
14 4 0.004818
14 5 0.011090
14 6 0.035762
14 7 0.016383
14 8 0.002681
14 9 0.001794
14 10 0.016383
14 11 0.003622
14 12 0.004161
14 13 0.919855
14 14 0.000000
14 15 0.023583
14 16 0.006763
14 17 0.005177
14 18 0.003103
14 19 0.005177
14 20 0.006317
14 21 0.035762
14 22 0.006763
14 23 0.001168
14 24 0.049729
14 25 0.055708
14 26 0.002681
14 27 0.002681
14 28 0.090388
14 29 0.448784
14 30 0.003622
14 31 0.018287
14 32 0.098993
14 33 0.057916
14 34 0.027175
14 35 0.064507
14 36 0.035762
14 37 0.011090
14 38 0.118059
14 39 0.017316
14 40 0.027175
14 41 0.081809
14 42 0.192733
14 43 0.066931
14 44 0.093360
14 45 0.060180
14 46 0.290882
14 47 0.931045
14 48 0.011090
14 49 0.001279
14 50 0.153568
14 51 0.021276
14 52 0.028526
14 53 0.055708
14 54 0.015490
14 55 0.042353
14 56 0.005177
14 57 0.836903
14 58 0.013149
14 59 0.040565
14 60 0.131589
14 61 0.006763
14 62 0.001794
14 63 0.205120
14 64 0.000814
14 65 0.942261
14 66 0.168897
14 67 0.008716
14 68 0.617998
14 69 0.007651
14 70 0.008716
14 71 0.042353
14 72 0.000738
14 73 0.425031
14 74 0.023583
14 75 0.114667
14 76 0.027175
14 77 0.709905
14 78 0.040565
14 79 0.008716
14 80 0.019299
14 81 0.035762
14 82 0.022408
14 83 0.066931
14 84 0.000372
14 85 0.290882
14 86 0.000218
14 87 0.018287
14 88 0.108044
14 89 0.014763
14 90 0.410971
14 91 0.037146
14 92 0.011782
14 93 0.014763
14 94 0.001279
14 95 0.526400
14 96 0.090388
14 97 0.011090
14 98 0.003622
14 99 0.022408
15 0 0.031146
15 1 0.001645
15 2 0.021276
15 3 0.034173
15 4 0.029925
15 5 0.000814
15 6 0.713187
15 7 0.042353
15 8 0.011782
15 9 0.003622
15 10 0.002868
15 11 0.013938
15 12 0.005896
15 13 0.040565
15 14 0.023583
15 15 0.000000
15 16 0.035762
15 17 0.000139
15 18 0.005177
15 19 0.805078
15 20 0.000502
15 21 0.028526
15 22 0.019299
15 23 0.001279
15 24 0.001279
15 25 0.003354
15 26 0.001279
15 27 0.534811
15 28 0.011782
15 29 0.022408
15 30 0.010429
15 31 0.003622
15 32 0.006763
15 33 0.011782
15 34 0.017316
15 35 0.022408
15 36 0.002097
15 37 0.006763
15 38 0.499276
15 39 0.135231
15 40 0.011090
15 41 0.038829
15 42 0.853342
15 43 0.018287
15 44 0.000556
15 45 0.003103
15 46 0.014763
15 47 0.001794
15 48 0.002681
15 49 0.013938
15 50 0.023583
15 51 0.031146
15 52 0.108044
15 53 0.007651
15 54 0.074140
15 55 0.027175
15 56 0.047734
15 57 0.011090
15 58 0.001794
15 59 0.000556
15 60 0.004818
15 61 0.003622
15 62 0.029925
15 63 0.001794
15 64 0.000814
15 65 0.019299
15 66 0.045794
15 67 0.000372
15 68 0.006763
15 69 0.003103
15 70 0.034173
15 71 0.004818
15 72 0.160843
15 73 0.013938
15 74 0.218482
15 75 0.027175
15 76 0.009800
15 77 0.286023
15 78 0.011782
15 79 0.118059
15 80 0.011090
15 81 0.007159
15 82 0.008716
15 83 0.040565
15 84 0.001279
15 85 0.014763
15 86 0.222302
15 87 0.014763
15 88 0.038829
15 89 0.006763
15 90 0.180652
15 91 0.006317
15 92 0.002681
15 93 0.014763
15 94 0.006763
15 95 0.092899
15 96 0.002473
15 97 0.011674
15 98 0.042353
15 99 0.045794
16 0 0.057916
16 1 0.002681
16 2 0.034173
16 3 0.737452
16 4 0.003861
16 5 0.003622
16 6 0.021276
16 7 0.180651
16 8 0.218482
16 9 0.003622
16 10 0.253253
16 11 0.008716
16 12 0.686651
16 13 0.014763
16 14 0.006763
16 15 0.035762
16 16 0.000000
16 17 0.022408
16 18 0.018287
16 19 0.008716
16 20 0.079482
16 21 0.135230
16 22 0.025871
16 23 0.415157
16 24 0.013149
16 25 0.006317
16 26 0.023583
16 27 0.028526
16 28 0.006317
16 29 0.019299
16 30 0.004818
16 31 0.005177
16 32 0.013149
16 33 0.008716
16 34 0.003622
16 35 0.205119
16 36 0.809401
16 37 0.381921
16 38 0.023583
16 39 0.066931
16 40 0.016384
16 41 0.008716
16 42 0.457009
16 43 0.160843
16 44 0.016383
16 45 0.060180
16 46 0.060180
16 47 0.981107
16 48 0.127998
16 49 0.003622
16 50 0.014763
16 51 0.008716
16 52 0.049729
16 53 0.034173
16 54 0.040565
16 55 0.020187
16 56 0.127998
16 57 0.011090
16 58 0.003622
16 59 0.034173
16 60 0.004818
16 61 0.022408
16 62 0.002473
16 63 0.011782
16 64 0.134666
16 65 0.001279
16 66 0.003622
16 67 0.005896
16 68 0.023583
16 69 0.008170
16 70 0.226847
16 71 0.032635
16 72 0.019299
16 73 0.064507
16 74 0.071949
16 75 0.003622
16 76 0.005177
16 77 0.021276
16 78 0.051779
16 79 0.027175
16 80 0.003622
16 81 0.093360
16 82 0.018287
16 83 0.049729
16 84 0.021276
16 85 0.042353
16 86 0.008716
16 87 0.006763
16 88 0.087472
16 89 0.019299
16 90 0.581916
16 91 0.034173
16 92 0.005177
16 93 0.004818
16 94 0.006763
16 95 0.010429
16 96 0.005177
16 97 0.180005
16 98 0.180652
16 99 0.003622
17 0 0.028526
17 1 0.008716
17 2 0.000814
17 3 0.042353
17 4 0.095918
17 5 0.002681
17 6 0.135231
17 7 0.028526
17 8 0.000502
17 9 0.002868
17 10 0.014763
17 11 0.004161
17 12 0.008716
17 13 0.108547
17 14 0.005177
17 15 0.000139
17 16 0.022408
17 17 0.000000
17 18 0.003103
17 19 0.003354
17 20 0.813991
17 21 0.004818
17 22 0.014763
17 23 0.023583
17 24 0.019299
17 25 0.000218
17 26 0.035514
17 27 0.011782
17 28 0.002681
17 29 0.029925
17 30 0.010429
17 31 0.023583
17 32 0.004480
17 33 0.236026
17 34 0.012394
17 35 0.034173
17 36 0.018287
17 37 0.018287
17 38 0.002681
17 39 0.712683
17 40 0.023583
17 41 0.002681
17 42 0.028526
17 43 0.002681
17 44 0.156883
17 45 0.008170
17 46 0.948508
17 47 0.011782
17 48 0.020023
17 49 0.023583
17 50 0.222303
17 51 0.006317
17 52 0.168897
17 53 0.049729
17 54 0.742560
17 55 0.000300
17 56 0.082237
17 57 0.023583
17 58 0.010429
17 59 0.003622
17 60 0.006763
17 61 0.002473
17 62 0.016383
17 63 0.011782
17 64 0.008716
17 65 0.008170
17 66 0.004818
17 67 0.725534
17 68 0.045793
17 69 0.168897
17 70 0.003622
17 71 0.006317
17 72 0.629352
17 73 0.011782
17 74 0.931940
17 75 0.002681
17 76 0.051779
17 77 0.009200
17 78 0.176483
17 79 0.014763
17 80 0.003622
17 81 0.019299
17 82 0.034173
17 83 0.008716
17 84 0.034173
17 85 0.006763
17 86 0.066931
17 87 0.391111
17 88 0.006763
17 89 0.309706
17 90 0.004818
17 91 0.013938
17 92 0.051779
17 93 0.001794
17 94 0.013938
17 95 0.010429
17 96 0.049729
17 97 0.184861
17 98 0.079481
17 99 0.019141
18 0 0.001279
18 1 0.114667
18 2 0.300647
18 3 0.014763
18 4 0.006763
18 5 0.000334
18 6 0.001794
18 7 0.003622
18 8 0.038829
18 9 0.000372
18 10 0.031146
18 11 0.011782
18 12 0.090388
18 13 0.059827
18 14 0.003103
18 15 0.005177
18 16 0.018287
18 17 0.003103
18 18 0.000000
18 19 0.049729
18 20 0.002681
18 21 0.018287
18 22 0.029925
18 23 0.002097
18 24 0.903273
18 25 0.038829
18 26 0.008170
18 27 0.028526
18 28 0.168897
18 29 0.000814
18 30 0.004818
18 31 0.000738
18 32 0.205798
18 33 0.015490
18 34 0.035762
18 35 0.028315
18 36 0.006763
18 37 0.240658
18 38 0.024612
18 39 0.023583
18 40 0.184208
18 41 0.003622
18 42 0.008170
18 43 0.004480
18 44 0.005177
18 45 0.008170
18 46 0.019299
18 47 0.168897
18 48 0.008716
18 49 0.001794
18 50 0.000372
18 51 0.019299
18 52 0.006317
18 53 0.007159
18 54 0.034173
18 55 0.014763
18 56 0.018287
18 57 0.017316
18 58 0.007651
18 59 0.045794
18 60 0.035762
18 61 0.011090
18 62 0.011782
18 63 0.457755
18 64 0.008716
18 65 0.008170
18 66 0.245316
18 67 0.138350
18 68 0.002681
18 69 0.035762
18 70 0.028526
18 71 0.014763
18 72 0.003622
18 73 0.008716
18 74 0.023583
18 75 0.053556
18 76 0.057916
18 77 0.023583
18 78 0.131589
18 79 0.135230
18 80 0.069412
18 81 0.006763
18 82 0.003103
18 83 0.005177
18 84 0.201407
18 85 0.793317
18 86 0.004818
18 87 0.045794
18 88 0.000556
18 89 0.079482
18 90 0.000218
18 91 0.366969
18 92 0.008716
18 93 0.000814
18 94 0.006763
18 95 0.022408
18 96 0.105307
18 97 0.192733
18 98 0.002473
18 99 0.149099
19 0 0.004818
19 1 0.124458
19 2 0.765619
19 3 0.005896
19 4 0.023583
19 5 0.005177
19 6 0.002442
19 7 0.013938
19 8 0.004764
19 9 0.001279
19 10 0.267497
19 11 0.828644
19 12 0.490569
19 13 0.006763
19 14 0.005177
19 15 0.805078
19 16 0.008716
19 17 0.003354
19 18 0.049729
19 19 0.000000
19 20 0.069412
19 21 0.160843
19 22 0.002473
19 23 0.007651
19 24 0.057916
19 25 0.000556
19 26 0.028526
19 27 0.060180
19 28 0.118059
19 29 0.002681
19 30 0.008716
19 31 0.008170
19 32 0.005177
19 33 0.138922
19 34 0.027175
19 35 0.005177
19 36 0.019299
19 37 0.035762
19 38 0.011782
19 39 0.004818
19 40 0.547624
19 41 0.012394
19 42 0.042353
19 43 0.142082
19 44 0.008716
19 45 0.305549
19 46 0.018287
19 47 0.076782
19 48 0.022408
19 49 0.004818
19 50 0.003622
19 51 0.060180
19 52 0.006317
19 53 0.003622
19 54 0.014763
19 55 0.055708
19 56 0.060180
19 57 0.114667
19 58 0.009200
19 59 0.011782
19 60 0.001168
19 61 0.009200
19 62 0.011090
19 63 0.011090
19 64 0.121504
19 65 0.020187
19 66 0.093360
19 67 0.023583
19 68 0.000139
19 69 0.006763
19 70 0.111329
19 71 0.218482
19 72 0.209540
19 73 0.004480
19 74 0.013938
19 75 0.371954
19 76 0.010429
19 77 0.006763
19 78 0.023583
19 79 0.049729
19 80 0.605779
19 81 0.082237
19 82 0.034173
19 83 0.005177
19 84 0.005177
19 85 0.008716
19 86 0.008716
19 87 0.005177
19 88 0.000372
19 89 0.429954
19 90 0.381154
19 91 0.622014
19 92 0.090388
19 93 0.022408
19 94 0.069412
19 95 0.648150
19 96 0.005177
19 97 0.001794
19 98 0.000556
19 99 0.338626
20 0 0.023583
20 1 0.213994
20 2 0.001279
20 3 0.152967
20 4 0.020187
20 5 0.018287
20 6 0.028526
20 7 0.184861
20 8 0.000372
20 9 0.029925
20 10 0.011782
20 11 0.000738
20 12 0.069412
20 13 0.715940
20 14 0.006317
20 15 0.000502
20 16 0.079482
20 17 0.813991
20 18 0.002681
20 19 0.069412
20 20 0.000000
20 21 0.028526
20 22 0.003354
20 23 0.028526
20 24 0.002279
20 25 0.013938
20 26 0.010429
20 27 0.014763
20 28 0.023583
20 29 0.958544
20 30 0.149100
20 31 0.006763
20 32 0.047734
20 33 0.011090
20 34 0.003622
20 35 0.000372
20 36 0.003354
20 37 0.011090
20 38 0.018287
20 39 0.017316
20 40 0.022408
20 41 0.006763
20 42 0.011090
20 43 0.040294
20 44 0.481064
20 45 0.006763
20 46 0.002681
20 47 0.000372
20 48 0.017316
20 49 0.795414
20 50 0.019299
20 51 0.060180
20 52 0.332895
20 53 0.069412
20 54 0.035514
20 55 0.035762
20 56 0.124458
20 57 0.014763
20 58 0.011782
20 59 0.019299
20 60 0.172356
20 61 0.014763
20 62 0.049729
20 63 0.319566
20 64 0.042353
20 65 0.045794
20 66 0.051779
20 67 0.011090
20 68 0.131589
20 69 0.002681
20 70 0.979565
20 71 0.037146
20 72 0.028526
20 73 0.034173
20 74 0.014763
20 75 0.006763
20 76 0.035762
20 77 0.014763
20 78 0.249277
20 79 0.006763
20 80 0.066931
20 81 0.040565
20 82 0.149692
20 83 0.005497
20 84 0.014763
20 85 0.029925
20 86 0.069412
20 87 0.008716
20 88 0.021276
20 89 0.014763
20 90 0.001794
20 91 0.000372
20 92 0.105307
20 93 0.002681
20 94 0.001168
20 95 0.000814
20 96 0.006763
20 97 0.003622
20 98 0.153568
20 99 0.240658
21 0 0.565302
21 1 0.703255
21 2 0.149099
21 3 0.006763
21 4 0.010429
21 5 0.023583
21 6 0.552081
21 7 0.005177
21 8 0.006763
21 9 0.008170
21 10 0.019299
21 11 0.006763
21 12 0.066931
21 13 0.011090
21 14 0.035762
21 15 0.028526
21 16 0.135230
21 17 0.004818
21 18 0.018287
21 19 0.160843
21 20 0.028526
21 21 0.000000
21 22 0.530264
21 23 0.013938
21 24 0.023583
21 25 0.003622
21 26 0.057916
21 27 0.082237
21 28 0.003354
21 29 0.586172
21 30 0.034173
21 31 0.040565
21 32 0.034173
21 33 0.338626
21 34 0.022408
21 35 0.023583
21 36 0.042353
21 37 0.022408
21 38 0.849921
21 39 0.060180
21 40 0.124458
21 41 0.731308
21 42 0.082237
21 43 0.040565
21 44 0.108044
21 45 0.022408
21 46 0.002681
21 47 0.049729
21 48 0.006763
21 49 0.017316
21 50 0.006763
21 51 0.047734
21 52 0.005177
21 53 0.049729
21 54 0.003622
21 55 0.011782
21 56 0.069412
21 57 0.807069
21 58 0.135230
21 59 0.025870
21 60 0.001279
21 61 0.057572
21 62 0.060180
21 63 0.025871
21 64 0.008170
21 65 0.145863
21 66 0.008716
21 67 0.062139
21 68 0.028526
21 69 0.277097
21 70 0.042353
21 71 0.856968
21 72 0.028526
21 73 0.010429
21 74 0.003622
21 75 0.003622
21 76 0.011782
21 77 0.015490
21 78 0.034173
21 79 0.503966
21 80 0.135230
21 81 0.983188
21 82 0.013938
21 83 0.014763
21 84 0.004818
21 85 0.022408
21 86 0.029925
21 87 0.003622
21 88 0.060180
21 89 0.000556
21 90 0.008716
21 91 0.017316
21 92 0.038829
21 93 0.011782
21 94 0.000556
21 95 0.226847
21 96 0.410971
21 97 0.006763
21 98 0.172355
21 99 0.032635
22 0 0.011782
22 1 0.047734
22 2 0.012394
22 3 0.006763
22 4 0.290882
22 5 0.002473
22 6 0.153568
22 7 0.286023
22 8 0.005177
22 9 0.051779
22 10 0.003622
22 11 0.003622
22 12 0.371954
22 13 0.002681
22 14 0.006763
22 15 0.019299
22 16 0.025871
22 17 0.014763
22 18 0.029925
22 19 0.002473
22 20 0.003354
22 21 0.530264
22 22 0.000000
22 23 0.023583
22 24 0.006763
22 25 0.008716
22 26 0.027175
22 27 0.000802
22 28 0.017316
22 29 0.001794
22 30 0.023583
22 31 0.014763
22 32 0.135231
22 33 0.816249
22 34 0.002681
22 35 0.014763
22 36 0.754314
22 37 0.084612
22 38 0.011090
22 39 0.005896
22 40 0.027175
22 41 0.002681
22 42 0.027175
22 43 0.008716
22 44 0.001279
22 45 0.027175
22 46 0.038829
22 47 0.014763
22 48 0.009800
22 49 0.149692
22 50 0.011782
22 51 0.014763
22 52 0.008170
22 53 0.006763
22 54 0.079482
22 55 0.023583
22 56 0.002681
22 57 0.286023
22 58 0.006317
22 59 0.025871
22 60 0.079482
22 61 0.001794
22 62 0.011782
22 63 0.145864
22 64 0.011782
22 65 0.176483
22 66 0.095918
22 67 0.069412
22 68 0.009200
22 69 0.095918
22 70 0.028526
22 71 0.006763
22 72 0.013938
22 73 0.014763
22 74 0.006763
22 75 0.008716
22 76 0.051779
22 77 0.042353
22 78 0.006763
22 79 0.011782
22 80 0.013938
22 81 0.079482
22 82 0.004818
22 83 0.060180
22 84 0.352786
22 85 0.003622
22 86 0.045794
22 87 0.005177
22 88 0.001168
22 89 0.005896
22 90 0.040565
22 91 0.001168
22 92 0.093360
22 93 0.121504
22 94 0.028526
22 95 0.002473
22 96 0.008716
22 97 0.000814
22 98 0.025870
22 99 0.011782
23 0 0.049729
23 1 0.038829
23 2 0.022408
23 3 0.093360
23 4 0.001279
23 5 0.022408
23 6 0.018287
23 7 0.049729
23 8 0.001794
23 9 0.011782
23 10 0.013938
23 11 0.069412
23 12 0.003622
23 13 0.001279
23 14 0.001168
23 15 0.001279
23 16 0.415157
23 17 0.023583
23 18 0.002097
23 19 0.007651
23 20 0.028526
23 21 0.013938
23 22 0.023583
23 23 0.000000
23 24 0.051779
23 25 0.160230
23 26 0.004818
23 27 0.006763
23 28 0.014763
23 29 0.028526
23 30 0.135231
23 31 0.991210
23 32 0.201407
23 33 0.999152
23 34 0.543835
23 35 0.008716
23 36 0.019299
23 37 0.047734
23 38 0.005177
23 39 0.168897
23 40 0.000218
23 41 0.001168
23 42 0.059828
23 43 0.200734
23 44 0.014763
23 45 0.047734
23 46 0.164848
23 47 0.002681
23 48 0.644327
23 49 0.006763
23 50 0.879191
23 51 0.002681
23 52 0.034173
23 53 0.263461
23 54 0.014763
23 55 0.003622
23 56 0.042353
23 57 0.093360
23 58 0.006763
23 59 0.004818
23 60 0.448784
23 61 0.064507
23 62 0.069412
23 63 0.023583
23 64 0.003622
23 65 0.164848
23 66 0.001168
23 67 0.011782
23 68 0.057572
23 69 0.060180
23 70 0.108547
23 71 0.011782
23 72 0.006317
23 73 0.019299
23 74 0.023583
23 75 0.002681
23 76 0.005177
23 77 0.018287
23 78 0.023583
23 79 0.309706
23 80 0.003354
23 81 0.051460
23 82 0.011782
23 83 0.003622
23 84 0.060180
23 85 0.006317
23 86 0.002473
23 87 0.008170
23 88 0.131032
23 89 0.060180
23 90 0.003622
23 91 0.074140
23 92 0.003622
23 93 0.023583
23 94 0.014763
23 95 0.071555
23 96 0.038829
23 97 0.005177
23 98 0.014763
23 99 0.014763
24 0 0.006763
24 1 0.028526
24 2 0.006763
24 3 0.192733
24 4 0.060180
24 5 0.032635
24 6 0.008716
24 7 0.005497
24 8 0.205119
24 9 0.069412
24 10 0.002681
24 11 0.066931
24 12 0.069412
24 13 0.055708
24 14 0.049729
24 15 0.001279
24 16 0.013149
24 17 0.019299
24 18 0.903273
24 19 0.057916
24 20 0.002279
24 21 0.023583
24 22 0.006763
24 23 0.051779
24 24 0.000000
24 25 0.006763
24 26 0.007651
24 27 0.164848
24 28 0.001794
24 29 0.000218
24 30 0.000814
24 31 0.051779
24 32 0.011782
24 33 0.290882
24 34 0.074140
24 35 0.006763
24 36 0.025871
24 37 0.105307
24 38 0.057916
24 39 0.071554
24 40 0.003622
24 41 0.815903
24 42 0.018287
24 43 0.042353
24 44 0.517201
24 45 0.035762
24 46 0.020188
24 47 0.153568
24 48 0.003354
24 49 0.014763
24 50 0.197052
24 51 0.022408
24 52 0.018287
24 53 0.135231
24 54 0.121504
24 55 0.011782
24 56 0.034173
24 57 0.118059
24 58 0.006317
24 59 0.040565
24 60 0.004818
24 61 0.001279
24 62 0.000123
24 63 0.013149
24 64 0.240658
24 65 0.035762
24 66 0.059828
24 67 0.124457
24 68 0.035762
24 69 0.027175
24 70 0.021276
24 71 0.035762
24 72 0.008170
24 73 0.008716
24 74 0.006763
24 75 0.004818
24 76 0.023583
24 77 0.968389
24 78 0.008170
24 79 0.038829
24 80 0.001794
24 81 0.005120
24 82 0.002681
24 83 0.004480
24 84 0.008716
24 85 0.543835
24 86 0.003622
24 87 0.060180
24 88 0.205798
24 89 0.047432
24 90 0.022408
24 91 0.002681
24 92 0.023583
24 93 0.037146
24 94 0.008716
24 95 0.014763
24 96 0.014763
24 97 0.006763
24 98 0.002681
24 99 0.047734
25 0 0.090388
25 1 0.002681
25 2 0.011090
25 3 0.759587
25 4 0.000814
25 5 0.001279
25 6 0.003622
25 7 0.051779
25 8 0.226848
25 9 0.023583
25 10 0.000173
25 11 0.004161
25 12 0.006763
25 13 0.081809
25 14 0.055708
25 15 0.003354
25 16 0.006317
25 17 0.000218
25 18 0.038829
25 19 0.000556
25 20 0.013938
25 21 0.003622
25 22 0.008716
25 23 0.160230
25 24 0.006763
25 25 0.000000
25 26 0.000738
25 27 0.001794
25 28 0.366969
25 29 0.076783
25 30 0.060180
25 31 0.008716
25 32 0.040565
25 33 0.138922
25 34 0.153568
25 35 0.018287
25 36 0.011782
25 37 0.027175
25 38 0.023583
25 39 0.023583
25 40 0.002279
25 41 0.090388
25 42 0.042353
25 43 0.002681
25 44 0.236026
25 45 0.005120
25 46 0.032635
25 47 0.008716
25 48 0.003622
25 49 0.045794
25 50 0.121504
25 51 0.079482
25 52 0.057916
25 53 0.013938
25 54 0.011782
25 55 0.011782
25 56 0.047734
25 57 0.319566
25 58 0.064507
25 59 0.006763
25 60 0.034173
25 61 0.038829
25 62 0.003354
25 63 0.055708
25 64 0.022408
25 65 0.780544
25 66 0.011782
25 67 0.010429
25 68 0.002473
25 69 0.014763
25 70 0.018287
25 71 0.003622
25 72 0.865155
25 73 0.001279
25 74 0.324511
25 75 0.006763
25 76 0.003622
25 77 0.004818
25 78 0.040565
25 79 0.028526
25 80 0.057916
25 81 0.008716
25 82 0.011782
25 83 0.002681
25 84 0.002681
25 85 0.040565
25 86 0.004818
25 87 0.001794
25 88 0.000218
25 89 0.079482
25 90 0.047734
25 91 0.023583
25 92 0.000002
25 93 0.001794
25 94 0.014763
25 95 0.000139
25 96 0.004818
25 97 0.131589
25 98 0.002681
25 99 0.002681
26 0 0.035762
26 1 0.049729
26 2 0.381921
26 3 0.236026
26 4 0.002681
26 5 0.028526
26 6 0.176483
26 7 0.160843
26 8 0.055708
26 9 0.006763
26 10 0.069412
26 11 0.069025
26 12 0.003354
26 13 0.045793
26 14 0.002681
26 15 0.001279
26 16 0.023583
26 17 0.035514
26 18 0.008170
26 19 0.028526
26 20 0.010429
26 21 0.057916
26 22 0.027175
26 23 0.004818
26 24 0.007651
26 25 0.000738
26 26 0.000000
26 27 0.003622
26 28 0.855165
26 29 0.111329
26 30 0.012394
26 31 0.118059
26 32 0.188452
26 33 0.049729
26 34 0.090388
26 35 0.002681
26 36 0.357768
26 37 0.006763
26 38 0.023583
26 39 0.172355
26 40 0.006317
26 41 0.034173
26 42 0.490569
26 43 0.006317
26 44 0.040565
26 45 0.051779
26 46 0.001168
26 47 0.011090
26 48 0.011782
26 49 0.001508
26 50 0.001279
26 51 0.057916
26 52 0.002473
26 53 0.000218
26 54 0.160843
26 55 0.064507
26 56 0.066931
26 57 0.049729
26 58 0.108547
26 59 0.001794
26 60 0.021276
26 61 0.071555
26 62 0.719167
26 63 0.035762
26 64 0.011782
26 65 0.023583
26 66 0.002681
26 67 0.342832
26 68 0.328700
26 69 0.079482
26 70 0.138350
26 71 0.051779
26 72 0.002681
26 73 0.262727
26 74 0.074140
26 75 0.040565
26 76 0.001646
26 77 0.027175
26 78 0.023583
26 79 0.153568
26 80 0.008716
26 81 0.008170
26 82 0.060180
26 83 0.095918
26 84 0.503244
26 85 0.015490
26 86 0.021276
26 87 0.057916
26 88 0.013938
26 89 0.005177
26 90 0.018287
26 91 0.060180
26 92 0.031146
26 93 0.042074
26 94 0.420098
26 95 0.060180
26 96 0.006317
26 97 0.005177
26 98 0.008716
26 99 0.066931
27 0 0.028526
27 1 0.011782
27 2 0.004161
27 3 0.012394
27 4 0.002473
27 5 0.105307
27 6 0.066931
27 7 0.209540
27 8 0.022408
27 9 0.006317
27 10 0.000334
27 11 0.025871
27 12 0.060180
27 13 0.035762
27 14 0.002681
27 15 0.534811
27 16 0.028526
27 17 0.011782
27 18 0.028526
27 19 0.060180
27 20 0.014763
27 21 0.082237
27 22 0.000802
27 23 0.006763
27 24 0.164848
27 25 0.001794
27 26 0.003622
27 27 0.000000
27 28 0.005177
27 29 0.637193
27 30 0.003622
27 31 0.005896
27 32 0.042353
27 33 0.003354
27 34 0.006763
27 35 0.028526
27 36 0.754313
27 37 0.093360
27 38 0.405251
27 39 0.023583
27 40 0.008716
27 41 0.098993
27 42 0.286770
27 43 0.696486
27 44 0.049729
27 45 0.019299
27 46 0.038829
27 47 0.022408
27 48 0.006317
27 49 0.084178
27 50 0.118059
27 51 0.035762
