0 0 0.000000
0 1 0.035762
0 2 0.703771
0 3 0.227550
0 4 0.108547
0 5 0.914824
0 6 0.324511
0 7 0.071949
0 8 0.386901
0 9 0.035762
0 10 0.071949
0 11 0.641070
0 12 0.096388
0 13 0.434867
0 14 0.286770
0 15 0.740481
0 16 0.245316
0 17 0.138922
0 18 0.138922
0 19 0.060180
0 20 0.082237
0 21 0.108547
0 22 0.172989
0 23 0.227550
0 24 0.108547
0 25 0.495294
0 26 0.035762
0 27 0.189109
0 28 0.029925
0 29 0.051779
0 30 0.138922
0 31 0.286770
0 32 0.348574
0 33 0.093360
0 34 0.655709
0 35 0.391878
0 36 0.820692
0 37 0.051779
0 38 0.096388
0 39 0.606413
0 40 0.138922
0 41 0.227550
0 42 0.372722
0 43 0.227550
0 44 0.743482
0 45 0.108547
0 46 0.788678
0 47 0.051779
0 48 0.477022
0 49 0.855444
0 50 0.569659
0 51 0.703771
0 52 0.535509
0 53 0.002681
0 54 0.329464
0 55 0.138922
0 56 0.138922
0 57 0.286770
0 58 0.096388
0 59 0.673535
0 60 0.535509
0 61 0.348574
0 62 0.453650
0 63 0.029925
0 64 0.268234
0 65 0.268234
0 66 0.573990
0 67 0.029925
0 68 0.245316
0 69 0.800669
0 70 0.690668
0 71 0.552765
0 72 0.743482
0 73 0.535509
0 74 0.268234
0 75 0.172989
0 76 0.071949
0 77 0.894801
0 78 0.305549
0 79 0.286770
0 80 0.569659
0 81 0.453650
0 82 0.286770
0 83 0.071949
0 84 0.019299
0 85 0.108547
0 86 0.778725
0 87 0.434867
0 88 0.071949
0 89 0.189109
0 90 0.286770
0 91 0.673535
0 92 0.121504
0 93 0.626001
0 94 0.673535
0 95 0.590401
0 96 0.071949
0 97 0.071949
0 98 0.035762
0 99 0.051779
1 0 0.035762
1 1 0.000000
1 2 0.071949
1 3 0.329464
1 4 0.348574
1 5 0.138922
1 6 0.082237
1 7 0.372722
1 8 0.590401
1 9 0.051779
1 10 0.372722
1 11 0.743482
1 12 0.029925
1 13 0.535509
1 14 0.227550
1 15 0.453650
1 16 0.096388
1 17 0.245316
1 18 0.535509
1 19 0.606413
1 20 0.513285
1 21 0.626001
1 22 0.305549
1 23 0.121504
1 24 0.205798
1 25 0.096388
1 26 0.108547
1 27 0.051779
1 28 0.096388
1 29 0.876570
1 30 0.071949
1 31 0.391878
1 32 0.138922
1 33 0.172989
1 34 0.227550
1 35 0.245316
1 36 0.035762
1 37 0.820692
1 38 0.189109
1 39 0.189109
1 40 0.071949
1 41 0.108547
1 42 0.329464
1 43 0.690668
1 44 0.051779
1 45 0.029925
1 46 0.082237
1 47 0.138922
1 48 0.305549
1 49 0.932077
1 50 0.227550
1 51 0.011782
1 52 0.391878
1 53 0.286770
1 54 0.329464
1 55 0.391878
1 56 0.768376
1 57 0.014763
1 58 0.071949
1 59 0.410971
1 60 0.552765
1 61 0.245316
1 62 0.477022
1 63 0.096388
1 64 0.391878
1 65 0.477022
1 66 0.453650
1 67 0.610510
1 68 0.005177
1 69 0.035762
1 70 0.029925
1 71 0.189109
1 72 0.189109
1 73 0.245316
1 74 0.108547
1 75 0.372722
1 76 0.051779
1 77 0.019299
1 78 0.305549
1 79 0.472229
1 80 0.029925
1 81 0.051779
1 82 0.915921
1 83 0.415919
1 84 0.899866
1 85 0.019299
1 86 0.223001
1 87 0.153568
1 88 0.410971
1 89 0.082237
1 90 0.372722
1 91 0.495294
1 92 0.019299
1 93 0.071949
1 94 0.434867
1 95 0.573990
1 96 0.029925
1 97 0.477022
1 98 0.329464
1 99 0.205798
2 0 0.703771
2 1 0.071949
2 2 0.000000
2 3 0.372722
2 4 0.268234
2 5 0.019299
2 6 0.552765
2 7 0.590401
2 8 0.108547
2 9 0.477022
2 10 0.286770
2 11 0.477022
2 12 0.189109
2 13 0.108547
2 14 0.071949
2 15 0.286770
2 16 0.268234
2 17 0.268234
2 18 0.329464
2 19 0.028526
2 20 0.071949
2 21 0.641070
2 22 0.846427
2 23 0.245316
2 24 0.108547
2 25 0.348574
2 26 0.687189
2 27 0.348573
2 28 0.590401
2 29 0.348574
2 30 0.812062
2 31 0.372722
2 32 0.391878
2 33 0.552765
2 34 0.189109
2 35 0.153568
2 36 0.071949
2 37 0.153568
2 38 0.655709
2 39 0.153568
2 40 0.477022
2 41 0.096388
2 42 0.071949
2 43 0.626001
2 44 0.372722
2 45 0.882454
2 46 0.391878
2 47 0.096388
2 48 0.153568
2 49 0.108547
2 50 0.205798
2 51 0.189109
2 52 0.071949
2 53 0.227550
2 54 0.006763
2 55 0.703771
2 56 0.788678
2 57 0.513284
2 58 0.205798
2 59 0.910477
2 60 0.268234
2 61 0.391878
2 62 0.245316
2 63 0.305549
2 64 0.138922
2 65 0.329464
2 66 0.019299
2 67 0.071949
2 68 0.329464
2 69 0.153568
2 70 0.138922
2 71 0.023583
2 72 0.138922
2 73 0.800668
2 74 0.019299
2 75 0.552765
2 76 0.429954
2 77 0.029925
2 78 0.051779
2 79 0.029925
2 80 0.108547
2 81 0.096388
2 82 0.035762
2 83 0.029925
2 84 0.703771
2 85 0.029925
2 86 0.367737
2 87 0.121504
2 88 0.855444
2 89 0.862254
2 90 0.172989
2 91 0.495294
2 92 0.227550
2 93 0.108547
2 94 0.965441
2 95 0.731785
2 96 0.071949
2 97 0.019299
2 98 0.905921
2 99 0.329464
3 0 0.227550
3 1 0.329464
3 2 0.372722
3 3 0.000000
3 4 0.800668
3 5 0.108547
3 6 0.245316
3 7 0.963140
3 8 0.108547
3 9 0.754757
3 10 0.348574
3 11 0.329464
3 12 0.391878
3 13 0.138922
3 14 0.245316
3 15 0.153568
3 16 0.093360
3 17 0.138922
3 18 0.051779
3 19 0.673535
3 20 0.915921
3 21 0.035762
3 22 0.108547
3 23 0.082237
3 24 0.201407
3 25 0.838911
3 26 0.513285
3 27 0.846427
3 28 0.391878
3 29 0.189109
3 30 0.029925
3 31 0.189109
3 32 0.818483
3 33 0.573990
3 34 0.372722
3 35 0.096388
3 36 0.071949
3 37 0.227550
3 38 0.535509
3 39 0.189109
3 40 0.673535
3 41 0.153568
3 42 0.263461
3 43 0.245316
3 44 0.029925
3 45 0.108547
3 46 0.071949
3 47 0.096388
3 48 0.472229
3 49 0.108547
3 50 0.005177
3 51 0.415919
3 52 0.082237
3 53 0.227550
3 54 0.108547
3 55 0.703771
3 56 0.227550
3 57 0.227550
3 58 0.108547
3 59 0.051779
3 60 0.286770
3 61 0.894801
3 62 0.189109
3 63 0.920015
3 64 0.590401
3 65 0.108547
3 66 0.606413
3 67 0.227550
3 68 0.205798
3 69 0.121504
3 70 0.348574
3 71 0.051779
3 72 0.765619
3 73 0.035762
3 74 0.096388
3 75 0.268234
3 76 0.268234
3 77 0.227550
3 78 0.268234
3 79 0.189109
3 80 0.227550
3 81 0.348574
3 82 0.023583
3 83 0.108547
3 84 0.005177
3 85 0.082237
3 86 0.108547
3 87 0.108547
3 88 0.513285
3 89 0.820692
3 90 0.096388
3 91 0.051779
3 92 0.108547
3 93 0.348574
3 94 0.268234
3 95 0.535509
3 96 0.552765
3 97 0.227550
3 98 0.372722
3 99 0.391878
4 0 0.108547
4 1 0.348574
4 2 0.268234
4 3 0.800668
4 4 0.000000
4 5 0.690668
4 6 0.019299
4 7 0.071949
4 8 0.108547
4 9 0.914824
4 10 0.019299
4 11 0.051779
4 12 0.071949
4 13 0.138922
4 14 0.082237
4 15 0.096388
4 16 0.910477
4 17 0.942378
4 18 0.138922
4 19 0.082237
4 20 0.172989
4 21 0.743482
4 22 0.535509
4 23 0.051779
4 24 0.071949
4 25 0.121504
4 26 0.071949
4 27 0.626001
4 28 0.329464
4 29 0.082237
4 30 0.687189
4 31 0.410971
4 32 0.138922
4 33 0.121504
4 34 0.071949
4 35 0.108547
4 36 0.552765
4 37 0.391878
4 38 0.329464
4 39 0.051779
4 40 0.071949
4 41 0.071949
4 42 0.011782
4 43 0.495294
4 44 0.626001
4 45 0.189109
4 46 0.386901
4 47 0.108547
4 48 0.853624
4 49 0.138922
4 50 0.453650
4 51 0.138922
4 52 0.071949
4 53 0.286770
4 54 0.205798
4 55 0.108547
4 56 0.641070
4 57 0.082237
4 58 0.029925
4 59 0.189109
4 60 0.286770
4 61 0.573990
4 62 0.205798
4 63 0.108547
4 64 0.189109
4 65 0.513285
4 66 0.138922
4 67 0.853624
4 68 0.138922
4 69 0.961206
4 70 0.069412
4 71 0.071949
4 72 0.023583
4 73 0.372722
4 74 0.888076
4 75 0.227550
4 76 0.011782
4 77 0.227550
4 78 0.029925
4 79 0.108547
4 80 0.108547
4 81 0.029925
4 82 0.168897
4 83 0.071949
4 84 0.051779
4 85 0.743482
4 86 0.453650
4 87 0.060180
4 88 0.939390
4 89 0.071949
4 90 0.268234
4 91 0.590401
4 92 0.286770
4 93 0.093360
4 94 0.495294
4 95 0.659444
4 96 0.305549
4 97 0.768376
4 98 0.096388
4 99 0.606413
5 0 0.914824
5 1 0.138922
5 2 0.019299
5 3 0.108547
5 4 0.690668
5 5 0.000000
5 6 0.610510
5 7 0.138922
5 8 0.372722
5 9 0.348574
5 10 0.372722
5 11 0.205798
5 12 0.227550
5 13 0.305549
5 14 0.227550
5 15 0.189109
5 16 0.035762
5 17 0.019299
5 18 0.189109
5 19 0.029925
5 20 0.205798
5 21 0.172989
5 22 0.069412
5 23 0.108547
5 24 0.495294
5 25 0.051779
5 26 0.138922
5 27 0.189109
5 28 0.743482
5 29 0.108547
5 30 0.305549
5 31 0.019299
5 32 0.590401
5 33 0.434867
5 34 0.082237
5 35 0.227550
5 36 0.019299
5 37 0.060180
5 38 0.434867
5 39 0.391878
5 40 0.172989
5 41 0.029925
5 42 0.172989
5 43 0.310464
5 44 0.096388
5 45 0.005177
5 46 0.138922
5 47 0.172989
5 48 0.626001
5 49 0.172989
5 50 0.093360
5 51 0.205798
5 52 0.391878
5 53 0.029925
5 54 0.071949
5 55 0.108547
5 56 0.029925
5 57 0.573990
5 58 0.019299
5 59 0.477022
5 60 0.477022
5 61 0.329464
5 62 0.626001
5 63 0.060180
5 64 0.060180
5 65 0.329464
5 66 0.205798
5 67 0.168897
5 68 0.138922
5 69 0.820692
5 70 0.108547
5 71 0.700406
5 72 0.453650
5 73 0.245316
5 74 0.029925
5 75 0.096388
5 76 0.205798
5 77 0.172989
5 78 0.569659
5 79 0.495294
5 80 0.227550
5 81 0.019299
5 82 0.096388
5 83 0.569659
5 84 0.495294
5 85 0.138922
5 86 0.348574
5 87 0.019299
5 88 0.245316
5 89 0.606413
5 90 0.245316
5 91 0.108547
5 92 0.820692
5 93 0.153568
5 94 0.590401
5 95 0.703771
5 96 0.153568
5 97 0.552765
5 98 0.324511
5 99 0.029925
6 0 0.324511
6 1 0.082237
6 2 0.552765
6 3 0.245316
6 4 0.019299
6 5 0.610510
6 6 0.000000
6 7 0.268234
6 8 0.138922
6 9 0.019299
6 10 0.011782
6 11 0.348574
6 12 0.372722
6 13 0.138922
6 14 0.019299
6 15 0.108547
6 16 0.716439
6 17 0.477022
6 18 0.014763
6 19 0.935412
6 20 0.245316
6 21 0.453650
6 22 0.071949
6 23 0.153568
6 24 0.477022
6 25 0.268234
6 26 0.728674
6 27 0.434867
6 28 0.172989
6 29 0.348574
6 30 0.391878
6 31 0.071949
6 32 0.391878
6 33 0.029925
6 34 0.108547
6 35 0.227550
6 36 0.108547
6 37 0.189109
6 38 0.082237
6 39 0.189109
6 40 0.348574
6 41 0.108547
6 42 0.227550
6 43 0.227550
6 44 0.268234
6 45 0.029925
6 46 0.391878
6 47 0.205798
6 48 0.227550
6 49 0.535509
6 50 0.029925
6 51 0.035762
6 52 0.286770
6 53 0.051779
6 54 0.153568
6 55 0.434867
6 56 0.019299
6 57 0.477022
6 58 0.071949
6 59 0.410971
6 60 0.410971
6 61 0.071949
6 62 0.868768
6 63 0.019299
6 64 0.023583
6 65 0.853624
6 66 0.172989
6 67 0.513285
6 68 0.367737
6 69 0.434867
6 70 0.286770
6 71 0.082237
6 72 0.029925
6 73 0.410971
6 74 0.348574
6 75 0.189109
6 76 0.189109
6 77 0.051779
6 78 0.268234
6 79 0.108547
6 80 0.108547
6 81 0.023583
6 82 0.348574
6 83 0.051779
6 84 0.788679
6 85 0.453650
6 86 0.477022
6 87 0.535509
6 88 0.641070
6 89 0.876570
6 90 0.172989
6 91 0.051779
6 92 0.716439
6 93 0.453650
6 94 0.138922
6 95 0.029925
6 96 0.082237
6 97 0.286770
6 98 0.372722
6 99 0.153568
7 0 0.071949
7 1 0.372722
7 2 0.590401
7 3 0.963140
7 4 0.071949
7 5 0.138922
7 6 0.268234
7 7 0.000000
7 8 0.029925
7 9 0.189109
7 10 0.227550
7 11 0.641070
7 12 0.071949
7 13 0.535509
7 14 0.716439
7 15 0.227550
7 16 0.189109
7 17 0.610510
7 18 0.082237
7 19 0.205798
7 20 0.227550
7 21 0.029925
7 22 0.889496
7 23 0.573990
7 24 0.954189
7 25 0.019299
7 26 0.227550
7 27 0.223000
7 28 0.716439
7 29 0.002681
7 30 0.590401
7 31 0.034173
7 32 0.168897
7 33 0.093360
7 34 0.014763
7 35 0.818482
7 36 0.535509
7 37 0.071949
7 38 0.348574
7 39 0.227550
7 40 0.329464
7 41 0.573990
7 42 0.227550
7 43 0.329464
7 44 0.472229
7 45 0.622014
7 46 0.669914
7 47 0.703771
7 48 0.019299
7 49 0.205798
7 50 0.453650
7 51 0.138922
7 52 0.590401
7 53 0.071949
7 54 0.051779
7 55 0.573990
7 56 0.071949
7 57 0.391878
7 58 0.121504
7 59 0.227550
7 60 0.853624
7 61 0.051779
7 62 0.329464
7 63 0.071949
7 64 0.096388
7 65 0.108547
7 66 0.329464
7 67 0.227550
7 68 0.108547
7 69 0.731785
7 70 0.329464
7 71 0.590401
7 72 0.329464
7 73 0.121504
7 74 0.108547
7 75 0.153568
7 76 0.731785
7 77 0.372722
7 78 0.391878
7 79 0.223001
7 80 0.310464
7 81 0.138922
7 82 0.019299
7 83 0.108547
7 84 0.172989
7 85 0.268234
7 86 0.019299
7 87 0.626001
7 88 0.348574
7 89 0.899866
7 90 0.011782
7 91 0.071949
7 92 0.673535
7 93 0.329464
7 94 0.051779
7 95 0.569659
7 96 0.108547
7 97 0.659444
7 98 0.910477
7 99 0.071949
8 0 0.386901
8 1 0.590401
8 2 0.108547
8 3 0.108547
8 4 0.108547
8 5 0.372722
8 6 0.138922
8 7 0.029925
8 8 0.000000
8 9 0.728674
8 10 0.743482
8 11 0.035762
8 12 0.138922
8 13 0.348574
8 14 0.071949
8 15 0.172989
8 16 0.453650
8 17 0.434867
8 18 0.716439
8 19 0.573990
8 20 0.029925
8 21 0.051779
8 22 0.029925
8 23 0.071949
8 24 0.590401
8 25 0.836903
8 26 0.882454
8 27 0.172989
8 28 0.108547
8 29 0.051779
8 30 0.372722
8 31 0.590401
8 32 0.138922
8 33 0.552765
8 34 0.011782
8 35 0.071949
8 36 0.121504
8 37 0.108547
8 38 0.329464
8 39 0.096388
8 40 0.535509
8 41 0.108547
8 42 0.189109
8 43 0.836903
8 44 0.071949
8 45 0.495294
8 46 0.372722
8 47 0.071949
8 48 0.051779
8 49 0.069412
8 50 0.324511
8 51 0.108547
8 52 0.051779
8 53 0.189109
8 54 0.434867
8 55 0.023583
8 56 0.868768
8 57 0.108547
8 58 0.513285
8 59 0.453650
8 60 0.535509
8 61 0.138922
8 62 0.305549
8 63 0.590401
8 64 0.071949
8 65 0.172989
8 66 0.838911
8 67 0.573990
8 68 0.005177
8 69 0.434867
8 70 0.490569
8 71 0.391878
8 72 0.329464
8 73 0.153568
8 74 0.051779
8 75 0.096388
8 76 0.703771
8 77 0.329464
8 78 0.286770
8 79 0.138922
8 80 0.573990
8 81 0.082237
8 82 0.434867
8 83 0.513285
8 84 0.189109
8 85 0.005177
8 86 0.641070
8 87 0.372722
8 88 0.778725
8 89 0.108547
8 90 0.205798
8 91 0.071949
8 92 0.703771
8 93 0.168897
8 94 0.573990
8 95 0.329464
8 96 0.391878
8 97 0.071949
8 98 0.051779
8 99 0.210224
9 0 0.035762
9 1 0.051779
9 2 0.477022
9 3 0.754757
9 4 0.914824
9 5 0.348574
9 6 0.019299
9 7 0.189109
9 8 0.728674
9 9 0.000000
9 10 0.189109
9 11 0.590401
9 12 0.051779
9 13 0.372722
9 14 0.060180
9 15 0.108547
9 16 0.108547
9 17 0.899866
9 18 0.029925
9 19 0.138922
9 20 0.096388
9 21 0.372722
9 22 0.096388
9 23 0.051779
9 24 0.391878
9 25 0.172989
9 26 0.029925
9 27 0.495294
9 28 0.245316
9 29 0.153568
9 30 0.189109
9 31 0.227550
9 32 0.227550
9 33 0.659444
9 34 0.019299
9 35 0.305549
9 36 0.153568
9 37 0.268234
9 38 0.535509
9 39 0.434867
9 40 0.189109
9 41 0.348574
9 42 0.189109
9 43 0.477022
9 44 0.590401
9 45 0.329464
9 46 0.659444
9 47 0.227550
9 48 0.453650
9 49 0.035762
9 50 0.096388
9 51 0.641070
9 52 0.788678
9 53 0.019299
9 54 0.071949
9 55 0.367737
9 56 0.453650
9 57 0.189109
9 58 0.513285
9 59 0.513285
9 60 0.121504
9 61 0.263461
9 62 0.731785
9 63 0.023583
9 64 0.535509
9 65 0.477022
9 66 0.153568
9 67 0.138922
9 68 0.281924
9 69 0.329464
9 70 0.002681
9 71 0.495294
9 72 0.329464
9 73 0.011782
9 74 0.286770
9 75 0.268234
9 76 0.023583
9 77 0.029925
9 78 0.227550
9 79 0.626001
9 80 0.096388
9 81 0.626001
9 82 0.754757
9 83 0.051779
9 84 0.703771
9 85 0.189109
9 86 0.051779
9 87 0.882454
9 88 0.530966
9 89 0.853624
9 90 0.029925
9 91 0.669913
9 92 0.281925
9 93 0.453650
9 94 0.006763
9 95 0.573990
9 96 0.305549
9 97 0.754758
9 98 0.108547
9 99 0.029925
10 0 0.071949
10 1 0.372722
10 2 0.286770
10 3 0.348574
10 4 0.019299
10 5 0.372722
10 6 0.011782
10 7 0.227550
10 8 0.743482
10 9 0.189109
10 10 0.000000
10 11 0.329464
10 12 0.138922
10 13 0.071949
10 14 0.703771
10 15 0.626001
10 16 0.754757
10 17 0.372722
10 18 0.606413
10 19 0.889496
10 20 0.051779
10 21 0.005177
10 22 0.268234
10 23 0.513285
10 24 0.071949
10 25 0.754757
10 26 0.082237
10 27 0.245316
10 28 0.108547
10 29 0.329464
10 30 0.051779
10 31 0.108547
10 32 0.096388
10 33 0.245316
10 34 0.172989
10 35 0.189109
10 36 0.245316
10 37 0.071949
10 38 0.028526
10 39 0.245316
10 40 0.210224
10 41 0.051779
10 42 0.245316
10 43 0.731785
10 44 0.716439
10 45 0.828969
10 46 0.138922
10 47 0.552765
10 48 0.051779
10 49 0.138922
10 50 0.138922
10 51 0.227550
10 52 0.019299
10 53 0.778725
10 54 0.051779
10 55 0.138922
10 56 0.138922
10 57 0.153568
10 58 0.093360
10 59 0.121504
10 60 0.172989
10 61 0.138922
10 62 0.051779
10 63 0.791202
10 64 0.227550
10 65 0.743482
10 66 0.245316
10 67 0.172989
10 68 0.853624
10 69 0.227550
10 70 0.606413
10 71 0.846427
10 72 0.606413
10 73 0.071949
10 74 0.716439
10 75 0.889496
10 76 0.372722
10 77 0.172989
10 78 0.610510
10 79 0.138922
10 80 0.138922
10 81 0.552765
10 82 0.868768
10 83 0.942378
10 84 0.245316
10 85 0.552765
10 86 0.227550
10 87 0.172989
10 88 0.071949
10 89 0.227550
10 90 0.210224
10 91 0.626001
10 92 0.019299
10 93 0.535509
10 94 0.820692
10 95 0.149692
10 96 0.093360
10 97 0.005177
10 98 0.227550
10 99 0.703771
11 0 0.641070
11 1 0.743482
11 2 0.477022
11 3 0.329464
11 4 0.051779
11 5 0.205798
11 6 0.348574
11 7 0.641070
11 8 0.035762
11 9 0.590401
11 10 0.329464
11 11 0.000000
11 12 0.828969
11 13 0.108547
11 14 0.227550
11 15 0.263461
11 16 0.082237
11 17 0.923918
11 18 0.071949
11 19 0.453650
11 20 0.268234
11 21 0.096388
11 22 0.029925
11 23 0.391878
11 24 0.069412
11 25 0.227550
11 26 0.862254
11 27 0.324511
11 28 0.329464
11 29 0.245316
11 30 0.071949
11 31 0.153568
11 32 0.172989
11 33 0.071949
11 34 0.768376
11 35 0.035762
11 36 0.060180
11 37 0.429954
11 38 0.268234
11 39 0.310464
11 40 0.172989
11 41 0.082237
11 42 0.391878
11 43 0.434867
11 44 0.495294
11 45 0.751866
11 46 0.227550
11 47 0.172989
11 48 0.071949
11 49 0.011782
11 50 0.329464
11 51 0.071949
11 52 0.535509
11 53 0.189109
11 54 0.268234
11 55 0.108547
11 56 0.121504
11 57 0.005177
11 58 0.573990
11 59 0.189109
11 60 0.391878
11 61 0.011782
11 62 0.071949
11 63 0.286770
11 64 0.189109
11 65 0.703771
11 66 0.348574
11 67 0.227550
11 68 0.286770
11 69 0.138922
11 70 0.029925
11 71 0.189109
11 72 0.023583
11 73 0.060180
11 74 0.415919
11 75 0.286770
11 76 0.205798
11 77 0.434867
11 78 0.329464
11 79 0.495294
11 80 0.716439
11 81 0.743482
11 82 0.108547
11 83 0.535509
11 84 0.495294
11 85 0.051779
11 86 0.138922
11 87 0.051779
11 88 0.071949
11 89 0.391878
11 90 0.434867
11 91 0.245316
11 92 0.703771
11 93 0.586172
11 94 0.348574
11 95 0.189109
11 96 0.168897
11 97 0.019299
11 98 0.899866
11 99 0.673535
12 0 0.096388
12 1 0.029925
12 2 0.189109
12 3 0.391878
12 4 0.071949
12 5 0.227550
12 6 0.372722
12 7 0.071949
12 8 0.138922
12 9 0.051779
12 10 0.138922
12 11 0.828969
12 12 0.000000
12 13 0.915921
12 14 0.453650
12 15 0.862254
12 16 0.434867
12 17 0.391878
12 18 0.082237
12 19 0.189109
12 20 0.205798
12 21 0.372722
12 22 0.138922
12 23 0.108547
12 24 0.121504
12 25 0.227550
12 26 0.153568
12 27 0.071949
12 28 0.757621
12 29 0.051779
12 30 0.019299
12 31 0.082237
12 32 0.093360
12 33 0.687190
12 34 0.019299
12 35 0.138922
12 36 0.372722
12 37 0.051779
12 38 0.573990
12 39 0.472230
12 40 0.348574
12 41 0.410971
12 42 0.828969
12 43 0.372722
12 44 0.372722
12 45 0.082237
12 46 0.227550
12 47 0.434867
12 48 0.153568
12 49 0.071949
12 50 0.245316
12 51 0.227550
12 52 0.051779
12 53 0.728674
12 54 0.809758
12 55 0.905921
12 56 0.716439
12 57 0.659444
12 58 0.071949
12 59 0.060180
12 60 0.453650
12 61 0.121504
12 62 0.477022
12 63 0.071949
12 64 0.268234
12 65 0.019299
12 66 0.245316
12 67 0.626001
12 68 0.268234
12 69 0.791202
12 70 0.410971
12 71 0.051779
12 72 0.227550
12 73 0.071949
12 74 0.071949
12 75 0.391878
12 76 0.019299
12 77 0.391878
12 78 0.051779
12 79 0.172989
12 80 0.153568
12 81 0.590401
12 82 0.434867
12 83 0.673535
12 84 0.982569
12 85 0.434867
12 86 0.961206
12 87 0.108547
12 88 0.535509
12 89 0.153568
12 90 0.019299
12 91 0.051779
12 92 0.082237
12 93 0.530966
12 94 0.060180
12 95 0.227550
12 96 0.189109
12 97 0.876570
12 98 0.029925
12 99 0.138922
13 0 0.434867
13 1 0.535509
13 2 0.108547
13 3 0.138922
13 4 0.138922
13 5 0.305549
13 6 0.138922
13 7 0.535509
13 8 0.348574
13 9 0.372722
13 10 0.071949
13 11 0.108547
13 12 0.915921
13 13 0.000000
13 14 0.716439
13 15 0.434867
13 16 0.610510
13 17 0.071949
13 18 0.932077
13 19 0.071949
13 20 0.286770
13 21 0.348574
13 22 0.172989
13 23 0.011782
13 24 0.227550
13 25 0.189109
13 26 0.286770
13 27 0.268234
13 28 0.286770
13 29 0.227550
13 30 0.557193
13 31 0.051779
13 32 0.005177
13 33 0.868768
13 34 0.227550
13 35 0.429954
13 36 0.153568
13 37 0.071949
13 38 0.740481
13 39 0.227550
13 40 0.051779
13 41 0.268234
13 42 0.071949
13 43 0.172989
13 44 0.138922
13 45 0.189109
13 46 0.626001
13 47 0.172989
13 48 0.453650
13 49 0.453650
13 50 0.189109
13 51 0.108547
13 52 0.060180
13 53 0.051779
13 54 0.227550
13 55 0.914824
13 56 0.820692
13 57 0.348574
13 58 0.245316
13 59 0.172989
13 60 0.305549
13 61 0.019299
13 62 0.453650
13 63 0.324511
13 64 0.071949
13 65 0.517913
13 66 0.121503
13 67 0.453650
13 68 0.051779
13 69 0.495294
13 70 0.035762
13 71 0.138922
13 72 0.310464
13 73 0.731785
13 74 0.778725
13 75 0.108547
13 76 0.372722
13 77 0.703771
13 78 0.434867
13 79 0.108547
13 80 0.071949
13 81 0.716439
13 82 0.743482
13 83 0.590401
13 84 0.023583
13 85 0.586172
13 86 0.687189
13 87 0.227550
13 88 0.071949
13 89 0.227550
13 90 0.286770
13 91 0.227550
13 92 0.348574
13 93 0.060180
13 94 0.348574
13 95 0.263461
13 96 0.153568
13 97 0.082237
13 98 0.310464
13 99 0.172989
14 0 0.286770
14 1 0.227550
14 2 0.071949
14 3 0.245316
14 4 0.082237
14 5 0.227550
14 6 0.019299
14 7 0.716439
14 8 0.071949
14 9 0.060180
14 10 0.703771
14 11 0.227550
14 12 0.453650
14 13 0.716439
14 14 0.000000
14 15 0.108547
14 16 0.051779
14 17 0.029925
14 18 0.227550
14 19 0.029925
14 20 0.305549
14 21 0.172989
14 22 0.108547
14 23 0.049729
14 24 0.286770
14 25 0.535509
14 26 0.019299
14 27 0.172989
14 28 0.434867
14 29 0.042353
14 30 0.023583
14 31 0.434867
14 32 0.641070
14 33 0.205798
14 34 0.673535
14 35 0.391878
14 36 0.172989
14 37 0.535509
14 38 0.495294
14 39 0.590401
14 40 0.286770
14 41 0.927638
14 42 0.535509
14 43 0.286770
14 44 0.108547
14 45 0.268234
14 46 0.655709
14 47 0.305549
14 48 0.205798
14 49 0.011782
14 50 0.011782
14 51 0.655709
14 52 0.329464
14 53 0.391878
14 54 0.687189
14 55 0.019299
14 56 0.029925
14 57 0.071949
14 58 0.268234
14 59 0.372722
14 60 0.434867
14 61 0.019299
14 62 0.138922
14 63 0.569659
14 64 0.121504
14 65 0.372722
14 66 0.189109
14 67 0.245316
14 68 0.168897
14 69 0.569659
14 70 0.372722
14 71 0.071949
14 72 0.367737
14 73 0.153568
14 74 0.082237
14 75 0.138922
14 76 0.149692
14 77 0.245316
14 78 0.227550
14 79 0.071949
14 80 0.029925
14 81 0.227550
14 82 0.051779
14 83 0.495294
14 84 0.005177
14 85 0.910477
14 86 0.035762
14 87 0.019299
14 88 0.606413
14 89 0.138922
14 90 0.071949
14 91 0.703771
14 92 0.138922
14 93 0.172989
14 94 0.011782
14 95 0.138922
14 96 0.051779
14 97 0.049729
14 98 0.372722
14 99 0.263461
15 0 0.740481
15 1 0.453650
15 2 0.286770
15 3 0.153568
15 4 0.096388
15 5 0.189109
15 6 0.108547
15 7 0.227550
15 8 0.172989
15 9 0.108547
15 10 0.626001
15 11 0.263461
15 12 0.862254
15 13 0.434867
15 14 0.108547
15 15 0.000000
15 16 0.071949
15 17 0.002681
15 18 0.029925
15 19 0.855444
15 20 0.372722
15 21 0.071949
15 22 0.019299
15 23 0.071949
15 24 0.172989
15 25 0.093360
15 26 0.011782
15 27 0.245316
15 28 0.071949
15 29 0.168897
15 30 0.552765
15 31 0.006763
15 32 0.108547
15 33 0.071949
15 34 0.552765
15 35 0.329464
15 36 0.673535
15 37 0.035762
15 38 0.051779
15 39 0.023583
15 40 0.495294
15 41 0.268234
15 42 0.434867
15 43 0.138922
15 44 0.006763
15 45 0.569659
15 46 0.138922
15 47 0.138922
15 48 0.019299
15 49 0.391878
15 50 0.329464
15 51 0.768376
15 52 0.728674
15 53 0.673535
15 54 0.472229
15 55 0.227550
15 56 0.184861
15 57 0.135230
15 58 0.082237
15 59 0.006763
15 60 0.138922
15 61 0.051779
15 62 0.029925
15 63 0.051779
15 64 0.108547
15 65 0.029925
15 66 0.189109
15 67 0.029925
15 68 0.108547
15 69 0.573990
15 70 0.168897
15 71 0.227550
15 72 0.108547
15 73 0.205798
15 74 0.071949
15 75 0.121504
15 76 0.791203
15 77 0.728674
15 78 0.172989
15 79 0.108547
15 80 0.227550
15 81 0.495294
15 82 0.310464
15 83 0.573990
15 84 0.138922
15 85 0.153568
15 86 0.626001
15 87 0.023583
15 88 0.245316
15 89 0.108547
15 90 0.513285
15 91 0.552765
15 92 0.172989
15 93 0.082237
15 94 0.011782
15 95 0.477022
15 96 0.069412
15 97 0.868768
15 98 0.029925
15 99 0.626001
16 0 0.245316
16 1 0.096388
16 2 0.268234
16 3 0.093360
16 4 0.910477
16 5 0.035762
16 6 0.716439
16 7 0.189109
16 8 0.453650
16 9 0.108547
16 10 0.754757
16 11 0.082237
16 12 0.434867
16 13 0.610510
16 14 0.051779
16 15 0.071949
16 16 0.000000
16 17 0.268234
16 18 0.268234
16 19 0.138922
16 20 0.121504
16 21 0.227550
16 22 0.513285
16 23 0.391878
16 24 0.410971
16 25 0.108547
16 26 0.189109
16 27 0.153568
16 28 0.227550
16 29 0.071949
16 30 0.028526
16 31 0.029925
16 32 0.477022
16 33 0.610510
16 34 0.227550
16 35 0.700406
16 36 0.495294
16 37 0.305549
16 38 0.227550
16 39 0.434867
16 40 0.809759
16 41 0.286770
16 42 0.846427
16 43 0.659444
16 44 0.227550
16 45 0.227550
16 46 0.071949
16 47 0.820692
16 48 0.329464
16 49 0.108547
16 50 0.082237
16 51 0.227550
16 52 0.731785
16 53 0.189109
16 54 0.348574
16 55 0.894801
16 56 0.093360
16 57 0.305549
16 58 0.035762
16 59 0.310464
16 60 0.434867
16 61 0.172989
16 62 0.168897
16 63 0.029925
16 64 0.910477
16 65 0.071949
16 66 0.108547
16 67 0.535509
16 68 0.227550
16 69 0.453650
16 70 0.809759
16 71 0.673535
16 72 0.019299
16 73 0.372722
16 74 0.096388
16 75 0.227550
16 76 0.096388
16 77 0.205798
16 78 0.096388
16 79 0.778725
16 80 0.189109
16 81 0.286770
16 82 0.227550
16 83 0.121504
16 84 0.754757
16 85 0.227550
16 86 0.372722
16 87 0.210224
16 88 0.410971
16 89 0.172989
16 90 0.189109
16 91 0.189109
16 92 0.029925
16 93 0.189109
16 94 0.415919
16 95 0.189109
16 96 0.029925
16 97 0.963139
16 98 0.754757
16 99 0.268234
17 0 0.138922
17 1 0.245316
17 2 0.268234
17 3 0.138922
17 4 0.942378
17 5 0.019299
17 6 0.477022
17 7 0.610510
17 8 0.434867
17 9 0.899866
17 10 0.372722
17 11 0.923918
17 12 0.391878
17 13 0.071949
17 14 0.029925
17 15 0.002681
17 16 0.268234
17 17 0.000000
17 18 0.700406
17 19 0.659444
17 20 0.391878
17 21 0.372722
17 22 0.082237
17 23 0.082237
17 24 0.019299
17 25 0.138922
17 26 0.868768
17 27 0.138922
17 28 0.029925
17 29 0.029925
17 30 0.552765
17 31 0.082237
17 32 0.552765
17 33 0.189109
17 34 0.552765
17 35 0.286770
17 36 0.042353
17 37 0.453650
17 38 0.096388
17 39 0.728674
17 40 0.035762
17 41 0.019299
17 42 0.172989
17 43 0.002681
17 44 0.626001
17 45 0.453650
17 46 0.082237
17 47 0.071949
17 48 0.622014
17 49 0.310464
17 50 0.754757
17 51 0.286770
17 52 0.051779
17 53 0.477022
17 54 0.809759
17 55 0.513285
17 56 0.051779
17 57 0.172989
17 58 0.889496
17 59 0.268234
17 60 0.035762
17 61 0.495294
17 62 0.448784
17 63 0.051779
17 64 0.227550
17 65 0.513285
17 66 0.227550
17 67 0.227550
17 68 0.535509
17 69 0.138922
17 70 0.071949
17 71 0.434867
17 72 0.434867
17 73 0.138922
17 74 0.820692
17 75 0.002681
17 76 0.019299
17 77 0.754757
17 78 0.703771
17 79 0.310464
17 80 0.172989
17 81 0.172989
17 82 0.535509
17 83 0.153568
17 84 0.245316
17 85 0.035762
17 86 0.535509
17 87 0.948613
17 88 0.172989
17 89 0.348574
17 90 0.060180
17 91 0.453650
17 92 0.071949
17 93 0.329464
17 94 0.410971
17 95 0.641070
17 96 0.535509
17 97 0.172989
17 98 0.838911
17 99 0.590401
18 0 0.138922
18 1 0.535509
18 2 0.329464
18 3 0.051779
18 4 0.138922
18 5 0.189109
18 6 0.014763
18 7 0.082237
18 8 0.716439
18 9 0.029925
18 10 0.606413
18 11 0.071949
18 12 0.082237
18 13 0.932077
18 14 0.227550
18 15 0.029925
18 16 0.268234
18 17 0.700406
18 18 0.000000
18 19 0.138922
18 20 0.071949
18 21 0.035762
18 22 0.096388
18 23 0.569659
18 24 0.205798
18 25 0.391878
18 26 0.135231
18 27 0.434867
18 28 0.268234
18 29 0.153568
18 30 0.227550
18 31 0.286770
18 32 0.372722
18 33 0.743482
18 34 0.051779
18 35 0.809758
18 36 0.138922
18 37 0.071949
18 38 0.641070
18 39 0.227550
18 40 0.928576
18 41 0.023583
18 42 0.391878
18 43 0.434867
18 44 0.029925
18 45 0.189109
18 46 0.029925
18 47 0.329464
18 48 0.071949
18 49 0.286770
18 50 0.096388
18 51 0.172989
18 52 0.245316
18 53 0.641070
18 54 0.245316
18 55 0.071949
18 56 0.051779
18 57 0.622014
18 58 0.899866
18 59 0.245316
18 60 0.172989
18 61 0.535509
18 62 0.071949
18 63 0.263461
18 64 0.121504
18 65 0.569659
18 66 0.096388
18 67 0.263461
18 68 0.029925
18 69 0.096388
18 70 0.189109
18 71 0.014763
18 72 0.189109
18 73 0.138922
18 74 0.189109
18 75 0.659444
18 76 0.329464
18 77 0.108547
18 78 0.372722
18 79 0.035762
18 80 0.096388
18 81 0.108547
18 82 0.590401
18 83 0.029925
18 84 0.453650
18 85 0.205798
18 86 0.535509
18 87 0.700406
18 88 0.372722
18 89 0.348574
18 90 0.023583
18 91 0.731785
18 92 0.172989
18 93 0.023583
18 94 0.172989
18 95 0.590401
18 96 0.051779
18 97 0.263461
18 98 0.172989
18 99 0.904700
19 0 0.060180
19 1 0.606413
19 2 0.028526
19 3 0.673535
19 4 0.082237
19 5 0.029925
19 6 0.935412
19 7 0.205798
19 8 0.573990
19 9 0.138922
19 10 0.889496
19 11 0.453650
19 12 0.189109
19 13 0.071949
19 14 0.029925
19 15 0.855444
19 16 0.138922
19 17 0.659444
19 18 0.138922
19 19 0.000000
19 20 0.051779
19 21 0.153568
19 22 0.535509
19 23 0.754757
19 24 0.227550
19 25 0.108547
19 26 0.268234
19 27 0.051779
19 28 0.372722
19 29 0.096388
19 30 0.060180
19 31 0.367737
19 32 0.096388
19 33 0.029925
19 34 0.172989
19 35 0.029925
19 36 0.096388
19 37 0.138922
19 38 0.051779
19 39 0.434867
19 40 0.778725
19 41 0.673535
19 42 0.035762
19 43 0.495294
19 44 0.121504
19 45 0.096388
19 46 0.153568
19 47 0.828969
19 48 0.626001
19 49 0.153568
19 50 0.372722
19 51 0.172989
19 52 0.391878
19 53 0.138922
19 54 0.060180
19 55 0.051779
19 56 0.035762
19 57 0.367737
19 58 0.641070
19 59 0.172989
19 60 0.391878
19 61 0.324511
19 62 0.121504
19 63 0.477022
19 64 0.108547
19 65 0.743482
19 66 0.051779
19 67 0.082237
19 68 0.172989
19 69 0.035762
19 70 0.286770
19 71 0.245316
19 72 0.108547
19 73 0.687189
19 74 0.453650
19 75 0.093360
19 76 0.391878
19 77 0.108547
19 78 0.071949
19 79 0.189109
19 80 0.535509
19 81 0.071949
19 82 0.227550
19 83 0.029925
19 84 0.029925
19 85 0.245316
19 86 0.286770
19 87 0.029925
19 88 0.029925
19 89 0.096388
19 90 0.703771
19 91 0.227550
19 92 0.495294
19 93 0.153568
19 94 0.082237
19 95 0.716439
19 96 0.029925
19 97 0.082237
19 98 0.035762
19 99 0.626001
20 0 0.082237
20 1 0.513285
20 2 0.071949
20 3 0.915921
20 4 0.172989
20 5 0.205798
20 6 0.245316
20 7 0.227550
20 8 0.029925
20 9 0.096388
20 10 0.051779
20 11 0.268234
20 12 0.205798
20 13 0.286770
20 14 0.305549
20 15 0.372722
20 16 0.121504
20 17 0.391878
20 18 0.071949
20 19 0.051779
20 20 0.000000
20 21 0.153568
20 22 0.573990
20 23 0.121504
20 24 0.768376
20 25 0.189109
20 26 0.477022
20 27 0.172989
20 28 0.096388
20 29 0.716439
20 30 0.846427
20 31 0.138922
20 32 0.434867
20 33 0.268234
20 34 0.023583
20 35 0.029925
20 36 0.391878
20 37 0.391878
20 38 0.108547
20 39 0.240658
20 40 0.189109
20 41 0.071949
20 42 0.372722
20 43 0.904700
20 44 0.472229
20 45 0.096388
20 46 0.096388
20 47 0.005177
20 48 0.626001
20 49 0.855444
20 50 0.019299
20 51 0.172989
20 52 0.979374
20 53 0.172989
20 54 0.945939
20 55 0.172989
20 56 0.434867
20 57 0.172989
20 58 0.019299
20 59 0.172989
20 60 0.876570
20 61 0.138922
20 62 0.477022
20 63 0.348574
20 64 0.189109
20 65 0.590401
20 66 0.071949
20 67 0.049729
20 68 0.410971
20 69 0.002681
20 70 0.800668
20 71 0.472229
20 72 0.108547
20 73 0.138922
20 74 0.082237
20 75 0.035762
20 76 0.019299
20 77 0.108547
20 78 0.367737
20 79 0.138922
20 80 0.535509
20 81 0.286770
20 82 0.135231
20 83 0.590401
20 84 0.108547
20 85 0.029925
20 86 0.082237
20 87 0.535509
20 88 0.329464
20 89 0.268234
20 90 0.286770
20 91 0.029925
20 92 0.348574
20 93 0.210224
20 94 0.348574
20 95 0.153568
20 96 0.035762
20 97 0.108547
20 98 0.082237
20 99 0.172989
21 0 0.108547
21 1 0.626001
21 2 0.641070
21 3 0.035762
21 4 0.743482
21 5 0.172989
21 6 0.453650
21 7 0.029925
21 8 0.051779
21 9 0.372722
21 10 0.005177
21 11 0.096388
21 12 0.372722
21 13 0.348574
21 14 0.172989
21 15 0.071949
21 16 0.227550
21 17 0.372722
21 18 0.035762
21 19 0.153568
21 20 0.153568
21 21 0.000000
21 22 0.535509
21 23 0.606413
21 24 0.019299
21 25 0.172989
21 26 0.189109
21 27 0.051779
21 28 0.477022
21 29 0.051779
21 30 0.453650
21 31 0.071949
21 32 0.263461
21 33 0.743482
21 34 0.391878
21 35 0.051779
21 36 0.082237
21 37 0.189109
21 38 0.286770
21 39 0.019299
21 40 0.590401
21 41 0.434867
21 42 0.227550
21 43 0.172989
21 44 0.743482
21 45 0.051779
21 46 0.096388
21 47 0.245316
21 48 0.172989
21 49 0.245316
21 50 0.006763
21 51 0.812062
21 52 0.029925
21 53 0.552765
21 54 0.227550
21 55 0.071949
21 56 0.051779
21 57 0.768376
21 58 0.153568
21 59 0.828969
21 60 0.051779
21 61 0.980411
21 62 0.096388
21 63 0.552765
21 64 0.245316
21 65 0.329464
21 66 0.286770
21 67 0.855444
21 68 0.108547
21 69 0.731785
21 70 0.082237
21 71 0.121504
21 72 0.108547
21 73 0.410971
21 74 0.329464
21 75 0.227550
21 76 0.051779
21 77 0.882454
21 78 0.329464
21 79 0.108547
21 80 0.310464
21 81 0.659444
21 82 0.121504
21 83 0.153568
21 84 0.060180
21 85 0.434867
21 86 0.029925
21 87 0.082237
21 88 0.172989
21 89 0.035762
21 90 0.153568
21 91 0.606413
21 92 0.836903
21 93 0.029925
21 94 0.372722
21 95 0.329464
21 96 0.051779
21 97 0.227550
21 98 0.703771
21 99 0.391878
22 0 0.172989
22 1 0.305549
22 2 0.846427
22 3 0.108547
22 4 0.535509
22 5 0.069412
22 6 0.071949
22 7 0.889496
22 8 0.029925
22 9 0.096388
22 10 0.268234
22 11 0.029925
22 12 0.138922
22 13 0.172989
22 14 0.108547
22 15 0.019299
22 16 0.513285
22 17 0.082237
22 18 0.096388
22 19 0.535509
22 20 0.573990
22 21 0.535509
22 22 0.000000
22 23 0.138922
22 24 0.071949
22 25 0.535509
22 26 0.093360
22 27 0.669914
22 28 0.495294
22 29 0.153568
22 30 0.035762
22 31 0.071949
22 32 0.210224
22 33 0.189109
22 34 0.019299
22 35 0.310464
22 36 0.453650
22 37 0.477022
22 38 0.391878
22 39 0.828969
22 40 0.590401
22 41 0.172989
22 42 0.641070
22 43 0.051779
22 44 0.011782
22 45 0.552765
22 46 0.590401
22 47 0.108547
22 48 0.899866
22 49 0.329464
22 50 0.172989
22 51 0.227550
22 52 0.329464
22 53 0.172989
22 54 0.189109
22 55 0.268234
22 56 0.071949
22 57 0.868768
22 58 0.223001
22 59 0.391878
22 60 0.189109
22 61 0.153568
22 62 0.019299
22 63 0.268234
22 64 0.051779
22 65 0.700406
22 66 0.820692
22 67 0.051779
22 68 0.641070
22 69 0.778725
22 70 0.227550
22 71 0.051779
22 72 0.513285
22 73 0.329464
22 74 0.051779
22 75 0.329464
22 76 0.029925
22 77 0.138922
22 78 0.108547
22 79 0.096388
22 80 0.121504
22 81 0.535509
22 82 0.138922
22 83 0.011782
22 84 0.245316
22 85 0.023583
22 86 0.168897
22 87 0.029925
22 88 0.286770
22 89 0.495294
22 90 0.060180
22 91 0.205798
22 92 0.172989
22 93 0.029925
22 94 0.189109
22 95 0.626001
22 96 0.172989
22 97 0.286770
22 98 0.809758
22 99 0.051779
23 0 0.227550
23 1 0.121504
23 2 0.245316
23 3 0.082237
23 4 0.051779
23 5 0.108547
23 6 0.153568
23 7 0.573990
23 8 0.071949
23 9 0.051779
23 10 0.513285
23 11 0.391878
23 12 0.108547
23 13 0.011782
23 14 0.049729
23 15 0.071949
23 16 0.391878
23 17 0.082237
23 18 0.569659
23 19 0.754757
23 20 0.121504
23 21 0.606413
23 22 0.138922
23 23 0.000000
23 24 0.071949
23 25 0.641070
23 26 0.060180
23 27 0.011782
23 28 0.227550
23 29 0.019299
23 30 0.189109
23 31 0.862254
23 32 0.121503
23 33 0.391878
23 34 0.108547
23 35 0.035762
23 36 0.029925
23 37 0.477022
23 38 0.029925
23 39 0.172989
23 40 0.006763
23 41 0.391878
23 42 0.367737
23 43 0.490569
23 44 0.227550
23 45 0.082237
23 46 0.153568
23 47 0.019299
23 48 0.429954
23 49 0.011782
23 50 0.415919
23 51 0.172989
23 52 0.245316
23 53 0.108547
23 54 0.108547
23 55 0.035762
23 56 0.172989
23 57 0.372722
23 58 0.108547
23 59 0.121504
23 60 0.138922
23 61 0.552765
23 62 0.415919
23 63 0.051779
23 64 0.329464
23 65 0.168897
23 66 0.391878
23 67 0.029925
23 68 0.391878
23 69 0.019299
23 70 0.138922
23 71 0.138922
23 72 0.093360
23 73 0.005177
23 74 0.329464
23 75 0.019299
23 76 0.029925
23 77 0.051779
23 78 0.019299
23 79 0.415919
23 80 0.434867
23 81 0.914824
23 82 0.011782
23 83 0.082237
23 84 0.138922
23 85 0.153568
23 86 0.495294
23 87 0.410971
23 88 0.552765
23 89 0.035762
23 90 0.329464
23 91 0.391878
23 92 0.071949
23 93 0.051779
23 94 0.035762
23 95 0.367737
23 96 0.495294
23 97 0.005177
23 98 0.060180
23 99 0.108547
24 0 0.108547
24 1 0.205798
24 2 0.108547
24 3 0.201407
24 4 0.071949
24 5 0.495294
24 6 0.477022
24 7 0.954189
24 8 0.590401
24 9 0.391878
24 10 0.071949
24 11 0.069412
24 12 0.121504
24 13 0.227550
24 14 0.286770
24 15 0.172989
24 16 0.410971
24 17 0.019299
24 18 0.205798
24 19 0.227550
24 20 0.768376
24 21 0.019299
24 22 0.071949
24 23 0.071949
24 24 0.000000
24 25 0.108547
24 26 0.754757
24 27 0.051779
24 28 0.035762
24 29 0.082237
24 30 0.286770
24 31 0.172989
24 32 0.172989
24 33 0.434867
24 34 0.071949
24 35 0.138922
24 36 0.453650
24 37 0.210224
24 38 0.348574
24 39 0.951157
24 40 0.372722
24 41 0.899866
24 42 0.495294
24 43 0.051779
24 44 0.552765
24 45 0.051779
24 46 0.914824
24 47 0.172989
24 48 0.477022
24 49 0.477022
24 50 0.305549
24 51 0.590401
24 52 0.172989
24 53 0.071949
24 54 0.227550
24 55 0.005177
24 56 0.108547
24 57 0.434867
24 58 0.495294
24 59 0.153568
24 60 0.535509
24 61 0.138922
24 62 0.348574
24 63 0.552765
24 64 0.082237
24 65 0.138922
24 66 0.673535
24 67 0.535509
24 68 0.071949
24 69 0.820692
24 70 0.060180
24 71 0.071949
24 72 0.391878
24 73 0.245316
24 74 0.011782
24 75 0.227550
24 76 0.227550
24 77 0.153568
24 78 0.205798
24 79 0.367737
24 80 0.227550
24 81 0.868768
24 82 0.071949
24 83 0.768376
24 84 0.082237
24 85 0.372722
24 86 0.517913
24 87 0.415919
24 88 0.096388
24 89 0.391878
24 90 0.391878
24 91 0.071949
24 92 0.108547
24 93 0.606413
24 94 0.035762
24 95 0.172989
24 96 0.082237
24 97 0.227550
24 98 0.071949
24 99 0.757621
25 0 0.495294
25 1 0.096388
25 2 0.348574
25 3 0.838911
25 4 0.121504
25 5 0.051779
25 6 0.268234
25 7 0.019299
25 8 0.836903
25 9 0.172989
25 10 0.754757
25 11 0.227550
25 12 0.227550
25 13 0.189109
25 14 0.535509
25 15 0.093360
25 16 0.108547
25 17 0.138922
25 18 0.391878
25 19 0.108547
25 20 0.189109
25 21 0.172989
25 22 0.535509
25 23 0.641070
25 24 0.108547
25 25 0.000000
25 26 0.268234
25 27 0.108547
25 28 0.590401
25 29 0.846427
25 30 0.051779
25 31 0.189109
25 32 0.791203
25 33 0.029925
25 34 0.138922
25 35 0.189109
25 36 0.051779
25 37 0.305549
25 38 0.172989
25 39 0.051779
25 40 0.622014
25 41 0.268234
25 42 0.071949
25 43 0.071949
25 44 0.223001
25 45 0.245316
25 46 0.495294
25 47 0.227550
25 48 0.082237
25 49 0.434867
25 50 0.138922
25 51 0.372722
25 52 0.227550
25 53 0.189109
25 54 0.172989
25 55 0.019299
25 56 0.535509
25 57 0.189109
25 58 0.227550
25 59 0.227550
25 60 0.245316
25 61 0.495294
25 62 0.703771
25 63 0.453650
25 64 0.105307
25 65 0.876570
25 66 0.019299
25 67 0.800668
25 68 0.189109
25 69 0.138922
25 70 0.121504
25 71 0.172989
25 72 0.828969
25 73 0.051779
25 74 0.138922
25 75 0.071949
25 76 0.082237
25 77 0.348574
25 78 0.082237
25 79 0.535509
25 80 0.372722
25 81 0.121504
25 82 0.019299
25 83 0.019299
25 84 0.019299
25 85 0.348574
25 86 0.348574
25 87 0.153568
25 88 0.023583
25 89 0.348574
25 90 0.703771
25 91 0.071949
25 92 0.071949
25 93 0.153568
25 94 0.108547
25 95 0.019299
25 96 0.028526
25 97 0.069412
25 98 0.019299
25 99 0.210224
26 0 0.035762
26 1 0.108547
26 2 0.687189
26 3 0.513285
26 4 0.071949
26 5 0.138922
26 6 0.728674
26 7 0.227550
26 8 0.882454
26 9 0.029925
26 10 0.082237
26 11 0.862254
26 12 0.153568
26 13 0.286770
26 14 0.019299
26 15 0.011782
26 16 0.189109
26 17 0.868768
26 18 0.135231
26 19 0.268234
26 20 0.477022
26 21 0.189109
26 22 0.093360
26 23 0.060180
26 24 0.754757
26 25 0.268234
26 26 0.000000
26 27 0.329464
26 28 0.434867
26 29 0.862254
26 30 0.768376
26 31 0.135230
26 32 0.641070
26 33 0.286770
26 34 0.189109
26 35 0.019299
26 36 0.108547
26 37 0.227550
26 38 0.227550
26 39 0.495294
26 40 0.135231
26 41 0.573990
26 42 0.108547
26 43 0.329464
26 44 0.227550
26 45 0.029925
26 46 0.305549
26 47 0.372722
26 48 0.011782
26 49 0.768376
26 50 0.051779
26 51 0.495294
26 52 0.391878
26 53 0.138922
26 54 0.626001
26 55 0.227550
26 56 0.189109
26 57 0.659444
26 58 0.310464
26 59 0.082237
26 60 0.168897
26 61 0.552765
26 62 0.626001
26 63 0.035762
26 64 0.138922
26 65 0.227550
26 66 0.029925
26 67 0.967167
26 68 0.673535
26 69 0.051779
26 70 0.329464
26 71 0.051779
26 72 0.071949
26 73 0.453650
26 74 0.743482
26 75 0.703771
26 76 0.372722
26 77 0.768376
26 78 0.227550
26 79 0.372722
26 80 0.245316
26 81 0.391878
26 82 0.227550
26 83 0.855444
26 84 0.868768
26 85 0.586172
26 86 0.743482
26 87 0.071949
26 88 0.716439
26 89 0.210224
26 90 0.434867
26 91 0.138922
26 92 0.836903
26 93 0.477022
26 94 0.082237
26 95 0.082237
26 96 0.305549
26 97 0.005177
26 98 0.227550
26 99 0.495294
27 0 0.189109
27 1 0.051779
27 2 0.348573
27 3 0.846427
27 4 0.626001
27 5 0.189109
27 6 0.434867
27 7 0.223000
27 8 0.172989
27 9 0.495294
27 10 0.245316
27 11 0.324511
27 12 0.071949
27 13 0.268234
27 14 0.172989
27 15 0.245316
27 16 0.153568
27 17 0.138922
27 18 0.434867
27 19 0.051779
27 20 0.172989
27 21 0.051779
27 22 0.669914
27 23 0.011782
27 24 0.051779
27 25 0.108547
27 26 0.329464
27 27 0.000000
27 28 0.029925
27 29 0.434867
27 30 0.372722
27 31 0.673535
27 32 0.227550
27 33 0.189109
27 34 0.138922
27 35 0.245316
27 36 0.791203
27 37 0.138922
27 38 0.853624
27 39 0.035762
27 40 0.434867
27 41 0.590401
27 42 0.096388
27 43 0.754757
27 44 0.391878
27 45 0.071949
27 46 0.703771
27 47 0.223001
27 48 0.434867
27 49 0.920015
27 50 0.286770
27 51 0.172989
