0 0 0.000000
0 1 0.082237
0 2 0.472229
0 3 0.227550
0 4 0.121504
0 5 0.886639
0 6 0.429954
0 7 0.138922
0 8 0.040565
0 9 0.035762
0 10 0.071949
0 11 0.754757
0 12 0.096388
0 13 0.391878
0 14 0.060180
0 15 0.844504
0 16 0.205798
0 17 0.138922
0 18 0.011782
0 19 0.121504
0 20 0.023583
0 21 0.189109
0 22 0.071949
0 23 0.227550
0 24 0.108547
0 25 0.205798
0 26 0.035762
0 27 0.082237
0 28 0.029925
0 29 0.051779
0 30 0.051779
0 31 0.348574
0 32 0.513285
0 33 0.028526
0 34 0.669913
0 35 0.093360
0 36 0.687189
0 37 0.051779
0 38 0.096388
0 39 0.788678
0 40 0.011782
0 41 0.189109
0 42 0.434867
0 43 0.286770
0 44 0.655709
0 45 0.189109
0 46 0.319566
0 47 0.051779
0 48 0.329464
0 49 0.928576
0 50 0.530966
0 51 0.716439
0 52 0.673535
0 53 0.002681
0 54 0.590401
0 55 0.051779
0 56 0.138922
0 57 0.205798
0 58 0.096388
0 59 0.410971
0 60 0.245316
0 61 0.205798
0 62 0.305549
0 63 0.005177
0 64 0.138922
0 65 0.227550
0 66 0.573990
0 67 0.029925
0 68 0.205798
0 69 0.728674
0 70 0.757621
0 71 0.687190
0 72 0.809759
0 73 0.205798
0 74 0.477022
0 75 0.372722
0 76 0.138922
0 77 0.963140
0 78 0.168897
0 79 0.014763
0 80 0.281925
0 81 0.168897
0 82 0.453650
0 83 0.434867
0 84 0.019299
0 85 0.108547
0 86 0.809758
0 87 0.121504
0 88 0.108547
0 89 0.082237
0 90 0.121504
0 91 0.641070
0 92 0.042353
0 93 0.410971
0 94 0.367737
0 95 0.513285
0 96 0.071949
0 97 0.138922
0 98 0.035762
0 99 0.051779
1 0 0.082237
1 1 0.000000
1 2 0.071949
1 3 0.121504
1 4 0.513285
1 5 0.434867
1 6 0.082237
1 7 0.391878
1 8 0.552765
1 9 0.011782
1 10 0.245316
1 11 0.910477
1 12 0.029925
1 13 0.245316
1 14 0.245316
1 15 0.367737
1 16 0.071949
1 17 0.245316
1 18 0.535509
1 19 0.324511
1 20 0.472229
1 21 0.673535
1 22 0.168897
1 23 0.121504
1 24 0.093360
1 25 0.096388
1 26 0.189109
1 27 0.011782
1 28 0.019299
1 29 0.472229
1 30 0.071949
1 31 0.673535
1 32 0.138922
1 33 0.071949
1 34 0.227550
1 35 0.121504
1 36 0.035762
1 37 0.923918
1 38 0.153568
1 39 0.121504
1 40 0.019299
1 41 0.189109
1 42 0.391878
1 43 0.731785
1 44 0.051779
1 45 0.029925
1 46 0.153568
1 47 0.138922
1 48 0.049729
1 49 0.935412
1 50 0.227550
1 51 0.011782
1 52 0.121504
1 53 0.453650
1 54 0.329464
1 55 0.453650
1 56 0.606413
1 57 0.042353
1 58 0.019299
1 59 0.281925
1 60 0.223001
1 61 0.245316
1 62 0.590401
1 63 0.268234
1 64 0.513285
1 65 0.495294
1 66 0.263461
1 67 0.391878
1 68 0.005177
1 69 0.035762
1 70 0.029925
1 71 0.153568
1 72 0.082237
1 73 0.121504
1 74 0.108547
1 75 0.477022
1 76 0.035762
1 77 0.019299
1 78 0.754757
1 79 0.530966
1 80 0.029925
1 81 0.051779
1 82 0.716439
1 83 0.189109
1 84 0.888076
1 85 0.051779
1 86 0.105307
1 87 0.014763
1 88 0.367737
1 89 0.153568
1 90 0.372722
1 91 0.205798
1 92 0.019299
1 93 0.019299
1 94 0.153568
1 95 0.495294
1 96 0.029925
1 97 0.189109
1 98 0.286770
1 99 0.135231
2 0 0.472229
2 1 0.071949
2 2 0.000000
2 3 0.189109
2 4 0.372722
2 5 0.019299
2 6 0.606413
2 7 0.552765
2 8 0.108547
2 9 0.286770
2 10 0.245316
2 11 0.590401
2 12 0.590401
2 13 0.108547
2 14 0.071949
2 15 0.590401
2 16 0.372722
2 17 0.227550
2 18 0.245316
2 19 0.028526
2 20 0.138922
2 21 0.716439
2 22 0.448784
2 23 0.121503
2 24 0.035762
2 25 0.205798
2 26 0.530966
2 27 0.641070
2 28 0.606413
2 29 0.305549
2 30 0.673535
2 31 0.477022
2 32 0.800668
2 33 0.513285
2 34 0.189109
2 35 0.042353
2 36 0.071949
2 37 0.042353
2 38 0.300647
2 39 0.060180
2 40 0.535509
2 41 0.096388
2 42 0.071949
2 43 0.641070
2 44 0.108547
2 45 0.765618
2 46 0.391878
2 47 0.172989
2 48 0.060180
2 49 0.035762
2 50 0.093360
2 51 0.082237
2 52 0.071949
2 53 0.108547
2 54 0.006763
2 55 0.828969
2 56 0.683681
2 57 0.223000
2 58 0.093360
2 59 0.904700
2 60 0.138922
2 61 0.348574
2 62 0.367737
2 63 0.410971
2 64 0.011782
2 65 0.329464
2 66 0.019299
2 67 0.051779
2 68 0.495294
2 69 0.060180
2 70 0.051779
2 71 0.023583
2 72 0.227550
2 73 0.868768
2 74 0.019299
2 75 0.135230
2 76 0.240658
2 77 0.029925
2 78 0.051779
2 79 0.029925
2 80 0.108547
2 81 0.096388
2 82 0.006763
2 83 0.005177
2 84 0.552765
2 85 0.071949
2 86 0.223001
2 87 0.042353
2 88 0.606413
2 89 0.910477
2 90 0.071949
2 91 0.410971
2 92 0.227550
2 93 0.189109
2 94 0.914824
2 95 0.846427
2 96 0.019299
2 97 0.019299
2 98 0.882454
2 99 0.590401
3 0 0.227550
3 1 0.121504
3 2 0.189109
3 3 0.000000
3 4 0.927638
3 5 0.035762
3 6 0.121504
3 7 0.958629
3 8 0.035762
3 9 0.343597
3 10 0.093360
3 11 0.535509
3 12 0.121504
3 13 0.138922
3 14 0.042353
3 15 0.245316
3 16 0.093360
3 17 0.082237
3 18 0.051779
3 19 0.569659
3 20 0.828969
3 21 0.035762
3 22 0.108547
3 23 0.082237
3 24 0.300646
3 25 0.513285
3 26 0.606413
3 27 0.788679
3 28 0.348574
3 29 0.391878
3 30 0.029925
3 31 0.189109
3 32 0.826850
3 33 0.453650
3 34 0.108547
3 35 0.096388
3 36 0.590401
3 37 0.329464
3 38 0.590401
3 39 0.286770
3 40 0.263461
3 41 0.153568
3 42 0.263461
3 43 0.205798
3 44 0.029925
3 45 0.108547
3 46 0.051779
3 47 0.029925
3 48 0.184861
3 49 0.108547
3 50 0.005177
3 51 0.372722
3 52 0.082237
3 53 0.227550
3 54 0.153568
3 55 0.641070
3 56 0.227550
3 57 0.108547
3 58 0.035762
3 59 0.108547
3 60 0.093360
3 61 0.788678
3 62 0.286770
3 63 0.860512
3 64 0.324511
3 65 0.035762
3 66 0.809759
3 67 0.535509
3 68 0.305549
3 69 0.121504
3 70 0.205798
3 71 0.051779
3 72 0.651944
3 73 0.006763
3 74 0.096388
3 75 0.108547
3 76 0.138922
3 77 0.434867
3 78 0.329464
3 79 0.082237
3 80 0.108547
3 81 0.263461
3 82 0.023583
3 83 0.108547
3 84 0.005177
3 85 0.153568
3 86 0.035762
3 87 0.286770
3 88 0.472229
3 89 0.868768
3 90 0.096388
3 91 0.051779
3 92 0.035762
3 93 0.205798
3 94 0.372722
3 95 0.453650
3 96 0.569659
3 97 0.434867
3 98 0.477022
3 99 0.754757
4 0 0.121504
4 1 0.513285
4 2 0.372722
4 3 0.927638
4 4 0.000000
4 5 0.703771
4 6 0.019299
4 7 0.071949
4 8 0.023583
4 9 0.826850
4 10 0.019299
4 11 0.051779
4 12 0.051779
4 13 0.051779
4 14 0.082237
4 15 0.029925
4 16 0.918969
4 17 0.844504
4 18 0.138922
4 19 0.082237
4 20 0.268234
4 21 0.687190
4 22 0.626001
4 23 0.051779
4 24 0.071949
4 25 0.042353
4 26 0.019299
4 27 0.168897
4 28 0.391878
4 29 0.082237
4 30 0.700406
4 31 0.324511
4 32 0.051779
4 33 0.008716
4 34 0.138922
4 35 0.108547
4 36 0.641070
4 37 0.590401
4 38 0.189109
4 39 0.011782
4 40 0.071949
4 41 0.019299
4 42 0.011782
4 43 0.410971
4 44 0.800668
4 45 0.082237
4 46 0.240658
4 47 0.082237
4 48 0.700406
4 49 0.051779
4 50 0.305549
4 51 0.227550
4 52 0.019299
4 53 0.121504
4 54 0.093360
4 55 0.108547
4 56 0.386901
4 57 0.023583
4 58 0.029925
4 59 0.245316
4 60 0.121504
4 61 0.245316
4 62 0.205798
4 63 0.035762
4 64 0.286770
4 65 0.223001
4 66 0.051779
4 67 0.406015
4 68 0.138922
4 69 0.935412
4 70 0.018287
4 71 0.071949
4 72 0.023583
4 73 0.434867
4 74 0.740481
4 75 0.082237
4 76 0.011782
4 77 0.189109
4 78 0.005177
4 79 0.189109
4 80 0.108547
4 81 0.029925
4 82 0.069412
4 83 0.138922
4 84 0.051779
4 85 0.868768
4 86 0.263461
4 87 0.060180
4 88 0.977990
4 89 0.071949
4 90 0.051779
4 91 0.168897
4 92 0.121504
4 93 0.004818
4 94 0.367737
4 95 0.535509
4 96 0.168897
4 97 0.754757
4 98 0.029925
4 99 0.655709
5 0 0.886639
5 1 0.434867
5 2 0.019299
5 3 0.035762
5 4 0.703771
5 5 0.000000
5 6 0.573990
5 7 0.227550
5 8 0.372722
5 9 0.305549
5 10 0.434867
5 11 0.093360
5 12 0.035762
5 13 0.606413
5 14 0.434867
5 15 0.245316
5 16 0.082237
5 17 0.019299
5 18 0.153568
5 19 0.029925
5 20 0.305549
5 21 0.138922
5 22 0.002473
5 23 0.286770
5 24 0.348574
5 25 0.011782
5 26 0.108547
5 27 0.060180
5 28 0.513285
5 29 0.108547
5 30 0.569659
5 31 0.019299
5 32 0.552765
5 33 0.121504
5 34 0.082237
5 35 0.535509
5 36 0.019299
5 37 0.014763
5 38 0.434867
5 39 0.391878
5 40 0.268234
5 41 0.029925
5 42 0.372722
5 43 0.517913
5 44 0.071949
5 45 0.005177
5 46 0.051779
5 47 0.071949
5 48 0.862254
5 49 0.071949
5 50 0.093360
5 51 0.305549
5 52 0.453650
5 53 0.029925
5 54 0.071949
5 55 0.286770
5 56 0.005177
5 57 0.434867
5 58 0.019299
5 59 0.743482
5 60 0.731785
5 61 0.305549
5 62 0.305549
5 63 0.060180
5 64 0.060180
5 65 0.245316
5 66 0.093360
5 67 0.263461
5 68 0.227550
5 69 0.754757
5 70 0.035762
5 71 0.548312
5 72 0.552765
5 73 0.245316
5 74 0.029925
5 75 0.029925
5 76 0.205798
5 77 0.071949
5 78 0.281925
5 79 0.205798
5 80 0.329464
5 81 0.002681
5 82 0.096388
5 83 0.281925
5 84 0.205798
5 85 0.227550
5 86 0.205798
5 87 0.019299
5 88 0.245316
5 89 0.836903
5 90 0.121504
5 91 0.108547
5 92 0.606413
5 93 0.205798
5 94 0.513285
5 95 0.367737
5 96 0.153568
5 97 0.687190
5 98 0.281925
5 99 0.029925
6 0 0.429954
6 1 0.082237
6 2 0.606413
6 3 0.121504
6 4 0.019299
6 5 0.573990
6 6 0.000000
6 7 0.477022
6 8 0.108547
6 9 0.019299
6 10 0.011782
6 11 0.205798
6 12 0.153568
6 13 0.329464
6 14 0.019299
6 15 0.035762
6 16 0.754757
6 17 0.153568
6 18 0.014763
6 19 0.922921
6 20 0.042353
6 21 0.569659
6 22 0.071949
6 23 0.348574
6 24 0.659444
6 25 0.108547
6 26 0.637193
6 27 0.286770
6 28 0.227550
6 29 0.552765
6 30 0.245316
6 31 0.071949
6 32 0.348574
6 33 0.029925
6 34 0.189109
6 35 0.286770
6 36 0.108547
6 37 0.082237
6 38 0.082237
6 39 0.023583
6 40 0.453650
6 41 0.108547
6 42 0.434867
6 43 0.227550
6 44 0.372722
6 45 0.029925
6 46 0.552765
6 47 0.168897
6 48 0.082237
6 49 0.716439
6 50 0.029925
6 51 0.035762
6 52 0.153568
6 53 0.051779
6 54 0.121504
6 55 0.391878
6 56 0.019299
6 57 0.286770
6 58 0.071949
6 59 0.135231
6 60 0.367737
6 61 0.138922
6 62 0.637193
6 63 0.019299
6 64 0.023583
6 65 0.548312
6 66 0.138922
6 67 0.569659
6 68 0.655709
6 69 0.590401
6 70 0.153568
6 71 0.082237
6 72 0.029925
6 73 0.223001
6 74 0.410971
6 75 0.082237
6 76 0.189109
6 77 0.011782
6 78 0.268234
6 79 0.108547
6 80 0.082237
6 81 0.023583
6 82 0.305549
6 83 0.051779
6 84 0.713187
6 85 0.410971
6 86 0.495294
6 87 0.168897
6 88 0.105307
6 89 0.743482
6 90 0.172989
6 91 0.108547
6 92 0.530966
6 93 0.168897
6 94 0.189109
6 95 0.005177
6 96 0.060180
6 97 0.153568
6 98 0.477022
6 99 0.153568
7 0 0.138922
7 1 0.391878
7 2 0.552765
7 3 0.958629
7 4 0.071949
7 5 0.227550
7 6 0.477022
7 7 0.000000
7 8 0.029925
7 9 0.245316
7 10 0.227550
7 11 0.513285
7 12 0.071949
7 13 0.391878
7 14 0.240658
7 15 0.227550
7 16 0.286770
7 17 0.153568
7 18 0.082237
7 19 0.205798
7 20 0.286770
7 21 0.029925
7 22 0.743482
7 23 0.495294
7 24 0.904700
7 25 0.019299
7 26 0.329464
7 27 0.223000
7 28 0.809758
7 29 0.002681
7 30 0.263461
7 31 0.034173
7 32 0.168897
7 33 0.093360
7 34 0.014763
7 35 0.751866
7 36 0.743482
7 37 0.019299
7 38 0.305549
7 39 0.286770
7 40 0.286770
7 41 0.391878
7 42 0.189109
7 43 0.286770
7 44 0.429954
7 45 0.669913
7 46 0.617998
7 47 0.673535
7 48 0.019299
7 49 0.513285
7 50 0.263461
7 51 0.051779
7 52 0.305549
7 53 0.071949
7 54 0.051779
7 55 0.348574
7 56 0.071949
7 57 0.245316
7 58 0.093360
7 59 0.108547
7 60 0.818482
7 61 0.108547
7 62 0.082237
7 63 0.071949
7 64 0.227550
7 65 0.035762
7 66 0.286770
7 67 0.108547
7 68 0.108547
7 69 0.673535
7 70 0.023583
7 71 0.828969
7 72 0.189109
7 73 0.121504
7 74 0.108547
7 75 0.348574
7 76 0.513285
7 77 0.227550
7 78 0.042353
7 79 0.223001
7 80 0.227550
7 81 0.227550
7 82 0.019299
7 83 0.035762
7 84 0.227550
7 85 0.329464
7 86 0.019299
7 87 0.673535
7 88 0.305549
7 89 0.406015
7 90 0.011782
7 91 0.071949
7 92 0.472229
7 93 0.082237
7 94 0.051779
7 95 0.728674
7 96 0.108547
7 97 0.590401
7 98 0.622014
7 99 0.071949
8 0 0.040565
8 1 0.552765
8 2 0.108547
8 3 0.035762
8 4 0.023583
8 5 0.372722
8 6 0.108547
8 7 0.029925
8 8 0.000000
8 9 0.448784
8 10 0.472229
8 11 0.035762
8 12 0.138922
8 13 0.348574
8 14 0.019299
8 15 0.172989
8 16 0.168897
8 17 0.626001
8 18 0.530966
8 19 0.731785
8 20 0.005177
8 21 0.035762
8 22 0.029925
8 23 0.071949
8 24 0.367737
8 25 0.218482
8 26 0.622014
8 27 0.189109
8 28 0.189109
8 29 0.051779
8 30 0.573990
8 31 0.569659
8 32 0.108547
8 33 0.184861
8 34 0.011782
8 35 0.019299
8 36 0.168897
8 37 0.108547
8 38 0.189109
8 39 0.029925
8 40 0.348574
8 41 0.189109
8 42 0.082237
8 43 0.565302
8 44 0.071949
8 45 0.168897
8 46 0.227550
8 47 0.019299
8 48 0.051779
8 49 0.069412
8 50 0.622014
8 51 0.108547
8 52 0.108547
8 53 0.189109
8 54 0.348574
8 55 0.023583
8 56 0.942378
8 57 0.189109
8 58 0.788678
8 59 0.305549
8 60 0.391878
8 61 0.108547
8 62 0.168897
8 63 0.552765
8 64 0.138922
8 65 0.071949
8 66 0.716439
8 67 0.495294
8 68 0.005177
8 69 0.391878
8 70 0.740481
8 71 0.093360
8 72 0.189109
8 73 0.060180
8 74 0.051779
8 75 0.096388
8 76 0.703771
8 77 0.153568
8 78 0.245316
8 79 0.035762
8 80 0.495294
8 81 0.023583
8 82 0.434867
8 83 0.223001
8 84 0.552765
8 85 0.005177
8 86 0.472229
8 87 0.227550
8 88 0.836903
8 89 0.035762
8 90 0.168897
8 91 0.019299
8 92 0.961206
8 93 0.069412
8 94 0.703771
8 95 0.189109
8 96 0.348574
8 97 0.019299
8 98 0.189109
8 99 0.138922
9 0 0.035762
9 1 0.011782
9 2 0.286770
9 3 0.343597
9 4 0.826850
9 5 0.305549
9 6 0.019299
9 7 0.245316
9 8 0.448784
9 9 0.000000
9 10 0.023583
9 11 0.552765
9 12 0.051779
9 13 0.372722
9 14 0.060180
9 15 0.108547
9 16 0.189109
9 17 0.967167
9 18 0.005177
9 19 0.138922
9 20 0.096388
9 21 0.477022
9 22 0.096388
9 23 0.051779
9 24 0.245316
9 25 0.071949
9 26 0.029925
9 27 0.410971
9 28 0.245316
9 29 0.305549
9 30 0.189109
9 31 0.035762
9 32 0.108547
9 33 0.168897
9 34 0.019299
9 35 0.168897
9 36 0.060180
9 37 0.329464
9 38 0.348574
9 39 0.391878
9 40 0.082237
9 41 0.305549
9 42 0.060180
9 43 0.189109
9 44 0.673535
9 45 0.189109
9 46 0.743482
9 47 0.108547
9 48 0.168897
9 49 0.035762
9 50 0.071949
9 51 0.513285
9 52 0.586172
9 53 0.019299
9 54 0.019299
9 55 0.022408
9 56 0.367737
9 57 0.189109
9 58 0.367737
9 59 0.386901
9 60 0.121504
9 61 0.263461
9 62 0.973967
9 63 0.023583
9 64 0.703771
9 65 0.153568
9 66 0.060180
9 67 0.227550
9 68 0.201407
9 69 0.673535
9 70 0.002681
9 71 0.410971
9 72 0.286770
9 73 0.011782
9 74 0.014763
9 75 0.051779
9 76 0.003622
9 77 0.029925
9 78 0.082237
9 79 0.305549
9 80 0.096388
9 81 0.743482
9 82 0.728674
9 83 0.051779
9 84 0.932077
9 85 0.189109
9 86 0.051779
9 87 0.728674
9 88 0.586172
9 89 0.904700
9 90 0.071949
9 91 0.725534
9 92 0.118059
9 93 0.552765
9 94 0.006763
9 95 0.391878
9 96 0.263461
9 97 0.669914
9 98 0.108547
9 99 0.029925
10 0 0.071949
10 1 0.245316
10 2 0.245316
10 3 0.093360
10 4 0.019299
10 5 0.434867
10 6 0.011782
10 7 0.227550
10 8 0.472229
10 9 0.023583
10 10 0.000000
10 11 0.189109
10 12 0.051779
10 13 0.071949
10 14 0.800668
10 15 0.687189
10 16 0.586171
10 17 0.227550
10 18 0.853624
10 19 0.945939
10 20 0.051779
10 21 0.005177
10 22 0.138922
10 23 0.223001
10 24 0.071949
10 25 0.788678
10 26 0.082237
10 27 0.245316
10 28 0.108547
10 29 0.189109
10 30 0.051779
10 31 0.035762
10 32 0.096388
10 33 0.135230
10 34 0.227550
10 35 0.153568
10 36 0.245316
10 37 0.071949
10 38 0.028526
10 39 0.245316
10 40 0.172989
10 41 0.051779
10 42 0.245316
10 43 0.703771
10 44 0.569659
10 45 0.490569
10 46 0.227550
10 47 0.513285
10 48 0.051779
10 49 0.227550
10 50 0.138922
10 51 0.227550
10 52 0.019299
10 53 0.281925
10 54 0.051779
10 55 0.138922
10 56 0.138922
10 57 0.121504
10 58 0.263461
10 59 0.042353
10 60 0.071949
10 61 0.227550
10 62 0.011782
10 63 0.641070
10 64 0.329464
10 65 0.809758
10 66 0.042353
10 67 0.172989
10 68 0.958629
10 69 0.227550
10 70 0.324511
10 71 0.728674
10 72 0.622014
10 73 0.051779
10 74 0.765619
10 75 0.410971
10 76 0.329464
10 77 0.071949
10 78 0.535509
10 79 0.138922
10 80 0.138922
10 81 0.569659
10 82 0.874996
10 83 0.976514
10 84 0.305549
10 85 0.324511
10 86 0.286770
10 87 0.071949
10 88 0.138922
10 89 0.108547
10 90 0.172989
10 91 0.305549
10 92 0.019299
10 93 0.590401
10 94 0.700406
10 95 0.343597
10 96 0.093360
10 97 0.005177
10 98 0.535509
10 99 0.716439
11 0 0.754757
11 1 0.910477
11 2 0.590401
11 3 0.535509
11 4 0.051779
11 5 0.093360
11 6 0.205798
11 7 0.513285
11 8 0.035762
11 9 0.552765
11 10 0.189109
11 11 0.000000
11 12 0.637193
11 13 0.108547
11 14 0.329464
11 15 0.367737
11 16 0.082237
11 17 0.844504
11 18 0.071949
11 19 0.168897
11 20 0.348574
11 21 0.172989
11 22 0.029925
11 23 0.121504
11 24 0.069412
11 25 0.434867
11 26 0.910477
11 27 0.184861
11 28 0.189109
11 29 0.606413
11 30 0.051779
11 31 0.153568
11 32 0.172989
11 33 0.071949
11 34 0.899866
11 35 0.035762
11 36 0.060180
11 37 0.798244
11 38 0.268234
11 39 0.310464
11 40 0.071949
11 41 0.082237
11 42 0.245316
11 43 0.060180
11 44 0.348573
11 45 0.114667
11 46 0.082237
11 47 0.071949
11 48 0.138922
11 49 0.011782
11 50 0.391878
11 51 0.071949
11 52 0.590401
11 53 0.082237
11 54 0.268234
11 55 0.108547
11 56 0.121504
11 57 0.005177
11 58 0.153568
11 59 0.060180
11 60 0.245316
11 61 0.035762
11 62 0.071949
11 63 0.348574
11 64 0.082237
11 65 0.743482
11 66 0.348574
11 67 0.189109
11 68 0.495294
11 69 0.138922
11 70 0.029925
11 71 0.245316
11 72 0.023583
11 73 0.060180
11 74 0.227550
11 75 0.391878
11 76 0.305549
11 77 0.153568
11 78 0.286770
11 79 0.223001
11 80 0.184861
11 81 0.655709
11 82 0.108547
11 83 0.121504
11 84 0.410971
11 85 0.051779
11 86 0.051779
11 87 0.051779
11 88 0.019299
11 89 0.305549
11 90 0.348574
11 91 0.245316
11 92 0.410971
11 93 0.300646
11 94 0.205798
11 95 0.153568
11 96 0.367737
11 97 0.019299
11 98 0.836903
11 99 0.673535
12 0 0.096388
12 1 0.029925
12 2 0.590401
12 3 0.121504
12 4 0.051779
12 5 0.035762
12 6 0.153568
12 7 0.071949
12 8 0.138922
12 9 0.051779
12 10 0.051779
12 11 0.637193
12 12 0.000000
12 13 0.778725
12 14 0.530966
12 15 0.754757
12 16 0.626001
12 17 0.042353
12 18 0.060180
12 19 0.391878
12 20 0.093360
12 21 0.477022
12 22 0.108547
12 23 0.082237
12 24 0.121504
12 25 0.227550
12 26 0.153568
12 27 0.138922
12 28 0.882454
12 29 0.035762
12 30 0.019299
12 31 0.082237
12 32 0.093360
12 33 0.548313
12 34 0.019299
12 35 0.108547
12 36 0.372722
12 37 0.011782
12 38 0.626001
12 39 0.184861
12 40 0.472229
12 41 0.472229
12 42 0.700406
12 43 0.189109
12 44 0.286770
12 45 0.082237
12 46 0.286770
12 47 0.286770
12 48 0.348574
12 49 0.019299
12 50 0.093360
12 51 0.108547
12 52 0.108547
12 53 0.201407
12 54 0.448784
12 55 0.754757
12 56 0.828969
12 57 0.590401
12 58 0.227550
12 59 0.014763
12 60 0.472229
12 61 0.121504
12 62 0.329464
12 63 0.227550
12 64 0.138922
12 65 0.002681
12 66 0.245316
12 67 0.590401
12 68 0.329464
12 69 0.673535
12 70 0.472229
12 71 0.051779
12 72 0.035762
12 73 0.071949
12 74 0.051779
12 75 0.042353
12 76 0.019299
12 77 0.008716
12 78 0.051779
12 79 0.172989
12 80 0.205798
12 81 0.135231
12 82 0.245316
12 83 0.530966
12 84 0.963139
12 85 0.286770
12 86 0.904700
12 87 0.108547
12 88 0.245316
12 89 0.060180
12 90 0.019299
12 91 0.051779
12 92 0.082237
12 93 0.548312
12 94 0.060180
12 95 0.082237
12 96 0.060180
12 97 0.882454
12 98 0.029925
12 99 0.138922
13 0 0.391878
13 1 0.245316
13 2 0.108547
13 3 0.138922
13 4 0.051779
13 5 0.606413
13 6 0.329464
13 7 0.391878
13 8 0.348574
13 9 0.372722
13 10 0.071949
13 11 0.108547
13 12 0.778725
13 13 0.000000
13 14 0.914824
13 15 0.453650
13 16 0.329464
13 17 0.019299
13 18 0.713187
13 19 0.071949
13 20 0.305549
13 21 0.168897
13 22 0.172989
13 23 0.011782
13 24 0.227550
13 25 0.286770
13 26 0.743482
13 27 0.268234
13 28 0.348574
13 29 0.035762
13 30 0.610510
13 31 0.051779
13 32 0.005177
13 33 0.818482
13 34 0.495294
13 35 0.490569
13 36 0.153568
13 37 0.071949
13 38 0.565302
13 39 0.189109
13 40 0.051779
13 41 0.051779
13 42 0.071949
13 43 0.268234
13 44 0.189109
13 45 0.082237
13 46 0.513285
13 47 0.051779
13 48 0.809759
13 49 0.367737
13 50 0.082237
13 51 0.035762
13 52 0.014763
13 53 0.108547
13 54 0.227550
13 55 0.938589
13 56 0.809759
13 57 0.305549
13 58 0.042353
13 59 0.071949
13 60 0.606413
13 61 0.019299
13 62 0.305549
13 63 0.281925
13 64 0.071949
13 65 0.659444
13 66 0.205798
13 67 0.472229
13 68 0.051779
13 69 0.552765
13 70 0.035762
13 71 0.227550
13 72 0.477022
13 73 0.846427
13 74 0.637193
13 75 0.189109
13 76 0.082237
13 77 0.168897
13 78 0.245316
13 79 0.035762
13 80 0.071949
13 81 0.687189
13 82 0.655709
13 83 0.868768
13 84 0.023583
13 85 0.683681
13 86 0.700406
13 87 0.227550
13 88 0.071949
13 89 0.227550
13 90 0.286770
13 91 0.035762
13 92 0.205798
13 93 0.060180
13 94 0.305549
13 95 0.223001
13 96 0.348574
13 97 0.082237
13 98 0.310464
13 99 0.172989
14 0 0.060180
14 1 0.245316
14 2 0.071949
14 3 0.042353
14 4 0.082237
14 5 0.434867
14 6 0.019299
14 7 0.240658
14 8 0.019299
14 9 0.060180
14 10 0.800668
14 11 0.329464
14 12 0.530966
14 13 0.914824
14 14 0.000000
14 15 0.082237
14 16 0.051779
14 17 0.029925
14 18 0.348574
14 19 0.029925
14 20 0.263461
14 21 0.172989
14 22 0.108547
14 23 0.011090
14 24 0.060180
14 25 0.410971
14 26 0.002681
14 27 0.002681
14 28 0.245316
14 29 0.093360
14 30 0.023583
14 31 0.391878
14 32 0.778725
14 33 0.305549
14 34 0.606413
14 35 0.552765
14 36 0.172989
14 37 0.495294
14 38 0.305549
14 39 0.687189
14 40 0.245316
14 41 0.807431
14 42 0.606413
14 43 0.153568
14 44 0.189109
14 45 0.138922
14 46 0.490569
14 47 0.410971
14 48 0.305549
14 49 0.011782
14 50 0.011782
14 51 0.728674
14 52 0.082237
14 53 0.205798
14 54 0.818482
14 55 0.019299
14 56 0.005177
14 57 0.138922
14 58 0.477022
14 59 0.189109
14 60 0.245316
14 61 0.019299
14 62 0.051779
14 63 0.490569
14 64 0.042353
14 65 0.434867
14 66 0.245316
14 67 0.042353
14 68 0.168897
14 69 0.700406
14 70 0.372722
14 71 0.071949
14 72 0.057916
14 73 0.153568
14 74 0.023583
14 75 0.189109
14 76 0.057916
14 77 0.245316
14 78 0.227550
14 79 0.138922
14 80 0.029925
14 81 0.108547
14 82 0.051779
14 83 0.410971
14 84 0.005177
14 85 0.914824
14 86 0.082237
14 87 0.019299
14 88 0.530966
14 89 0.138922
14 90 0.071949
14 91 0.778725
14 92 0.011782
14 93 0.138922
14 94 0.011782
14 95 0.189109
14 96 0.051779
14 97 0.049729
14 98 0.189109
14 99 0.135231
15 0 0.844504
15 1 0.367737
15 2 0.590401
15 3 0.245316
15 4 0.029925
15 5 0.245316
15 6 0.035762
15 7 0.227550
15 8 0.172989
15 9 0.108547
15 10 0.687189
15 11 0.367737
15 12 0.754757
15 13 0.453650
15 14 0.082237
15 15 0.000000
15 16 0.051779
15 17 0.002681
15 18 0.029925
15 19 0.513285
15 20 0.189109
15 21 0.071949
15 22 0.019299
15 23 0.019299
15 24 0.138922
15 25 0.168897
15 26 0.011782
15 27 0.121504
15 28 0.071949
15 29 0.135230
15 30 0.367737
15 31 0.006763
15 32 0.035762
15 33 0.138922
15 34 0.367737
15 35 0.082237
15 36 0.910477
15 37 0.035762
15 38 0.108547
15 39 0.023583
15 40 0.263461
15 41 0.372722
15 42 0.590401
15 43 0.329464
15 44 0.006763
15 45 0.586172
15 46 0.138922
15 47 0.189109
15 48 0.019299
15 49 0.205798
15 50 0.082237
15 51 0.429954
15 52 0.700406
15 53 0.263461
15 54 0.586172
15 55 0.108547
15 56 0.149692
15 57 0.049729
15 58 0.082237
15 59 0.006763
15 60 0.138922
15 61 0.108547
15 62 0.029925
15 63 0.051779
15 64 0.082237
15 65 0.029925
15 66 0.189109
15 67 0.029925
15 68 0.108547
15 69 0.703771
15 70 0.168897
15 71 0.329464
15 72 0.189109
15 73 0.606413
15 74 0.051779
15 75 0.205798
15 76 0.754758
15 77 0.700406
15 78 0.268234
15 79 0.189109
15 80 0.391878
15 81 0.513285
15 82 0.329464
15 83 0.590401
15 84 0.138922
15 85 0.014763
15 86 0.800668
15 87 0.023583
15 88 0.205798
15 89 0.108547
15 90 0.223001
15 91 0.105307
15 92 0.071949
15 93 0.082237
15 94 0.011782
15 95 0.434867
15 96 0.069412
15 97 0.765619
15 98 0.071949
15 99 0.410971
16 0 0.205798
16 1 0.071949
16 2 0.372722
16 3 0.093360
16 4 0.918969
16 5 0.082237
16 6 0.754757
16 7 0.286770
16 8 0.168897
16 9 0.189109
16 10 0.586171
16 11 0.082237
16 12 0.626001
16 13 0.329464
16 14 0.051779
16 15 0.051779
16 16 0.000000
16 17 0.189109
16 18 0.189109
16 19 0.138922
16 20 0.121504
16 21 0.189109
16 22 0.606413
16 23 0.348574
16 24 0.367737
16 25 0.035762
16 26 0.082237
16 27 0.205798
16 28 0.286770
16 29 0.071949
16 30 0.004818
16 31 0.029925
16 32 0.434867
16 33 0.573990
16 34 0.227550
16 35 0.740481
16 36 0.472229
16 37 0.513285
16 38 0.108547
16 39 0.472229
16 40 0.467420
16 41 0.245316
16 42 0.935412
16 43 0.820692
16 44 0.286770
16 45 0.108547
16 46 0.071949
16 47 0.728674
16 48 0.453650
16 49 0.023583
16 50 0.023583
16 51 0.108547
16 52 0.305549
16 53 0.189109
16 54 0.410971
16 55 0.788678
16 56 0.093360
16 57 0.168897
16 58 0.035762
16 59 0.329464
16 60 0.391878
16 61 0.108547
16 62 0.018287
16 63 0.029925
16 64 0.798244
16 65 0.071949
16 66 0.189109
16 67 0.673535
16 68 0.227550
16 69 0.305549
16 70 0.798244
16 71 0.606413
16 72 0.019299
16 73 0.434867
16 74 0.096388
16 75 0.189109
16 76 0.096388
16 77 0.410971
16 78 0.172989
16 79 0.530966
16 80 0.082237
16 81 0.245316
16 82 0.189109
16 83 0.205798
16 84 0.386901
16 85 0.227550
16 86 0.227550
16 87 0.310464
16 88 0.223001
16 89 0.019299
16 90 0.189109
16 91 0.082237
16 92 0.029925
16 93 0.391878
16 94 0.035762
16 95 0.082237
16 96 0.029925
16 97 0.934560
16 98 0.530966
16 99 0.268234
17 0 0.138922
17 1 0.245316
17 2 0.227550
17 3 0.082237
17 4 0.844504
17 5 0.019299
17 6 0.153568
17 7 0.153568
17 8 0.626001
17 9 0.967167
17 10 0.227550
17 11 0.844504
17 12 0.042353
17 13 0.019299
17 14 0.029925
17 15 0.002681
17 16 0.189109
17 17 0.000000
17 18 0.637193
17 19 0.552765
17 20 0.641070
17 21 0.153568
17 22 0.023583
17 23 0.082237
17 24 0.019299
17 25 0.108547
17 26 0.951157
17 27 0.138922
17 28 0.029925
17 29 0.029925
17 30 0.367737
17 31 0.023583
17 32 0.716439
17 33 0.189109
17 34 0.655709
17 35 0.060180
17 36 0.042353
17 37 0.305550
17 38 0.096388
17 39 0.548312
17 40 0.082237
17 41 0.019299
17 42 0.172989
17 43 0.002681
17 44 0.778725
17 45 0.367737
17 46 0.348574
17 47 0.051779
17 48 0.807431
17 49 0.172989
17 50 0.713187
17 51 0.348574
17 52 0.108547
17 53 0.329464
17 54 0.938589
17 55 0.606413
17 56 0.051779
17 57 0.372722
17 58 0.606413
17 59 0.138922
17 60 0.035762
17 61 0.205798
17 62 0.448784
17 63 0.051779
17 64 0.227550
17 65 0.569659
17 66 0.108547
17 67 0.108547
17 68 0.673535
17 69 0.051779
17 70 0.071949
17 71 0.245316
17 72 0.453650
17 73 0.011782
17 74 0.569659
17 75 0.002681
17 76 0.019299
17 77 0.874996
17 78 0.410971
17 79 0.415919
17 80 0.172989
17 81 0.071949
17 82 0.391878
17 83 0.060180
17 84 0.121504
17 85 0.035762
17 86 0.348574
17 87 0.880950
17 88 0.138922
17 89 0.606413
17 90 0.008716
17 91 0.168897
17 92 0.051779
17 93 0.329464
17 94 0.135231
17 95 0.606413
17 96 0.042353
17 97 0.329464
17 98 0.513284
17 99 0.223001
18 0 0.011782
18 1 0.535509
18 2 0.245316
18 3 0.051779
18 4 0.138922
18 5 0.153568
18 6 0.014763
18 7 0.082237
18 8 0.530966
18 9 0.005177
18 10 0.853624
18 11 0.071949
18 12 0.060180
18 13 0.713187
18 14 0.348574
18 15 0.029925
18 16 0.189109
18 17 0.637193
18 18 0.000000
18 19 0.138922
18 20 0.071949
18 21 0.082237
18 22 0.096388
18 23 0.637193
18 24 0.305549
18 25 0.348574
18 26 0.149692
18 27 0.245316
18 28 0.268234
18 29 0.060180
18 30 0.035762
18 31 0.286770
18 32 0.082237
18 33 0.569659
18 34 0.011782
18 35 0.602289
18 36 0.138922
18 37 0.071949
18 38 0.809759
18 39 0.189109
18 40 0.888076
18 41 0.023583
18 42 0.348574
18 43 0.286770
18 44 0.005177
18 45 0.189109
18 46 0.029925
18 47 0.329464
18 48 0.071949
18 49 0.060180
18 50 0.096388
18 51 0.172989
18 52 0.168897
18 53 0.655709
18 54 0.348574
18 55 0.071949
18 56 0.051779
18 57 0.201407
18 58 0.586172
18 59 0.305549
18 60 0.071949
18 61 0.042353
18 62 0.071949
18 63 0.367737
18 64 0.042353
18 65 0.386901
18 66 0.096388
18 67 0.263461
18 68 0.029925
18 69 0.172989
18 70 0.023583
18 71 0.014763
18 72 0.082237
18 73 0.035762
18 74 0.082237
18 75 0.453650
18 76 0.286770
18 77 0.035762
18 78 0.535509
18 79 0.082237
18 80 0.096388
18 81 0.035762
18 82 0.641070
18 83 0.029925
18 84 0.223001
18 85 0.168897
18 86 0.121504
18 87 0.406015
18 88 0.108547
18 89 0.168897
18 90 0.023583
18 91 0.862254
18 92 0.227550
18 93 0.060180
18 94 0.071949
18 95 0.513285
18 96 0.051779
18 97 0.367737
18 98 0.071949
18 99 0.960688
19 0 0.121504
19 1 0.324511
19 2 0.028526
19 3 0.569659
19 4 0.082237
19 5 0.029925
19 6 0.922921
19 7 0.205798
19 8 0.731785
19 9 0.138922
19 10 0.945939
19 11 0.168897
19 12 0.391878
19 13 0.071949
19 14 0.029925
19 15 0.513285
19 16 0.138922
19 17 0.552765
19 18 0.138922
19 19 0.000000
19 20 0.051779
19 21 0.121504
19 22 0.245316
19 23 0.669913
19 24 0.227550
19 25 0.035762
19 26 0.434867
19 27 0.051779
19 28 0.573990
19 29 0.096388
19 30 0.121504
19 31 0.655709
19 32 0.096388
19 33 0.029925
19 34 0.227550
19 35 0.029925
19 36 0.096388
19 37 0.227550
19 38 0.051779
19 39 0.286770
19 40 0.602289
19 41 0.728674
19 42 0.035762
19 43 0.716439
19 44 0.121504
19 45 0.096388
19 46 0.153568
19 47 0.622014
19 48 0.410971
19 49 0.121504
19 50 0.329464
19 51 0.268234
19 52 0.121504
19 53 0.108547
19 54 0.060180
19 55 0.108547
19 56 0.035762
19 57 0.223000
19 58 0.530966
19 59 0.172989
19 60 0.245316
19 61 0.622014
19 62 0.168897
19 63 0.329464
19 64 0.108547
19 65 0.655709
19 66 0.051779
19 67 0.023583
19 68 0.071949
19 69 0.006763
19 70 0.060180
19 71 0.348574
19 72 0.189109
19 73 0.655709
19 74 0.716439
19 75 0.093360
19 76 0.513285
19 77 0.108547
19 78 0.071949
19 79 0.153568
19 80 0.305549
19 81 0.071949
19 82 0.329464
19 83 0.029925
19 84 0.005177
19 85 0.121504
19 86 0.121504
19 87 0.029925
19 88 0.029925
19 89 0.071949
19 90 0.932077
19 91 0.227550
19 92 0.205798
19 93 0.060180
19 94 0.082237
19 95 0.655709
19 96 0.029925
19 97 0.082237
19 98 0.035762
19 99 0.168897
20 0 0.023583
20 1 0.472229
20 2 0.138922
20 3 0.828969
20 4 0.268234
20 5 0.305549
20 6 0.042353
20 7 0.286770
20 8 0.005177
20 9 0.096388
20 10 0.051779
20 11 0.348574
20 12 0.093360
20 13 0.305549
20 14 0.263461
20 15 0.189109
20 16 0.121504
20 17 0.641070
20 18 0.071949
20 19 0.051779
20 20 0.000000
20 21 0.153568
20 22 0.348574
20 23 0.121504
20 24 0.687189
20 25 0.189109
20 26 0.348574
20 27 0.268234
20 28 0.172989
20 29 0.754757
20 30 0.700406
20 31 0.051779
20 32 0.153568
20 33 0.227550
20 34 0.023583
20 35 0.029925
20 36 0.305549
20 37 0.093360
20 38 0.035762
20 39 0.118059
20 40 0.153568
20 41 0.138922
20 42 0.227550
20 43 0.867102
20 44 0.490569
20 45 0.029925
20 46 0.029925
20 47 0.005177
20 48 0.552765
20 49 0.846427
20 50 0.019299
20 51 0.071949
20 52 0.951157
20 53 0.172989
20 54 0.923918
20 55 0.071949
20 56 0.641070
20 57 0.172989
20 58 0.019299
20 59 0.172989
20 60 0.754757
20 61 0.051779
20 62 0.329464
20 63 0.205798
20 64 0.082237
20 65 0.513285
20 66 0.019299
20 67 0.049729
20 68 0.281925
20 69 0.002681
20 70 0.977990
20 71 0.569659
20 72 0.108547
20 73 0.108547
20 74 0.023583
20 75 0.006763
20 76 0.002681
20 77 0.153568
20 78 0.223001
20 79 0.051779
20 80 0.245316
20 81 0.060180
20 82 0.135231
20 83 0.263461
20 84 0.108547
20 85 0.029925
20 86 0.082237
20 87 0.391878
20 88 0.453650
20 89 0.189109
20 90 0.060180
20 91 0.005177
20 92 0.093360
20 93 0.172989
20 94 0.305549
20 95 0.121503
20 96 0.006763
20 97 0.189109
20 98 0.082237
20 99 0.172989
21 0 0.189109
21 1 0.673535
21 2 0.716439
21 3 0.035762
21 4 0.687190
21 5 0.138922
21 6 0.569659
21 7 0.029925
21 8 0.035762
21 9 0.477022
21 10 0.005177
21 11 0.172989
21 12 0.477022
21 13 0.168897
21 14 0.172989
21 15 0.071949
21 16 0.189109
21 17 0.153568
21 18 0.082237
21 19 0.121504
21 20 0.153568
21 21 0.000000
21 22 0.641070
21 23 0.184861
21 24 0.019299
21 25 0.138922
21 26 0.245316
21 27 0.051779
21 28 0.286770
21 29 0.051779
21 30 0.135231
21 31 0.071949
21 32 0.263461
21 33 0.472229
21 34 0.205798
21 35 0.051779
21 36 0.023583
21 37 0.153568
21 38 0.590401
21 39 0.019299
21 40 0.828969
21 41 0.552765
21 42 0.108547
21 43 0.172989
21 44 0.569659
21 45 0.189109
21 46 0.172989
21 47 0.245316
21 48 0.172989
21 49 0.121503
21 50 0.006763
21 51 0.800669
21 52 0.005177
21 53 0.135230
21 54 0.227550
21 55 0.071949
21 56 0.051779
21 57 0.939390
21 58 0.042353
21 59 0.655709
21 60 0.051779
21 61 0.844503
21 62 0.096388
21 63 0.281925
21 64 0.223001
21 65 0.391878
21 66 0.153568
21 67 0.791203
21 68 0.108547
21 69 0.820692
21 70 0.082237
21 71 0.205798
21 72 0.108547
21 73 0.687189
21 74 0.023583
21 75 0.329464
21 76 0.011782
21 77 0.655709
21 78 0.286770
21 79 0.286770
21 80 0.415919
21 81 0.778725
21 82 0.205798
21 83 0.060180
21 84 0.014763
21 85 0.286770
21 86 0.029925
21 87 0.082237
21 88 0.108547
21 89 0.035762
21 90 0.245316
21 91 0.240658
21 92 0.508636
21 93 0.071949
21 94 0.108547
21 95 0.434867
21 96 0.051779
21 97 0.108547
21 98 0.716439
21 99 0.590401
22 0 0.071949
22 1 0.168897
22 2 0.448784
22 3 0.108547
22 4 0.626001
22 5 0.002473
22 6 0.071949
22 7 0.743482
22 8 0.029925
22 9 0.096388
22 10 0.138922
22 11 0.029925
22 12 0.108547
22 13 0.172989
22 14 0.108547
22 15 0.019299
22 16 0.606413
22 17 0.023583
22 18 0.096388
22 19 0.245316
22 20 0.348574
22 21 0.641070
22 22 0.000000
22 23 0.051779
22 24 0.071949
22 25 0.121504
22 26 0.168897
22 27 0.776073
22 28 0.641070
22 29 0.060180
22 30 0.035762
22 31 0.019299
22 32 0.210224
22 33 0.286770
22 34 0.019299
22 35 0.172989
22 36 0.513285
22 37 0.495294
22 38 0.121504
22 39 0.622014
22 40 0.223000
22 41 0.172989
22 42 0.472229
22 43 0.051779
22 44 0.001279
22 45 0.011090
22 46 0.606413
22 47 0.035762
22 48 0.818482
22 49 0.121504
22 50 0.019299
22 51 0.108547
22 52 0.626001
22 53 0.051779
22 54 0.189109
22 55 0.227550
22 56 0.002681
22 57 0.765619
22 58 0.034173
22 59 0.552765
22 60 0.082237
22 61 0.060180
22 62 0.019299
22 63 0.268234
22 64 0.011782
22 65 0.548312
22 66 0.778725
22 67 0.051779
22 68 0.569659
22 69 0.740481
22 70 0.189109
22 71 0.051779
22 72 0.281925
22 73 0.286770
22 74 0.051779
22 75 0.286770
22 76 0.029925
22 77 0.227550
22 78 0.108547
22 79 0.096388
22 80 0.042353
22 81 0.348574
22 82 0.108547
22 83 0.011782
22 84 0.093360
22 85 0.023583
22 86 0.168897
22 87 0.029925
22 88 0.391878
22 89 0.641070
22 90 0.205798
22 91 0.305549
22 92 0.071949
22 93 0.029925
22 94 0.153568
22 95 0.453650
22 96 0.227550
22 97 0.153568
22 98 0.490569
22 99 0.011782
23 0 0.227550
23 1 0.121504
23 2 0.121503
23 3 0.082237
23 4 0.051779
23 5 0.286770
23 6 0.348574
23 7 0.495294
23 8 0.071949
23 9 0.051779
23 10 0.223001
23 11 0.121504
23 12 0.082237
23 13 0.011782
23 14 0.011090
23 15 0.019299
23 16 0.348574
23 17 0.082237
23 18 0.637193
23 19 0.669913
23 20 0.121504
23 21 0.184861
23 22 0.051779
23 23 0.000000
23 24 0.138922
23 25 0.530966
23 26 0.060180
23 27 0.011782
23 28 0.227550
23 29 0.051779
23 30 0.082237
23 31 0.788678
23 32 0.042353
23 33 0.590401
23 34 0.391878
23 35 0.035762
23 36 0.029925
23 37 0.391878
23 38 0.029925
23 39 0.172989
23 40 0.023583
23 41 0.205798
23 42 0.490569
23 43 0.851783
23 44 0.189109
23 45 0.023583
23 46 0.305549
23 47 0.019299
23 48 0.281925
23 49 0.011782
23 50 0.372722
23 51 0.071949
23 52 0.263461
23 53 0.108547
23 54 0.035762
23 55 0.035762
23 56 0.019299
23 57 0.035762
23 58 0.108547
23 59 0.093360
23 60 0.227550
23 61 0.367737
23 62 0.477022
23 63 0.035762
23 64 0.082237
23 65 0.223001
23 66 0.410971
23 67 0.071949
23 68 0.205798
23 69 0.019299
23 70 0.051779
23 71 0.138922
23 72 0.168897
23 73 0.005177
23 74 0.082237
23 75 0.019299
23 76 0.029925
23 77 0.011782
23 78 0.051779
23 79 0.268234
23 80 0.495294
23 81 0.776073
23 82 0.011782
23 83 0.023583
23 84 0.227550
23 85 0.305549
23 86 0.305549
23 87 0.606413
23 88 0.687190
23 89 0.082237
23 90 0.082237
23 91 0.305549
23 92 0.071949
23 93 0.051779
23 94 0.082237
23 95 0.367737
23 96 0.641070
23 97 0.005177
23 98 0.060180
23 99 0.082237
24 0 0.108547
24 1 0.093360
24 2 0.035762
24 3 0.300646
24 4 0.071949
24 5 0.348574
24 6 0.659444
24 7 0.904700
24 8 0.367737
24 9 0.245316
24 10 0.071949
24 11 0.069412
24 12 0.121504
24 13 0.227550
24 14 0.060180
24 15 0.138922
24 16 0.367737
24 17 0.019299
24 18 0.305549
24 19 0.227550
24 20 0.687189
24 21 0.019299
24 22 0.071949
24 23 0.138922
24 24 0.000000
24 25 0.035762
24 26 0.240658
24 27 0.108547
24 28 0.035762
24 29 0.082237
24 30 0.153568
24 31 0.071949
24 32 0.172989
24 33 0.495294
24 34 0.071949
24 35 0.108547
24 36 0.168897
24 37 0.310464
24 38 0.205798
24 39 0.651944
24 40 0.189109
24 41 0.740481
24 42 0.093360
24 43 0.108547
24 44 0.149692
24 45 0.051779
24 46 0.740482
24 47 0.227550
24 48 0.673535
24 49 0.189109
24 50 0.135231
24 51 0.263461
24 52 0.138922
24 53 0.071949
24 54 0.035762
24 55 0.005177
24 56 0.286770
24 57 0.391878
24 58 0.305549
24 59 0.121504
24 60 0.245316
24 61 0.138922
24 62 0.093360
24 63 0.778725
24 64 0.082237
24 65 0.051779
24 66 0.569659
24 67 0.820692
24 68 0.071949
24 69 0.641070
24 70 0.060180
24 71 0.019299
24 72 0.495294
24 73 0.121503
24 74 0.035762
24 75 0.329464
24 76 0.108547
24 77 0.060180
24 78 0.205798
24 79 0.472229
24 80 0.108547
24 81 0.798244
24 82 0.071949
24 83 0.641070
24 84 0.023583
24 85 0.108547
24 86 0.329464
24 87 0.227550
24 88 0.138922
24 89 0.673535
24 90 0.453650
24 91 0.071949
24 92 0.035762
24 93 0.429954
24 94 0.006763
24 95 0.071949
24 96 0.082237
24 97 0.035762
24 98 0.071949
24 99 0.552765
25 0 0.205798
25 1 0.096388
25 2 0.205798
25 3 0.513285
25 4 0.042353
25 5 0.011782
25 6 0.108547
25 7 0.019299
25 8 0.218482
25 9 0.071949
25 10 0.788678
25 11 0.434867
25 12 0.227550
25 13 0.286770
25 14 0.410971
25 15 0.168897
25 16 0.035762
25 17 0.108547
25 18 0.348574
25 19 0.035762
25 20 0.189109
25 21 0.138922
25 22 0.121504
25 23 0.530966
25 24 0.035762
25 25 0.000000
25 26 0.138922
25 27 0.108547
25 28 0.263461
25 29 0.728674
25 30 0.051779
25 31 0.153568
25 32 0.800669
25 33 0.029925
25 34 0.138922
25 35 0.153568
25 36 0.051779
25 37 0.410971
25 38 0.268234
25 39 0.051779
25 40 0.164848
25 41 0.268234
25 42 0.051779
25 43 0.071949
25 44 0.324511
25 45 0.410971
25 46 0.453650
25 47 0.227550
25 48 0.023583
25 49 0.495294
25 50 0.108547
25 51 0.082237
25 52 0.329464
25 53 0.245316
25 54 0.071949
25 55 0.019299
25 56 0.305549
25 57 0.082237
25 58 0.189109
25 59 0.108547
25 60 0.205798
25 61 0.641070
25 62 0.410971
25 63 0.472229
25 64 0.034173
25 65 0.956464
25 66 0.002681
25 67 0.569659
25 68 0.189109
25 69 0.329464
25 70 0.121504
25 71 0.071949
25 72 0.700406
25 73 0.051779
25 74 0.108547
25 75 0.071949
25 76 0.023583
25 77 0.093360
25 78 0.153568
25 79 0.348574
25 80 0.329464
25 81 0.121504
25 82 0.019299
25 83 0.019299
25 84 0.019299
25 85 0.513285
25 86 0.093360
25 87 0.014763
25 88 0.003622
25 89 0.205798
25 90 0.552765
25 91 0.071949
25 92 0.019299
25 93 0.060180
25 94 0.035762
25 95 0.019299
25 96 0.028526
25 97 0.069412
25 98 0.019299
25 99 0.310464
26 0 0.035762
26 1 0.189109
26 2 0.530966
26 3 0.606413
26 4 0.019299
26 5 0.108547
26 6 0.637193
26 7 0.329464
26 8 0.622014
26 9 0.029925
26 10 0.082237
26 11 0.910477
26 12 0.153568
26 13 0.743482
26 14 0.002681
26 15 0.011782
26 16 0.082237
26 17 0.951157
26 18 0.149692
26 19 0.434867
26 20 0.348574
26 21 0.245316
26 22 0.168897
26 23 0.060180
26 24 0.240658
26 25 0.138922
26 26 0.000000
26 27 0.082237
26 28 0.535509
26 29 0.606413
26 30 0.367737
26 31 0.135230
26 32 0.530966
26 33 0.286770
26 34 0.189109
26 35 0.019299
26 36 0.035762
26 37 0.108547
26 38 0.108547
26 39 0.453650
26 40 0.049729
26 41 0.590401
26 42 0.286770
26 43 0.329464
26 44 0.227550
26 45 0.029925
26 46 0.168897
26 47 0.227550
26 48 0.011782
26 49 0.569659
26 50 0.051779
26 51 0.552765
26 52 0.391878
26 53 0.189109
26 54 0.305549
26 55 0.434867
26 56 0.286770
26 57 0.535509
26 58 0.310464
26 59 0.082237
26 60 0.263461
26 61 0.606413
26 62 0.716439
26 63 0.035762
26 64 0.011782
26 65 0.108547
26 66 0.071949
26 67 0.964978
26 68 0.622014
26 69 0.051779
26 70 0.453650
26 71 0.051779
26 72 0.071949
26 73 0.367737
26 74 0.899866
26 75 0.641070
26 76 0.477022
26 77 0.641070
26 78 0.227550
26 79 0.227550
26 80 0.042353
26 81 0.348574
26 82 0.329464
26 83 0.743482
26 84 0.923918
26 85 0.467420
26 86 0.655709
26 87 0.071949
26 88 0.606413
26 89 0.096388
26 90 0.535509
26 91 0.227550
26 92 0.826850
26 93 0.820692
26 94 0.082237
26 95 0.082237
26 96 0.049729
26 97 0.005177
26 98 0.108547
26 99 0.590401
27 0 0.082237
27 1 0.011782
27 2 0.641070
27 3 0.788679
27 4 0.168897
27 5 0.060180
27 6 0.286770
27 7 0.223000
27 8 0.189109
27 9 0.410971
27 10 0.245316
27 11 0.184861
27 12 0.138922
27 13 0.268234
27 14 0.002681
27 15 0.121504
27 16 0.205798
27 17 0.138922
27 18 0.245316
27 19 0.051779
27 20 0.268234
27 21 0.051779
27 22 0.776073
27 23 0.011782
27 24 0.108547
27 25 0.108547
27 26 0.082237
27 27 0.000000
27 28 0.029925
27 29 0.153568
27 30 0.477022
27 31 0.809759
27 32 0.082237
27 33 0.121503
27 34 0.108547
27 35 0.121504
27 36 0.800669
27 37 0.051779
27 38 0.945222
27 39 0.035762
27 40 0.153568
27 41 0.641070
27 42 0.096388
27 43 0.945222
27 44 0.168897
27 45 0.071949
27 46 0.263461
27 47 0.105307
27 48 0.434867
27 49 0.991689
27 50 0.391878
27 51 0.071949
