0 0 0.000000
0 1 0.023583
0 2 0.013938
0 3 0.205798
0 4 0.093360
0 5 0.176483
0 6 0.425031
0 7 0.051779
0 8 0.040565
0 9 0.035762
0 10 0.138922
0 11 0.922921
0 12 0.029925
0 13 0.028526
0 14 0.014763
0 15 0.253982
0 16 0.028526
0 17 0.108547
0 18 0.001279
0 19 0.042353
0 20 0.023583
0 21 0.348574
0 22 0.019299
0 23 0.329464
0 24 0.035762
0 25 0.135231
0 26 0.035762
0 27 0.348574
0 28 0.029925
0 29 0.011782
0 30 0.011782
0 31 0.028526
0 32 0.300647
0 33 0.069412
0 34 0.076783
0 35 0.069412
0 36 0.425031
0 37 0.051779
0 38 0.071949
0 39 0.737452
0 40 0.001279
0 41 0.121504
0 42 0.641070
0 43 0.606413
0 44 0.683681
0 45 0.205798
0 46 0.338626
0 47 0.051779
0 48 0.305549
0 49 0.586172
0 50 0.319566
0 51 0.981145
0 52 0.622014
0 53 0.002681
0 54 0.530966
0 55 0.051779
0 56 0.051779
0 57 0.135231
0 58 0.019299
0 59 0.105307
0 60 0.093360
0 61 0.093360
0 62 0.049729
0 63 0.005177
0 64 0.011782
0 65 0.490569
0 66 0.205798
0 67 0.029925
0 68 0.263461
0 69 0.406015
0 70 0.798244
0 71 0.602289
0 72 0.651944
0 73 0.305549
0 74 0.060180
0 75 0.108547
0 76 0.051779
0 77 0.709906
0 78 0.049729
0 79 0.014763
0 80 0.057916
0 81 0.184861
0 82 0.324511
0 83 0.245316
0 84 0.082237
0 85 0.108547
0 86 0.867102
0 87 0.168897
0 88 0.035762
0 89 0.082237
0 90 0.121504
0 91 0.118059
0 92 0.008716
0 93 0.149692
0 94 0.184861
0 95 0.490569
0 96 0.019299
0 97 0.108547
0 98 0.035762
0 99 0.051779
1 0 0.023583
1 1 0.000000
1 2 0.019299
1 3 0.093360
1 4 0.102123
1 5 0.042353
1 6 0.023583
1 7 0.245316
1 8 0.362752
1 9 0.035762
1 10 0.245316
1 11 0.858750
1 12 0.029925
1 13 0.205798
1 14 0.263461
1 15 0.149692
1 16 0.071949
1 17 0.042353
1 18 0.386901
1 19 0.362752
1 20 0.448784
1 21 0.844504
1 22 0.429954
1 23 0.223001
1 24 0.028526
1 25 0.019299
1 26 0.245316
1 27 0.011782
1 28 0.002681
1 29 0.467420
1 30 0.019299
1 31 0.448784
1 32 0.011782
1 33 0.071949
1 34 0.495294
1 35 0.223001
1 36 0.035762
1 37 0.931183
1 38 0.060180
1 39 0.121504
1 40 0.019299
1 41 0.042353
1 42 0.453650
1 43 0.135231
1 44 0.108547
1 45 0.029925
1 46 0.060180
1 47 0.035762
1 48 0.049729
1 49 0.560919
1 50 0.082237
1 51 0.011782
1 52 0.042353
1 53 0.472229
1 54 0.245316
1 55 0.367737
1 56 0.343597
1 57 0.042353
1 58 0.002681
1 59 0.201407
1 60 0.105307
1 61 0.028526
1 62 0.105307
1 63 0.434867
1 64 0.034173
1 65 0.305549
1 66 0.105307
1 67 0.121504
1 68 0.005177
1 69 0.035762
1 70 0.019299
1 71 0.121504
1 72 0.023583
1 73 0.093360
1 74 0.035762
1 75 0.495294
1 76 0.035762
1 77 0.019299
1 78 0.908134
1 79 0.319566
1 80 0.005177
1 81 0.108547
1 82 0.022408
1 83 0.391878
1 84 0.401053
1 85 0.011782
1 86 0.022408
1 87 0.014763
1 88 0.105307
1 89 0.060180
1 90 0.035762
1 91 0.263461
1 92 0.051779
1 93 0.019299
1 94 0.042353
1 95 0.448784
1 96 0.029925
1 97 0.153568
1 98 0.168897
1 99 0.184861
2 0 0.013938
2 1 0.019299
2 2 0.000000
2 3 0.093360
2 4 0.108547
2 5 0.019299
2 6 0.057916
2 7 0.728674
2 8 0.453650
2 9 0.121504
2 10 0.121504
2 11 0.168897
2 12 0.429954
2 13 0.153568
2 14 0.071949
2 15 0.223001
2 16 0.513285
2 17 0.329464
2 18 0.121504
2 19 0.069412
2 20 0.011782
2 21 0.867102
2 22 0.277097
2 23 0.263461
2 24 0.035762
2 25 0.049729
2 26 0.118059
2 27 0.683681
2 28 0.079482
2 29 0.069412
2 30 0.776073
2 31 0.121504
2 32 0.406015
2 33 0.079482
2 34 0.348574
2 35 0.093360
2 36 0.138922
2 37 0.042353
2 38 0.076783
2 39 0.008716
2 40 0.552765
2 41 0.268234
2 42 0.138922
2 43 0.765619
2 44 0.006763
2 45 0.295757
2 46 0.093360
2 47 0.019299
2 48 0.042353
2 49 0.006763
2 50 0.028526
2 51 0.082237
2 52 0.227550
2 53 0.035762
2 54 0.006763
2 55 0.362752
2 56 0.648150
2 57 0.548312
2 58 0.093360
2 59 0.962646
2 60 0.051779
2 61 0.135230
2 62 0.184861
2 63 0.201407
2 64 0.011782
2 65 0.305549
2 66 0.051779
2 67 0.051779
2 68 0.028526
2 69 0.014763
2 70 0.011782
2 71 0.060180
2 72 0.023583
2 73 0.826850
2 74 0.019299
2 75 0.530966
2 76 0.008170
2 77 0.019299
2 78 0.189109
2 79 0.005177
2 80 0.035762
2 81 0.172989
2 82 0.006763
2 83 0.005177
2 84 0.022408
2 85 0.051779
2 86 0.079482
2 87 0.008716
2 88 0.472229
2 89 0.909313
2 90 0.071949
2 91 0.105307
2 92 0.189109
2 93 0.093360
2 94 0.581915
2 95 0.508635
2 96 0.019299
2 97 0.019299
2 98 0.964509
2 99 0.530966
3 0 0.205798
3 1 0.093360
3 2 0.093360
3 3 0.000000
3 4 0.773394
3 5 0.035762
3 6 0.008716
3 7 0.842559
3 8 0.035762
3 9 0.300646
3 10 0.093360
3 11 0.121504
3 12 0.069412
3 13 0.108547
3 14 0.042353
3 15 0.205798
3 16 0.069412
3 17 0.023583
3 18 0.051779
3 19 0.343597
3 20 0.443904
3 21 0.035762
3 22 0.035762
3 23 0.060180
3 24 0.180651
3 25 0.953579
3 26 0.118059
3 27 0.697012
3 28 0.093360
3 29 0.093360
3 30 0.138922
3 31 0.082237
3 32 0.709906
3 33 0.429954
3 34 0.035762
3 35 0.082237
3 36 0.184861
3 37 0.153568
3 38 0.281925
3 39 0.245316
3 40 0.263461
3 41 0.093360
3 42 0.105307
3 43 0.093360
3 44 0.005177
3 45 0.035762
3 46 0.108547
3 47 0.005177
3 48 0.184861
3 49 0.189109
3 50 0.005177
3 51 0.453650
3 52 0.023583
3 53 0.035762
3 54 0.245316
3 55 0.281925
3 56 0.205798
3 57 0.108547
3 58 0.035762
3 59 0.023583
3 60 0.324511
3 61 0.401052
3 62 0.121504
3 63 0.950508
3 64 0.281925
3 65 0.035762
3 66 0.851783
3 67 0.778725
3 68 0.223001
3 69 0.042353
3 70 0.093360
3 71 0.051779
3 72 0.064507
3 73 0.000556
3 74 0.029925
3 75 0.035762
3 76 0.138922
3 77 0.673535
3 78 0.189109
3 79 0.082237
3 80 0.060180
3 81 0.105307
3 82 0.023583
3 83 0.108547
3 84 0.005177
3 85 0.008716
3 86 0.035762
3 87 0.168897
3 88 0.548312
3 89 0.873404
3 90 0.172989
3 91 0.108547
3 92 0.006763
3 93 0.093360
3 94 0.189109
3 95 0.809759
3 96 0.090388
3 97 0.367737
3 98 0.305549
3 99 0.508635
4 0 0.093360
4 1 0.102123
4 2 0.108547
4 3 0.773394
4 4 0.000000
4 5 0.011090
4 6 0.019299
4 7 0.071949
4 8 0.023583
4 9 0.879428
4 10 0.391878
4 11 0.051779
4 12 0.051779
4 13 0.051779
4 14 0.153568
4 15 0.029925
4 16 0.737452
4 17 0.253982
4 18 0.051779
4 19 0.023583
4 20 0.716439
4 21 0.131589
4 22 0.655709
4 23 0.011782
4 24 0.051779
4 25 0.008716
4 26 0.019299
4 27 0.018287
4 28 0.205798
4 29 0.060180
4 30 0.076782
4 31 0.300646
4 32 0.011782
4 33 0.000814
4 34 0.138922
4 35 0.035762
4 36 0.548312
4 37 0.281925
4 38 0.153568
4 39 0.011782
4 40 0.019299
4 41 0.019299
4 42 0.011782
4 43 0.184861
4 44 0.867102
4 45 0.014763
4 46 0.201407
4 47 0.003622
4 48 0.666262
4 49 0.011782
4 50 0.034173
4 51 0.453650
4 52 0.019299
4 53 0.042353
4 54 0.028526
4 55 0.035762
4 56 0.131589
4 57 0.003622
4 58 0.029925
4 59 0.028526
4 60 0.028526
4 61 0.042353
4 62 0.168897
4 63 0.023583
4 64 0.014763
4 65 0.105307
4 66 0.060180
4 67 0.617997
4 68 0.051779
4 69 0.952961
4 70 0.018287
4 71 0.051779
4 72 0.060180
4 73 0.121504
4 74 0.277097
4 75 0.153568
4 76 0.011782
4 77 0.023583
4 78 0.005177
4 79 0.245316
4 80 0.035762
4 81 0.227550
4 82 0.049729
4 83 0.108547
4 84 0.051779
4 85 0.425031
4 86 0.049729
4 87 0.060180
4 88 0.795793
4 89 0.245316
4 90 0.051779
4 91 0.263461
4 92 0.042353
4 93 0.004818
4 94 0.022408
4 95 0.513285
4 96 0.018287
4 97 0.565302
4 98 0.019299
4 99 0.201407
5 0 0.176483
5 1 0.042353
5 2 0.019299
5 3 0.035762
5 4 0.011090
5 5 0.000000
5 6 0.586172
5 7 0.035762
5 8 0.189109
5 9 0.018287
5 10 0.367737
5 11 0.028526
5 12 0.082237
5 13 0.118059
5 14 0.305549
5 15 0.121503
5 16 0.023583
5 17 0.019299
5 18 0.121504
5 19 0.029925
5 20 0.018287
5 21 0.051779
5 22 0.002473
5 23 0.153568
5 24 0.530966
5 25 0.011782
5 26 0.286770
5 27 0.014763
5 28 0.079482
5 29 0.023583
5 30 0.343597
5 31 0.002681
5 32 0.386901
5 33 0.168897
5 34 0.023583
5 35 0.205798
5 36 0.019299
5 37 0.014763
5 38 0.060180
5 39 0.606413
5 40 0.138922
5 41 0.029925
5 42 0.429954
5 43 0.348574
5 44 0.071949
5 45 0.005177
5 46 0.108547
5 47 0.108547
5 48 0.765618
5 49 0.071949
5 50 0.018287
5 51 0.049729
5 52 0.530966
5 53 0.005177
5 54 0.019299
5 55 0.868768
5 56 0.019299
5 57 0.153568
5 58 0.002681
5 59 0.931183
5 60 0.467420
5 61 0.367737
5 62 0.223000
5 63 0.093360
5 64 0.060180
5 65 0.121503
5 66 0.168897
5 67 0.223001
5 68 0.348574
5 69 0.240658
5 70 0.023583
5 71 0.762834
5 72 0.386901
5 73 0.386901
5 74 0.029925
5 75 0.029925
5 76 0.135231
5 77 0.071949
5 78 0.218482
5 79 0.018287
5 80 0.391878
5 81 0.002681
5 82 0.096388
5 83 0.013938
5 84 0.079482
5 85 0.778725
5 86 0.149692
5 87 0.019299
5 88 0.121503
5 89 0.713187
5 90 0.410971
5 91 0.108547
5 92 0.569659
5 93 0.004818
5 94 0.700406
5 95 0.149692
5 96 0.121504
5 97 0.565302
5 98 0.057916
5 99 0.029925
6 0 0.425031
6 1 0.023583
6 2 0.057916
6 3 0.008716
6 4 0.019299
6 5 0.586172
6 6 0.000000
6 7 0.060180
6 8 0.108547
6 9 0.002681
6 10 0.035762
6 11 0.006317
6 12 0.168897
6 13 0.495294
6 14 0.019299
6 15 0.153568
6 16 0.258710
6 17 0.060180
6 18 0.001794
6 19 0.662580
6 20 0.042353
6 21 0.713187
6 22 0.051779
6 23 0.093360
6 24 0.008716
6 25 0.023583
6 26 0.381921
6 27 0.410971
6 28 0.108547
6 29 0.149692
6 30 0.569659
6 31 0.329464
6 32 0.223001
6 33 0.029925
6 34 0.245316
6 35 0.093360
6 36 0.082237
6 37 0.082237
6 38 0.093360
6 39 0.023583
6 40 0.429954
6 41 0.035762
6 42 0.168897
6 43 0.035762
6 44 0.189109
6 45 0.071949
6 46 0.079482
6 47 0.018287
6 48 0.082237
6 49 0.637193
6 50 0.005177
6 51 0.035762
6 52 0.014763
6 53 0.060180
6 54 0.042353
6 55 0.093360
6 56 0.019299
6 57 0.245316
6 58 0.019299
6 59 0.011090
6 60 0.057916
6 61 0.138922
6 62 0.633287
6 63 0.019299
6 64 0.060180
6 65 0.816249
6 66 0.011782
6 67 0.102123
6 68 0.164848
6 69 0.069412
6 70 0.093360
6 71 0.023583
6 72 0.029925
6 73 0.240658
6 74 0.149692
6 75 0.153568
6 76 0.023583
6 77 0.011782
6 78 0.023583
6 79 0.082237
6 80 0.060180
6 81 0.023583
6 82 0.941615
6 83 0.051779
6 84 0.560920
6 85 0.079481
6 86 0.367737
6 87 0.263461
6 88 0.079482
6 89 0.223001
6 90 0.019299
6 91 0.006763
6 92 0.102123
6 93 0.300647
6 94 0.552765
6 95 0.005177
6 96 0.014763
6 97 0.014763
6 98 0.490569
6 99 0.060180
7 0 0.051779
7 1 0.245316
7 2 0.728674
7 3 0.842559
7 4 0.071949
7 5 0.035762
7 6 0.060180
7 7 0.000000
7 8 0.071949
7 9 0.348574
7 10 0.453650
7 11 0.386901
7 12 0.051779
7 13 0.205798
7 14 0.118059
7 15 0.189109
7 16 0.121503
7 17 0.014763
7 18 0.023583
7 19 0.324511
7 20 0.348574
7 21 0.005177
7 22 0.874996
7 23 0.069412
7 24 0.401052
7 25 0.019299
7 26 0.153568
7 27 0.669913
7 28 0.751866
7 29 0.002681
7 30 0.135231
7 31 0.034173
7 32 0.018287
7 33 0.028526
7 34 0.014763
7 35 0.633287
7 36 0.184860
7 37 0.051779
7 38 0.184861
7 39 0.121503
7 40 0.042353
7 41 0.223001
7 42 0.513285
7 43 0.410971
7 44 0.201407
7 45 0.295757
7 46 0.357768
7 47 0.828969
7 48 0.019299
7 49 0.602289
7 50 0.324511
7 51 0.051779
7 52 0.149692
7 53 0.019299
7 54 0.108547
7 55 0.135231
7 56 0.189109
7 57 0.008716
7 58 0.093360
7 59 0.108547
7 60 0.526400
7 61 0.121504
7 62 0.153568
7 63 0.227550
7 64 0.006763
7 65 0.006763
7 66 0.263461
7 67 0.189109
7 68 0.035762
7 69 0.386901
7 70 0.060180
7 71 0.751866
7 72 0.153568
7 73 0.069412
7 74 0.035762
7 75 0.429954
7 76 0.914824
7 77 0.245316
7 78 0.168897
7 79 0.105307
7 80 0.082237
7 81 0.121504
7 82 0.002681
7 83 0.006763
7 84 0.108547
7 85 0.082237
7 86 0.019299
7 87 0.429954
7 88 0.018287
7 89 0.131589
7 90 0.011782
7 91 0.019299
7 92 0.765619
7 93 0.082237
7 94 0.035762
7 95 0.102123
7 96 0.189109
7 97 0.281925
7 98 0.776073
7 99 0.071949
8 0 0.040565
8 1 0.362752
8 2 0.453650
8 3 0.035762
8 4 0.023583
8 5 0.189109
8 6 0.108547
8 7 0.071949
8 8 0.000000
8 9 0.651944
8 10 0.240658
8 11 0.035762
8 12 0.051779
8 13 0.049729
8 14 0.019299
8 15 0.071949
8 16 0.069412
8 17 0.263461
8 18 0.300646
8 19 0.953579
8 20 0.005177
8 21 0.006763
8 22 0.029925
8 23 0.108547
8 24 0.713187
8 25 0.055709
8 26 0.090388
8 27 0.305549
8 28 0.014763
8 29 0.051779
8 30 0.205798
8 31 0.090388
8 32 0.245316
8 33 0.118059
8 34 0.011782
8 35 0.019299
8 36 0.069412
8 37 0.108547
8 38 0.513285
8 39 0.227550
8 40 0.367737
8 41 0.153568
8 42 0.023583
8 43 0.295757
8 44 0.071949
8 45 0.263461
8 46 0.042353
8 47 0.051779
8 48 0.051779
8 49 0.079482
8 50 0.102123
8 51 0.035762
8 52 0.305549
8 53 0.245316
8 54 0.069412
8 55 0.023583
8 56 0.485825
8 57 0.189109
8 58 0.180651
8 59 0.184861
8 60 0.223000
8 61 0.035762
8 62 0.223001
8 63 0.958629
8 64 0.245316
8 65 0.138922
8 66 0.508635
8 67 0.552765
8 68 0.005177
8 69 0.168897
8 70 0.485825
8 71 0.028526
8 72 0.082237
8 73 0.014763
8 74 0.051779
8 75 0.029925
8 76 0.641070
8 77 0.060180
8 78 0.245316
8 79 0.006763
8 80 0.018287
8 81 0.023583
8 82 0.042353
8 83 0.079482
8 84 0.324511
8 85 0.000372
8 86 0.300647
8 87 0.189109
8 88 0.851783
8 89 0.035762
8 90 0.324511
8 91 0.002681
8 92 0.773393
8 93 0.018287
8 94 0.184861
8 95 0.153568
8 96 0.168897
8 97 0.019299
8 98 0.060180
8 99 0.051779
9 0 0.035762
9 1 0.035762
9 2 0.121504
9 3 0.300646
9 4 0.879428
9 5 0.018287
9 6 0.002681
9 7 0.348574
9 8 0.651944
9 9 0.000000
9 10 0.023583
9 11 0.066931
9 12 0.051779
9 13 0.082237
9 14 0.060180
9 15 0.023583
9 16 0.082237
9 17 0.633287
9 18 0.005177
9 19 0.051779
9 20 0.029925
9 21 0.453650
9 22 0.096388
9 23 0.011782
9 24 0.205798
9 25 0.011782
9 26 0.029925
9 27 0.105307
9 28 0.121504
9 29 0.034173
9 30 0.286770
9 31 0.035762
9 32 0.035762
9 33 0.149692
9 34 0.051779
9 35 0.034173
9 36 0.042353
9 37 0.513285
9 38 0.305549
9 39 0.348574
9 40 0.082237
9 41 0.135231
9 42 0.060180
9 43 0.082237
9 44 0.367737
9 45 0.153568
9 46 0.687189
9 47 0.286770
9 48 0.049729
9 49 0.035762
9 50 0.138922
9 51 0.079482
9 52 0.598137
9 53 0.019299
9 54 0.019299
9 55 0.003354
9 56 0.362752
9 57 0.168897
9 58 0.851783
9 59 0.343597
9 60 0.093360
9 61 0.490569
9 62 0.971852
9 63 0.121504
9 64 0.967167
9 65 0.348574
9 66 0.014763
9 67 0.108547
9 68 0.027175
9 69 0.809759
9 70 0.002681
9 71 0.324511
9 72 0.028526
9 73 0.011782
9 74 0.014763
9 75 0.035762
9 76 0.003622
9 77 0.029925
9 78 0.082237
9 79 0.069412
9 80 0.005177
9 81 0.490569
9 82 0.343597
9 83 0.011782
9 84 0.964509
9 85 0.245316
9 86 0.051779
9 87 0.047734
9 88 0.926688
9 89 0.858750
9 90 0.019299
9 91 0.849921
9 92 0.164848
9 93 0.079482
9 94 0.006763
9 95 0.245316
9 96 0.223001
9 97 0.180652
9 98 0.189109
9 99 0.029925
10 0 0.138922
10 1 0.245316
10 2 0.121504
10 3 0.093360
10 4 0.391878
10 5 0.367737
10 6 0.035762
10 7 0.453650
10 8 0.240658
10 9 0.023583
10 10 0.000000
10 11 0.060180
10 12 0.108547
10 13 0.227550
10 14 0.548312
10 15 0.508635
10 16 0.816249
10 17 0.227550
10 18 0.581916
10 19 0.508635
10 20 0.011782
10 21 0.005177
10 22 0.035762
10 23 0.057916
10 24 0.019299
10 25 0.021276
10 26 0.082237
10 27 0.121504
10 28 0.286770
10 29 0.453650
10 30 0.011782
10 31 0.006763
10 32 0.172989
10 33 0.105307
10 34 0.108547
10 35 0.042353
10 36 0.049729
10 37 0.138922
10 38 0.004818
10 39 0.042353
10 40 0.573990
10 41 0.051779
10 42 0.205798
10 43 0.569659
10 44 0.406015
10 45 0.027175
10 46 0.286770
10 47 0.740481
10 48 0.011782
10 49 0.108547
10 50 0.051779
10 51 0.108547
10 52 0.019299
10 53 0.343597
10 54 0.011782
10 55 0.051779
10 56 0.153568
10 57 0.042353
10 58 0.049729
10 59 0.042353
10 60 0.071949
10 61 0.108547
10 62 0.011782
10 63 0.201407
10 64 0.348574
10 65 0.637193
10 66 0.042353
10 67 0.172989
10 68 0.960162
10 69 0.035762
10 70 0.079482
10 71 0.725534
10 72 0.362752
10 73 0.006763
10 74 0.886639
10 75 0.223000
10 76 0.082237
10 77 0.071949
10 78 0.042353
10 79 0.035762
10 80 0.227550
10 81 0.201407
10 82 0.338625
10 83 0.992406
10 84 0.069412
10 85 0.669913
10 86 0.121504
10 87 0.071949
10 88 0.082237
10 89 0.060180
10 90 0.227550
10 91 0.184861
10 92 0.019299
10 93 0.728674
10 94 0.826850
10 95 0.027175
10 96 0.028526
10 97 0.000372
10 98 0.069412
10 99 0.448784
11 0 0.922921
11 1 0.858750
11 2 0.168897
11 3 0.121504
11 4 0.051779
11 5 0.028526
11 6 0.006317
11 7 0.386901
11 8 0.035762
11 9 0.066931
11 10 0.060180
11 11 0.000000
11 12 0.834872
11 13 0.035762
11 14 0.023583
11 15 0.022408
11 16 0.153568
11 17 0.087472
11 18 0.071949
11 19 0.429954
11 20 0.223001
11 21 0.138922
11 22 0.051779
11 23 0.042353
11 24 0.049729
11 25 0.569659
11 26 0.425030
11 27 0.602289
11 28 0.042353
11 29 0.565302
11 30 0.035762
11 31 0.205798
11 32 0.019299
11 33 0.071949
11 34 0.277096
11 35 0.014763
11 36 0.001794
11 37 0.885184
11 38 0.348574
11 39 0.610510
11 40 0.071949
11 41 0.082237
11 42 0.121503
11 43 0.060180
11 44 0.263461
11 45 0.038829
11 46 0.003622
11 47 0.071949
11 48 0.051779
11 49 0.011782
11 50 0.641070
11 51 0.019299
11 52 0.429954
11 53 0.082237
11 54 0.082237
11 55 0.189109
11 56 0.121504
11 57 0.005177
11 58 0.305549
11 59 0.168897
11 60 0.093360
11 61 0.121504
11 62 0.019299
11 63 0.530966
11 64 0.082237
11 65 0.324511
11 66 0.135231
11 67 0.189109
11 68 0.386901
11 69 0.051779
11 70 0.138922
11 71 0.093360
11 72 0.023583
11 73 0.042353
11 74 0.006763
11 75 0.305549
11 76 0.069412
11 77 0.060180
11 78 0.205798
11 79 0.105307
11 80 0.022408
11 81 0.201407
11 82 0.035762
11 83 0.042353
11 84 0.343597
11 85 0.011782
11 86 0.051779
11 87 0.051779
11 88 0.051779
11 89 0.367737
11 90 0.135231
11 91 0.093360
11 92 0.049729
11 93 0.425031
11 94 0.135230
11 95 0.060180
11 96 0.386901
11 97 0.002681
11 98 0.381921
11 99 0.586172
12 0 0.029925
12 1 0.029925
12 2 0.429954
12 3 0.069412
12 4 0.051779
12 5 0.082237
12 6 0.168897
12 7 0.051779
12 8 0.051779
12 9 0.051779
12 10 0.108547
12 11 0.834872
12 12 0.000000
12 13 0.381921
12 14 0.425031
12 15 0.131589
12 16 0.687189
12 17 0.042353
12 18 0.205798
12 19 0.168897
12 20 0.093360
12 21 0.673535
12 22 0.391878
12 23 0.023583
12 24 0.093360
12 25 0.006763
12 26 0.205798
12 27 0.189109
12 28 0.637193
12 29 0.035762
12 30 0.019299
12 31 0.023583
12 32 0.135231
12 33 0.879428
12 34 0.019299
12 35 0.108547
12 36 0.189109
12 37 0.011782
12 38 0.305549
12 39 0.149693
12 40 0.201407
12 41 0.637193
12 42 0.683681
12 43 0.014763
12 44 0.205798
12 45 0.060180
12 46 0.153568
12 47 0.093360
12 48 0.263461
12 49 0.019299
12 50 0.018287
12 51 0.286770
12 52 0.153568
12 53 0.218481
12 54 0.381921
12 55 0.713187
12 56 0.201407
12 57 0.860512
12 58 0.035762
12 59 0.014763
12 60 0.548312
12 61 0.093360
12 62 0.082237
12 63 0.535509
12 64 0.286770
12 65 0.002681
12 66 0.028526
12 67 0.788678
12 68 0.687190
12 69 0.367737
12 70 0.040565
12 71 0.035762
12 72 0.035762
12 73 0.019299
12 74 0.051779
12 75 0.093360
12 76 0.019299
12 77 0.008716
12 78 0.189109
12 79 0.071949
12 80 0.305549
12 81 0.049729
12 82 0.765619
12 83 0.300646
12 84 0.976197
12 85 0.008716
12 86 0.851783
12 87 0.023583
12 88 0.042353
12 89 0.060180
12 90 0.019299
12 91 0.108547
12 92 0.245316
12 93 0.218482
12 94 0.060180
12 95 0.153568
12 96 0.014763
12 97 0.836903
12 98 0.029925
12 99 0.035762
13 0 0.028526
13 1 0.205798
13 2 0.153568
13 3 0.108547
13 4 0.051779
13 5 0.118059
13 6 0.495294
13 7 0.205798
13 8 0.049729
13 9 0.082237
13 10 0.227550
13 11 0.035762
13 12 0.381921
13 13 0.000000
13 14 0.683681
13 15 0.223001
13 16 0.060180
13 17 0.019299
13 18 0.748946
13 19 0.035762
13 20 0.655709
13 21 0.069412
13 22 0.019299
13 23 0.011782
13 24 0.286770
13 25 0.687190
13 26 0.669913
13 27 0.227550
13 28 0.429954
13 29 0.035762
13 30 0.189109
13 31 0.023583
13 32 0.005177
13 33 0.826850
13 34 0.168897
13 35 0.066931
13 36 0.245316
13 37 0.071949
13 38 0.145864
13 39 0.391878
13 40 0.051779
13 41 0.051779
13 42 0.138922
13 43 0.138922
13 44 0.153568
13 45 0.060180
13 46 0.548312
13 47 0.051779
13 48 0.913714
13 49 0.586172
13 50 0.153568
13 51 0.035762
13 52 0.001794
13 53 0.035762
13 54 0.153568
13 55 0.816248
13 56 0.602289
13 57 0.168897
13 58 0.042353
13 59 0.019299
13 60 0.343597
13 61 0.019299
13 62 0.367737
13 63 0.027175
13 64 0.071949
13 65 0.910477
13 66 0.069412
13 67 0.343597
13 68 0.108547
13 69 0.530966
13 70 0.006763
13 71 0.245316
13 72 0.743482
13 73 0.765618
13 74 0.381921
13 75 0.513285
13 76 0.060180
13 77 0.018287
13 78 0.042353
13 79 0.006763
13 80 0.071949
13 81 0.602289
13 82 0.565302
13 83 0.526400
13 84 0.023583
13 85 0.236026
13 86 0.066931
13 87 0.189109
13 88 0.019299
13 89 0.093360
13 90 0.205798
13 91 0.153568
13 92 0.655709
13 93 0.042353
13 94 0.429954
13 95 0.105307
13 96 0.410971
13 97 0.410971
13 98 0.138922
13 99 0.071949
14 0 0.014763
14 1 0.263461
14 2 0.071949
14 3 0.042353
14 4 0.153568
14 5 0.305549
14 6 0.019299
14 7 0.118059
14 8 0.019299
14 9 0.060180
14 10 0.548312
14 11 0.023583
14 12 0.425031
14 13 0.683681
14 14 0.000000
14 15 0.082237
14 16 0.108547
14 17 0.005177
14 18 0.386901
14 19 0.029925
14 20 0.011090
14 21 0.071949
14 22 0.108547
14 23 0.001168
14 24 0.121504
14 25 0.079482
14 26 0.002681
14 27 0.002681
14 28 0.367737
14 29 0.093360
14 30 0.023583
14 31 0.205798
14 32 0.548312
14 33 0.079482
14 34 0.118059
14 35 0.362752
14 36 0.071949
14 37 0.263461
14 38 0.069412
14 39 0.300646
14 40 0.324511
14 41 0.680144
14 42 0.343597
14 43 0.223001
14 44 0.023583
14 45 0.108547
14 46 0.666262
14 47 0.472229
14 48 0.069412
14 49 0.011782
14 50 0.011782
14 51 0.131589
14 52 0.023583
14 53 0.305549
14 54 0.338626
14 55 0.189109
14 56 0.005177
14 57 0.138922
14 58 0.641070
14 59 0.042353
14 60 0.245316
14 61 0.019299
14 62 0.082237
14 63 0.826850
14 64 0.008716
14 65 0.836903
14 66 0.121504
14 67 0.042353
14 68 0.223001
14 69 0.277096
14 70 0.286770
14 71 0.082237
14 72 0.013938
14 73 0.205798
14 74 0.023583
14 75 0.453650
14 76 0.201407
14 77 0.168897
14 78 0.348574
14 79 0.434867
14 80 0.029925
14 81 0.035762
14 82 0.051779
14 83 0.324511
14 84 0.005177
14 85 0.236026
14 86 0.023583
14 87 0.108547
14 88 0.737452
14 89 0.051779
14 90 0.071949
14 91 0.386901
14 92 0.011782
14 93 0.138922
14 94 0.001279
14 95 0.153568
14 96 0.011782
14 97 0.011090
14 98 0.023583
14 99 0.223001
15 0 0.253982
15 1 0.149692
15 2 0.223001
15 3 0.205798
15 4 0.029925
15 5 0.121503
15 6 0.153568
15 7 0.189109
15 8 0.071949
15 9 0.023583
15 10 0.508635
15 11 0.022408
15 12 0.131589
15 13 0.223001
15 14 0.082237
15 15 0.000000
15 16 0.035762
15 17 0.002681
15 18 0.029925
15 19 0.040565
15 20 0.135231
15 21 0.329464
15 22 0.019299
15 23 0.011782
15 24 0.011782
15 25 0.135230
15 26 0.011782
15 27 0.305549
15 28 0.071949
15 29 0.105307
15 30 0.586172
15 31 0.006763
15 32 0.006763
15 33 0.011782
15 34 0.057916
15 35 0.082237
15 36 0.102123
15 37 0.035762
15 38 0.189109
15 39 0.023583
15 40 0.049729
15 41 0.453650
15 42 0.844504
15 43 0.329464
15 44 0.000556
15 45 0.362752
15 46 0.227550
15 47 0.014763
15 48 0.019299
15 49 0.049729
15 50 0.082237
15 51 0.826850
15 52 0.425031
15 53 0.386901
15 54 0.218482
15 55 0.082237
15 56 0.118059
15 57 0.011090
15 58 0.023583
15 59 0.000556
15 60 0.391878
15 61 0.003622
15 62 0.029925
15 63 0.153568
15 64 0.060180
15 65 0.029925
15 66 0.245316
15 67 0.005177
15 68 0.035762
15 69 0.874996
15 70 0.018287
15 71 0.093360
15 72 0.205798
15 73 0.149692
15 74 0.189109
15 75 0.367737
15 76 0.725534
15 77 0.319567
15 78 0.051779
15 79 0.367737
15 80 0.168897
15 81 0.683681
15 82 0.042353
15 83 0.184860
15 84 0.051779
15 85 0.014763
15 86 0.700406
15 87 0.023583
15 88 0.201407
15 89 0.006763
15 90 0.184861
15 91 0.034173
15 92 0.019299
15 93 0.014763
15 94 0.011782
15 95 0.490569
15 96 0.018287
15 97 0.581916
15 98 0.189109
15 99 0.508635
16 0 0.028526
16 1 0.071949
16 2 0.513285
16 3 0.069412
16 4 0.737452
16 5 0.023583
16 6 0.258710
16 7 0.121503
16 8 0.069412
16 9 0.082237
16 10 0.816249
16 11 0.153568
16 12 0.687189
16 13 0.060180
16 14 0.108547
16 15 0.035762
16 16 0.000000
16 17 0.348574
16 18 0.121504
16 19 0.138922
16 20 0.093360
16 21 0.245316
16 22 0.281925
16 23 0.637193
16 24 0.258710
16 25 0.205798
16 26 0.082237
16 27 0.093360
16 28 0.049729
16 29 0.071949
16 30 0.004818
16 31 0.005177
16 32 0.552765
16 33 0.121504
16 34 0.082237
16 35 0.834872
16 36 0.281925
16 37 0.201407
16 38 0.035762
16 39 0.079482
16 40 0.087472
16 41 0.042353
16 42 0.849921
16 43 0.788678
16 44 0.410971
16 45 0.035762
16 46 0.138922
16 47 0.448784
16 48 0.300647
16 49 0.023583
16 50 0.023583
16 51 0.245316
16 52 0.069412
16 53 0.189109
16 54 0.281925
16 55 0.526399
16 56 0.168897
16 57 0.069412
16 58 0.023583
16 59 0.189109
16 60 0.093360
16 61 0.108547
16 62 0.018287
16 63 0.029925
16 64 0.462595
16 65 0.138922
16 66 0.023583
16 67 0.530966
16 68 0.108547
16 69 0.149692
16 70 0.879428
16 71 0.300647
16 72 0.019299
16 73 0.305549
16 74 0.096388
16 75 0.082237
16 76 0.005177
16 77 0.105307
16 78 0.268234
16 79 0.027175
16 80 0.023583
16 81 0.042353
16 82 0.245316
16 83 0.028526
16 84 0.201407
16 85 0.153568
16 86 0.082237
16 87 0.227550
16 88 0.429954
16 89 0.019299
16 90 0.245316
16 91 0.060180
16 92 0.005177
16 93 0.028526
16 94 0.006763
16 95 0.121504
16 96 0.005177
16 97 0.885184
16 98 0.118059
16 99 0.082237
17 0 0.108547
17 1 0.042353
17 2 0.329464
17 3 0.023583
17 4 0.253982
17 5 0.019299
17 6 0.060180
17 7 0.014763
17 8 0.263461
17 9 0.633287
17 10 0.227550
17 11 0.087472
17 12 0.042353
17 13 0.019299
17 14 0.005177
17 15 0.002681
17 16 0.348574
17 17 0.000000
17 18 0.076783
17 19 0.184861
17 20 0.240658
17 21 0.060180
17 22 0.023583
17 23 0.082237
17 24 0.019299
17 25 0.023583
17 26 0.955884
17 27 0.051779
17 28 0.029925
17 29 0.029925
17 30 0.343597
17 31 0.023583
17 32 0.240658
17 33 0.082237
17 34 0.406015
17 35 0.060180
17 36 0.168897
17 37 0.069412
17 38 0.071949
17 39 0.236026
17 40 0.023583
17 41 0.019299
17 42 0.268234
17 43 0.002681
17 44 0.508635
17 45 0.184861
17 46 0.305549
17 47 0.011782
17 48 0.598137
17 49 0.108547
17 50 0.666262
17 51 0.069412
17 52 0.108547
17 53 0.060180
17 54 0.940842
17 55 0.201407
17 56 0.051779
17 57 0.189109
17 58 0.131589
17 59 0.082237
17 60 0.035762
17 61 0.093360
17 62 0.425031
17 63 0.051779
17 64 0.108547
17 65 0.118059
17 66 0.391878
17 67 0.035762
17 68 0.622014
17 69 0.108547
17 70 0.227550
17 71 0.513285
17 72 0.606413
17 73 0.011782
17 74 0.490569
17 75 0.002681
17 76 0.019299
17 77 0.598137
17 78 0.508635
17 79 0.286770
17 80 0.189109
17 81 0.071949
17 82 0.348574
17 83 0.042353
17 84 0.168897
17 85 0.006763
17 86 0.168897
17 87 0.543835
17 88 0.006763
17 89 0.386901
17 90 0.028526
17 91 0.168897
17 92 0.051779
17 93 0.153568
17 94 0.184861
17 95 0.490569
17 96 0.042353
17 97 0.060180
17 98 0.105307
17 99 0.343597
18 0 0.001279
18 1 0.386901
18 2 0.121504
18 3 0.051779
18 4 0.051779
18 5 0.121504
18 6 0.001794
18 7 0.023583
18 8 0.300646
18 9 0.005177
18 10 0.581916
18 11 0.071949
18 12 0.205798
18 13 0.748946
18 14 0.386901
18 15 0.029925
18 16 0.121504
18 17 0.076783
18 18 0.000000
18 19 0.121503
18 20 0.002681
18 21 0.082237
18 22 0.029925
18 23 0.295757
18 24 0.622014
18 25 0.223001
18 26 0.008170
18 27 0.008716
18 28 0.035762
18 29 0.121504
18 30 0.082237
18 31 0.121503
18 32 0.023583
18 33 0.548312
18 34 0.011782
18 35 0.824708
18 36 0.051779
18 37 0.051779
18 38 0.602289
18 39 0.023583
18 40 0.966727
18 41 0.003622
18 42 0.135230
18 43 0.240658
18 44 0.005177
18 45 0.453650
18 46 0.071949
18 47 0.245316
18 48 0.051779
18 49 0.060180
18 50 0.005177
18 51 0.019299
18 52 0.105307
18 53 0.598137
18 54 0.135231
18 55 0.138922
18 56 0.108547
18 57 0.090388
18 58 0.319566
18 59 0.223001
18 60 0.011782
18 61 0.042353
18 62 0.071949
18 63 0.184861
18 64 0.008716
18 65 0.008170
18 66 0.029925
18 67 0.788678
18 68 0.029925
18 69 0.138922
18 70 0.023583
18 71 0.014763
18 72 0.023583
18 73 0.035762
18 74 0.023583
18 75 0.324511
18 76 0.410971
18 77 0.035762
18 78 0.453650
18 79 0.023583
18 80 0.227550
18 81 0.006763
18 82 0.622014
18 83 0.029925
18 84 0.022408
18 85 0.105307
18 86 0.093360
18 87 0.218481
18 88 0.035762
18 89 0.069412
18 90 0.023583
18 91 0.968808
18 92 0.189109
18 93 0.042353
18 94 0.071949
18 95 0.184861
18 96 0.108547
18 97 0.343597
18 98 0.108547
18 99 0.648149
19 0 0.042353
19 1 0.362752
19 2 0.069412
19 3 0.343597
19 4 0.023583
19 5 0.029925
19 6 0.662580
19 7 0.324511
19 8 0.953579
19 9 0.051779
19 10 0.508635
19 11 0.429954
19 12 0.168897
19 13 0.035762
19 14 0.029925
19 15 0.040565
19 16 0.138922
19 17 0.184861
19 18 0.121503
19 19 0.000000
19 20 0.108547
19 21 0.069412
19 22 0.069412
19 23 0.381921
19 24 0.535509
19 25 0.000556
19 26 0.153568
19 27 0.011782
19 28 0.305549
19 29 0.019299
19 30 0.042353
19 31 0.040565
19 32 0.096388
19 33 0.029925
19 34 0.391878
19 35 0.029925
19 36 0.029925
19 37 0.035762
19 38 0.051779
19 39 0.205798
19 40 0.114667
19 41 0.362752
19 42 0.082237
19 43 0.118059
19 44 0.008716
19 45 0.019299
19 46 0.205798
19 47 0.131589
19 48 0.022408
19 49 0.028526
19 50 0.082237
19 51 0.108547
19 52 0.121504
19 53 0.035762
19 54 0.060180
19 55 0.108547
19 56 0.035762
19 57 0.184860
19 58 0.725534
19 59 0.071949
19 60 0.093360
19 61 0.762834
19 62 0.135231
19 63 0.245316
19 64 0.108547
19 65 0.565302
19 66 0.051779
19 67 0.023583
19 68 0.019299
19 69 0.006763
19 70 0.093360
19 71 0.168897
19 72 0.513285
19 73 0.240658
19 74 0.149692
19 75 0.135231
19 76 0.047734
19 77 0.035762
19 78 0.138922
19 79 0.042353
19 80 0.367737
19 81 0.138922
19 82 0.453650
19 83 0.029925
19 84 0.005177
19 85 0.042353
19 86 0.042353
19 87 0.029925
19 88 0.029925
19 89 0.138922
19 90 0.807430
19 91 0.035762
19 92 0.168897
19 93 0.121504
19 94 0.153568
19 95 0.319566
19 96 0.029925
19 97 0.023583
19 98 0.035762
19 99 0.069412
20 0 0.023583
20 1 0.448784
20 2 0.011782
20 3 0.443904
20 4 0.716439
20 5 0.018287
20 6 0.042353
20 7 0.348574
20 8 0.005177
20 9 0.029925
20 10 0.011782
20 11 0.223001
20 12 0.093360
20 13 0.655709
20 14 0.011090
20 15 0.135231
20 16 0.093360
20 17 0.240658
20 18 0.002681
20 19 0.108547
20 20 0.000000
20 21 0.245316
20 22 0.105307
20 23 0.042353
20 24 0.066931
20 25 0.472229
20 26 0.472229
20 27 0.227550
20 28 0.019299
20 29 0.834872
20 30 0.633287
20 31 0.035762
20 32 0.348574
20 33 0.286770
20 34 0.003622
20 35 0.000372
20 36 0.135230
20 37 0.135231
20 38 0.121504
20 39 0.164848
20 40 0.153568
20 41 0.227550
20 42 0.590401
20 43 0.521812
20 44 0.300647
20 45 0.006763
20 46 0.029925
20 47 0.005177
20 48 0.184861
20 49 0.941615
20 50 0.019299
20 51 0.108547
20 52 0.969970
20 53 0.227550
20 54 0.786128
20 55 0.019299
20 56 0.490569
20 57 0.172989
20 58 0.019299
20 59 0.071949
20 60 0.201407
20 61 0.035762
20 62 0.305549
20 63 0.168897
20 64 0.023583
20 65 0.467420
20 66 0.019299
20 67 0.049729
20 68 0.118059
20 69 0.002681
20 70 0.983223
20 71 0.443905
20 72 0.035762
20 73 0.153568
20 74 0.060180
20 75 0.006763
20 76 0.011782
20 77 0.060180
20 78 0.490569
20 79 0.108547
20 80 0.472229
20 81 0.205798
20 82 0.324511
20 83 0.844504
20 84 0.082237
20 85 0.029925
20 86 0.082237
20 87 0.245316
20 88 0.586172
20 89 0.082237
20 90 0.001794
20 91 0.000372
20 92 0.028526
20 93 0.002681
20 94 0.135231
20 95 0.121503
20 96 0.006763
20 97 0.023583
20 98 0.082237
20 99 0.268234
21 0 0.348574
21 1 0.844504
21 2 0.867102
21 3 0.035762
21 4 0.131589
21 5 0.051779
21 6 0.713187
21 7 0.005177
21 8 0.006763
21 9 0.453650
21 10 0.005177
21 11 0.138922
21 12 0.673535
21 13 0.069412
21 14 0.071949
21 15 0.329464
21 16 0.245316
21 17 0.060180
21 18 0.082237
21 19 0.069412
21 20 0.245316
21 21 0.000000
21 22 0.448784
21 23 0.022408
21 24 0.051779
21 25 0.023583
21 26 0.205798
21 27 0.051779
21 28 0.060180
21 29 0.051779
21 30 0.011090
21 31 0.329464
21 32 0.263461
21 33 0.201407
21 34 0.223001
21 35 0.108547
21 36 0.060180
21 37 0.168897
21 38 0.472229
21 39 0.051779
21 40 0.617997
21 41 0.728674
21 42 0.035762
21 43 0.372722
21 44 0.300646
21 45 0.245316
21 46 0.172989
21 47 0.305549
21 48 0.011782
21 49 0.263461
21 50 0.006763
21 51 0.448784
21 52 0.005177
21 53 0.049729
21 54 0.082237
21 55 0.019299
21 56 0.153568
21 57 0.947930
21 58 0.093360
21 59 0.300646
21 60 0.051779
21 61 0.773392
21 62 0.071949
21 63 0.149692
21 64 0.149692
21 65 0.754757
21 66 0.060180
21 67 0.844504
21 68 0.348574
21 69 0.530966
21 70 0.082237
21 71 0.472229
21 72 0.082237
21 73 0.300646
21 74 0.023583
21 75 0.082237
21 76 0.011782
21 77 0.637193
21 78 0.153568
21 79 0.305549
21 80 0.205798
21 81 0.953579
21 82 0.324511
21 83 0.014763
21 84 0.014763
21 85 0.324511
21 86 0.029925
21 87 0.082237
21 88 0.023583
21 89 0.035762
21 90 0.042353
21 91 0.090388
21 92 0.425031
21 93 0.011782
21 94 0.006763
21 95 0.888076
21 96 0.051779
21 97 0.035762
21 98 0.548312
21 99 0.606413
22 0 0.019299
22 1 0.429954
22 2 0.277097
22 3 0.035762
22 4 0.655709
22 5 0.002473
22 6 0.051779
22 7 0.874996
22 8 0.029925
22 9 0.096388
22 10 0.035762
22 11 0.051779
22 12 0.391878
22 13 0.019299
22 14 0.108547
22 15 0.019299
22 16 0.281925
22 17 0.023583
22 18 0.029925
22 19 0.069412
22 20 0.105307
22 21 0.448784
22 22 0.000000
22 23 0.051779
22 24 0.138922
22 25 0.008716
22 26 0.184861
22 27 0.849921
22 28 0.240658
22 29 0.014763
22 30 0.035762
22 31 0.051779
22 32 0.172989
22 33 0.153568
22 34 0.002681
22 35 0.051779
22 36 0.565302
22 37 0.622014
22 38 0.410971
22 39 0.017316
22 40 0.386901
22 41 0.019299
22 42 0.149692
22 43 0.153568
22 44 0.001279
22 45 0.011090
22 46 0.448784
22 47 0.023583
22 48 0.581916
22 49 0.028526
22 50 0.019299
22 51 0.082237
22 52 0.324511
22 53 0.051779
22 54 0.153568
22 55 0.108547
22 56 0.002681
22 57 0.180652
22 58 0.034173
22 59 0.669913
22 60 0.042353
22 61 0.014763
22 62 0.019299
22 63 0.245316
22 64 0.011782
22 65 0.362752
22 66 0.508635
22 67 0.051779
22 68 0.425031
22 69 0.295757
22 70 0.060180
22 71 0.035762
22 72 0.057916
22 73 0.060180
22 74 0.108547
22 75 0.121504
22 76 0.029925
22 77 0.035762
22 78 0.108547
22 79 0.172989
22 80 0.135231
22 81 0.263461
22 82 0.035762
22 83 0.035762
22 84 0.569659
22 85 0.023583
22 86 0.281925
22 87 0.005177
22 88 0.168897
22 89 0.343597
22 90 0.223001
22 91 0.069412
22 92 0.227550
22 93 0.029925
22 94 0.245316
22 95 0.069412
22 96 0.082237
22 97 0.008716
22 98 0.218481
22 99 0.011782
23 0 0.329464
23 1 0.223001
23 2 0.263461
23 3 0.060180
23 4 0.011782
23 5 0.153568
23 6 0.093360
23 7 0.069412
23 8 0.108547
23 9 0.011782
23 10 0.057916
23 11 0.042353
23 12 0.023583
23 13 0.011782
23 14 0.001168
23 15 0.011782
23 16 0.637193
23 17 0.082237
23 18 0.295757
23 19 0.381921
23 20 0.042353
23 21 0.022408
23 22 0.051779
23 23 0.000000
23 24 0.051779
23 25 0.697012
23 26 0.028526
23 27 0.011782
23 28 0.153568
23 29 0.082237
23 30 0.060180
23 31 0.966281
23 32 0.093360
23 33 0.853624
23 34 0.386901
23 35 0.035762
23 36 0.029925
23 37 0.093360
23 38 0.029925
23 39 0.071949
23 40 0.023583
23 41 0.028526
23 42 0.508636
23 43 0.885185
23 44 0.082237
23 45 0.023583
23 46 0.069412
23 47 0.002681
23 48 0.240658
23 49 0.011782
23 50 0.716439
23 51 0.019299
23 52 0.223001
23 53 0.060180
23 54 0.006763
23 55 0.006763
23 56 0.019299
23 57 0.082237
23 58 0.035762
23 59 0.004818
23 60 0.153568
23 61 0.240658
23 62 0.205798
23 63 0.035762
23 64 0.023583
23 65 0.105307
23 66 0.011090
23 67 0.051779
23 68 0.740481
23 69 0.019299
23 70 0.051779
23 71 0.011782
23 72 0.105307
23 73 0.005177
23 74 0.082237
23 75 0.019299
23 76 0.029925
23 77 0.035762
23 78 0.051779
23 79 0.535509
23 80 0.184861
23 81 0.197052
23 82 0.011782
23 83 0.003622
23 84 0.108547
23 85 0.223001
23 86 0.018287
23 87 0.040565
23 88 0.851783
23 89 0.082237
23 90 0.023583
23 91 0.223001
23 92 0.138922
23 93 0.035762
23 94 0.003622
23 95 0.118059
23 96 0.788678
23 97 0.005177
23 98 0.014763
23 99 0.082237
24 0 0.035762
24 1 0.028526
24 2 0.035762
24 3 0.180651
24 4 0.051779
24 5 0.530966
24 6 0.008716
24 7 0.401052
24 8 0.713187
24 9 0.205798
24 10 0.019299
24 11 0.049729
24 12 0.093360
24 13 0.286770
24 14 0.121504
24 15 0.011782
24 16 0.258710
24 17 0.019299
24 18 0.622014
24 19 0.535509
24 20 0.066931
24 21 0.051779
24 22 0.138922
24 23 0.051779
24 24 0.000000
24 25 0.035762
24 26 0.508635
24 27 0.495294
24 28 0.082237
24 29 0.003622
24 30 0.042353
24 31 0.019299
24 32 0.019299
24 33 0.453650
24 34 0.108547
24 35 0.035762
24 36 0.429954
24 37 0.434867
24 38 0.028526
24 39 0.314630
24 40 0.023583
24 41 0.786128
24 42 0.028526
24 43 0.189109
24 44 0.240658
24 45 0.051779
24 46 0.357768
24 47 0.108547
24 48 0.079482
24 49 0.286770
24 50 0.386901
24 51 0.324511
24 52 0.495294
24 53 0.071949
24 54 0.035762
24 55 0.005177
24 56 0.286770
24 57 0.168897
24 58 0.135231
24 59 0.135230
24 60 0.093360
24 61 0.051779
24 62 0.069412
24 63 0.406015
24 64 0.082237
24 65 0.051779
24 66 0.490569
24 67 0.874996
24 68 0.071949
24 69 0.472229
24 70 0.042353
24 71 0.035762
24 72 0.069412
24 73 0.042353
24 74 0.006763
24 75 0.060180
24 76 0.035762
24 77 0.093360
24 78 0.263461
24 79 0.184861
24 80 0.153568
24 81 0.503966
24 82 0.071949
24 83 0.149692
24 84 0.023583
24 85 0.153568
24 86 0.082237
24 87 0.035762
24 88 0.051779
24 89 0.945222
24 90 0.472229
24 91 0.071949
24 92 0.035762
24 93 0.565302
24 94 0.006763
24 95 0.035762
24 96 0.023583
24 97 0.006763
24 98 0.071949
24 99 0.429954
25 0 0.135231
25 1 0.019299
25 2 0.049729
25 3 0.953579
25 4 0.008716
25 5 0.011782
25 6 0.023583
25 7 0.019299
25 8 0.055709
25 9 0.011782
25 10 0.021276
25 11 0.569659
25 12 0.006763
25 13 0.687190
25 14 0.079482
25 15 0.135230
25 16 0.205798
25 17 0.023583
25 18 0.223001
25 19 0.000556
25 20 0.472229
25 21 0.023583
25 22 0.008716
25 23 0.697012
25 24 0.035762
25 25 0.000000
25 26 0.227550
25 27 0.082237
25 28 0.490569
25 29 0.258710
25 30 0.011782
25 31 0.121503
25 32 0.240658
25 33 0.029925
25 34 0.051779
25 35 0.060180
25 36 0.051779
25 37 0.240658
25 38 0.189109
25 39 0.051779
25 40 0.017316
25 41 0.082237
25 42 0.035762
25 43 0.019299
25 44 0.079482
25 45 0.324511
25 46 0.281925
25 47 0.082237
25 48 0.023583
25 49 0.093360
25 50 0.108547
25 51 0.552765
25 52 0.205798
25 53 0.069412
25 54 0.071949
25 55 0.019299
25 56 0.263461
25 57 0.082237
25 58 0.223001
25 59 0.035762
25 60 0.028526
25 61 0.490569
25 62 0.135231
25 63 0.066931
25 64 0.006317
25 65 0.971852
25 66 0.002681
25 67 0.164848
25 68 0.093360
25 69 0.082237
25 70 0.008716
25 71 0.023583
25 72 0.581915
25 73 0.011782
25 74 0.108547
25 75 0.051779
25 76 0.023583
25 77 0.028526
25 78 0.121504
25 79 0.093360
25 80 0.453650
25 81 0.008716
25 82 0.051779
25 83 0.019299
25 84 0.019299
25 85 0.118059
25 86 0.004818
25 87 0.001794
25 88 0.003622
25 89 0.049729
25 90 0.105307
25 91 0.071949
25 92 0.002681
25 93 0.060180
25 94 0.060180
25 95 0.019299
25 96 0.004818
25 97 0.069412
25 98 0.002681
25 99 0.002681
26 0 0.035762
26 1 0.245316
26 2 0.118059
26 3 0.118059
26 4 0.019299
26 5 0.286770
26 6 0.381921
26 7 0.153568
26 8 0.090388
26 9 0.029925
26 10 0.082237
26 11 0.425030
26 12 0.205798
26 13 0.669913
26 14 0.002681
26 15 0.011782
26 16 0.082237
26 17 0.955884
26 18 0.008170
26 19 0.153568
26 20 0.472229
26 21 0.205798
26 22 0.184861
26 23 0.028526
26 24 0.508635
26 25 0.227550
26 26 0.000000
26 27 0.023583
26 28 0.778725
26 29 0.300646
26 30 0.713187
26 31 0.034173
26 32 0.683681
26 33 0.410971
26 34 0.153568
26 35 0.019299
26 36 0.060180
26 37 0.108547
26 38 0.035762
26 39 0.788678
26 40 0.034173
26 41 0.011090
26 42 0.245316
26 43 0.121504
26 44 0.434867
26 45 0.029925
26 46 0.135231
26 47 0.348574
26 48 0.011782
26 49 0.149692
26 50 0.051779
26 51 0.057916
26 52 0.069412
26 53 0.023583
26 54 0.281925
26 55 0.716439
26 56 0.121504
26 57 0.410971
26 58 0.138922
26 59 0.060180
26 60 0.240658
26 61 0.776073
26 62 0.655709
26 63 0.035762
26 64 0.011782
26 65 0.035762
26 66 0.019299
26 67 0.849921
26 68 0.258710
26 69 0.108547
26 70 0.765619
26 71 0.051779
26 72 0.019299
26 73 0.798244
26 74 0.381921
26 75 0.324511
26 76 0.743482
26 77 0.240658
26 78 0.035762
26 79 0.108547
26 80 0.008716
26 81 0.263461
26 82 0.153568
26 83 0.874996
26 84 0.795793
26 85 0.737452
26 86 0.102123
26 87 0.329464
26 88 0.281925
26 89 0.096388
26 90 0.093360
26 91 0.082237
26 92 0.443905
26 93 0.931183
26 94 0.348574
26 95 0.023583
26 96 0.006317
26 97 0.005177
26 98 0.189109
26 99 0.606413
27 0 0.348574
27 1 0.011782
27 2 0.683681
27 3 0.697012
27 4 0.018287
27 5 0.014763
27 6 0.410971
27 7 0.669913
27 8 0.305549
27 9 0.105307
27 10 0.121504
27 11 0.602289
27 12 0.189109
27 13 0.227550
27 14 0.002681
27 15 0.305549
27 16 0.093360
27 17 0.051779
27 18 0.008716
27 19 0.011782
27 20 0.227550
27 21 0.051779
27 22 0.849921
27 23 0.011782
27 24 0.495294
27 25 0.082237
27 26 0.023583
27 27 0.000000
27 28 0.029925
27 29 0.042353
27 30 0.082237
27 31 0.448784
27 32 0.082237
27 33 0.263461
27 34 0.108547
27 35 0.093360
27 36 0.683681
27 37 0.108547
27 38 0.912589
27 39 0.082237
27 40 0.042353
27 41 0.874996
27 42 0.029925
27 43 0.892072
27 44 0.069412
27 45 0.019299
27 46 0.149692
27 47 0.034173
27 48 0.093360
27 49 0.996618
27 50 0.069412
27 51 0.071949
