0 0 0.000000
0 1 0.023583
0 2 0.013938
0 3 0.263461
0 4 0.168897
0 5 0.053556
0 6 0.055708
0 7 0.051779
0 8 0.090388
0 9 0.023583
0 10 0.329464
0 11 0.949850
0 12 0.029925
0 13 0.004818
0 14 0.014763
0 15 0.045794
0 16 0.069412
0 17 0.035762
0 18 0.001279
0 19 0.042353
0 20 0.023583
0 21 0.367737
0 22 0.019299
0 23 0.286770
0 24 0.035762
0 25 0.149692
0 26 0.035762
0 27 0.093360
0 28 0.029925
0 29 0.011782
0 30 0.011782
0 31 0.069412
0 32 0.258710
0 33 0.105307
0 34 0.055708
0 35 0.069412
0 36 0.824708
0 37 0.011782
0 38 0.071949
0 39 0.521811
0 40 0.001279
0 41 0.135231
0 42 0.713187
0 43 0.386901
0 44 0.401053
0 45 0.168897
0 46 0.314631
0 47 0.051779
0 48 0.049729
0 49 0.131589
0 50 0.007651
0 51 0.883713
0 52 0.526400
0 53 0.002681
0 54 0.425031
0 55 0.035762
0 56 0.011782
0 57 0.105307
0 58 0.011782
0 59 0.034173
0 60 0.168897
0 61 0.049729
0 62 0.105307
0 63 0.005177
0 64 0.011782
0 65 0.236026
0 66 0.367737
0 67 0.029925
0 68 0.049729
0 69 0.666262
0 70 0.503965
0 71 0.543835
0 72 0.025870
0 73 0.281925
0 74 0.121504
0 75 0.035762
0 76 0.023583
0 77 0.948508
0 78 0.049729
0 79 0.014763
0 80 0.057916
0 81 0.184861
0 82 0.281925
0 83 0.042353
0 84 0.023583
0 85 0.189109
0 86 0.748946
0 87 0.135230
0 88 0.006763
0 89 0.023583
0 90 0.093360
0 91 0.164848
0 92 0.004818
0 93 0.013938
0 94 0.079482
0 95 0.164848
0 96 0.019299
0 97 0.035762
0 98 0.006763
0 99 0.011782
1 0 0.023583
1 1 0.000000
1 2 0.019299
1 3 0.069412
1 4 0.401053
1 5 0.008716
1 6 0.023583
1 7 0.028526
1 8 0.357768
1 9 0.035762
1 10 0.205798
1 11 0.111329
1 12 0.005177
1 13 0.093360
1 14 0.034173
1 15 0.013938
1 16 0.002681
1 17 0.008716
1 18 0.319566
1 19 0.145864
1 20 0.526400
1 21 0.892073
1 22 0.201407
1 23 0.201407
1 24 0.028526
1 25 0.019299
1 26 0.093360
1 27 0.011782
1 28 0.011782
1 29 0.087472
1 30 0.019299
1 31 0.633287
1 32 0.011782
1 33 0.391878
1 34 0.223001
1 35 0.034173
1 36 0.035762
1 37 0.629353
1 38 0.060180
1 39 0.042353
1 40 0.019299
1 41 0.008716
1 42 0.149692
1 43 0.105307
1 44 0.082237
1 45 0.005177
1 46 0.014763
1 47 0.060180
1 48 0.049729
1 49 0.676576
1 50 0.014763
1 51 0.011782
1 52 0.042353
1 53 0.300646
1 54 0.042353
1 55 0.164848
1 56 0.406015
1 57 0.042353
1 58 0.002681
1 59 0.467420
1 60 0.281925
1 61 0.069412
1 62 0.034173
1 63 0.049729
1 64 0.006317
1 65 0.118059
1 66 0.013938
1 67 0.028526
1 68 0.005177
1 69 0.035762
1 70 0.019299
1 71 0.168897
1 72 0.003622
1 73 0.093360
1 74 0.035762
1 75 0.716439
1 76 0.035762
1 77 0.011782
1 78 0.967535
1 79 0.021276
1 80 0.005177
1 81 0.082237
1 82 0.003354
1 83 0.028526
1 84 0.176483
1 85 0.011782
1 86 0.022408
1 87 0.014763
1 88 0.057916
1 89 0.135231
1 90 0.035762
1 91 0.367737
1 92 0.051779
1 93 0.002681
1 94 0.028526
1 95 0.032635
1 96 0.005177
1 97 0.060180
1 98 0.168897
1 99 0.090388
2 0 0.013938
2 1 0.019299
2 2 0.000000
2 3 0.028526
2 4 0.006763
2 5 0.019299
2 6 0.201407
2 7 0.964509
2 8 0.105307
2 9 0.205798
2 10 0.324511
2 11 0.011090
2 12 0.683681
2 13 0.121504
2 14 0.138922
2 15 0.448784
2 16 0.034173
2 17 0.153568
2 18 0.205798
2 19 0.069412
2 20 0.011782
2 21 0.272287
2 22 0.114667
2 23 0.105307
2 24 0.035762
2 25 0.011090
2 26 0.118059
2 27 0.114667
2 28 0.079482
2 29 0.018287
2 30 0.231422
2 31 0.069412
2 32 0.277096
2 33 0.022408
2 34 0.201407
2 35 0.093360
2 36 0.286770
2 37 0.042353
2 38 0.076783
2 39 0.008716
2 40 0.569659
2 41 0.329464
2 42 0.108547
2 43 0.680143
2 44 0.006763
2 45 0.098993
2 46 0.093360
2 47 0.019299
2 48 0.008716
2 49 0.006763
2 50 0.223001
2 51 0.023583
2 52 0.060180
2 53 0.035762
2 54 0.006763
2 55 0.319566
2 56 0.644327
2 57 0.467420
2 58 0.028526
2 59 0.959630
2 60 0.051779
2 61 0.135230
2 62 0.118059
2 63 0.526400
2 64 0.011782
2 65 0.105307
2 66 0.035762
2 67 0.035762
2 68 0.028526
2 69 0.001794
2 70 0.011782
2 71 0.060180
2 72 0.003622
2 73 0.114667
2 74 0.011782
2 75 0.786128
2 76 0.008170
2 77 0.019299
2 78 0.121504
2 79 0.019299
2 80 0.035762
2 81 0.071949
2 82 0.006763
2 83 0.005177
2 84 0.118059
2 85 0.082237
2 86 0.022408
2 87 0.008716
2 88 0.343597
2 89 0.560920
2 90 0.051779
2 91 0.034173
2 92 0.286770
2 93 0.028526
2 94 0.593957
2 95 0.295757
2 96 0.019299
2 97 0.019299
2 98 0.940060
2 99 0.362752
3 0 0.263461
3 1 0.069412
3 2 0.028526
3 3 0.000000
3 4 0.457756
3 5 0.205798
3 6 0.028526
3 7 0.556513
3 8 0.035762
3 9 0.047734
3 10 0.028526
3 11 0.240658
3 12 0.049729
3 13 0.286770
3 14 0.028526
3 15 0.168897
3 16 0.223001
3 17 0.023583
3 18 0.035762
3 19 0.102123
3 20 0.849920
3 21 0.035762
3 22 0.035762
3 23 0.042353
3 24 0.277096
3 25 0.980891
3 26 0.300647
3 27 0.314632
3 28 0.028526
3 29 0.028526
3 30 0.227550
3 31 0.023583
3 32 0.481064
3 33 0.602289
3 34 0.035762
3 35 0.023583
3 36 0.281925
3 37 0.093360
3 38 0.145864
3 39 0.049729
3 40 0.105307
3 41 0.168897
3 42 0.079482
3 43 0.028526
3 44 0.005177
3 45 0.035762
3 46 0.108547
3 47 0.005177
3 48 0.149692
3 49 0.082237
3 50 0.005177
3 51 0.168897
3 52 0.023583
3 53 0.035762
3 54 0.049729
3 55 0.201407
3 56 0.324511
3 57 0.108547
3 58 0.006763
3 59 0.023583
3 60 0.386901
3 61 0.053556
3 62 0.042353
3 63 0.629353
3 64 0.131589
3 65 0.035762
3 66 0.912589
3 67 0.565302
3 68 0.034173
3 69 0.042353
3 70 0.028526
3 71 0.011782
3 72 0.016384
3 73 0.000556
3 74 0.029925
3 75 0.035762
3 76 0.227550
3 77 0.826850
3 78 0.023583
3 79 0.003622
3 80 0.060180
3 81 0.034173
3 82 0.023583
3 83 0.035762
3 84 0.005177
3 85 0.008716
3 86 0.006763
3 87 0.034173
3 88 0.680144
3 89 0.946539
3 90 0.108547
3 91 0.082237
3 92 0.006763
3 93 0.093360
3 94 0.453650
3 95 0.886639
3 96 0.027175
3 97 0.826850
3 98 0.655709
3 99 0.485825
4 0 0.168897
4 1 0.401053
4 2 0.006763
4 3 0.457756
4 4 0.000000
4 5 0.011090
4 6 0.019299
4 7 0.051779
4 8 0.023583
4 9 0.609880
4 10 0.606413
4 11 0.011782
4 12 0.108547
4 13 0.051779
4 14 0.121504
4 15 0.029925
4 16 0.176483
4 17 0.098993
4 18 0.051779
4 19 0.023583
4 20 0.508635
4 21 0.047734
4 22 0.503966
4 23 0.011782
4 24 0.051779
4 25 0.008716
4 26 0.019299
4 27 0.002473
4 28 0.135230
4 29 0.014763
4 30 0.021276
4 31 0.131589
4 32 0.011782
4 33 0.000814
4 34 0.082237
4 35 0.082237
4 36 0.102123
4 37 0.131589
4 38 0.205798
4 39 0.011782
4 40 0.019299
4 41 0.019299
4 42 0.035762
4 43 0.240658
4 44 0.253981
4 45 0.014763
4 46 0.027175
4 47 0.003622
4 48 0.176483
4 49 0.011782
4 50 0.006317
4 51 0.281925
4 52 0.002681
4 53 0.042353
4 54 0.004818
4 55 0.006763
4 56 0.010429
4 57 0.003622
4 58 0.005177
4 59 0.028526
4 60 0.028526
4 61 0.042353
4 62 0.057916
4 63 0.023583
4 64 0.014763
4 65 0.057916
4 66 0.014763
4 67 0.045793
4 68 0.051779
4 69 0.942261
4 70 0.018287
4 71 0.035762
4 72 0.014763
4 73 0.448784
4 74 0.662581
4 75 0.060180
4 76 0.011782
4 77 0.023583
4 78 0.000372
4 79 0.008716
4 80 0.035762
4 81 0.108547
4 82 0.011090
4 83 0.008716
4 84 0.011782
4 85 0.253981
4 86 0.011090
4 87 0.060180
4 88 0.314631
4 89 0.386901
4 90 0.051779
4 91 0.184861
4 92 0.028526
4 93 0.004818
4 94 0.022408
4 95 0.343597
4 96 0.002473
4 97 0.401053
4 98 0.019299
4 99 0.027175
5 0 0.053556
5 1 0.008716
5 2 0.019299
5 3 0.205798
5 4 0.011090
5 5 0.000000
5 6 0.824708
5 7 0.014763
5 8 0.153568
5 9 0.018287
5 10 0.105307
5 11 0.004818
5 12 0.121504
5 13 0.040565
5 14 0.011090
5 15 0.008716
5 16 0.023583
5 17 0.019299
5 18 0.004818
5 19 0.029925
5 20 0.018287
5 21 0.051779
5 22 0.002473
5 23 0.305549
5 24 0.258710
5 25 0.001279
5 26 0.060180
5 27 0.042353
5 28 0.240658
5 29 0.003622
5 30 0.218482
5 31 0.002681
5 32 0.040565
5 33 0.263461
5 34 0.205798
5 35 0.069412
5 36 0.019299
5 37 0.014763
5 38 0.121504
5 39 0.903465
5 40 0.051779
5 41 0.138922
5 42 0.201407
5 43 0.168897
5 44 0.019299
5 45 0.005177
5 46 0.108547
5 47 0.153568
5 48 0.443905
5 49 0.071949
5 50 0.002473
5 51 0.049729
5 52 0.017316
5 53 0.005177
5 54 0.019299
5 55 0.842559
5 56 0.002681
5 57 0.060180
5 58 0.002681
5 59 0.962146
5 60 0.737452
5 61 0.184861
5 62 0.184860
5 63 0.028526
5 64 0.008716
5 65 0.069412
5 66 0.018287
5 67 0.079482
5 68 0.028526
5 69 0.201407
5 70 0.023583
5 71 0.401053
5 72 0.047734
5 73 0.406015
5 74 0.029925
5 75 0.029925
5 76 0.184861
5 77 0.071949
5 78 0.197052
5 79 0.002473
5 80 0.205798
5 81 0.002681
5 82 0.071949
5 83 0.013938
5 84 0.022408
5 85 0.448784
5 86 0.149692
5 87 0.019299
5 88 0.121503
5 89 0.443905
5 90 0.223001
5 91 0.189109
5 92 0.669914
5 93 0.004818
5 94 0.508635
5 95 0.013938
5 96 0.121504
5 97 0.055708
5 98 0.057916
5 99 0.019299
6 0 0.055708
6 1 0.023583
6 2 0.201407
6 3 0.028526
6 4 0.019299
6 5 0.824708
6 6 0.000000
6 7 0.014763
6 8 0.006763
6 9 0.002681
6 10 0.082237
6 11 0.006317
6 12 0.069412
6 13 0.472229
6 14 0.108547
6 15 0.042353
6 16 0.102123
6 17 0.093360
6 18 0.001794
6 19 0.267496
6 20 0.028526
6 21 0.314631
6 22 0.051779
6 23 0.018287
6 24 0.008716
6 25 0.023583
6 26 0.114667
6 27 0.135231
6 28 0.035762
6 29 0.057916
6 30 0.145864
6 31 0.003622
6 32 0.281925
6 33 0.029925
6 34 0.205798
6 35 0.168897
6 36 0.023583
6 37 0.023583
6 38 0.011090
6 39 0.023583
6 40 0.406015
6 41 0.035762
6 42 0.049729
6 43 0.035762
6 44 0.205798
6 45 0.051779
6 46 0.057916
6 47 0.018287
6 48 0.082237
6 49 0.277097
6 50 0.005177
6 51 0.006763
6 52 0.014763
6 53 0.121504
6 54 0.008716
6 55 0.018287
6 56 0.019299
6 57 0.687189
6 58 0.019299
6 59 0.011090
6 60 0.013938
6 61 0.051779
6 62 0.629352
6 63 0.019299
6 64 0.014763
6 65 0.333660
6 66 0.006763
6 67 0.021276
6 68 0.047734
6 69 0.135230
6 70 0.093360
6 71 0.023583
6 72 0.005177
6 73 0.040565
6 74 0.651944
6 75 0.305549
6 76 0.014763
6 77 0.011782
6 78 0.014763
6 79 0.023583
6 80 0.093360
6 81 0.023583
6 82 0.783551
6 83 0.011782
6 84 0.111329
6 85 0.057916
6 86 0.586172
6 87 0.079482
6 88 0.003354
6 89 0.006317
6 90 0.002681
6 91 0.006763
6 92 0.032635
6 93 0.180652
6 94 0.818482
6 95 0.005177
6 96 0.014763
6 97 0.014763
6 98 0.114667
6 99 0.014763
7 0 0.051779
7 1 0.028526
7 2 0.964509
7 3 0.556513
7 4 0.051779
7 5 0.014763
7 6 0.014763
7 7 0.000000
7 8 0.138922
7 9 0.324511
7 10 0.655709
7 11 0.201407
7 12 0.108547
7 13 0.410971
7 14 0.319566
7 15 0.082237
7 16 0.263461
7 17 0.042353
7 18 0.023583
7 19 0.149692
7 20 0.049729
7 21 0.005177
7 22 0.851783
7 23 0.018287
7 24 0.031146
7 25 0.019299
7 26 0.453650
7 27 0.842559
7 28 0.295757
7 29 0.002681
7 30 0.011090
7 31 0.034173
7 32 0.018287
7 33 0.028526
7 34 0.014763
7 35 0.662581
7 36 0.003354
7 37 0.006763
7 38 0.057916
7 39 0.042353
7 40 0.008716
7 41 0.105307
7 42 0.429954
7 43 0.324511
7 44 0.406015
7 45 0.160843
7 46 0.396085
7 47 0.666262
7 48 0.002681
7 49 0.145864
7 50 0.057916
7 51 0.051779
7 52 0.118059
7 53 0.002681
7 54 0.035762
7 55 0.049729
7 56 0.245316
7 57 0.008716
7 58 0.028526
7 59 0.082237
7 60 0.526400
7 61 0.042353
7 62 0.049729
7 63 0.305549
7 64 0.006763
7 65 0.006763
7 66 0.184860
7 67 0.245316
7 68 0.006763
7 69 0.490569
7 70 0.060180
7 71 0.462595
7 72 0.121504
7 73 0.049729
7 74 0.006763
7 75 0.826850
7 76 0.762834
7 77 0.093360
7 78 0.049729
7 79 0.006317
7 80 0.023583
7 81 0.004818
7 82 0.002681
7 83 0.023583
7 84 0.286770
7 85 0.060180
7 86 0.019299
7 87 0.090388
7 88 0.018287
7 89 0.047734
7 90 0.011782
7 91 0.019299
7 92 0.851783
7 93 0.082237
7 94 0.023583
7 95 0.055708
7 96 0.189109
7 97 0.090388
7 98 0.462595
7 99 0.071949
8 0 0.090388
8 1 0.357768
8 2 0.105307
8 3 0.035762
8 4 0.023583
8 5 0.153568
8 6 0.006763
8 7 0.138922
8 8 0.000000
8 9 0.005497
8 10 0.040565
8 11 0.035762
8 12 0.011782
8 13 0.049729
8 14 0.002681
8 15 0.051779
8 16 0.135231
8 17 0.034173
8 18 0.218482
8 19 0.573323
8 20 0.005177
8 21 0.006763
8 22 0.029925
8 23 0.153568
8 24 0.485825
8 25 0.295758
8 26 0.090388
8 27 0.223001
8 28 0.014763
8 29 0.035762
8 30 0.069412
8 31 0.218482
8 32 0.093360
8 33 0.602289
8 34 0.011782
8 35 0.011782
8 36 0.069412
8 37 0.082237
8 38 0.223001
8 39 0.189109
8 40 0.343597
8 41 0.014763
8 42 0.023583
8 43 0.074140
8 44 0.071949
8 45 0.057916
8 46 0.042353
8 47 0.051779
8 48 0.051779
8 49 0.003354
8 50 0.021276
8 51 0.006763
8 52 0.343597
8 53 0.049729
8 54 0.069412
8 55 0.003622
8 56 0.160843
8 57 0.093360
8 58 0.357768
8 59 0.240658
8 60 0.079482
8 61 0.035762
8 62 0.079482
8 63 0.462595
8 64 0.513285
8 65 0.153568
8 66 0.680143
8 67 0.079482
8 68 0.019299
8 69 0.135231
8 70 0.064507
8 71 0.028526
8 72 0.023583
8 73 0.001794
8 74 0.011782
8 75 0.005177
8 76 0.448784
8 77 0.060180
8 78 0.263461
8 79 0.006763
8 80 0.002473
8 81 0.023583
8 82 0.028526
8 83 0.022408
8 84 0.003354
8 85 0.000372
8 86 0.319566
8 87 0.060180
8 88 0.822543
8 89 0.153568
8 90 0.651944
8 91 0.002681
8 92 0.676576
8 93 0.018287
8 94 0.079482
8 95 0.245316
8 96 0.011090
8 97 0.051779
8 98 0.001794
8 99 0.082237
9 0 0.023583
9 1 0.035762
9 2 0.205798
9 3 0.047734
9 4 0.609880
9 5 0.018287
9 6 0.002681
9 7 0.324511
9 8 0.005497
9 9 0.000000
9 10 0.023583
9 11 0.066931
9 12 0.011782
9 13 0.082237
9 14 0.014763
9 15 0.023583
9 16 0.023583
9 17 0.074140
9 18 0.000372
9 19 0.011782
9 20 0.029925
9 21 0.184860
9 22 0.138922
9 23 0.011782
9 24 0.093360
9 25 0.011782
9 26 0.019299
9 27 0.034173
9 28 0.028526
9 29 0.079482
9 30 0.028526
9 31 0.006763
9 32 0.035762
9 33 0.300646
9 34 0.051779
9 35 0.006317
9 36 0.042353
9 37 0.586172
9 38 0.240658
9 39 0.168897
9 40 0.023583
9 41 0.135231
9 42 0.001794
9 43 0.014763
9 44 0.386901
9 45 0.135231
9 46 0.118059
9 47 0.069412
9 48 0.011090
9 49 0.035762
9 50 0.434867
9 51 0.022408
9 52 0.333659
9 53 0.019299
9 54 0.002681
9 55 0.003354
9 56 0.617997
9 57 0.105307
9 58 0.357768
9 59 0.090388
9 60 0.028526
9 61 0.633287
9 62 0.895935
9 63 0.093360
9 64 0.842559
9 65 0.093360
9 66 0.008716
9 67 0.108547
9 68 0.027175
9 69 0.651944
9 70 0.002681
9 71 0.386901
9 72 0.028526
9 73 0.011782
9 74 0.014763
9 75 0.035762
9 76 0.003622
9 77 0.029925
9 78 0.153568
9 79 0.118059
9 80 0.005177
9 81 0.844504
9 82 0.602289
9 83 0.001279
9 84 0.998044
9 85 0.069412
9 86 0.011782
9 87 0.032635
9 88 0.971090
9 89 0.802700
9 90 0.019299
9 91 0.095918
9 92 0.131589
9 93 0.079482
9 94 0.006763
9 95 0.093360
9 96 0.343597
9 97 0.114668
9 98 0.324511
9 99 0.071949
10 0 0.329464
10 1 0.205798
10 2 0.324511
10 3 0.028526
10 4 0.606413
10 5 0.105307
10 6 0.082237
10 7 0.655709
10 8 0.040565
10 9 0.023583
10 10 0.000000
10 11 0.121504
10 12 0.035762
10 13 0.189109
10 14 0.319566
10 15 0.338626
10 16 0.813991
10 17 0.189109
10 18 0.127998
10 19 0.526399
10 20 0.011782
10 21 0.005177
10 22 0.035762
10 23 0.013938
10 24 0.019299
10 25 0.021276
10 26 0.121504
10 27 0.028526
10 28 0.263461
10 29 0.472229
10 30 0.011782
10 31 0.006763
10 32 0.051779
10 33 0.105307
10 34 0.035762
10 35 0.042353
10 36 0.011090
10 37 0.227550
10 38 0.004818
10 39 0.042353
10 40 0.263461
10 41 0.051779
10 42 0.606413
10 43 0.826850
10 44 0.937778
10 45 0.027175
10 46 0.205798
10 47 0.762834
10 48 0.011782
10 49 0.082237
10 50 0.011782
10 51 0.108547
10 52 0.051779
10 53 0.697011
10 54 0.011782
10 55 0.035762
10 56 0.093360
10 57 0.042353
10 58 0.105307
10 59 0.042353
10 60 0.002681
10 61 0.108547
10 62 0.011782
10 63 0.362752
10 64 0.655709
10 65 0.565302
10 66 0.093360
10 67 0.268234
10 68 0.967535
10 69 0.006763
10 70 0.022408
10 71 0.885184
10 72 0.908134
10 73 0.006763
10 74 0.992791
10 75 0.105307
10 76 0.082237
10 77 0.019299
10 78 0.008716
10 79 0.023583
10 80 0.082237
10 81 0.131589
10 82 0.885184
10 83 0.977087
10 84 0.018287
10 85 0.145864
10 86 0.042353
10 87 0.019299
10 88 0.014763
10 89 0.042353
10 90 0.108547
10 91 0.118059
10 92 0.019299
10 93 0.786128
10 94 0.503966
10 95 0.004480
10 96 0.069412
10 97 0.000372
10 98 0.018287
10 99 0.066931
11 0 0.949850
11 1 0.111329
11 2 0.011090
11 3 0.240658
11 4 0.011782
11 5 0.004818
11 6 0.006317
11 7 0.201407
11 8 0.035762
11 9 0.066931
11 10 0.121504
11 11 0.000000
11 12 0.832819
11 13 0.035762
11 14 0.023583
11 15 0.022408
11 16 0.008716
11 17 0.004161
11 18 0.051779
11 19 0.776073
11 20 0.118059
11 21 0.108547
11 22 0.051779
11 23 0.093360
11 24 0.105307
11 25 0.740481
11 26 0.598136
11 27 0.145864
11 28 0.028526
11 29 0.648150
11 30 0.035762
11 31 0.263461
11 32 0.019299
11 33 0.019299
11 34 0.055708
11 35 0.014763
11 36 0.008716
11 37 0.244597
11 38 0.028526
11 39 0.082237
11 40 0.019299
11 41 0.060180
11 42 0.622014
11 43 0.001794
11 44 0.105307
11 45 0.007651
11 46 0.003622
11 47 0.071949
11 48 0.011782
11 49 0.001279
11 50 0.057916
11 51 0.002681
11 52 0.508635
11 53 0.060180
11 54 0.305549
11 55 0.184861
11 56 0.042353
11 57 0.005177
11 58 0.263461
11 59 0.135230
11 60 0.069412
11 61 0.008716
11 62 0.002681
11 63 0.851783
11 64 0.060180
11 65 0.184861
11 66 0.508635
11 67 0.153568
11 68 0.338626
11 69 0.051779
11 70 0.051779
11 71 0.028526
11 72 0.023583
11 73 0.093360
11 74 0.000556
11 75 0.069412
11 76 0.018287
11 77 0.060180
11 78 0.049729
11 79 0.105307
11 80 0.022408
11 81 0.406015
11 82 0.006763
11 83 0.042353
11 84 0.004480
11 85 0.011782
11 86 0.023583
11 87 0.011782
11 88 0.051779
11 89 0.057916
11 90 0.135231
11 91 0.002473
11 92 0.105307
11 93 0.272287
11 94 0.049729
11 95 0.014763
11 96 0.027175
11 97 0.002681
11 98 0.114668
11 99 0.425031
12 0 0.029925
12 1 0.005177
12 2 0.683681
12 3 0.049729
12 4 0.108547
12 5 0.121504
12 6 0.069412
12 7 0.108547
12 8 0.011782
12 9 0.011782
12 10 0.035762
12 11 0.832819
12 12 0.000000
12 13 0.236026
12 14 0.025871
12 15 0.047734
12 16 0.842559
12 17 0.042353
12 18 0.093360
12 19 0.069412
12 20 0.028526
12 21 0.809759
12 22 0.669913
12 23 0.023583
12 24 0.028526
12 25 0.006763
12 26 0.410971
12 27 0.082237
12 28 0.236026
12 29 0.006763
12 30 0.011782
12 31 0.023583
12 32 0.135231
12 33 0.745998
12 34 0.019299
12 35 0.023583
12 36 0.060180
12 37 0.011782
12 38 0.223001
12 39 0.013938
12 40 0.090388
12 41 0.319566
12 42 0.773393
12 43 0.014763
12 44 0.135230
12 45 0.060180
12 46 0.028526
12 47 0.135230
12 48 0.135231
12 49 0.019299
12 50 0.002473
12 51 0.168897
12 52 0.135231
12 53 0.032635
12 54 0.087472
12 55 0.277097
12 56 0.066931
12 57 0.319566
12 58 0.006763
12 59 0.014763
12 60 0.180652
12 61 0.079482
12 62 0.245316
12 63 0.552765
12 64 0.367737
12 65 0.002681
12 66 0.028526
12 67 0.903465
12 68 0.201407
12 69 0.149692
12 70 0.040565
12 71 0.006763
12 72 0.014763
12 73 0.006763
12 74 0.011782
12 75 0.028526
12 76 0.011782
12 77 0.008716
12 78 0.082237
12 79 0.019299
12 80 0.240658
12 81 0.049729
12 82 0.218482
12 83 0.047734
12 84 0.924751
12 85 0.008716
12 86 0.577634
12 87 0.023583
12 88 0.042353
12 89 0.001794
12 90 0.051779
12 91 0.035762
12 92 0.513285
12 93 0.145864
12 94 0.001794
12 95 0.069412
12 96 0.014763
12 97 0.087472
12 98 0.029925
12 99 0.082237
13 0 0.004818
13 1 0.093360
13 2 0.121504
13 3 0.286770
13 4 0.051779
13 5 0.040565
13 6 0.472229
13 7 0.410971
13 8 0.049729
13 9 0.082237
13 10 0.189109
13 11 0.035762
13 12 0.236026
13 13 0.000000
13 14 0.737452
13 15 0.184861
13 16 0.060180
13 17 0.019299
13 18 0.719167
13 19 0.006763
13 20 0.751866
13 21 0.069412
13 22 0.002681
13 23 0.011782
13 24 0.495294
13 25 0.824708
13 26 0.180651
13 27 0.108547
13 28 0.258710
13 29 0.006763
13 30 0.305549
13 31 0.023583
13 32 0.005177
13 33 0.503966
13 34 0.049729
13 35 0.047734
13 36 0.069412
13 37 0.138922
13 38 0.160843
13 39 0.429954
13 40 0.011782
13 41 0.051779
13 42 0.051779
13 43 0.082237
13 44 0.153568
13 45 0.121503
13 46 0.581916
13 47 0.051779
13 48 0.439014
13 49 0.277097
13 50 0.168897
13 51 0.035762
13 52 0.001794
13 53 0.035762
13 54 0.135230
13 55 0.272286
13 56 0.021276
13 57 0.168897
13 58 0.042353
13 59 0.051779
13 60 0.180652
13 61 0.019299
13 62 0.008170
13 63 0.004480
13 64 0.019299
13 65 0.586172
13 66 0.049729
13 67 0.164848
13 68 0.035762
13 69 0.040565
13 70 0.006763
13 71 0.168897
13 72 0.300646
13 73 0.617997
13 74 0.401053
13 75 0.184860
13 76 0.060180
13 77 0.018287
13 78 0.008716
13 79 0.006763
13 80 0.071949
13 81 0.937778
13 82 0.338626
13 83 0.338626
13 84 0.003622
13 85 0.253981
13 86 0.425031
13 87 0.060180
13 88 0.019299
13 89 0.788678
13 90 0.429954
13 91 0.121504
13 92 0.201407
13 93 0.042353
13 94 0.164848
13 95 0.149692
13 96 0.118059
13 97 0.263461
13 98 0.495294
13 99 0.071949
14 0 0.014763
14 1 0.034173
14 2 0.138922
14 3 0.028526
14 4 0.121504
14 5 0.011090
14 6 0.108547
14 7 0.319566
14 8 0.002681
14 9 0.014763
14 10 0.319566
14 11 0.023583
14 12 0.025871
14 13 0.737452
14 14 0.000000
14 15 0.023583
14 16 0.006763
14 17 0.005177
14 18 0.319566
14 19 0.029925
14 20 0.011090
14 21 0.071949
14 22 0.035762
14 23 0.001168
14 24 0.028526
14 25 0.079482
14 26 0.002681
14 27 0.002681
14 28 0.184861
14 29 0.069412
14 30 0.003622
14 31 0.069412
14 32 0.197052
14 33 0.079482
14 34 0.040565
14 35 0.102123
14 36 0.035762
14 37 0.011090
14 38 0.069412
14 39 0.066931
14 40 0.079482
14 41 0.793317
14 42 0.503966
14 43 0.223001
14 44 0.060180
14 45 0.035762
14 46 0.314631
14 47 0.941615
14 48 0.049729
14 49 0.001279
14 50 0.011782
14 51 0.047734
14 52 0.060180
14 53 0.490569
14 54 0.020187
14 55 0.060180
14 56 0.005177
14 57 0.138922
14 58 0.218481
14 59 0.042353
14 60 0.472229
14 61 0.035762
14 62 0.153568
14 63 0.824708
14 64 0.008716
14 65 0.960688
14 66 0.042353
14 67 0.008716
14 68 0.184861
14 69 0.038829
14 70 0.121504
14 71 0.023583
14 72 0.000738
14 73 0.263461
14 74 0.023583
14 75 0.548312
14 76 0.027175
14 77 0.263461
14 78 0.105307
14 79 0.042353
14 80 0.029925
14 81 0.035762
14 82 0.189109
14 83 0.118059
14 84 0.000372
14 85 0.295757
14 86 0.023583
14 87 0.082237
14 88 0.629352
14 89 0.051779
14 90 0.189109
14 91 0.617997
14 92 0.011782
14 93 0.227550
14 94 0.001279
14 95 0.153568
14 96 0.011782
14 97 0.011090
14 98 0.003622
14 99 0.022408
15 0 0.045794
15 1 0.013938
15 2 0.448784
15 3 0.168897
15 4 0.029925
15 5 0.008716
15 6 0.042353
15 7 0.082237
15 8 0.051779
15 9 0.023583
15 10 0.338626
15 11 0.022408
15 12 0.047734
15 13 0.184861
15 14 0.023583
15 15 0.000000
15 16 0.035762
15 17 0.002681
15 18 0.005177
15 19 0.040565
15 20 0.034173
15 21 0.391878
15 22 0.019299
15 23 0.001279
15 24 0.011782
15 25 0.105307
15 26 0.001279
15 27 0.472229
15 28 0.019299
15 29 0.034173
15 30 0.047734
15 31 0.003622
15 32 0.006763
15 33 0.011782
15 34 0.164848
15 35 0.082237
15 36 0.064507
15 37 0.006763
15 38 0.305549
15 39 0.023583
15 40 0.011090
15 41 0.622014
15 42 0.773393
15 43 0.093360
15 44 0.000556
15 45 0.076783
15 46 0.082237
15 47 0.014763
15 48 0.002681
15 49 0.184861
15 50 0.082237
15 51 0.401053
15 52 0.813991
15 53 0.032635
15 54 0.102123
15 55 0.348574
15 56 0.027175
15 57 0.011090
15 58 0.001794
15 59 0.000556
15 60 0.205798
15 61 0.003622
15 62 0.029925
15 63 0.001794
15 64 0.121504
15 65 0.019299
15 66 0.406015
15 67 0.005177
15 68 0.006763
15 69 0.319566
15 70 0.018287
15 71 0.093360
15 72 0.223001
15 73 0.057916
15 74 0.121504
15 75 0.343597
15 76 0.045794
15 77 0.295757
15 78 0.011782
15 79 0.149692
15 80 0.049729
15 81 0.709905
15 82 0.042353
15 83 0.022408
15 84 0.011782
15 85 0.014763
15 86 0.485825
15 87 0.023583
15 88 0.218482
15 89 0.006763
15 90 0.149693
15 91 0.006317
15 92 0.019299
15 93 0.014763
15 94 0.035762
15 95 0.886639
15 96 0.018287
15 97 0.314631
15 98 0.286770
15 99 0.114667
16 0 0.069412
16 1 0.002681
16 2 0.034173
16 3 0.223001
16 4 0.176483
16 5 0.023583
16 6 0.102123
16 7 0.263461
16 8 0.135231
16 9 0.023583
16 10 0.813991
16 11 0.008716
16 12 0.842559
16 13 0.060180
16 14 0.006763
16 15 0.035762
16 16 0.000000
16 17 0.049729
16 18 0.121504
16 19 0.082237
16 20 0.049729
16 21 0.121503
16 22 0.118059
16 23 0.338626
16 24 0.319567
16 25 0.105307
16 26 0.023583
16 27 0.028526
16 28 0.034173
16 29 0.071949
16 30 0.004818
16 31 0.005177
16 32 0.448784
16 33 0.008716
16 34 0.023583
16 35 0.613953
16 36 0.508635
16 37 0.102123
16 38 0.006763
16 39 0.240658
16 40 0.016384
16 41 0.042353
16 42 0.846132
16 43 0.114667
16 44 0.586172
16 45 0.006763
16 46 0.035762
16 47 0.930278
16 48 0.362752
16 49 0.023583
16 50 0.060180
16 51 0.042353
16 52 0.069412
16 53 0.060180
16 54 0.149692
16 55 0.314631
16 56 0.281925
16 57 0.018287
16 58 0.023583
16 59 0.121504
16 60 0.028526
16 61 0.153568
16 62 0.018287
16 63 0.019299
16 64 0.629353
16 65 0.011782
16 66 0.003622
16 67 0.300647
16 68 0.082237
16 69 0.040565
16 70 0.457755
16 71 0.164848
16 72 0.019299
16 73 0.118059
16 74 0.096388
16 75 0.023583
16 76 0.005177
16 77 0.184860
16 78 0.138922
16 79 0.027175
16 80 0.003622
16 81 0.042353
16 82 0.093360
16 83 0.028526
16 84 0.102123
16 85 0.060180
16 86 0.153568
16 87 0.006763
16 88 0.300646
16 89 0.019299
16 90 0.168897
16 91 0.060180
16 92 0.005177
16 93 0.028526
16 94 0.006763
16 95 0.386901
16 96 0.005177
16 97 0.811708
16 98 0.201407
16 99 0.023583
17 0 0.035762
17 1 0.008716
17 2 0.153568
17 3 0.023583
17 4 0.098993
17 5 0.019299
17 6 0.093360
17 7 0.042353
17 8 0.034173
17 9 0.074140
17 10 0.189109
17 11 0.004161
17 12 0.042353
17 13 0.019299
17 14 0.005177
17 15 0.002681
17 16 0.049729
17 17 0.000000
17 18 0.003103
17 19 0.022408
17 20 0.164848
17 21 0.042353
17 22 0.014763
17 23 0.023583
17 24 0.019299
17 25 0.023583
17 26 0.593957
17 27 0.011782
17 28 0.029925
17 29 0.029925
17 30 0.047734
17 31 0.023583
17 32 0.027175
17 33 0.552765
17 34 0.425031
17 35 0.060180
17 36 0.018287
17 37 0.018287
17 38 0.019299
17 39 0.521811
17 40 0.023583
17 41 0.002681
17 42 0.329464
17 43 0.002681
17 44 0.180652
17 45 0.040565
17 46 0.898571
17 47 0.011782
17 48 0.906941
17 49 0.035762
17 50 0.613953
17 51 0.069412
17 52 0.189109
17 53 0.069412
17 54 0.980371
17 55 0.004480
17 56 0.051779
17 57 0.023583
17 58 0.131589
17 59 0.023583
17 60 0.035762
17 61 0.069412
17 62 0.338626
17 63 0.011782
17 64 0.189109
17 65 0.040565
17 66 0.004818
17 67 0.153568
17 68 0.145863
17 69 0.035762
17 70 0.023583
17 71 0.034173
17 72 0.508635
17 73 0.011782
17 74 0.633287
17 75 0.002681
17 76 0.019299
17 77 0.249276
17 78 0.114667
17 79 0.014763
17 80 0.082237
17 81 0.019299
17 82 0.168897
17 83 0.042353
17 84 0.223001
17 85 0.006763
17 86 0.135230
17 87 0.352785
17 88 0.006763
17 89 0.467420
17 90 0.028526
17 91 0.223001
17 92 0.051779
17 93 0.014763
17 94 0.079482
17 95 0.131589
17 96 0.093360
17 97 0.121504
17 98 0.034173
17 99 0.362752
18 0 0.001279
18 1 0.319566
18 2 0.205798
18 3 0.035762
18 4 0.051779
18 5 0.004818
18 6 0.001794
18 7 0.023583
18 8 0.218482
18 9 0.000372
18 10 0.127998
18 11 0.051779
18 12 0.093360
18 13 0.719167
18 14 0.319566
18 15 0.005177
18 16 0.121504
18 17 0.003103
18 18 0.000000
18 19 0.093360
18 20 0.002681
18 21 0.082237
18 22 0.029925
18 23 0.016383
18 24 0.762834
18 25 0.586172
18 26 0.008170
18 27 0.008716
18 28 0.082237
18 29 0.042353
18 30 0.023583
18 31 0.223000
18 32 0.023583
18 33 0.565302
18 34 0.011782
18 35 0.573324
18 36 0.108547
18 37 0.108547
18 38 0.633287
18 39 0.023583
18 40 0.983852
18 41 0.003622
18 42 0.184860
18 43 0.090388
18 44 0.005177
18 45 0.281925
18 46 0.071949
18 47 0.121504
18 48 0.082237
18 49 0.060180
18 50 0.005177
18 51 0.019299
18 52 0.034173
18 53 0.037146
18 54 0.049729
18 55 0.051779
18 56 0.108547
18 57 0.066931
18 58 0.114668
18 59 0.184861
18 60 0.011782
18 61 0.135231
18 62 0.019299
18 63 0.565302
18 64 0.008716
18 65 0.008170
18 66 0.029925
18 67 0.725534
18 68 0.029925
18 69 0.035762
18 70 0.060180
18 71 0.014763
18 72 0.023583
18 73 0.153568
18 74 0.023583
18 75 0.258710
18 76 0.135231
18 77 0.035762
18 78 0.324511
18 79 0.023583
18 80 0.434867
18 81 0.006763
18 82 0.180652
18 83 0.029925
18 84 0.022408
18 85 0.448784
18 86 0.028526
18 87 0.443905
18 88 0.006763
18 89 0.223001
18 90 0.023583
18 91 0.832819
18 92 0.082237
18 93 0.008716
18 94 0.138922
18 95 0.079482
18 96 0.153568
18 97 0.164848
18 98 0.060180
18 99 0.662580
19 0 0.042353
19 1 0.145864
19 2 0.069412
19 3 0.102123
19 4 0.023583
19 5 0.029925
19 6 0.267496
19 7 0.149692
19 8 0.573323
19 9 0.011782
19 10 0.526399
19 11 0.776073
19 12 0.069412
19 13 0.006763
19 14 0.029925
19 15 0.040565
19 16 0.082237
19 17 0.022408
19 18 0.093360
19 19 0.000000
19 20 0.035762
19 21 0.324511
19 22 0.069412
19 23 0.114667
19 24 0.184860
19 25 0.000556
19 26 0.060180
19 27 0.035762
19 28 0.135230
19 29 0.019299
19 30 0.008716
19 31 0.040565
19 32 0.029925
19 33 0.029925
19 34 0.118059
19 35 0.005177
19 36 0.019299
19 37 0.035762
19 38 0.011782
19 39 0.028526
19 40 0.662581
19 41 0.462595
19 42 0.060180
19 43 0.362752
19 44 0.008716
19 45 0.019299
19 46 0.069412
19 47 0.032635
19 48 0.022408
19 49 0.004818
19 50 0.003622
19 51 0.108547
19 52 0.263461
19 53 0.006763
19 54 0.014763
19 55 0.348574
19 56 0.082237
19 57 0.201407
19 58 0.722365
19 59 0.071949
19 60 0.018287
19 61 0.290882
19 62 0.049729
19 63 0.168897
19 64 0.035762
19 65 0.295757
19 66 0.051779
19 67 0.023583
19 68 0.019299
19 69 0.006763
19 70 0.429954
19 71 0.135231
19 72 0.898571
19 73 0.027175
19 74 0.057916
19 75 0.765619
19 76 0.047734
19 77 0.006763
19 78 0.227550
19 79 0.049729
19 80 0.776073
19 81 0.108547
19 82 0.105307
19 83 0.029925
19 84 0.005177
19 85 0.008716
19 86 0.008716
19 87 0.005177
19 88 0.000372
19 89 0.189109
19 90 0.783551
19 91 0.060180
19 92 0.263461
19 93 0.028526
19 94 0.042353
19 95 0.076783
19 96 0.029925
19 97 0.023583
19 98 0.006763
19 99 0.184861
20 0 0.023583
20 1 0.526400
20 2 0.011782
20 3 0.849920
20 4 0.508635
20 5 0.018287
20 6 0.028526
20 7 0.049729
20 8 0.005177
20 9 0.029925
20 10 0.011782
20 11 0.118059
20 12 0.028526
20 13 0.751866
20 14 0.011090
20 15 0.034173
20 16 0.049729
20 17 0.164848
20 18 0.002681
20 19 0.035762
20 20 0.000000
20 21 0.093360
20 22 0.079482
20 23 0.093360
20 24 0.017316
20 25 0.079481
20 26 0.258710
20 27 0.014763
20 28 0.051779
20 29 0.357768
20 30 0.231423
20 31 0.006763
20 32 0.149692
20 33 0.348574
20 34 0.003622
20 35 0.000372
20 36 0.105307
20 37 0.049729
20 38 0.018287
20 39 0.066931
20 40 0.263461
20 41 0.006763
20 42 0.049729
20 43 0.192734
20 44 0.381921
20 45 0.006763
20 46 0.019299
20 47 0.000372
20 48 0.343597
20 49 0.967965
20 50 0.019299
20 51 0.108547
20 52 0.981607
20 53 0.189109
20 54 0.613952
20 55 0.019299
20 56 0.602289
20 57 0.268234
20 58 0.019299
20 59 0.071949
20 60 0.201407
20 61 0.082237
20 62 0.049729
20 63 0.168897
20 64 0.014763
20 65 0.236026
20 66 0.019299
20 67 0.011090
20 68 0.040565
20 69 0.002681
20 70 0.985439
20 71 0.074140
20 72 0.082237
20 73 0.205798
20 74 0.014763
20 75 0.006763
20 76 0.011782
20 77 0.060180
20 78 0.425031
20 79 0.035762
20 80 0.343597
20 81 0.263461
20 82 0.184861
20 83 0.401052
20 84 0.060180
20 85 0.029925
20 86 0.082237
20 87 0.121504
20 88 0.218482
20 89 0.060180
20 90 0.001794
20 91 0.000372
20 92 0.028526
20 93 0.002681
20 94 0.049729
20 95 0.042353
20 96 0.006763
20 97 0.003622
20 98 0.082237
20 99 0.391878
21 0 0.367737
21 1 0.892073
21 2 0.272287
21 3 0.035762
21 4 0.047734
21 5 0.051779
21 6 0.314631
21 7 0.005177
21 8 0.006763
21 9 0.184860
21 10 0.005177
21 11 0.108547
21 12 0.809759
21 13 0.069412
21 14 0.071949
21 15 0.391878
21 16 0.121503
21 17 0.042353
21 18 0.082237
21 19 0.324511
21 20 0.093360
21 21 0.000000
21 22 0.401053
21 23 0.057916
21 24 0.051779
21 25 0.003622
21 26 0.263461
21 27 0.011782
21 28 0.060180
21 29 0.051779
21 30 0.011090
21 31 0.305549
21 32 0.263461
21 33 0.090388
21 34 0.034173
21 35 0.082237
21 36 0.042353
21 37 0.263461
21 38 0.343597
21 39 0.108547
21 40 0.648150
21 41 0.886639
21 42 0.035762
21 43 0.205798
21 44 0.633287
21 45 0.324511
21 46 0.071949
21 47 0.069412
21 48 0.006763
21 49 0.386901
21 50 0.006763
21 51 0.164848
21 52 0.005177
21 53 0.049729
21 54 0.023583
21 55 0.019299
21 56 0.205798
21 57 0.952961
21 58 0.028526
21 59 0.319566
21 60 0.011782
21 61 0.793317
21 62 0.051779
21 63 0.362752
21 64 0.040565
21 65 0.218481
21 66 0.042353
21 67 0.617998
21 68 0.093360
21 69 0.118059
21 70 0.082237
21 71 0.740481
21 72 0.121504
21 73 0.047734
21 74 0.003622
21 75 0.023583
21 76 0.011782
21 77 0.462595
21 78 0.121504
21 79 0.367737
21 80 0.028526
21 81 0.966281
21 82 0.057916
21 83 0.014763
21 84 0.042353
21 85 0.079482
21 86 0.029925
21 87 0.023583
21 88 0.023583
21 89 0.006763
21 90 0.008716
21 91 0.090388
21 92 0.236026
21 93 0.011782
21 94 0.006763
21 95 0.725534
21 96 0.189109
21 97 0.006763
21 98 0.277097
21 99 0.240658
22 0 0.019299
22 1 0.201407
22 2 0.114667
22 3 0.035762
22 4 0.503966
22 5 0.002473
22 6 0.051779
22 7 0.851783
22 8 0.029925
22 9 0.138922
22 10 0.035762
22 11 0.051779
22 12 0.669913
22 13 0.002681
22 14 0.035762
22 15 0.019299
22 16 0.118059
22 17 0.014763
22 18 0.029925
22 19 0.069412
22 20 0.079482
22 21 0.401053
22 22 0.000000
22 23 0.051779
22 24 0.006763
22 25 0.008716
22 26 0.201407
22 27 0.371954
22 28 0.118059
22 29 0.014763
22 30 0.035762
22 31 0.189109
22 32 0.372722
22 33 0.245316
22 34 0.002681
22 35 0.108547
22 36 0.503966
22 37 0.602289
22 38 0.049729
22 39 0.032635
22 40 0.090388
22 41 0.019299
22 42 0.149692
22 43 0.042353
22 44 0.001279
22 45 0.079482
22 46 0.218482
22 47 0.014763
22 48 0.045794
22 49 0.028526
22 50 0.019299
22 51 0.082237
22 52 0.240658
22 53 0.011782
22 54 0.223001
22 55 0.035762
22 56 0.002681
22 57 0.381922
22 58 0.006317
22 59 0.485825
22 60 0.049729
22 61 0.014763
22 62 0.011782
22 63 0.305549
22 64 0.011782
22 65 0.114667
22 66 0.338626
22 67 0.082237
22 68 0.295757
22 69 0.142082
22 70 0.093360
22 71 0.035762
22 72 0.057916
22 73 0.060180
22 74 0.035762
22 75 0.042353
22 76 0.029925
22 77 0.035762
22 78 0.035762
22 79 0.019299
22 80 0.049729
22 81 0.049729
22 82 0.035762
22 83 0.035762
22 84 0.300646
22 85 0.023583
22 86 0.118059
22 87 0.005177
22 88 0.069412
22 89 0.102123
22 90 0.184861
22 91 0.069412
22 92 0.082237
22 93 0.029925
22 94 0.093360
22 95 0.018287
22 96 0.153568
22 97 0.008716
22 98 0.076782
22 99 0.011782
23 0 0.286770
23 1 0.201407
23 2 0.105307
23 3 0.042353
23 4 0.011782
23 5 0.305549
23 6 0.018287
23 7 0.018287
23 8 0.153568
23 9 0.011782
23 10 0.013938
23 11 0.093360
23 12 0.023583
23 13 0.011782
23 14 0.001168
23 15 0.001279
23 16 0.338626
23 17 0.023583
23 18 0.016383
23 19 0.114667
23 20 0.093360
23 21 0.057916
23 22 0.051779
23 23 0.000000
23 24 0.051779
23 25 0.848037
23 26 0.028526
23 27 0.011782
23 28 0.014763
23 29 0.023583
23 30 0.060180
23 31 0.983634
23 32 0.263461
23 33 0.903465
23 34 0.090388
23 35 0.035762
23 36 0.029925
23 37 0.069412
23 38 0.029925
23 39 0.138922
23 40 0.023583
23 41 0.011090
23 42 0.871792
23 43 0.830743
23 44 0.014763
23 45 0.121504
23 46 0.135230
23 47 0.002681
23 48 0.300646
23 49 0.011782
23 50 0.909313
23 51 0.019299
23 52 0.034173
23 53 0.014763
23 54 0.023583
23 55 0.006763
23 56 0.019299
23 57 0.153568
23 58 0.006763
23 59 0.004818
23 60 0.205798
23 61 0.362752
23 62 0.028526
23 63 0.023583
23 64 0.023583
23 65 0.184861
23 66 0.001168
23 67 0.051779
23 68 0.879428
23 69 0.019299
23 70 0.051779
23 71 0.011782
23 72 0.034173
23 73 0.005177
23 74 0.023583
23 75 0.002681
23 76 0.029925
23 77 0.035762
23 78 0.035762
23 79 0.868768
23 80 0.003354
23 81 0.722365
23 82 0.011782
23 83 0.003622
23 84 0.035762
23 85 0.006317
23 86 0.018287
23 87 0.008170
23 88 0.979879
23 89 0.082237
23 90 0.023583
23 91 0.281925
23 92 0.082237
23 93 0.006763
23 94 0.003622
23 95 0.617998
23 96 0.102123
23 97 0.005177
23 98 0.014763
23 99 0.023583
24 0 0.035762
24 1 0.028526
24 2 0.035762
24 3 0.277096
24 4 0.051779
24 5 0.258710
24 6 0.008716
24 7 0.031146
24 8 0.485825
24 9 0.093360
24 10 0.019299
24 11 0.105307
24 12 0.028526
24 13 0.495294
24 14 0.028526
24 15 0.011782
24 16 0.319567
24 17 0.019299
24 18 0.762834
24 19 0.184860
24 20 0.017316
24 21 0.051779
24 22 0.006763
24 23 0.051779
24 24 0.000000
24 25 0.006763
24 26 0.145863
24 27 0.281925
24 28 0.023583
24 29 0.003622
24 30 0.042353
24 31 0.019299
24 32 0.019299
24 33 0.880950
24 34 0.868768
24 35 0.035762
24 36 0.508635
24 37 0.410971
24 38 0.184861
24 39 0.439013
24 40 0.023583
24 41 0.745998
24 42 0.004818
24 43 0.189109
24 44 0.637193
24 45 0.051779
24 46 0.031146
24 47 0.108547
24 48 0.003354
24 49 0.060180
24 50 0.164848
24 51 0.022408
24 52 0.093360
24 53 0.051779
24 54 0.035762
24 55 0.019299
24 56 0.049729
24 57 0.069412
24 58 0.049729
24 59 0.324511
24 60 0.093360
24 61 0.011782
24 62 0.002473
24 63 0.076783
24 64 0.153568
24 65 0.051779
24 66 0.892073
24 67 0.964978
24 68 0.019299
24 69 0.184861
24 70 0.429954
24 71 0.035762
24 72 0.184860
24 73 0.008716
24 74 0.006763
24 75 0.121503
24 76 0.035762
24 77 0.093360
24 78 0.324511
24 79 0.180652
24 80 0.060180
24 81 0.333660
24 82 0.019299
24 83 0.013938
24 84 0.023583
24 85 0.513285
24 86 0.023583
24 87 0.035762
24 88 0.051779
24 89 0.958076
24 90 0.022408
24 91 0.019299
24 92 0.035762
24 93 0.503966
24 94 0.060180
24 95 0.035762
24 96 0.023583
24 97 0.006763
24 98 0.019299
24 99 0.131589
25 0 0.149692
25 1 0.019299
25 2 0.011090
25 3 0.980891
25 4 0.008716
25 5 0.001279
25 6 0.023583
25 7 0.019299
25 8 0.295758
25 9 0.011782
25 10 0.021276
25 11 0.740481
25 12 0.006763
25 13 0.824708
25 14 0.079482
25 15 0.105307
25 16 0.105307
25 17 0.023583
25 18 0.586172
25 19 0.000556
25 20 0.079481
25 21 0.003622
25 22 0.008716
25 23 0.848037
25 24 0.006763
25 25 0.000000
25 26 0.472229
25 27 0.014763
25 28 0.197052
25 29 0.102123
25 30 0.011782
25 31 0.121503
25 32 0.040565
25 33 0.029925
25 34 0.108547
25 35 0.121504
25 36 0.011782
25 37 0.090388
25 38 0.023583
25 39 0.035762
25 40 0.002279
25 41 0.305549
25 42 0.121504
25 43 0.019299
25 44 0.079482
25 45 0.406015
25 46 0.201407
25 47 0.245316
25 48 0.003622
25 49 0.406015
25 50 0.023583
25 51 0.184861
25 52 0.105307
25 53 0.184861
25 54 0.019299
25 55 0.019299
25 56 0.281925
25 57 0.205798
25 58 0.406015
25 59 0.035762
25 60 0.028526
25 61 0.180652
25 62 0.079482
25 63 0.180652
25 64 0.022408
25 65 0.802699
25 66 0.002681
25 67 0.010429
25 68 0.028526
25 69 0.153568
25 70 0.028526
25 71 0.003622
25 72 0.142082
25 73 0.011782
25 74 0.245316
25 75 0.006763
25 76 0.003622
25 77 0.004818
25 78 0.410971
25 79 0.028526
25 80 0.105307
25 81 0.008716
25 82 0.051779
25 83 0.019299
25 84 0.002681
25 85 0.040565
25 86 0.004818
25 87 0.001794
25 88 0.000218
25 89 0.049729
25 90 0.057916
25 91 0.108547
25 92 0.002681
25 93 0.014763
25 94 0.014763
25 95 0.002681
25 96 0.004818
25 97 0.069412
25 98 0.002681
25 99 0.002681
26 0 0.035762
26 1 0.093360
26 2 0.118059
26 3 0.300647
26 4 0.019299
26 5 0.060180
26 6 0.114667
26 7 0.453650
26 8 0.090388
26 9 0.019299
26 10 0.121504
26 11 0.598136
26 12 0.410971
26 13 0.180651
26 14 0.002681
26 15 0.001279
26 16 0.023583
26 17 0.593957
26 18 0.008170
26 19 0.060180
26 20 0.258710
26 21 0.263461
26 22 0.201407
26 23 0.028526
26 24 0.145863
26 25 0.472229
26 26 0.000000
26 27 0.023583
26 28 0.467420
26 29 0.218481
26 30 0.253982
26 31 0.079482
26 32 0.926688
26 33 0.135231
26 34 0.348574
26 35 0.002681
26 36 0.367737
26 37 0.006763
26 38 0.082237
26 39 0.816249
26 40 0.034173
26 41 0.034173
26 42 0.205798
26 43 0.121504
26 44 0.453650
26 45 0.029925
26 46 0.049729
26 47 0.049729
26 48 0.011782
26 49 0.565302
26 50 0.001279
26 51 0.057916
26 52 0.018287
26 53 0.003622
26 54 0.406015
26 55 0.751866
26 56 0.367737
26 57 0.049729
26 58 0.051779
26 59 0.014763
26 60 0.406015
26 61 0.598137
26 62 0.258710
26 63 0.035762
26 64 0.011782
26 65 0.035762
26 66 0.002681
26 67 0.517202
26 68 0.102123
26 69 0.245316
26 70 0.425031
26 71 0.051779
26 72 0.019299
26 73 0.892072
26 74 0.295757
26 75 0.386901
26 76 0.057916
26 77 0.090388
26 78 0.035762
26 79 0.189109
26 80 0.008716
26 81 0.281925
26 82 0.060180
26 83 0.485825
26 84 0.662580
26 85 0.272287
26 86 0.076783
26 87 0.472229
26 88 0.149692
26 89 0.029925
26 90 0.018287
26 91 0.060180
26 92 0.127998
26 93 0.783551
26 94 0.472229
26 95 0.023583
26 96 0.006317
26 97 0.005177
26 98 0.082237
26 99 0.118059
27 0 0.093360
27 1 0.011782
27 2 0.114667
27 3 0.314632
27 4 0.002473
27 5 0.042353
27 6 0.135231
27 7 0.842559
27 8 0.223001
27 9 0.034173
27 10 0.028526
27 11 0.145864
27 12 0.082237
27 13 0.108547
27 14 0.002681
27 15 0.472229
27 16 0.028526
27 17 0.011782
27 18 0.008716
27 19 0.035762
27 20 0.014763
27 21 0.011782
27 22 0.371954
27 23 0.011782
27 24 0.281925
27 25 0.014763
27 26 0.023583
27 27 0.000000
27 28 0.029925
27 29 0.042353
27 30 0.003622
27 31 0.258710
27 32 0.023583
27 33 0.079482
27 34 0.006763
27 35 0.028526
27 36 0.748946
27 37 0.035762
27 38 0.658871
27 39 0.082237
27 40 0.042353
27 41 0.076783
27 42 0.071949
27 43 0.593957
27 44 0.018287
27 45 0.019299
27 46 0.118059
27 47 0.034173
27 48 0.011090
27 49 0.983634
27 50 0.135231
27 51 0.138922
