0 0 0.000000
0 1 0.006763
0 2 0.590401
0 3 0.999939
0 4 0.765618
0 5 0.999995
0 6 1.000000
0 7 0.999853
0 8 0.998436
0 9 0.999258
0 10 0.999997
0 11 0.051779
0 12 0.637194
0 13 0.999560
0 14 0.999997
0 15 0.948613
0 16 0.999954
0 17 0.082237
0 18 0.995836
0 19 1.000000
0 20 0.999912
0 21 0.153568
0 22 0.868768
0 23 0.999999
0 24 0.999986
0 25 0.999998
0 26 0.071949
0 27 0.348574
0 28 0.999948
0 29 0.011782
0 30 0.035762
0 31 1.000000
0 32 0.922921
0 33 0.999890
0 34 1.000000
0 35 0.019299
0 36 0.999918
0 37 1.000000
0 38 0.855444
0 39 0.999997
0 40 0.999931
0 41 0.999998
0 42 0.979096
0 43 0.997034
0 44 0.994155
0 45 0.997916
0 46 0.999652
0 47 0.959174
0 48 0.999988
0 49 0.999999
0 50 0.868768
0 51 0.985073
0 52 0.909313
0 53 0.999845
0 54 0.999814
0 55 0.943131
0 56 0.999876
0 57 0.991363
0 58 0.999997
0 59 0.999999
0 60 0.999629
0 61 0.935412
0 62 0.999938
0 63 0.999922
0 64 0.999725
0 65 0.999670
0 66 0.011782
0 67 1.000000
0 68 1.000000
0 69 0.060180
0 70 0.999967
0 71 0.997398
0 72 0.999010
0 73 0.999560
0 74 0.988934
0 75 0.999340
0 76 0.999996
0 77 0.659444
0 78 0.883941
0 79 0.999954
0 80 0.993760
0 81 0.999997
0 82 0.999990
0 83 0.999073
0 84 0.999814
0 85 0.999996
0 86 0.999835
0 87 1.000000
0 88 0.953579
0 89 0.860513
0 90 0.121504
0 91 0.999765
0 92 0.999890
0 93 0.138922
0 94 0.999990
0 95 0.999973
0 96 0.401051
0 97 0.999938
0 98 0.997363
0 99 0.051779
1 0 0.006763
1 1 0.000000
1 2 0.999999
1 3 0.888076
1 4 0.999917
1 5 1.000000
1 6 0.998147
1 7 0.999942
1 8 0.982333
1 9 0.999835
1 10 0.932077
1 11 0.999999
1 12 0.999995
1 13 0.005177
1 14 0.108547
1 15 0.014763
1 16 1.000000
1 17 0.973617
1 18 0.999853
1 19 0.999340
1 20 0.999999
1 21 0.035762
1 22 0.999999
1 23 0.998021
1 24 0.999999
1 25 0.999954
1 26 1.000000
1 27 0.999794
1 28 0.023583
1 29 0.997655
1 30 0.005177
1 31 0.938589
1 32 0.005177
1 33 0.999963
1 34 0.999969
1 35 0.999998
1 36 1.000000
1 37 0.920015
1 38 0.983223
1 39 0.876570
1 40 1.000000
1 41 0.999996
1 42 0.999998
1 43 0.999995
1 44 0.942378
1 45 0.999997
1 46 0.005177
1 47 1.000000
1 48 0.999997
1 49 1.000000
1 50 1.000000
1 51 0.828969
1 52 0.972225
1 53 0.999948
1 54 0.999997
1 55 0.967167
1 56 0.082237
1 57 0.999917
1 58 0.300648
1 59 0.999164
1 60 0.011782
1 61 0.999554
1 62 0.999980
1 63 0.976826
1 64 0.987559
1 65 1.000000
1 66 0.223001
1 67 0.999995
1 68 0.999994
1 69 0.999982
1 70 0.005177
1 71 0.996875
1 72 0.999999
1 73 0.005177
1 74 0.791202
1 75 0.997073
1 76 0.989082
1 77 0.019299
1 78 0.999967
1 79 0.999990
1 80 0.005177
1 81 0.999588
1 82 0.961718
1 83 0.999913
1 84 0.168897
1 85 0.999382
1 86 0.999999
1 87 1.000000
1 88 0.082237
1 89 0.999999
1 90 0.019299
1 91 0.997184
1 92 0.999870
1 93 0.999999
1 94 0.002681
1 95 0.999207
1 96 0.999845
1 97 0.999756
1 98 0.700406
1 99 0.963627
2 0 0.590401
2 1 0.999999
2 2 0.000000
2 3 0.999218
2 4 0.999861
2 5 0.998516
2 6 0.855444
2 7 0.999998
2 8 0.938590
2 9 0.049729
2 10 0.999164
2 11 0.999951
2 12 0.999987
2 13 1.000000
2 14 0.999996
2 15 0.999998
2 16 0.999917
2 17 0.329464
2 18 0.999974
2 19 1.000000
2 20 0.051779
2 21 0.434867
2 22 0.998217
2 23 1.000000
2 24 1.000000
2 25 0.999752
2 26 0.245316
2 27 0.999959
2 28 0.999997
2 29 0.082237
2 30 0.999998
2 31 0.999996
2 32 0.001279
2 33 0.964978
2 34 1.000000
2 35 0.005177
2 36 0.999471
2 37 0.951799
2 38 0.348574
2 39 0.999997
2 40 0.051779
2 41 0.999997
2 42 0.998516
2 43 0.998353
2 44 0.999768
2 45 0.019299
2 46 0.051779
2 47 0.994155
2 48 0.716439
2 49 0.953579
2 50 0.999861
2 51 0.999176
2 52 0.999994
2 53 0.999739
2 54 0.999967
2 55 1.000000
2 56 1.000000
2 57 0.090388
2 58 0.029925
2 59 0.569659
2 60 1.000000
2 61 0.996875
2 62 0.029925
2 63 0.005177
2 64 0.991689
2 65 0.999884
2 66 1.000000
2 67 0.999988
2 68 0.999999
2 69 0.999982
2 70 0.051779
2 71 0.999999
2 72 0.972225
2 73 1.000000
2 74 0.999992
2 75 0.263461
2 76 0.998610
2 77 0.999835
2 78 1.000000
2 79 0.998764
2 80 0.991246
2 81 0.999981
2 82 0.138922
2 83 0.005177
2 84 0.992609
2 85 0.495294
2 86 0.153568
2 87 0.999966
2 88 0.035762
2 89 0.999512
2 90 0.964978
2 91 0.999907
2 92 0.995613
2 93 0.998971
2 94 0.071949
2 95 0.999917
2 96 1.000000
2 97 0.005177
2 98 0.999986
2 99 0.999991
3 0 0.999939
3 1 0.888076
3 2 0.999218
3 3 0.000000
3 4 0.999609
3 5 0.236027
3 6 1.000000
3 7 0.975602
3 8 0.005177
3 9 0.999999
3 10 0.901145
3 11 1.000000
3 12 0.820692
3 13 0.999073
3 14 0.999512
3 15 0.716439
3 16 0.999901
3 17 0.996347
3 18 0.999981
3 19 0.999999
3 20 0.999994
3 21 0.982333
3 22 0.002681
3 23 0.999451
3 24 0.991576
3 25 0.949286
3 26 0.305549
3 27 0.999941
3 28 0.999998
3 29 0.975273
3 30 0.999902
3 31 0.999780
3 32 0.996664
3 33 0.999998
3 34 0.999588
3 35 0.998241
3 36 0.999974
3 37 0.999835
3 38 0.999512
3 39 0.818483
3 40 0.999997
3 41 0.999997
3 42 0.641070
3 43 0.986720
3 44 0.035762
3 45 0.999878
3 46 1.000000
3 47 0.999927
3 48 0.983447
3 49 0.988934
3 50 0.939390
3 51 0.987559
3 52 0.999120
3 53 0.999994
3 54 0.999923
3 55 0.999922
3 56 0.893444
3 57 0.983447
3 58 0.999876
3 59 0.959174
3 60 0.003622
3 61 0.994732
3 62 0.673535
3 63 1.000000
3 64 1.000000
3 65 0.967602
3 66 0.990157
3 67 0.011782
3 68 0.268234
3 69 0.999974
3 70 0.071949
3 71 0.999390
3 72 0.997073
3 73 0.999963
3 74 0.950507
3 75 0.999024
3 76 0.999826
3 77 0.999998
3 78 0.999988
3 79 0.286770
3 80 0.149693
3 81 0.999258
3 82 0.862254
3 83 1.000000
3 84 0.005177
3 85 0.988345
3 86 0.410971
3 87 0.001279
3 88 0.999691
3 89 0.999964
3 90 0.029925
3 91 0.019299
3 92 0.909313
3 93 0.999945
3 94 0.969221
3 95 1.000000
3 96 0.999870
3 97 0.999999
3 98 0.998747
3 99 0.926688
4 0 0.765618
4 1 0.999917
4 2 0.999861
4 3 0.999609
4 4 0.000000
4 5 0.005177
4 6 0.029925
4 7 0.980672
4 8 0.051779
4 9 0.959174
4 10 0.997916
4 11 0.999998
4 12 0.999060
4 13 0.969221
4 14 0.995066
4 15 0.998516
4 16 0.029925
4 17 0.998957
4 18 0.999374
4 19 0.992983
4 20 0.999995
4 21 0.716439
4 22 1.000000
4 23 0.996875
4 24 0.999994
4 25 0.999942
4 26 1.000000
4 27 0.999994
4 28 0.997363
4 29 0.999901
4 30 1.000000
4 31 0.999996
4 32 0.999998
4 33 0.082237
4 34 0.973968
4 35 0.999997
4 36 0.826850
4 37 0.999340
4 38 0.014763
4 39 0.019299
4 40 1.000000
4 41 0.029925
4 42 0.997363
4 43 1.000000
4 44 0.999999
4 45 0.999948
4 46 0.999861
4 47 0.999979
4 48 0.999995
4 49 0.019299
4 50 1.000000
4 51 0.035762
4 52 0.728674
4 53 0.999882
4 54 0.082237
4 55 0.999999
4 56 0.999752
4 57 1.000000
4 58 0.999207
4 59 0.999999
4 60 0.023583
4 61 0.305549
4 62 0.998764
4 63 0.983447
4 64 0.999986
4 65 0.051779
4 66 1.000000
4 67 0.999890
4 68 0.999977
4 69 0.108547
4 70 0.006763
4 71 0.999010
4 72 0.999990
4 73 0.999999
4 74 0.894801
4 75 0.968808
4 76 0.105307
4 77 0.096388
4 78 0.071949
4 79 0.996875
4 80 0.263461
4 81 0.999998
4 82 0.999999
4 83 0.999918
4 84 0.961718
4 85 0.999922
4 86 0.999814
4 87 1.000000
4 88 0.029925
4 89 0.999965
4 90 0.999979
4 91 0.035762
4 92 0.999888
4 93 1.000000
4 94 0.051779
4 95 0.972225
4 96 0.788679
4 97 0.999996
4 98 0.995316
4 99 0.999670
5 0 0.999995
5 1 1.000000
5 2 0.998516
5 3 0.236027
5 4 0.005177
5 5 0.000000
5 6 0.999871
5 7 0.999863
5 8 1.000000
5 9 1.000000
5 10 0.999981
5 11 0.997656
5 12 0.999802
5 13 0.002681
5 14 0.108547
5 15 0.999340
5 16 0.999060
5 17 0.996047
5 18 0.071949
5 19 0.999505
5 20 0.386901
5 21 0.029925
5 22 0.079481
5 23 0.999994
5 24 0.999982
5 25 0.999869
5 26 0.998610
5 27 0.071949
5 28 0.626001
5 29 0.258710
5 30 0.998516
5 31 0.006763
5 32 0.999997
5 33 0.999994
5 34 0.999985
5 35 0.999691
5 36 0.999982
5 37 0.997887
5 38 0.999919
5 39 0.999935
5 40 0.999988
5 41 0.999999
5 42 0.641070
5 43 0.803068
5 44 0.997774
5 45 0.999959
5 46 0.945222
5 47 0.999791
5 48 1.000000
5 49 0.082237
5 50 0.051779
5 51 0.082237
5 52 0.999258
5 53 0.434867
5 54 0.934561
5 55 0.999835
5 56 0.984281
5 57 0.915921
5 58 0.997034
5 59 0.991246
5 60 1.000000
5 61 1.000000
5 62 0.029925
5 63 0.999995
5 64 0.987559
5 65 0.999670
5 66 0.999582
5 67 0.995777
5 68 0.999972
5 69 0.999165
5 70 0.999958
5 71 0.999120
5 72 0.028526
5 73 0.011782
5 74 0.999997
5 75 0.999890
5 76 0.051779
5 77 0.999990
5 78 0.573990
5 79 0.002681
5 80 0.005177
5 81 0.996247
5 82 0.999985
5 83 0.001279
5 84 0.997222
5 85 0.999983
5 86 0.060180
5 87 0.999917
5 88 0.999934
5 89 0.997034
5 90 1.000000
5 91 0.999998
5 92 0.999973
5 93 0.971149
5 94 0.035762
5 95 0.060180
5 96 0.999997
5 97 0.999965
5 98 0.999826
5 99 0.997655
6 0 1.000000
6 1 0.998147
6 2 0.855444
6 3 1.000000
6 4 0.029925
6 5 0.999871
6 6 0.000000
6 7 0.791202
6 8 0.999977
6 9 0.983222
6 10 0.071949
6 11 0.999305
6 12 1.000000
6 13 0.999871
6 14 0.997327
6 15 0.655709
6 16 0.751866
6 17 0.999609
6 18 0.992508
6 19 0.999995
6 20 0.999814
6 21 0.999451
6 22 0.000556
6 23 0.982333
6 24 0.999926
6 25 0.953579
6 26 0.998610
6 27 0.999405
6 28 0.994452
6 29 0.999218
6 30 0.996663
6 31 0.999938
6 32 0.035762
6 33 0.042353
6 34 0.035762
6 35 0.999998
6 36 0.999218
6 37 1.000000
6 38 0.999722
6 39 0.983223
6 40 0.999994
6 41 0.051779
6 42 0.999908
6 43 0.999897
6 44 0.999998
6 45 0.982569
6 46 1.000000
6 47 0.019299
6 48 0.999935
6 49 0.994733
6 50 0.035762
6 51 0.999132
6 52 0.999996
6 53 0.051779
6 54 0.991688
6 55 0.999948
6 56 0.999512
6 57 0.999993
6 58 0.886636
6 59 0.999305
6 60 0.999996
6 61 0.999927
6 62 1.000000
6 63 0.700407
6 64 0.105307
6 65 0.011782
6 66 0.108547
6 67 0.999994
6 68 1.000000
6 69 0.999999
6 70 0.934561
6 71 1.000000
6 72 0.999996
6 73 0.998516
6 74 0.006763
6 75 0.997774
6 76 0.029925
6 77 0.018287
6 78 0.999999
6 79 0.999997
6 80 0.945222
6 81 1.000000
6 82 0.999991
6 83 0.999835
6 84 0.164846
6 85 0.029925
6 86 0.051779
6 87 0.005177
6 88 0.999991
6 89 0.029925
6 90 1.000000
6 91 0.995066
6 92 0.958628
6 93 0.999165
6 94 0.999896
6 95 0.999814
6 96 0.999804
6 97 0.999992
6 98 0.999975
6 99 0.997184
7 0 0.999853
7 1 0.999942
7 2 0.999998
7 3 0.975602
7 4 0.980672
7 5 0.999863
7 6 0.791202
7 7 0.000000
7 8 0.029925
7 9 0.991689
7 10 0.818482
7 11 0.788679
7 12 0.998902
7 13 1.000000
7 14 0.997774
7 15 1.000000
7 16 0.999876
7 17 0.011782
7 18 0.996485
7 19 0.997774
7 20 0.990157
7 21 0.029925
7 22 0.996298
7 23 0.703771
7 24 0.999999
7 25 0.005177
7 26 0.999374
7 27 0.673535
7 28 0.019299
7 29 0.019299
7 30 1.000000
7 31 0.999971
7 32 0.002681
7 33 0.029925
7 34 0.995780
7 35 0.818482
7 36 0.999995
7 37 0.999980
7 38 0.071949
7 39 0.102123
7 40 0.880949
7 41 1.000000
7 42 0.019299
7 43 0.069412
7 44 1.000000
7 45 0.034173
7 46 0.999981
7 47 0.963627
7 48 0.999994
7 49 0.700406
7 50 0.781351
7 51 0.979096
7 52 0.998353
7 53 0.999934
7 54 0.999923
7 55 0.011782
7 56 0.999999
7 57 0.138922
7 58 0.005177
7 59 0.051779
7 60 0.999998
7 61 0.011782
7 62 0.999582
7 63 1.000000
7 64 0.999989
7 65 0.329464
7 66 1.000000
7 67 0.846427
7 68 1.000000
7 69 0.990024
7 70 0.999623
7 71 0.035762
7 72 0.999998
7 73 0.999478
7 74 0.999768
7 75 1.000000
7 76 0.999995
7 77 0.999999
7 78 0.029925
7 79 0.999010
7 80 0.999902
7 81 0.999843
7 82 1.000000
7 83 0.999340
7 84 0.999479
7 85 0.999984
7 86 0.999998
7 87 1.000000
7 88 0.029925
7 89 1.000000
7 90 0.928576
7 91 0.999988
7 92 0.818481
7 93 0.999991
7 94 0.999977
7 95 0.999948
7 96 0.049729
7 97 0.999479
7 98 0.999976
7 99 0.999999
8 0 0.998436
8 1 0.982333
8 2 0.938590
8 3 0.005177
8 4 0.051779
8 5 1.000000
8 6 0.999977
8 7 0.029925
8 8 0.000000
8 9 0.993844
8 10 0.995613
8 11 0.999998
8 12 0.011782
8 13 0.999991
8 14 0.999978
8 15 0.999902
8 16 0.999999
8 17 0.996485
8 18 0.953579
8 19 0.971149
8 20 0.999980
8 21 1.000000
8 22 0.019299
8 23 0.999957
8 24 0.999582
8 25 1.000000
8 26 0.990157
8 27 0.999870
8 28 0.029925
8 29 0.860513
8 30 0.999826
8 31 0.700406
8 32 0.526395
8 33 0.999896
8 34 1.000000
8 35 0.980147
8 36 1.000000
8 37 0.999340
8 38 0.981397
8 39 0.071949
8 40 1.000000
8 41 0.999780
8 42 0.005177
8 43 1.000000
8 44 0.035762
8 45 0.999994
8 46 0.754758
8 47 1.000000
8 48 0.029925
8 49 0.942379
8 50 0.999998
8 51 0.768376
8 52 0.959174
8 53 1.000000
8 54 0.999997
8 55 0.989633
8 56 0.999948
8 57 1.000000
8 58 1.000000
8 59 0.968808
8 60 0.999228
8 61 0.998147
8 62 0.984491
8 63 0.999870
8 64 0.999883
8 65 1.000000
8 66 0.999120
8 67 1.000000
8 68 0.999956
8 69 0.997834
8 70 0.923918
8 71 0.945222
8 72 0.999974
8 73 0.997034
8 74 0.999985
8 75 0.999073
8 76 0.999888
8 77 0.011782
8 78 0.972225
8 79 0.999998
8 80 0.999999
8 81 0.993427
8 82 0.986898
8 83 0.999917
8 84 0.005177
8 85 0.992109
8 86 0.999998
8 87 0.999942
8 88 0.994076
8 89 0.999736
8 90 0.999931
8 91 0.999930
8 92 0.999999
8 93 0.743482
8 94 0.880950
8 95 0.999707
8 96 1.000000
8 97 0.329464
8 98 0.996247
8 99 0.057916
9 0 0.999258
9 1 0.999835
9 2 0.049729
9 3 0.999999
9 4 0.959174
9 5 1.000000
9 6 0.983222
9 7 0.991689
9 8 0.993844
9 9 0.000000
9 10 0.503960
9 11 0.999614
9 12 0.990024
9 13 0.972594
9 14 0.999536
9 15 0.999560
9 16 0.999780
9 17 0.997916
9 18 1.000000
9 19 0.980411
9 20 0.999954
9 21 0.999853
9 22 0.001279
9 23 0.999895
9 24 0.999997
9 25 0.874996
9 26 0.997184
9 27 0.227550
9 28 0.999923
9 29 0.999983
9 30 0.999979
9 31 0.999981
9 32 1.000000
9 33 0.999984
9 34 0.999984
9 35 0.999060
9 36 0.042353
9 37 0.812062
9 38 0.999998
9 39 0.931184
9 40 0.035762
9 41 0.002681
9 42 0.999998
9 43 0.999896
9 44 0.999963
9 45 0.011782
9 46 0.999979
9 47 1.000000
9 48 0.862254
9 49 0.991246
9 50 0.189109
9 51 0.999722
9 52 0.000556
9 53 0.999995
9 54 0.923918
9 55 0.876570
9 56 0.201407
9 57 0.999997
9 58 0.003622
9 59 0.999218
9 60 0.999948
9 61 0.517913
9 62 0.997687
9 63 1.000000
9 64 0.999670
9 65 0.999979
9 66 0.967167
9 67 0.999997
9 68 0.996100
9 69 0.005177
9 70 0.049729
9 71 0.999471
9 72 0.999985
9 73 0.983447
9 74 1.000000
9 75 0.999995
9 76 0.999588
9 77 0.999998
9 78 0.999999
9 79 0.999999
9 80 0.006763
9 81 0.999120
9 82 0.991689
9 83 0.853624
9 84 0.005177
9 85 0.286770
9 86 1.000000
9 87 0.999977
9 88 0.991127
9 89 0.992109
9 90 1.000000
9 91 0.019299
9 92 0.999609
9 93 0.268234
9 94 1.000000
9 95 1.000000
9 96 0.999964
9 97 0.999966
9 98 0.999807
9 99 1.000000
10 0 0.999997
10 1 0.932077
10 2 0.999164
10 3 0.901145
10 4 0.997916
10 5 0.999981
10 6 0.071949
10 7 0.818482
10 8 0.995613
10 9 0.503960
10 10 0.000000
10 11 0.029925
10 12 0.999999
10 13 0.998747
10 14 0.737453
10 15 0.329464
10 16 0.999478
10 17 0.999753
10 18 0.999995
10 19 0.999305
10 20 0.996485
10 21 0.999997
10 22 0.999652
10 23 0.999967
10 24 0.993427
10 25 0.986015
10 26 0.011782
10 27 0.495294
10 28 0.999967
10 29 0.051779
10 30 0.071949
10 31 0.997804
10 32 0.999948
10 33 0.005177
10 34 0.997363
10 35 0.008716
10 36 0.999382
10 37 0.005177
10 38 1.000000
10 39 0.972225
10 40 0.999965
10 41 0.997804
10 42 0.999970
10 43 1.000000
10 44 0.999959
10 45 0.990655
10 46 0.999890
10 47 0.999948
10 48 0.005177
10 49 0.820692
10 50 0.029925
10 51 0.999736
10 52 0.991246
10 53 0.999804
10 54 0.999999
10 55 0.998887
10 56 0.999722
10 57 1.000000
10 58 0.005177
10 59 0.999876
10 60 0.999993
10 61 0.999983
10 62 0.999780
10 63 1.000000
10 64 0.996298
10 65 0.999268
10 66 0.999972
10 67 0.999934
10 68 0.999995
10 69 0.743482
10 70 0.943131
10 71 0.997886
10 72 0.999783
10 73 0.011782
10 74 0.975273
10 75 0.997073
10 76 0.992887
10 77 0.999986
10 78 0.999890
10 79 0.999629
10 80 0.999826
10 81 0.996485
10 82 0.999971
10 83 0.820692
10 84 0.700406
10 85 0.999691
10 86 1.000000
10 87 0.996875
10 88 0.999995
10 89 1.000000
10 90 1.000000
10 91 0.989492
10 92 0.029925
10 93 1.000000
10 94 0.999752
10 95 0.999996
10 96 0.999998
10 97 0.999634
10 98 0.998436
10 99 0.999814
11 0 0.051779
11 1 0.999999
11 2 0.999951
11 3 1.000000
11 4 0.999998
11 5 0.997656
11 6 0.999305
11 7 0.788679
11 8 0.999998
11 9 0.999614
11 10 0.029925
11 11 0.000000
11 12 0.999876
11 13 0.868768
11 14 0.999997
11 15 0.477022
11 16 0.999739
11 17 0.999939
11 18 0.995836
11 19 0.019299
11 20 0.999530
11 21 0.998610
11 22 0.999994
11 23 0.999629
11 24 0.329464
11 25 0.281925
11 26 0.999648
11 27 0.999876
11 28 0.999934
11 29 0.962646
11 30 0.937778
11 31 0.989493
11 32 0.014763
11 33 0.006763
11 34 0.245316
11 35 0.999995
11 36 0.997363
11 37 0.999907
11 38 0.975273
11 39 0.999995
11 40 0.988187
11 41 0.997034
11 42 0.999995
11 43 0.999804
11 44 0.999753
11 45 0.999739
11 46 0.472229
11 47 0.999687
11 48 0.011782
11 49 1.000000
11 50 0.984281
11 51 0.240658
11 52 1.000000
11 53 0.703771
11 54 1.000000
11 55 0.060180
11 56 0.999919
11 57 0.997398
11 58 0.967167
11 59 0.999479
11 60 0.434867
11 61 0.999994
11 62 0.999780
11 63 1.000000
11 64 0.999120
11 65 0.998610
11 66 0.996708
11 67 0.994999
11 68 0.051779
11 69 0.108547
11 70 0.999999
11 71 0.999835
11 72 0.999964
11 73 0.999999
11 74 0.997530
11 75 0.999935
11 76 0.975602
11 77 1.000000
11 78 0.999985
11 79 0.999374
11 80 0.990157
11 81 0.945939
11 82 1.000000
11 83 1.000000
11 84 1.000000
11 85 0.983223
11 86 0.993428
11 87 0.029925
11 88 0.994803
11 89 0.014763
11 90 0.999994
11 91 0.999780
11 92 1.000000
11 93 0.999634
11 94 0.028526
11 95 0.172989
11 96 0.975273
11 97 0.999826
11 98 0.998957
11 99 0.998021
12 0 0.637194
12 1 0.999995
12 2 0.999987
12 3 0.820692
12 4 0.999060
12 5 0.999802
12 6 1.000000
12 7 0.998902
12 8 0.011782
12 9 0.990024
12 10 0.999999
12 11 0.999876
12 12 0.000000
12 13 0.999752
12 14 0.029925
12 15 0.975273
12 16 0.999176
12 17 0.998330
12 18 0.019299
12 19 0.051779
12 20 0.999413
12 21 0.765619
12 22 0.035762
12 23 0.967167
12 24 0.999120
12 25 1.000000
12 26 0.901145
12 27 0.005177
12 28 0.000372
12 29 0.938589
12 30 0.786130
12 31 0.999963
12 32 0.977990
12 33 0.999999
12 34 0.999988
12 35 0.268234
12 36 0.406015
12 37 0.997363
12 38 0.999218
12 39 0.051779
12 40 0.060180
12 41 0.999814
12 42 0.997034
12 43 0.999505
12 44 0.999926
12 45 0.029925
12 46 0.286770
12 47 0.991127
12 48 0.011782
12 49 0.999530
12 50 0.999994
12 51 0.999984
12 52 0.991246
12 53 0.999471
12 54 0.904700
12 55 0.995066
12 56 0.189109
12 57 0.227550
12 58 0.776073
12 59 0.997656
12 60 0.999896
12 61 0.023583
12 62 0.999505
12 63 0.999996
12 64 0.993427
12 65 0.999826
12 66 0.019299
12 67 0.999878
12 68 0.019299
12 69 0.984490
12 70 0.888076
12 71 0.999218
12 72 0.999999
12 73 0.999902
12 74 1.000000
12 75 1.000000
12 76 0.035762
12 77 0.995316
12 78 0.999869
12 79 0.999990
12 80 0.999971
12 81 0.981397
12 82 0.996298
12 83 0.977990
12 84 0.995836
12 85 0.998827
12 86 0.882454
12 87 0.029925
12 88 0.894801
12 89 0.999961
12 90 0.990024
12 91 1.000000
12 92 0.999976
12 93 0.011782
12 94 1.000000
12 95 0.997073
12 96 0.999817
12 97 0.987559
12 98 0.999560
12 99 0.998516
13 0 0.999560
13 1 0.005177
13 2 1.000000
13 3 0.999073
13 4 0.969221
13 5 0.002681
13 6 0.999871
13 7 1.000000
13 8 0.999991
13 9 0.972594
13 10 0.998747
13 11 0.868768
13 12 0.999752
13 13 0.000000
13 14 0.001168
13 15 0.990157
13 16 0.997363
13 17 0.999999
13 18 0.999634
13 19 0.716439
13 20 0.909312
13 21 0.994376
13 22 1.000000
13 23 0.999845
13 24 0.999588
13 25 0.999536
13 26 1.000000
13 27 0.972594
13 28 0.023583
13 29 0.001794
13 30 0.999996
13 31 0.687189
13 32 0.778725
13 33 0.082237
13 34 0.999560
13 35 1.000000
13 36 0.999951
13 37 0.049729
13 38 0.874996
13 39 0.999999
13 40 0.999990
13 41 0.882454
13 42 0.999992
13 43 0.999988
13 44 0.983223
13 45 0.999902
13 46 0.999120
13 47 0.189109
13 48 0.998957
13 49 0.586173
13 50 0.778725
13 51 0.999931
13 52 1.000000
13 53 0.028526
13 54 0.348574
13 55 0.999998
13 56 0.996875
13 57 0.986898
13 58 0.920015
13 59 0.996247
13 60 0.002681
13 61 0.999993
13 62 1.000000
13 63 0.019299
13 64 0.997073
13 65 0.999413
13 66 0.987559
13 67 0.995613
13 68 0.998241
13 69 0.999998
13 70 0.049729
13 71 0.999624
13 72 0.121504
13 73 1.000000
13 74 0.999923
13 75 1.000000
13 76 0.998048
13 77 0.997034
13 78 0.999804
13 79 0.999998
13 80 0.006763
13 81 0.999629
13 82 0.997530
13 83 0.040565
13 84 0.999976
13 85 0.989493
13 86 0.999165
13 87 0.999802
13 88 0.999973
13 89 1.000000
13 90 0.999989
13 91 0.999988
13 92 0.999959
13 93 0.972594
13 94 0.999919
13 95 0.999752
13 96 0.999997
13 97 0.999913
13 98 0.998764
13 99 0.245316
14 0 0.999997
14 1 0.108547
14 2 0.999996
14 3 0.999512
14 4 0.995066
14 5 0.108547
14 6 0.997327
14 7 0.997774
14 8 0.999978
14 9 0.999536
14 10 0.737453
14 11 0.999997
14 12 0.029925
14 13 0.001168
14 14 0.000000
14 15 0.945939
14 16 0.955884
14 17 0.999890
14 18 0.948613
14 19 0.999930
14 20 0.999978
14 21 0.975602
14 22 0.999939
14 23 0.999923
14 24 0.999998
14 25 0.999997
14 26 0.997655
14 27 0.002681
14 28 0.999258
14 29 0.999634
14 30 0.005177
14 31 0.913715
14 32 0.999588
14 33 0.999951
14 34 0.998122
14 35 1.000000
14 36 0.999998
14 37 0.999845
14 38 0.999927
14 39 0.998147
14 40 0.035762
14 41 0.019299
14 42 0.982569
14 43 0.999993
14 44 0.071949
14 45 0.477022
14 46 0.999913
14 47 0.121504
14 48 0.999927
14 49 0.999931
14 50 0.999996
14 51 0.992215
14 52 0.984491
14 53 0.999768
14 54 0.999995
14 55 0.060180
14 56 0.999165
14 57 0.999999
14 58 0.069412
14 59 0.980147
14 60 0.999999
14 61 0.728674
14 62 0.184861
14 63 0.999965
14 64 0.005177
14 65 0.138922
14 66 0.029925
14 67 0.996485
14 68 1.000000
14 69 0.999897
14 70 0.999972
14 71 0.051779
14 72 1.000000
14 73 0.372722
14 74 0.995316
14 75 0.999961
14 76 0.994732
14 77 0.000372
14 78 0.002681
14 79 0.999853
14 80 1.000000
14 81 0.988784
14 82 0.999629
14 83 0.999994
14 84 0.999060
14 85 1.000000
14 86 0.998516
14 87 0.999989
14 88 0.999989
14 89 0.889496
14 90 0.999895
14 91 0.965441
14 92 0.999804
14 93 0.999995
14 94 0.425033
14 95 0.999997
14 96 0.999931
14 97 0.998764
14 98 0.999120
14 99 0.999959
15 0 0.948613
15 1 0.014763
15 2 0.999998
15 3 0.716439
15 4 0.998516
15 5 0.999340
15 6 0.655709
15 7 1.000000
15 8 0.999902
15 9 0.999560
15 10 0.329464
15 11 0.477022
15 12 0.975273
15 13 0.990157
15 14 0.945939
15 15 0.000000
15 16 0.991689
15 17 0.002681
15 18 1.000000
15 19 0.999995
15 20 0.051779
15 21 0.004818
15 22 0.999896
15 23 0.005177
15 24 0.998241
15 25 0.992887
15 26 0.999870
15 27 0.999959
15 28 0.999917
15 29 0.999956
15 30 0.035762
15 31 0.999990
15 32 0.999951
15 33 0.924902
15 34 0.743482
15 35 0.552765
15 36 0.999999
15 37 0.003622
15 38 0.057916
15 39 0.996485
15 40 0.998764
15 41 0.999670
15 42 0.997363
15 43 0.999956
15 44 0.999999
15 45 0.996753
15 46 0.999902
15 47 0.029925
15 48 1.000000
15 49 0.922921
15 50 0.002681
15 51 0.362752
15 52 0.999739
15 53 1.000000
15 54 0.999999
15 55 0.019299
15 56 0.996664
15 57 0.972225
15 58 0.999999
15 59 0.999996
15 60 0.391878
15 61 0.998887
15 62 0.019299
15 63 0.972225
15 64 1.000000
15 65 0.023583
15 66 0.135231
15 67 0.999973
15 68 0.999884
15 69 0.999998
15 70 0.999582
15 71 0.999996
15 72 0.035762
15 73 1.000000
15 74 0.999983
15 75 0.995316
15 76 0.019299
15 77 1.000000
15 78 0.005177
15 79 0.999896
15 80 0.992609
15 81 0.998353
15 82 0.999980
15 83 0.989082
15 84 0.999991
15 85 0.999989
15 86 0.999995
15 87 0.998415
15 88 0.999998
15 89 0.329464
15 90 0.406016
15 91 0.996347
15 92 1.000000
15 93 0.998957
15 94 0.495294
15 95 0.999853
15 96 1.000000
15 97 0.904700
15 98 0.999997
15 99 0.844504
16 0 0.999954
16 1 1.000000
16 2 0.999917
16 3 0.999901
16 4 0.029925
16 5 0.999060
16 6 0.751866
16 7 0.999876
16 8 0.999999
16 9 0.999780
16 10 0.999478
16 11 0.999739
16 12 0.999176
16 13 0.997363
16 14 0.955884
16 15 0.991689
16 16 0.000000
16 17 1.000000
16 18 0.153568
16 19 0.932077
16 20 0.999061
16 21 0.999609
16 22 1.000000
16 23 0.057916
16 24 0.999938
16 25 0.999165
16 26 0.988934
16 27 0.846427
16 28 0.029925
16 29 0.998147
16 30 0.996047
16 31 0.939390
16 32 0.035762
16 33 0.999295
16 34 0.999928
16 35 0.990024
16 36 0.999990
16 37 0.999999
16 38 0.998902
16 39 0.999996
16 40 0.999998
16 41 1.000000
16 42 0.999985
16 43 0.973262
16 44 0.997073
16 45 0.999972
16 46 0.035762
16 47 0.999707
16 48 1.000000
16 49 0.998536
16 50 0.996297
16 51 0.029925
16 52 0.995066
16 53 0.999999
16 54 0.495294
16 55 0.019299
16 56 0.999902
16 57 0.998680
16 58 0.999176
16 59 0.999967
16 60 0.372722
16 61 0.999691
16 62 0.999979
16 63 0.846427
16 64 0.002681
16 65 0.999884
16 66 0.999722
16 67 0.999670
16 68 0.899866
16 69 0.999999
16 70 0.999010
16 71 0.999999
16 72 0.000139
16 73 0.999999
16 74 0.121504
16 75 0.948613
16 76 0.324511
16 77 0.999996
16 78 0.999999
16 79 0.882454
16 80 0.093360
16 81 0.999902
16 82 0.372722
16 83 0.967602
16 84 0.999999
16 85 0.999974
16 86 0.999999
16 87 0.995066
16 88 0.999996
16 89 0.999979
16 90 0.105307
16 91 0.999739
16 92 0.999990
16 93 0.999993
16 94 0.069412
16 95 0.617998
16 96 0.004818
16 97 0.999657
16 98 0.999913
16 99 1.000000
17 0 0.082237
17 1 0.973617
17 2 0.329464
17 3 0.996347
17 4 0.998957
17 5 0.996047
17 6 0.999609
17 7 0.011782
17 8 0.996485
17 9 0.997916
17 10 0.999753
17 11 0.999939
17 12 0.998330
17 13 0.999999
17 14 0.999890
17 15 0.002681
17 16 1.000000
17 17 0.000000
17 18 0.999652
17 19 0.999870
17 20 1.000000
17 21 0.999961
17 22 0.999120
17 23 0.153568
17 24 0.998122
17 25 0.965899
17 26 0.963138
17 27 0.999961
17 28 0.994803
17 29 0.999999
17 30 0.979374
17 31 0.992109
17 32 0.999878
17 33 1.000000
17 34 0.406016
17 35 0.996532
17 36 0.999780
17 37 0.994155
17 38 0.990655
17 39 0.994803
17 40 0.999999
17 41 1.000000
17 42 0.999024
17 43 0.728674
17 44 0.999998
17 45 0.035762
17 46 0.014763
17 47 1.000000
17 48 0.108547
17 49 0.999120
17 50 0.999927
17 51 1.000000
17 52 0.974940
17 53 0.999997
17 54 0.979096
17 55 0.060180
17 56 0.972594
17 57 0.573990
17 58 0.999982
17 59 0.999902
17 60 0.997916
17 61 0.999765
17 62 0.011782
17 63 0.999962
17 64 1.000000
17 65 0.051779
17 66 0.999537
17 67 0.992112
17 68 0.999998
17 69 0.910477
17 70 0.999996
17 71 0.999853
17 72 0.999340
17 73 0.999876
17 74 0.999961
17 75 0.999997
17 76 0.999989
17 77 0.028526
17 78 1.000000
17 79 0.999942
17 80 1.000000
17 81 0.998698
17 82 1.000000
17 83 0.005177
17 84 0.999566
17 85 0.999978
17 86 0.980411
17 87 0.999498
17 88 1.000000
17 89 0.985272
17 90 0.999997
17 91 1.000000
17 92 0.809758
17 93 1.000000
17 94 0.999736
17 95 0.999993
17 96 1.000000
17 97 0.999996
17 98 0.998353
17 99 0.999977
18 0 0.995836
18 1 0.999853
18 2 0.999974
18 3 0.999981
18 4 0.999374
18 5 0.071949
18 6 0.992508
18 7 0.996485
18 8 0.953579
18 9 1.000000
18 10 0.999995
18 11 0.995836
18 12 0.019299
18 13 0.999634
18 14 0.948613
18 15 1.000000
18 16 0.153568
18 17 0.999652
18 18 0.000000
18 19 0.999971
18 20 0.999882
18 21 0.996485
18 22 0.011782
18 23 0.999998
18 24 0.051779
18 25 0.093360
18 26 0.968388
18 27 0.999963
18 28 0.997363
18 29 0.999835
18 30 0.530966
18 31 0.921910
18 32 0.999988
18 33 0.999999
18 34 1.000000
18 35 0.999997
18 36 0.967167
18 37 0.006763
18 38 0.999985
18 39 0.999997
18 40 0.998241
18 41 0.999258
18 42 0.999978
18 43 0.999768
18 44 0.999073
18 45 0.999985
18 46 0.093360
18 47 0.990157
18 48 0.999983
18 49 0.006763
18 50 0.999997
18 51 0.999994
18 52 0.001279
18 53 0.999991
18 54 0.788677
18 55 0.999991
18 56 0.972225
18 57 0.998610
18 58 0.999931
18 59 0.828969
18 60 0.994452
18 61 0.999120
18 62 0.988345
18 63 0.035762
18 64 0.999010
18 65 0.999950
18 66 0.002681
18 67 1.000000
18 68 0.999707
18 69 0.999687
18 70 0.999923
18 71 0.768376
18 72 0.348574
18 73 0.928576
18 74 0.999896
18 75 0.005177
18 76 0.999988
18 77 0.999999
18 78 0.998902
18 79 0.999890
18 80 0.968808
18 81 0.999977
18 82 0.999479
18 83 0.999951
18 84 0.999804
18 85 0.999691
18 86 0.999804
18 87 0.994999
18 88 0.999629
18 89 1.000000
18 90 0.979096
18 91 0.927638
18 92 0.999986
18 93 0.987559
18 94 0.998610
18 95 0.987559
18 96 0.997496
18 97 0.029925
18 98 0.011782
18 99 0.999945
19 0 1.000000
19 1 0.999340
19 2 1.000000
19 3 0.999999
19 4 0.992983
19 5 0.999505
19 6 0.999995
19 7 0.997774
19 8 0.971149
19 9 0.980411
19 10 0.999305
19 11 0.019299
19 12 0.051779
19 13 0.716439
19 14 0.999930
19 15 0.999995
19 16 0.932077
19 17 0.999870
19 18 0.999971
19 19 0.000000
19 20 0.999010
19 21 0.998353
19 22 0.999998
19 23 0.999998
19 24 0.071949
19 25 0.838911
19 26 0.999999
19 27 0.999997
19 28 0.448784
19 29 0.998147
19 30 0.998122
19 31 0.973967
19 32 0.999935
19 33 1.000000
19 34 0.999985
19 35 0.999443
19 36 0.981397
19 37 0.999913
19 38 0.410971
19 39 0.029925
19 40 0.836903
19 41 0.867102
19 42 0.985073
19 43 0.999814
19 44 0.999990
19 45 0.776073
19 46 0.999913
19 47 0.999268
19 48 0.951799
19 49 0.999486
19 50 0.995379
19 51 0.751861
19 52 0.108547
19 53 0.999934
19 54 0.999505
19 55 0.731785
19 56 0.999505
19 57 0.005177
19 58 0.999835
19 59 0.999996
19 60 0.999530
19 61 0.999995
19 62 0.834872
19 63 0.899866
19 64 1.000000
19 65 0.999930
19 66 0.999994
19 67 0.999927
19 68 0.391878
19 69 0.999536
19 70 0.995066
19 71 0.791203
19 72 0.997363
19 73 0.051779
19 74 0.999966
19 75 0.082237
19 76 0.108547
19 77 0.999999
19 78 0.999629
19 79 0.968808
19 80 0.999969
19 81 0.999814
19 82 0.999120
19 83 0.999963
19 84 1.000000
19 85 0.999948
19 86 0.172989
19 87 0.993516
19 88 0.999996
19 89 0.999791
19 90 0.997804
19 91 0.998021
19 92 1.000000
19 93 0.999990
19 94 0.999993
19 95 0.999988
19 96 0.924902
19 97 1.000000
19 98 0.329464
19 99 0.999993
20 0 0.999912
20 1 0.999999
20 2 0.051779
20 3 0.999994
20 4 0.999995
20 5 0.386901
20 6 0.999814
20 7 0.990157
20 8 0.999980
20 9 0.999954
20 10 0.996485
20 11 0.999530
20 12 0.999413
20 13 0.909312
20 14 0.999978
20 15 0.051779
20 16 0.999061
20 17 1.000000
20 18 0.999882
20 19 0.999010
20 20 0.000000
20 21 0.999998
20 22 1.000000
20 23 0.999982
20 24 0.002681
20 25 0.788678
20 26 0.999997
20 27 0.989082
20 28 0.992109
20 29 0.019299
20 30 0.999969
20 31 0.042353
20 32 0.942378
20 33 1.000000
20 34 0.961206
20 35 0.108547
20 36 0.992983
20 37 0.999512
20 38 1.000000
20 39 0.924902
20 40 0.987725
20 41 0.569659
20 42 0.980411
20 43 0.999986
20 44 1.000000
20 45 0.999918
20 46 0.999648
20 47 0.121504
20 48 0.999956
20 49 0.999652
20 50 0.035762
20 51 0.999993
20 52 0.995554
20 53 0.976514
20 54 0.999258
20 55 0.999479
20 56 1.000000
20 57 0.999961
20 58 0.602289
20 59 0.019299
20 60 0.999999
20 61 0.983668
20 62 0.019299
20 63 1.000000
20 64 0.286770
20 65 0.999997
20 66 0.999979
20 67 0.999999
20 68 0.809759
20 69 0.453650
20 70 0.004818
20 71 0.882454
20 72 0.034173
20 73 0.809758
20 74 0.071949
20 75 1.000000
20 76 1.000000
20 77 0.999983
20 78 0.019299
20 79 0.999965
20 80 0.999826
20 81 0.019299
20 82 0.029925
20 83 0.986720
20 84 0.976514
20 85 0.999986
20 86 0.999837
20 87 0.999999
20 88 1.000000
20 89 1.000000
20 90 0.994803
20 91 0.035762
20 92 0.019299
20 93 0.999479
20 94 0.005177
20 95 0.999560
20 96 0.987392
20 97 0.996831
20 98 0.245316
20 99 0.999073
21 0 0.153568
21 1 0.035762
21 2 0.434867
21 3 0.982333
21 4 0.716439
21 5 0.029925
21 6 0.999451
21 7 0.029925
21 8 1.000000
21 9 0.999853
21 10 0.999997
21 11 0.998610
21 12 0.765619
21 13 0.994376
21 14 0.975602
21 15 0.004818
21 16 0.999609
21 17 0.999961
21 18 0.996485
21 19 0.998353
21 20 0.999998
21 21 0.000000
21 22 0.004818
21 23 0.932077
21 24 0.999977
21 25 0.999588
21 26 0.975273
21 27 0.172989
21 28 0.999997
21 29 0.743482
21 30 0.005177
21 31 1.000000
21 32 0.999817
21 33 0.998122
21 34 0.453650
21 35 0.029925
21 36 0.999922
21 37 0.740481
21 38 0.989494
21 39 0.999340
21 40 0.999999
21 41 0.999258
21 42 0.999999
21 43 0.999073
21 44 0.976826
21 45 0.999305
21 46 0.029925
21 47 0.999939
21 48 0.999954
21 49 0.958629
21 50 0.999986
21 51 0.429954
21 52 0.998747
21 53 0.989633
21 54 0.999725
21 55 0.991689
21 56 0.999992
21 57 0.999990
21 58 0.999935
21 59 0.999961
21 60 0.029925
21 61 0.999999
21 62 0.997073
21 63 0.999187
21 64 0.996298
21 65 0.909314
21 66 0.999995
21 67 0.005177
21 68 0.928576
21 69 0.958076
21 70 0.999959
21 71 0.999988
21 72 0.995613
21 73 1.000000
21 74 0.999954
21 75 0.999971
21 76 0.997363
21 77 0.999967
21 78 0.998330
21 79 0.637193
21 80 0.999997
21 81 0.999997
21 82 0.069411
21 83 0.999935
21 84 0.999999
21 85 0.999958
21 86 0.999994
21 87 0.003622
21 88 1.000000
21 89 0.999843
21 90 0.994999
21 91 0.999999
21 92 0.999536
21 93 0.999988
21 94 0.029925
21 95 0.963627
21 96 0.998330
21 97 1.000000
21 98 0.999826
21 99 0.029925
22 0 0.868768
22 1 0.999999
22 2 0.998217
22 3 0.002681
22 4 1.000000
22 5 0.079481
22 6 0.000556
22 7 0.996298
22 8 0.019299
22 9 0.001279
22 10 0.999652
22 11 0.999994
22 12 0.035762
22 13 1.000000
22 14 0.999939
22 15 0.999896
22 16 1.000000
22 17 0.999120
22 18 0.011782
22 19 0.999998
22 20 1.000000
22 21 0.004818
22 22 0.000000
22 23 0.979374
22 24 0.999913
22 25 0.999843
22 26 0.108547
22 27 0.942378
22 28 1.000000
22 29 0.001794
22 30 0.000372
22 31 0.999768
22 32 0.051779
22 33 0.999999
22 34 0.999999
22 35 0.005177
22 36 0.999942
22 37 0.011782
22 38 0.999981
22 39 0.362752
22 40 0.108547
22 41 0.873405
22 42 0.948613
22 43 0.286770
22 44 0.999990
22 45 0.982569
22 46 0.999923
22 47 0.149692
22 48 0.990655
22 49 0.999974
22 50 0.918969
22 51 0.988934
22 52 0.029925
22 53 0.999984
22 54 0.999976
22 55 0.997530
22 56 0.999982
22 57 0.999996
22 58 0.999884
22 59 0.999999
22 60 0.999997
22 61 0.999413
22 62 0.999989
22 63 0.029925
22 64 0.999972
22 65 0.687189
22 66 1.000000
22 67 0.997259
22 68 1.000000
22 69 0.998516
22 70 0.999530
22 71 0.415919
22 72 0.999993
22 73 0.998698
22 74 0.999972
22 75 0.999768
22 76 0.999974
22 77 0.999855
22 78 0.994155
22 79 0.999961
22 80 0.999987
22 81 0.999984
22 82 0.999902
22 83 0.999994
22 84 0.035762
22 85 1.000000
22 86 0.999443
22 87 0.999897
22 88 0.999998
22 89 0.996485
22 90 1.000000
22 91 0.999999
22 92 0.999010
22 93 0.999984
22 94 1.000000
22 95 0.029925
22 96 0.999817
22 97 0.965441
22 98 0.999999
22 99 0.874997
23 0 0.999999
23 1 0.998021
23 2 1.000000
23 3 0.999451
23 4 0.996875
23 5 0.999994
23 6 0.982333
23 7 0.703771
23 8 0.999957
23 9 0.999895
23 10 0.999967
23 11 0.999629
23 12 0.967167
23 13 0.999845
23 14 0.999923
23 15 0.005177
23 16 0.057916
23 17 0.153568
23 18 0.999998
23 19 0.999998
23 20 0.999982
23 21 0.932077
23 22 0.979374
23 23 0.000000
23 24 0.999451
23 25 0.029925
23 26 0.990157
23 27 0.999999
23 28 0.999794
23 29 0.993248
23 30 0.019299
23 31 0.999883
23 32 0.999268
23 33 0.011782
23 34 0.999908
23 35 1.000000
23 36 0.994234
23 37 0.932077
23 38 0.006763
23 39 0.023583
23 40 0.999670
23 41 0.999999
23 42 0.999977
23 43 0.999413
23 44 1.000000
23 45 0.999998
23 46 0.999982
23 47 0.999992
23 48 0.999794
23 49 0.998536
23 50 0.999983
23 51 0.999707
23 52 0.999768
23 53 0.999997
23 54 0.019299
23 55 0.995836
23 56 0.999176
23 57 0.205798
23 58 0.999736
23 59 0.999814
23 60 0.189109
23 61 0.999990
23 62 0.999999
23 63 0.998957
23 64 0.999791
23 65 0.028526
23 66 0.999824
23 67 1.000000
23 68 0.914823
23 69 0.999768
23 70 0.999739
23 71 0.006763
23 72 0.453650
23 73 0.069412
23 74 0.989082
23 75 0.999719
23 76 0.999999
23 77 0.999986
23 78 0.051779
23 79 0.942377
23 80 1.000000
23 81 0.999995
23 82 0.995067
23 83 0.999804
23 84 0.945939
23 85 0.999976
23 86 0.999349
23 87 0.999945
23 88 0.999999
23 89 0.836903
23 90 0.281925
23 91 0.999991
23 92 0.893445
23 93 0.999981
23 94 0.999979
23 95 0.999999
23 96 0.999132
23 97 1.000000
23 98 0.999992
23 99 0.713187
24 0 0.999986
24 1 0.999999
24 2 1.000000
24 3 0.991576
24 4 0.999994
24 5 0.999982
24 6 0.999926
24 7 0.999999
24 8 0.999582
24 9 0.999997
24 10 0.993427
24 11 0.329464
24 12 0.999120
24 13 0.999588
24 14 0.999998
24 15 0.998241
24 16 0.999938
24 17 0.998122
24 18 0.051779
24 19 0.071949
24 20 0.002681
24 21 0.999977
24 22 0.999913
24 23 0.999451
24 24 0.000000
24 25 0.999996
24 26 0.999999
24 27 1.000000
24 28 0.108547
24 29 0.999997
24 30 0.982569
24 31 0.999998
24 32 0.999780
24 33 0.996917
24 34 0.998147
24 35 0.999582
24 36 0.999010
24 37 0.999994
24 38 0.019299
24 39 0.999707
24 40 0.999996
24 41 0.999996
24 42 1.000000
24 43 0.999471
24 44 0.999780
24 45 0.991689
24 46 0.999999
24 47 1.000000
24 48 0.990157
24 49 0.999975
24 50 0.023583
24 51 0.999413
24 52 0.999916
24 53 0.071949
24 54 0.999912
24 55 0.999959
24 56 0.999996
24 57 0.286770
24 58 0.740481
24 59 0.999505
24 60 0.826850
24 61 0.051779
24 62 0.029925
24 63 0.071949
24 64 0.999972
24 65 0.997655
24 66 0.999998
24 67 0.999994
24 68 0.999954
24 69 0.998764
24 70 0.006763
24 71 0.999967
24 72 1.000000
24 73 0.999980
24 74 0.999902
24 75 0.998516
24 76 0.548313
24 77 0.889496
24 78 0.999985
24 79 0.999707
24 80 1.000000
24 81 0.999176
24 82 1.000000
24 83 0.988187
24 84 0.999999
24 85 0.999923
24 86 1.000000
24 87 0.999132
24 88 0.019299
24 89 0.051779
24 90 0.149692
24 91 0.999980
24 92 1.000000
24 93 0.011782
24 94 0.029925
24 95 1.000000
24 96 0.998353
24 97 0.981397
24 98 0.997363
24 99 0.019299
25 0 0.999998
25 1 0.999954
25 2 0.999752
25 3 0.949286
25 4 0.999942
25 5 0.999869
25 6 0.953579
25 7 0.005177
25 8 1.000000
25 9 0.874996
25 10 0.986015
25 11 0.281925
25 12 1.000000
25 13 0.999536
25 14 0.999997
25 15 0.992887
25 16 0.999165
25 17 0.965899
25 18 0.093360
25 19 0.838911
25 20 0.788678
25 21 0.999588
25 22 0.999843
25 23 0.029925
25 24 0.999996
25 25 0.000000
25 26 0.071949
25 27 0.992609
25 28 0.776072
25 29 0.999824
25 30 1.000000
25 31 0.000372
25 32 0.011782
25 33 0.999997
25 34 0.999752
25 35 0.999972
25 36 0.999176
25 37 0.928576
25 38 0.997496
25 39 0.343597
25 40 0.999629
25 41 0.305549
25 42 0.999913
25 43 0.999978
25 44 0.964978
25 45 0.005177
25 46 0.999997
25 47 1.000000
25 48 0.999648
25 49 0.998902
25 50 0.999629
25 51 0.999959
25 52 0.959174
25 53 0.002681
25 54 1.000000
25 55 0.993844
25 56 0.998436
25 57 1.000000
25 58 0.999536
25 59 0.999994
25 60 0.019299
25 61 1.000000
25 62 0.868768
25 63 0.997184
25 64 0.999560
25 65 1.000000
25 66 0.998997
25 67 0.984491
25 68 0.002681
25 69 0.999999
25 70 1.000000
25 71 0.000372
25 72 0.999780
25 73 0.998827
25 74 0.999995
25 75 0.995066
25 76 0.999994
25 77 0.996298
25 78 0.999999
25 79 0.999993
25 80 0.999999
25 81 1.000000
25 82 0.002681
25 83 0.846427
25 84 0.999975
25 85 1.000000
25 86 0.999983
25 87 0.999999
25 88 0.999794
25 89 0.999814
25 90 0.999421
25 91 0.800669
25 92 0.999165
25 93 0.035762
25 94 0.922921
25 95 0.429954
25 96 0.999993
25 97 0.999976
25 98 0.999603
25 99 0.006763
26 0 0.071949
26 1 1.000000
26 2 0.245316
26 3 0.305549
26 4 1.000000
26 5 0.998610
26 6 0.998610
26 7 0.999374
26 8 0.990157
26 9 0.997184
26 10 0.011782
26 11 0.999648
26 12 0.901145
26 13 1.000000
26 14 0.997655
26 15 0.999870
26 16 0.988934
26 17 0.963138
26 18 0.968388
26 19 0.999999
26 20 0.999997
26 21 0.975273
26 22 0.108547
26 23 0.990157
26 24 0.999999
26 25 0.071949
26 26 0.000000
26 27 0.999258
26 28 0.999999
26 29 1.000000
26 30 0.999505
26 31 0.999984
26 32 0.005177
26 33 0.999176
26 34 0.999691
26 35 0.082237
26 36 0.218482
26 37 0.005177
26 38 1.000000
26 39 0.997530
26 40 0.108547
26 41 0.999972
26 42 0.961718
26 43 0.988187
26 44 0.622014
26 45 0.999980
26 46 0.029925
26 47 0.999851
26 48 0.994076
26 49 0.999560
26 50 0.999984
26 51 0.029925
26 52 1.000000
26 53 0.324511
26 54 0.029925
26 55 0.999882
26 56 1.000000
26 57 0.001279
26 58 0.998021
26 59 0.999218
26 60 0.121504
26 61 0.029925
26 62 1.000000
26 63 0.999765
26 64 0.051779
26 65 1.000000
26 66 1.000000
26 67 0.448783
26 68 0.093360
26 69 0.006763
26 70 1.000000
26 71 0.999736
26 72 0.999998
26 73 0.989493
26 74 1.000000
26 75 0.999997
26 76 0.372722
26 77 0.998886
26 78 0.999995
26 79 0.687190
26 80 0.999890
26 81 0.999999
26 82 0.006763
26 83 1.000000
26 84 0.998488
26 85 0.042353
26 86 0.999739
26 87 0.999983
26 88 0.971149
26 89 0.999917
26 90 0.999853
26 91 1.000000
26 92 0.999604
26 93 0.942378
26 94 0.997259
26 95 0.979096
26 96 0.014763
26 97 0.042353
26 98 0.999995
26 99 0.606413
27 0 0.348574
27 1 0.999794
27 2 0.999959
27 3 0.999941
27 4 0.999994
27 5 0.071949
27 6 0.999405
27 7 0.673535
27 8 0.999870
27 9 0.227550
27 10 0.495294
27 11 0.999876
27 12 0.005177
27 13 0.972594
27 14 0.002681
27 15 0.999959
27 16 0.846427
27 17 0.999961
27 18 0.999963
27 19 0.999997
27 20 0.989082
27 21 0.172989
27 22 0.942378
27 23 0.999999
27 24 1.000000
27 25 0.992609
27 26 0.999258
27 27 0.000000
27 28 0.911627
27 29 0.029925
27 30 0.991127
27 31 0.999934
27 32 0.999942
27 33 0.999986
27 34 1.000000
27 35 0.999876
27 36 0.998021
27 37 0.923918
27 38 0.998415
27 39 0.263461
27 40 0.996247
27 41 0.005177
27 42 0.138922
27 43 0.991246
27 44 0.999609
27 45 0.986015
27 46 0.071949
27 47 0.001279
27 48 0.999794
27 49 0.023583
27 50 0.391878
27 51 0.999999
