0 0 0.000000
0 1 0.006763
0 2 0.348574
0 3 0.999891
0 4 0.490568
0 5 0.999985
0 6 1.000000
0 7 0.999870
0 8 0.700405
0 9 0.998241
0 10 0.999974
0 11 0.051779
0 12 0.300647
0 13 0.999588
0 14 0.999997
0 15 0.984490
0 16 0.999963
0 17 0.082237
0 18 0.993427
0 19 1.000000
0 20 0.999922
0 21 0.153568
0 22 0.743482
0 23 0.999996
0 24 0.999966
0 25 0.999999
0 26 0.172989
0 27 0.060180
0 28 0.999930
0 29 0.011782
0 30 0.035762
0 31 0.999999
0 32 0.947930
0 33 0.999739
0 34 1.000000
0 35 0.071949
0 36 0.999902
0 37 1.000000
0 38 0.573990
0 39 0.999973
0 40 0.999992
0 41 0.999969
0 42 0.997222
0 43 0.996485
0 44 0.972594
0 45 0.998147
0 46 0.999536
0 47 0.975602
0 48 0.999870
0 49 0.999999
0 50 0.828969
0 51 0.984281
0 52 0.844504
0 53 0.998764
0 54 0.999780
0 55 0.757621
0 56 0.999890
0 57 0.883941
0 58 0.999986
0 59 0.999967
0 60 0.997655
0 61 0.914824
0 62 0.999963
0 63 0.999938
0 64 0.997804
0 65 0.999739
0 66 0.051779
0 67 0.999998
0 68 0.999999
0 69 0.060180
0 70 0.999912
0 71 0.998265
0 72 0.992983
0 73 0.999479
0 74 0.961206
0 75 0.999413
0 76 0.999999
0 77 0.329464
0 78 0.719662
0 79 0.998048
0 80 0.992215
0 81 0.999982
0 82 0.999995
0 83 0.996708
0 84 0.999780
0 85 0.999976
0 86 0.996485
0 87 1.000000
0 88 0.972225
0 89 0.874997
0 90 0.245316
0 91 0.999814
0 92 0.999479
0 93 0.138922
0 94 0.999991
0 95 0.999971
0 96 0.834871
0 97 0.999752
0 98 0.989492
0 99 0.051779
1 0 0.006763
1 1 0.000000
1 2 0.999969
1 3 0.622014
1 4 0.999927
1 5 1.000000
1 6 0.996708
1 7 0.999268
1 8 0.968808
1 9 0.999804
1 10 0.936253
1 11 0.999997
1 12 0.999991
1 13 0.005177
1 14 0.108547
1 15 0.014763
1 16 0.999999
1 17 0.964978
1 18 0.999652
1 19 0.998436
1 20 0.999994
1 21 0.035762
1 22 1.000000
1 23 0.997655
1 24 0.999990
1 25 0.999756
1 26 0.999999
1 27 0.999268
1 28 0.023583
1 29 0.995316
1 30 0.005177
1 31 0.987559
1 32 0.005177
1 33 0.999927
1 34 0.999756
1 35 0.999998
1 36 1.000000
1 37 0.894801
1 38 0.913714
1 39 0.731785
1 40 0.999998
1 41 0.999989
1 42 0.999991
1 43 0.999963
1 44 0.899866
1 45 0.999977
1 46 0.005177
1 47 1.000000
1 48 0.999995
1 49 1.000000
1 50 1.000000
1 51 0.945939
1 52 0.997530
1 53 0.999024
1 54 0.999999
1 55 0.942378
1 56 0.082237
1 57 0.999560
1 58 0.586173
1 59 0.999670
1 60 0.011782
1 61 0.998943
1 62 0.999972
1 63 0.990780
1 64 0.995066
1 65 1.000000
1 66 0.263461
1 67 0.999981
1 68 0.999996
1 69 0.999804
1 70 0.005177
1 71 0.985272
1 72 0.999996
1 73 0.029925
1 74 0.391878
1 75 0.989633
1 76 0.965899
1 77 0.019299
1 78 0.999652
1 79 0.999991
1 80 0.029925
1 81 0.999837
1 82 0.965899
1 83 0.999073
1 84 0.093360
1 85 0.995613
1 86 0.999997
1 87 1.000000
1 88 0.082237
1 89 0.999992
1 90 0.019299
1 91 0.990024
1 92 0.999536
1 93 0.999998
1 94 0.002681
1 95 0.997184
1 96 0.998902
1 97 0.979374
1 98 0.472230
1 99 0.768376
2 0 0.348574
2 1 0.999969
2 2 0.000000
2 3 0.997222
2 4 0.999629
2 5 0.997363
2 6 0.189109
2 7 0.999976
2 8 0.844504
2 9 0.049729
2 10 0.999752
2 11 0.999956
2 12 0.995554
2 13 1.000000
2 14 0.999993
2 15 0.999853
2 16 0.979096
2 17 0.329464
2 18 0.999897
2 19 1.000000
2 20 0.138922
2 21 0.189109
2 22 0.998943
2 23 0.999999
2 24 1.000000
2 25 0.999120
2 26 0.060180
2 27 0.997655
2 28 0.999999
2 29 0.082237
2 30 0.999986
2 31 0.999990
2 32 0.011782
2 33 0.958629
2 34 1.000000
2 35 0.005177
2 36 0.999814
2 37 0.915921
2 38 0.060180
2 39 0.999985
2 40 0.051779
2 41 0.999985
2 42 0.994076
2 43 0.996100
2 44 0.999536
2 45 0.019299
2 46 0.051779
2 47 0.979374
2 48 0.743482
2 49 0.918970
2 50 0.999890
2 51 0.998536
2 52 0.999998
2 53 0.999794
2 54 0.999956
2 55 1.000000
2 56 1.000000
2 57 0.090388
2 58 0.029925
2 59 0.135231
2 60 1.000000
2 61 0.997222
2 62 0.029925
2 63 0.029925
2 64 0.985272
2 65 0.999588
2 66 0.999996
2 67 0.999978
2 68 0.999994
2 69 0.999985
2 70 0.051779
2 71 0.999997
2 72 0.963140
2 73 0.999989
2 74 0.999998
2 75 0.552765
2 76 0.999073
2 77 0.990655
2 78 1.000000
2 79 0.986898
2 80 0.995379
2 81 0.999987
2 82 0.138922
2 83 0.005177
2 84 0.976826
2 85 0.153568
2 86 0.286770
2 87 0.999918
2 88 0.011782
2 89 0.997398
2 90 0.979096
2 91 0.999560
2 92 0.994803
2 93 0.998375
2 94 0.029925
2 95 0.999971
2 96 1.000000
2 97 0.005177
2 98 0.999978
2 99 0.999990
3 0 0.999891
3 1 0.622014
3 2 0.997222
3 3 0.000000
3 4 0.994451
3 5 0.467421
3 6 1.000000
3 7 0.957037
3 8 0.005177
3 9 0.999999
3 10 0.954792
3 11 0.999999
3 12 0.205798
3 13 0.990157
3 14 0.999349
3 15 0.876570
3 16 0.999765
3 17 0.924902
3 18 0.999939
3 19 0.999999
3 20 0.999995
3 21 0.997655
3 22 0.002681
3 23 0.997398
3 24 0.985073
3 25 0.690668
3 26 0.590401
3 27 0.999984
3 28 1.000000
3 29 0.942378
3 30 0.999768
3 31 0.999609
3 32 0.998516
3 33 0.999891
3 34 0.998536
3 35 0.999536
3 36 0.999931
3 37 0.999479
3 38 0.999855
3 39 0.700406
3 40 0.999994
3 41 0.999987
3 42 0.168897
3 43 0.945222
3 44 0.035762
3 45 0.999566
3 46 1.000000
3 47 0.999870
3 48 0.990157
3 49 0.992609
3 50 0.939390
3 51 0.997530
3 52 0.998827
3 53 0.999990
3 54 0.999634
3 55 0.999721
3 56 0.164846
3 57 0.586172
3 58 0.999560
3 59 0.945939
3 60 0.082237
3 61 0.995836
3 62 0.348574
3 63 0.999999
3 64 1.000000
3 65 0.943131
3 66 0.973967
3 67 0.051779
3 68 0.071949
3 69 0.999985
3 70 0.071949
3 71 0.998555
3 72 0.988345
3 73 0.999826
3 74 0.994076
3 75 0.999421
3 76 0.998764
3 77 0.999876
3 78 0.999971
3 79 0.286770
3 80 0.022408
3 81 0.996047
3 82 0.820692
3 83 1.000000
3 84 0.005177
3 85 0.984490
3 86 0.410971
3 87 0.001279
3 88 0.999176
3 89 0.999807
3 90 0.029925
3 91 0.019299
3 92 0.637192
3 93 0.999927
3 94 0.959174
3 95 1.000000
3 96 0.999897
3 97 0.999982
3 98 0.995554
3 99 0.581915
4 0 0.490568
4 1 0.999927
4 2 0.999629
4 3 0.994451
4 4 0.000000
4 5 0.005177
4 6 0.029925
4 7 0.965899
4 8 0.051779
4 9 0.820692
4 10 0.996298
4 11 0.999989
4 12 0.993338
4 13 0.920015
4 14 0.988345
4 15 0.999120
4 16 0.029925
4 17 0.996298
4 18 0.999835
4 19 0.995836
4 20 0.999999
4 21 0.820692
4 22 1.000000
4 23 0.996708
4 24 0.999948
4 25 0.999884
4 26 1.000000
4 27 0.999972
4 28 0.945225
4 29 0.999530
4 30 0.999999
4 31 0.999917
4 32 0.999948
4 33 0.082237
4 34 0.976826
4 35 0.999986
4 36 0.844504
4 37 0.999413
4 38 0.014763
4 39 0.019299
4 40 1.000000
4 41 0.029925
4 42 0.996485
4 43 1.000000
4 44 0.999989
4 45 0.999721
4 46 0.999945
4 47 0.999890
4 48 0.999984
4 49 0.019299
4 50 1.000000
4 51 0.035762
4 52 0.472229
4 53 0.999258
4 54 0.082237
4 55 0.999997
4 56 0.993760
4 57 1.000000
4 58 0.999582
4 59 0.999996
4 60 0.023583
4 61 0.453650
4 62 0.995613
4 63 0.942378
4 64 0.999991
4 65 0.051779
4 66 1.000000
4 67 0.999884
4 68 0.999907
4 69 0.227550
4 70 0.006763
4 71 0.998827
4 72 0.999945
4 73 0.999995
4 74 0.800669
4 75 0.983447
4 76 0.105307
4 77 0.096388
4 78 0.071949
4 79 0.985272
4 80 0.028526
4 81 0.999999
4 82 0.999998
4 83 0.999942
4 84 0.690668
4 85 0.999938
4 86 0.999780
4 87 1.000000
4 88 0.029925
4 89 0.999938
4 90 0.999972
4 91 0.035762
4 92 0.999843
4 93 0.999998
4 94 0.051779
4 95 0.935412
4 96 0.429954
4 97 0.999998
4 98 0.975273
4 99 0.997655
5 0 0.999985
5 1 1.000000
5 2 0.997363
5 3 0.467421
5 4 0.005177
5 5 0.000000
5 6 0.997259
5 7 0.999349
5 8 1.000000
5 9 0.999999
5 10 0.999901
5 11 0.996298
5 12 0.999373
5 13 0.019299
5 14 0.011782
5 15 0.999413
5 16 0.998886
5 17 0.992983
5 18 0.071949
5 19 0.999120
5 20 0.882454
5 21 0.029925
5 22 0.079481
5 23 0.999990
5 24 0.999971
5 25 0.999691
5 26 0.996708
5 27 0.172989
5 28 0.535509
5 29 0.548312
5 30 0.992983
5 31 0.006763
5 32 0.999890
5 33 0.999989
5 34 0.999987
5 35 0.998353
5 36 0.999913
5 37 0.992508
5 38 0.999566
5 39 0.999948
5 40 0.999991
5 41 0.999989
5 42 0.410971
5 43 0.415919
5 44 0.991127
5 45 0.999902
5 46 0.967167
5 47 0.999902
5 48 1.000000
5 49 0.082237
5 50 0.268234
5 51 0.082237
5 52 0.996485
5 53 0.690668
5 54 0.982333
5 55 0.999413
5 56 0.992983
5 57 0.889496
5 58 0.992109
5 59 0.959174
5 60 1.000000
5 61 1.000000
5 62 0.029925
5 63 0.999988
5 64 0.996298
5 65 0.999707
5 66 0.998887
5 67 0.997774
5 68 0.999987
5 69 0.999560
5 70 0.999889
5 71 0.998436
5 72 0.028526
5 73 0.011782
5 74 0.999992
5 75 0.999120
5 76 0.051779
5 77 0.999963
5 78 0.477022
5 79 0.002681
5 80 0.005177
5 81 0.996663
5 82 0.999780
5 83 0.001279
5 84 0.998048
5 85 0.999988
5 86 0.286770
5 87 0.999942
5 88 0.999969
5 89 0.990655
5 90 0.999998
5 91 0.999980
5 92 0.999978
5 93 0.731785
5 94 0.035762
5 95 0.060180
5 96 0.999994
5 97 0.999979
5 98 0.997222
5 99 0.992609
6 0 1.000000
6 1 0.996708
6 2 0.189109
6 3 1.000000
6 4 0.029925
6 5 0.997259
6 6 0.000000
6 7 0.286770
6 8 0.999976
6 9 0.970368
6 10 0.029925
6 11 0.995067
6 12 0.999998
6 13 0.999886
6 14 0.995779
6 15 0.569659
6 16 0.893445
6 17 0.999884
6 18 0.976514
6 19 0.999987
6 20 0.998436
6 21 0.999349
6 22 0.006763
6 23 0.938589
6 24 0.999922
6 25 0.963140
6 26 0.997073
6 27 0.999060
6 28 0.973967
6 29 0.999908
6 30 0.993338
6 31 0.999870
6 32 0.035762
6 33 0.042353
6 34 0.035762
6 35 0.999999
6 36 0.998610
6 37 0.999999
6 38 0.999340
6 39 0.980147
6 40 0.999981
6 41 0.051779
6 42 0.999891
6 43 0.999634
6 44 0.999999
6 45 0.972594
6 46 1.000000
6 47 0.019299
6 48 0.999942
6 49 0.992983
6 50 0.035762
6 51 0.997944
6 52 0.999999
6 53 0.051779
6 54 0.985272
6 55 0.999965
6 56 0.984490
6 57 0.999981
6 58 0.938588
6 59 0.998764
6 60 0.999972
6 61 0.999902
6 62 1.000000
6 63 0.490569
6 64 0.105307
6 65 0.051779
6 66 0.108547
6 67 0.999969
6 68 1.000000
6 69 0.999995
6 70 0.973617
6 71 0.999995
6 72 0.999995
6 73 0.999609
6 74 0.035762
6 75 0.968807
6 76 0.029925
6 77 0.018287
6 78 0.999997
6 79 0.999999
6 80 0.860512
6 81 0.999999
6 82 0.999984
6 83 0.999804
6 84 0.164846
6 85 0.029925
6 86 0.051779
6 87 0.005177
6 88 0.999985
6 89 0.029925
6 90 0.999993
6 91 0.853624
6 92 0.983446
6 93 0.998021
6 94 0.999780
6 95 0.999890
6 96 0.999536
6 97 0.999972
6 98 0.999948
6 99 0.993338
7 0 0.999870
7 1 0.999268
7 2 0.999976
7 3 0.957037
7 4 0.965899
7 5 0.999349
7 6 0.286770
7 7 0.000000
7 8 0.029925
7 9 0.967167
7 10 0.965441
7 11 0.655709
7 12 0.989633
7 13 1.000000
7 14 0.998957
7 15 1.000000
7 16 0.999985
7 17 0.011782
7 18 0.997916
7 19 0.997362
7 20 0.954189
7 21 0.029925
7 22 0.995613
7 23 0.060180
7 24 0.999996
7 25 0.005177
7 26 0.999340
7 27 0.889496
7 28 0.019299
7 29 0.019299
7 30 0.999999
7 31 0.999930
7 32 0.002681
7 33 0.029925
7 34 0.999505
7 35 0.765619
7 36 0.999993
7 37 0.999952
7 38 0.005177
7 39 0.218482
7 40 0.967167
7 41 0.999999
7 42 0.019299
7 43 0.069412
7 44 1.000000
7 45 0.105307
7 46 0.999604
7 47 0.820692
7 48 0.999990
7 49 0.754757
7 50 0.138922
7 51 0.548313
7 52 0.998536
7 53 0.999922
7 54 0.997804
7 55 0.011782
7 56 0.999996
7 57 0.415919
7 58 0.005177
7 59 0.051779
7 60 0.999992
7 61 0.011782
7 62 0.999505
7 63 0.999999
7 64 0.999942
7 65 0.329464
7 66 0.999999
7 67 0.743482
7 68 0.999999
7 69 0.996047
7 70 0.997991
7 71 0.035762
7 72 0.999999
7 73 0.998610
7 74 0.996708
7 75 1.000000
7 76 0.999996
7 77 0.999993
7 78 0.029925
7 79 0.998827
7 80 0.997916
7 81 0.999258
7 82 0.999999
7 83 0.998436
7 84 0.999073
7 85 0.999956
7 86 0.999988
7 87 0.999992
7 88 0.029925
7 89 1.000000
7 90 0.901145
7 91 0.999869
7 92 0.448782
7 93 0.999969
7 94 0.999963
7 95 0.999938
7 96 0.049729
7 97 0.999846
7 98 0.999913
7 99 0.999998
8 0 0.700405
8 1 0.968808
8 2 0.844504
8 3 0.005177
8 4 0.051779
8 5 1.000000
8 6 0.999976
8 7 0.029925
8 8 0.000000
8 9 0.967602
8 10 0.976826
8 11 0.999870
8 12 0.011782
8 13 0.999994
8 14 0.999897
8 15 0.998957
8 16 1.000000
8 17 0.992609
8 18 0.918969
8 19 0.987073
8 20 0.999991
8 21 0.999998
8 22 0.019299
8 23 0.999931
8 24 0.999890
8 25 1.000000
8 26 0.984491
8 27 0.999536
8 28 0.029925
8 29 0.765620
8 30 0.998353
8 31 0.754757
8 32 0.826848
8 33 0.999629
8 34 0.999999
8 35 0.988187
8 36 0.999999
8 37 0.996485
8 38 0.967167
8 39 0.071949
8 40 1.000000
8 41 0.998241
8 42 0.005177
8 43 1.000000
8 44 0.035762
8 45 0.999983
8 46 0.687190
8 47 1.000000
8 48 0.029925
8 49 0.961207
8 50 0.999994
8 51 0.703771
8 52 0.920015
8 53 1.000000
8 54 0.999951
8 55 0.945939
8 56 0.999024
8 57 1.000000
8 58 1.000000
8 59 0.995836
8 60 0.987725
8 61 0.996708
8 62 0.928576
8 63 0.999536
8 64 0.999814
8 65 1.000000
8 66 0.997222
8 67 1.000000
8 68 0.998748
8 69 0.997113
8 70 0.989633
8 71 0.975273
8 72 0.999948
8 73 0.958629
8 74 0.999971
8 75 0.995066
8 76 0.999207
8 77 0.011782
8 78 0.904700
8 79 0.999996
8 80 0.999998
8 81 0.989633
8 82 0.984491
8 83 0.999559
8 84 0.005177
8 85 0.986015
8 86 0.999931
8 87 0.999948
8 88 0.998436
8 89 0.955884
8 90 0.999783
8 91 0.999918
8 92 0.999999
8 93 0.453650
8 94 0.164849
8 95 0.998957
8 96 0.999999
8 97 0.227550
8 98 0.995554
8 99 0.057916
9 0 0.998241
9 1 0.999804
9 2 0.049729
9 3 0.999999
9 4 0.820692
9 5 0.999999
9 6 0.970368
9 7 0.967167
9 8 0.967602
9 9 0.000000
9 10 0.816246
9 11 0.999543
9 12 0.988187
9 13 0.963627
9 14 0.998353
9 15 0.998436
9 16 0.999413
9 17 0.977991
9 18 1.000000
9 19 0.778725
9 20 0.999752
9 21 0.999826
9 22 0.001279
9 23 0.999938
9 24 0.999996
9 25 0.343597
9 26 0.995554
9 27 0.051779
9 28 0.999863
9 29 0.999634
9 30 0.999963
9 31 0.999634
9 32 0.999992
9 33 0.999963
9 34 0.999961
9 35 0.999835
9 36 0.042353
9 37 0.831064
9 38 0.999997
9 39 0.938590
9 40 0.035762
9 41 0.071949
9 42 0.999997
9 43 0.999853
9 44 0.998436
9 45 0.011782
9 46 0.999956
9 47 1.000000
9 48 0.876570
9 49 0.981645
9 50 0.189109
9 51 0.999258
9 52 0.000556
9 53 0.999988
9 54 0.828969
9 55 0.838911
9 56 0.386900
9 57 0.999986
9 58 0.003622
9 59 0.998764
9 60 0.999629
9 61 0.268234
9 62 0.989082
9 63 0.999997
9 64 0.999609
9 65 0.999973
9 66 0.942378
9 67 0.999998
9 68 0.963627
9 69 0.005177
9 70 0.135231
9 71 0.999629
9 72 0.999942
9 73 0.980411
9 74 0.999997
9 75 0.999951
9 76 0.999268
9 77 0.999739
9 78 0.999987
9 79 0.999993
9 80 0.006763
9 81 0.995066
9 82 0.983447
9 83 0.932077
9 84 0.005177
9 85 0.329464
9 86 1.000000
9 87 0.999959
9 88 0.998241
9 89 0.844504
9 90 0.999998
9 91 0.019299
9 92 0.991689
9 93 0.415919
9 94 1.000000
9 95 1.000000
9 96 0.999421
9 97 0.999908
9 98 0.997259
9 99 0.999999
10 0 0.999974
10 1 0.936253
10 2 0.999752
10 3 0.954792
10 4 0.996298
10 5 0.999901
10 6 0.029925
10 7 0.965441
10 8 0.976826
10 9 0.816246
10 10 0.000000
10 11 0.029925
10 12 0.999990
10 13 0.999258
10 14 0.947930
10 15 0.227550
10 16 0.999478
10 17 0.999870
10 18 0.999988
10 19 0.997804
10 20 0.893445
10 21 0.999995
10 22 0.999536
10 23 0.999956
10 24 0.995613
10 25 0.961206
10 26 0.011782
10 27 0.245316
10 28 0.999843
10 29 0.051779
10 30 0.071949
10 31 0.998265
10 32 0.999907
10 33 0.029925
10 34 0.991689
10 35 0.008716
10 36 0.996708
10 37 0.005177
10 38 1.000000
10 39 0.996298
10 40 0.999980
10 41 0.999228
10 42 0.999979
10 43 1.000000
10 44 0.999609
10 45 0.983447
10 46 0.999609
10 47 0.999629
10 48 0.005177
10 49 0.703771
10 50 0.029925
10 51 0.997496
10 52 0.989633
10 53 0.999479
10 54 0.999998
10 55 0.998827
10 56 0.999780
10 57 1.000000
10 58 0.005177
10 59 0.999951
10 60 0.999963
10 61 0.999938
10 62 0.999870
10 63 0.999999
10 64 0.997530
10 65 0.994803
10 66 0.999956
10 67 0.999060
10 68 0.999990
10 69 0.453650
10 70 0.812062
10 71 0.999629
10 72 0.999743
10 73 0.051779
10 74 0.970761
10 75 0.994803
10 76 0.996247
10 77 0.999951
10 78 0.999413
10 79 0.999010
10 80 0.999794
10 81 0.995836
10 82 0.999965
10 83 0.838911
10 84 0.622014
10 85 0.999908
10 86 1.000000
10 87 0.997222
10 88 0.999987
10 89 0.999999
10 90 1.000000
10 91 0.981396
10 92 0.029925
10 93 0.999999
10 94 0.998827
10 95 0.999998
10 96 0.999999
10 97 0.998536
10 98 0.995836
10 99 0.999945
11 0 0.051779
11 1 0.999997
11 2 0.999956
11 3 0.999999
11 4 0.999989
11 5 0.996298
11 6 0.995067
11 7 0.655709
11 8 0.999870
11 9 0.999543
11 10 0.029925
11 11 0.000000
11 12 0.999890
11 13 0.687190
11 14 0.999995
11 15 0.372722
11 16 0.999691
11 17 0.999952
11 18 0.990157
11 19 0.019299
11 20 0.998887
11 21 0.996298
11 22 0.999999
11 23 0.998021
11 24 0.227550
11 25 0.281925
11 26 0.999061
11 27 0.999707
11 28 0.999965
11 29 0.977693
11 30 0.988784
11 31 0.995836
11 32 0.060180
11 33 0.006763
11 34 0.391878
11 35 0.999945
11 36 0.991689
11 37 0.998681
11 38 0.983447
11 39 0.999972
11 40 0.996485
11 41 0.997655
11 42 0.999951
11 43 0.999652
11 44 0.999804
11 45 0.995836
11 46 0.263461
11 47 0.998887
11 48 0.011782
11 49 0.999997
11 50 0.995836
11 51 0.240658
11 52 1.000000
11 53 0.535509
11 54 0.999997
11 55 0.060180
11 56 0.999891
11 57 0.995379
11 58 0.914824
11 59 0.999897
11 60 0.189109
11 61 0.999939
11 62 0.999826
11 63 0.999999
11 64 0.998436
11 65 0.998764
11 66 0.988345
11 67 0.994732
11 68 0.051779
11 69 0.227550
11 70 1.000000
11 71 0.999981
11 72 0.999943
11 73 0.999996
11 74 0.998353
11 75 0.999931
11 76 0.974313
11 77 1.000000
11 78 0.999948
11 79 0.999010
11 80 0.993427
11 81 0.967602
11 82 0.999999
11 83 1.000000
11 84 1.000000
11 85 0.995554
11 86 0.989633
11 87 0.029925
11 88 0.992708
11 89 0.014763
11 90 0.999990
11 91 0.999707
11 92 1.000000
11 93 0.998843
11 94 0.205798
11 95 0.172989
11 96 0.935413
11 97 0.999931
11 98 0.998610
11 99 0.999073
12 0 0.300647
12 1 0.999991
12 2 0.995554
12 3 0.205798
12 4 0.993338
12 5 0.999373
12 6 0.999998
12 7 0.989633
12 8 0.011782
12 9 0.988187
12 10 0.999990
12 11 0.999890
12 12 0.000000
12 13 0.999971
12 14 0.029925
12 15 0.983447
12 16 0.999023
12 17 0.998516
12 18 0.019299
12 19 0.138922
12 20 0.999609
12 21 0.923918
12 22 0.108547
12 23 0.923918
12 24 0.995317
12 25 0.999999
12 26 0.831064
12 27 0.005177
12 28 0.000372
12 29 0.776073
12 30 0.651947
12 31 0.999971
12 32 0.942378
12 33 0.999998
12 34 0.999989
12 35 0.268234
12 36 0.201407
12 37 0.986015
12 38 0.999304
12 39 0.051779
12 40 0.060180
12 41 0.999835
12 42 0.997363
12 43 0.996485
12 44 0.999922
12 45 0.029925
12 46 0.434867
12 47 0.986015
12 48 0.011782
12 49 0.998330
12 50 0.999946
12 51 0.999956
12 52 0.969221
12 53 0.999765
12 54 0.888076
12 55 0.994155
12 56 0.189109
12 57 0.051779
12 58 0.904700
12 59 0.995836
12 60 0.999927
12 61 0.023583
12 62 0.997656
12 63 0.999993
12 64 0.997398
12 65 0.996298
12 66 0.019299
12 67 0.999855
12 68 0.019299
12 69 0.987725
12 70 0.809759
12 71 0.999305
12 72 0.999996
12 73 0.993760
12 74 1.000000
12 75 0.999999
12 76 0.035762
12 77 0.951157
12 78 0.999768
12 79 0.999952
12 80 0.999931
12 81 0.967167
12 82 0.986898
12 83 0.923917
12 84 0.997530
12 85 0.997916
12 86 0.905921
12 87 0.029925
12 88 0.838911
12 89 0.999505
12 90 0.964978
12 91 1.000000
12 92 0.999913
12 93 0.011782
12 94 1.000000
12 95 0.998265
12 96 0.999711
12 97 0.998536
12 98 0.999707
12 99 0.997363
13 0 0.999588
13 1 0.005177
13 2 1.000000
13 3 0.990157
13 4 0.920015
13 5 0.019299
13 6 0.999886
13 7 1.000000
13 8 0.999994
13 9 0.963627
13 10 0.999258
13 11 0.687190
13 12 0.999971
13 13 0.000000
13 14 0.011090
13 15 0.982569
13 16 0.918969
13 17 0.999997
13 18 0.999268
13 19 0.641070
13 20 0.927637
13 21 0.982334
13 22 0.999996
13 23 0.999176
13 24 0.973967
13 25 0.999176
13 26 1.000000
13 27 0.820692
13 28 0.023583
13 29 0.001794
13 30 0.999998
13 31 0.367737
13 32 0.936253
13 33 0.082237
13 34 0.999413
13 35 0.999999
13 36 0.999218
13 37 0.049729
13 38 0.490569
13 39 0.999999
13 40 0.999959
13 41 0.716439
13 42 0.999989
13 43 0.999991
13 44 0.993338
13 45 0.999609
13 46 0.990655
13 47 0.189109
13 48 0.996298
13 49 0.700407
13 50 0.716439
13 51 0.999634
13 52 1.000000
13 53 0.028526
13 54 0.495294
13 55 0.999987
13 56 0.942378
13 57 0.992215
13 58 0.552765
13 59 0.994999
13 60 0.002681
13 61 0.999990
13 62 1.000000
13 63 0.071949
13 64 0.986202
13 65 0.999305
13 66 0.935412
13 67 0.969221
13 68 0.997916
13 69 0.999995
13 70 0.049729
13 71 0.999108
13 72 0.060180
13 73 0.999999
13 74 0.998764
13 75 1.000000
13 76 0.998265
13 77 0.995836
13 78 0.997915
13 79 0.999995
13 80 0.035762
13 81 0.998243
13 82 0.997804
13 83 0.040565
13 84 0.999961
13 85 0.987559
13 86 0.995554
13 87 0.999530
13 88 0.999951
13 89 1.000000
13 90 0.999994
13 91 0.999978
13 92 0.999670
13 93 0.951799
13 94 0.999904
13 95 0.999804
13 96 0.999993
13 97 0.999923
13 98 0.980412
13 99 0.245316
14 0 0.999997
14 1 0.108547
14 2 0.999993
14 3 0.999349
14 4 0.988345
14 5 0.011782
14 6 0.995779
14 7 0.998957
14 8 0.999897
14 9 0.998353
14 10 0.947930
14 11 0.999995
14 12 0.029925
14 13 0.011090
14 14 0.000000
14 15 0.876570
14 16 0.964978
14 17 0.999780
14 18 0.606413
14 19 0.999982
14 20 0.999536
14 21 0.838911
14 22 0.999566
14 23 0.999725
14 24 0.999994
14 25 0.999994
14 26 0.977990
14 27 0.002681
14 28 0.994076
14 29 0.999891
14 30 0.005177
14 31 0.922922
14 32 0.999268
14 33 0.998610
14 34 0.999443
14 35 1.000000
14 36 0.999994
14 37 0.999908
14 38 0.999707
14 39 0.991246
14 40 0.035762
14 41 0.019299
14 42 0.984491
14 43 0.999951
14 44 0.172989
14 45 0.071949
14 46 0.999884
14 47 0.121504
14 48 0.999971
14 49 0.999817
14 50 0.999996
14 51 0.992708
14 52 0.969222
14 53 0.998147
14 54 0.999923
14 55 0.060180
14 56 0.994732
14 57 0.999998
14 58 0.453650
14 59 0.991127
14 60 0.999995
14 61 0.655709
14 62 0.105307
14 63 0.999917
14 64 0.005177
14 65 0.268234
14 66 0.029925
14 67 0.999382
14 68 0.999983
14 69 0.999959
14 70 0.999989
14 71 0.051779
14 72 0.999997
14 73 0.268234
14 74 0.988934
14 75 0.999938
14 76 0.983447
14 77 0.000372
14 78 0.019299
14 79 0.999707
14 80 1.000000
14 81 0.986721
14 82 0.984281
14 83 0.999505
14 84 0.997774
14 85 1.000000
14 86 0.992109
14 87 0.999987
14 88 0.999997
14 89 0.659444
14 90 0.999986
14 91 0.828969
14 92 0.999536
14 93 0.999942
14 94 0.776074
14 95 0.999995
14 96 0.999817
14 97 0.993427
14 98 0.998436
14 99 0.999956
15 0 0.984490
15 1 0.014763
15 2 0.999853
15 3 0.876570
15 4 0.999120
15 5 0.999413
15 6 0.569659
15 7 1.000000
15 8 0.998957
15 9 0.998436
15 10 0.227550
15 11 0.372722
15 12 0.983447
15 13 0.982569
15 14 0.876570
15 15 0.000000
15 16 0.980411
15 17 0.002681
15 18 1.000000
15 19 0.999994
15 20 0.051779
15 21 0.028526
15 22 0.997774
15 23 0.005177
15 24 0.997655
15 25 0.999165
15 26 0.999768
15 27 0.999674
15 28 0.999976
15 29 0.999965
15 30 0.035762
15 31 0.999927
15 32 0.997916
15 33 0.870414
15 34 0.889496
15 35 0.838911
15 36 0.999999
15 37 0.003622
15 38 0.429954
15 39 0.994451
15 40 0.995613
15 41 0.999413
15 42 0.994732
15 43 0.999861
15 44 0.999995
15 45 0.965899
15 46 0.999902
15 47 0.029925
15 48 1.000000
15 49 0.898572
15 50 0.002681
15 51 0.586172
15 52 0.999382
15 53 0.999999
15 54 0.999971
15 55 0.019299
15 56 0.999120
15 57 0.977990
15 58 1.000000
15 59 0.999977
15 60 0.535509
15 61 0.998827
15 62 0.019299
15 63 0.874997
15 64 1.000000
15 65 0.023583
15 66 0.135231
15 67 0.999421
15 68 0.999954
15 69 0.999986
15 70 0.999629
15 71 0.999993
15 72 0.035762
15 73 1.000000
15 74 0.999908
15 75 0.995836
15 76 0.019299
15 77 1.000000
15 78 0.005177
15 79 0.999917
15 80 0.973967
15 81 0.998843
15 82 0.999984
15 83 0.626001
15 84 0.999913
15 85 0.999981
15 86 0.999997
15 87 0.999373
15 88 0.999768
15 89 0.108547
15 90 0.406016
15 91 0.965899
15 92 1.000000
15 93 0.992609
15 94 0.434867
15 95 0.999869
15 96 1.000000
15 97 0.240658
15 98 0.999917
15 99 0.935412
16 0 0.999963
16 1 0.999999
16 2 0.979096
16 3 0.999765
16 4 0.029925
16 5 0.998886
16 6 0.893445
16 7 0.999985
16 8 1.000000
16 9 0.999413
16 10 0.999478
16 11 0.999691
16 12 0.999023
16 13 0.918969
16 14 0.964978
16 15 0.980411
16 16 0.000000
16 17 1.000000
16 18 0.153568
16 19 0.882454
16 20 0.999258
16 21 0.999073
16 22 0.999997
16 23 0.281925
16 24 0.999853
16 25 0.999010
16 26 0.914824
16 27 0.641070
16 28 0.029925
16 29 0.999451
16 30 0.995316
16 31 0.920015
16 32 0.035762
16 33 0.999861
16 34 0.999855
16 35 0.973617
16 36 0.999973
16 37 0.999995
16 38 0.976826
16 39 0.999986
16 40 0.999996
16 41 0.999999
16 42 0.999991
16 43 0.993675
16 44 0.988345
16 45 0.999804
16 46 0.035762
16 47 0.995316
16 48 1.000000
16 49 0.999421
16 50 0.997530
16 51 0.029925
16 52 0.992215
16 53 0.999992
16 54 0.659444
16 55 0.019299
16 56 0.999826
16 57 0.981397
16 58 0.998536
16 59 0.999971
16 60 0.138922
16 61 0.998536
16 62 0.999984
16 63 0.928576
16 64 0.002681
16 65 0.999451
16 66 0.999010
16 67 0.999120
16 68 0.969221
16 69 0.999998
16 70 0.999218
16 71 0.999996
16 72 0.000139
16 73 0.999998
16 74 0.121504
16 75 0.754757
16 76 0.105308
16 77 0.999994
16 78 0.999999
16 79 0.951798
16 80 0.093360
16 81 0.999870
16 82 0.138922
16 83 0.889496
16 84 0.999997
16 85 0.999939
16 86 0.999994
16 87 0.954189
16 88 0.999999
16 89 0.999992
16 90 0.223001
16 91 0.999845
16 92 0.999996
16 93 0.999993
16 94 0.168897
16 95 0.918969
16 96 0.004818
16 97 0.993516
16 98 0.999923
16 99 1.000000
17 0 0.082237
17 1 0.964978
17 2 0.329464
17 3 0.924902
17 4 0.996298
17 5 0.992983
17 6 0.999884
17 7 0.011782
17 8 0.992609
17 9 0.977991
17 10 0.999870
17 11 0.999952
17 12 0.998516
17 13 0.999997
17 14 0.999780
17 15 0.002681
17 16 1.000000
17 17 0.000000
17 18 0.999652
17 19 0.999826
17 20 0.999997
17 21 0.999588
17 22 0.998609
17 23 0.153568
17 24 0.996664
17 25 0.227550
17 26 0.992609
17 27 0.999963
17 28 0.945939
17 29 0.999999
17 30 0.945939
17 31 0.992983
17 32 0.999349
17 33 0.999996
17 34 0.164849
17 35 0.994526
17 36 0.999536
17 37 0.994803
17 38 0.983447
17 39 0.997687
17 40 0.999986
17 41 1.000000
17 42 0.997398
17 43 0.530966
17 44 0.999992
17 45 0.108547
17 46 0.014763
17 47 0.999999
17 48 0.227550
17 49 0.996875
17 50 0.999957
17 51 1.000000
17 52 0.976514
17 53 0.999990
17 54 0.904700
17 55 0.060180
17 56 0.876571
17 57 0.477022
17 58 0.999976
17 59 0.999652
17 60 0.995066
17 61 0.999930
17 62 0.011782
17 63 0.998555
17 64 1.000000
17 65 0.051779
17 66 0.999939
17 67 0.998437
17 68 0.999995
17 69 0.673535
17 70 0.999991
17 71 0.999961
17 72 0.999609
17 73 0.995316
17 74 0.999954
17 75 0.999998
17 76 0.999895
17 77 0.028526
17 78 1.000000
17 79 0.999536
17 80 1.000000
17 81 0.997398
17 82 0.999999
17 83 0.029925
17 84 0.999228
17 85 0.999966
17 86 0.984490
17 87 0.999703
17 88 1.000000
17 89 0.910477
17 90 0.999998
17 91 1.000000
17 92 0.655709
17 93 0.999999
17 94 0.996252
17 95 0.999942
17 96 1.000000
17 97 0.999978
17 98 0.997804
17 99 0.999954
18 0 0.993427
18 1 0.999652
18 2 0.999897
18 3 0.999939
18 4 0.999835
18 5 0.071949
18 6 0.976514
18 7 0.997916
18 8 0.918969
18 9 1.000000
18 10 0.999988
18 11 0.990157
18 12 0.019299
18 13 0.999268
18 14 0.606413
18 15 1.000000
18 16 0.153568
18 17 0.999652
18 18 0.000000
18 19 0.999817
18 20 0.999765
18 21 0.997222
18 22 0.011782
18 23 0.999987
18 24 0.051779
18 25 0.042353
18 26 0.966726
18 27 0.999976
18 28 0.995317
18 29 0.999560
18 30 0.569659
18 31 0.897259
18 32 0.999218
18 33 0.999999
18 34 1.000000
18 35 0.999985
18 36 0.982569
18 37 0.006763
18 38 0.999961
18 39 0.999986
18 40 0.992609
18 41 0.999560
18 42 0.999981
18 43 0.994156
18 44 0.997530
18 45 0.999982
18 46 0.093360
18 47 0.973967
18 48 0.999977
18 49 0.035762
18 50 0.999991
18 51 0.999993
18 52 0.001279
18 53 0.999971
18 54 0.853623
18 55 0.999984
18 56 0.995066
18 57 0.998353
18 58 0.999817
18 59 0.606413
18 60 0.999024
18 61 0.997656
18 62 0.976826
18 63 0.035762
18 64 0.998436
18 65 0.999736
18 66 0.002681
18 67 0.999999
18 68 0.995836
18 69 0.999258
18 70 0.999897
18 71 0.901145
18 72 0.348574
18 73 0.820692
18 74 0.999443
18 75 0.005177
18 76 0.999998
18 77 0.999987
18 78 0.999349
18 79 0.999884
18 80 0.963140
18 81 0.999919
18 82 0.998610
18 83 0.999305
18 84 0.999304
18 85 0.998902
18 86 0.999768
18 87 0.997363
18 88 0.988187
18 89 1.000000
18 90 0.992609
18 91 0.951157
18 92 0.999902
18 93 0.951157
18 94 0.986898
18 95 0.874996
18 96 0.999120
18 97 0.029925
18 98 0.011782
18 99 0.999961
19 0 1.000000
19 1 0.998436
19 2 1.000000
19 3 0.999999
19 4 0.995836
19 5 0.999120
19 6 0.999987
19 7 0.997362
19 8 0.987073
19 9 0.778725
19 10 0.997804
19 11 0.019299
19 12 0.138922
19 13 0.641070
19 14 0.999982
19 15 0.999994
19 16 0.882454
19 17 0.999826
19 18 0.999817
19 19 0.000000
19 20 0.999560
19 21 0.993427
19 22 0.999998
19 23 0.999999
19 24 0.005177
19 25 0.535509
19 26 0.999997
19 27 0.999997
19 28 0.700406
19 29 0.997530
19 30 0.995554
19 31 0.965441
19 32 0.999305
19 33 1.000000
19 34 0.999961
19 35 0.998021
19 36 0.994451
19 37 0.999536
19 38 0.305549
19 39 0.029925
19 40 0.853624
19 41 0.972225
19 42 0.976514
19 43 0.999935
19 44 0.999670
19 45 0.798244
19 46 0.999768
19 47 0.998265
19 48 0.971149
19 49 0.985469
19 50 0.991800
19 51 0.880947
19 52 0.108547
19 53 0.999922
19 54 0.999609
19 55 0.082237
19 56 0.998827
19 57 0.005177
19 58 0.999413
19 59 0.999995
19 60 0.997496
19 61 0.999997
19 62 0.867101
19 63 0.809758
19 64 0.999999
19 65 0.999670
19 66 0.999994
19 67 0.999913
19 68 0.189109
19 69 0.999794
19 70 0.990157
19 71 0.391878
19 72 0.981397
19 73 0.051779
19 74 0.999909
19 75 0.082237
19 76 0.011782
19 77 0.999989
19 78 0.999927
19 79 0.880950
19 80 0.999890
19 81 0.999560
19 82 0.997530
19 83 0.997916
19 84 0.999998
19 85 0.999908
19 86 0.172989
19 87 0.901145
19 88 0.999976
19 89 0.993338
19 90 0.998265
19 91 0.986015
19 92 0.999999
19 93 0.999835
19 94 0.999988
19 95 0.999993
19 96 0.434867
19 97 1.000000
19 98 0.610510
19 99 0.999948
20 0 0.999922
20 1 0.999994
20 2 0.138922
20 3 0.999995
20 4 0.999999
20 5 0.882454
20 6 0.998436
20 7 0.954189
20 8 0.999991
20 9 0.999752
20 10 0.893445
20 11 0.998887
20 12 0.999609
20 13 0.927637
20 14 0.999536
20 15 0.051779
20 16 0.999258
20 17 0.999997
20 18 0.999765
20 19 0.999560
20 20 0.000000
20 21 0.999967
20 22 1.000000
20 23 0.999870
20 24 0.002681
20 25 0.606413
20 26 0.999991
20 27 0.965899
20 28 0.968807
20 29 0.019299
20 30 0.999670
20 31 0.042353
20 32 0.965441
20 33 0.999997
20 34 0.809758
20 35 0.372722
20 36 0.951157
20 37 0.999871
20 38 1.000000
20 39 0.848329
20 40 0.967602
20 41 0.223001
20 42 0.899866
20 43 0.999951
20 44 1.000000
20 45 0.999935
20 46 0.998591
20 47 0.535509
20 48 0.999908
20 49 0.999304
20 50 0.035762
20 51 0.999994
20 52 0.999609
20 53 0.981397
20 54 0.999258
20 55 0.999176
20 56 1.000000
20 57 0.999977
20 58 0.700406
20 59 0.019299
20 60 0.999994
20 61 0.957037
20 62 0.019299
20 63 1.000000
20 64 0.329464
20 65 0.999995
20 66 0.999951
20 67 0.999897
20 68 0.828969
20 69 0.348574
20 70 0.004818
20 71 0.894801
20 72 0.034173
20 73 0.846427
20 74 0.071949
20 75 1.000000
20 76 0.999999
20 77 0.999908
20 78 0.019299
20 79 0.999907
20 80 0.999305
20 81 0.019299
20 82 0.029925
20 83 0.994076
20 84 0.997916
20 85 0.999614
20 86 0.999566
20 87 0.999994
20 88 1.000000
20 89 1.000000
20 90 0.995379
20 91 0.035762
20 92 0.019299
20 93 0.999305
20 94 0.005177
20 95 0.998827
20 96 0.988785
20 97 0.980140
20 98 0.060180
20 99 0.999024
21 0 0.153568
21 1 0.035762
21 2 0.189109
21 3 0.997655
21 4 0.820692
21 5 0.029925
21 6 0.999349
21 7 0.029925
21 8 0.999998
21 9 0.999826
21 10 0.999995
21 11 0.996298
21 12 0.923918
21 13 0.982334
21 14 0.838911
21 15 0.028526
21 16 0.999073
21 17 0.999588
21 18 0.997222
21 19 0.993427
21 20 0.999967
21 21 0.000000
21 22 0.028526
21 23 0.986202
21 24 0.999918
21 25 0.998902
21 26 0.942378
21 27 0.172989
21 28 0.999999
21 29 0.453650
21 30 0.005177
21 31 0.999999
21 32 0.999756
21 33 0.994999
21 34 0.590401
21 35 0.029925
21 36 0.998681
21 37 0.836902
21 38 0.987560
21 39 0.999218
21 40 0.999983
21 41 0.999707
21 42 0.999997
21 43 0.999176
21 44 0.989633
21 45 0.997530
21 46 0.029925
21 47 0.999946
21 48 0.999939
21 49 0.860512
21 50 0.999974
21 51 0.606413
21 52 0.998330
21 53 0.915921
21 54 0.999878
21 55 0.988934
21 56 0.999988
21 57 0.999997
21 58 0.999826
21 59 0.999722
21 60 0.029925
21 61 0.999999
21 62 0.998843
21 63 0.997834
21 64 0.995066
21 65 0.975273
21 66 0.999997
21 67 0.005177
21 68 0.965899
21 69 0.974940
21 70 0.999963
21 71 0.999804
21 72 0.979374
21 73 0.999999
21 74 0.999010
21 75 0.999862
21 76 0.981397
21 77 0.999823
21 78 0.999120
21 79 0.406015
21 80 0.999998
21 81 0.999951
21 82 0.069411
21 83 0.999382
21 84 0.999999
21 85 0.999901
21 86 0.999997
21 87 0.023583
21 88 1.000000
21 89 0.999890
21 90 0.994076
21 91 0.999985
21 92 0.998764
21 93 0.999961
21 94 0.029925
21 95 0.768376
21 96 0.998241
21 97 0.999999
21 98 0.999268
21 99 0.029925
22 0 0.743482
22 1 1.000000
22 2 0.998943
22 3 0.002681
22 4 1.000000
22 5 0.079481
22 6 0.006763
22 7 0.995613
22 8 0.019299
22 9 0.001279
22 10 0.999536
22 11 0.999999
22 12 0.108547
22 13 0.999996
22 14 0.999566
22 15 0.997774
22 16 0.999997
22 17 0.998609
22 18 0.011782
22 19 0.999998
22 20 1.000000
22 21 0.028526
22 22 0.000000
22 23 0.972594
22 24 0.996298
22 25 0.999907
22 26 0.108547
22 27 0.809759
22 28 1.000000
22 29 0.014763
22 30 0.005177
22 31 0.998764
22 32 0.138922
22 33 0.999998
22 34 0.999999
22 35 0.005177
22 36 0.999878
22 37 0.011782
22 38 0.999954
22 39 0.406015
22 40 0.108547
22 41 0.960688
22 42 0.868768
22 43 0.189109
22 44 0.999983
22 45 0.954189
22 46 0.997530
22 47 0.149692
22 48 0.994451
22 49 0.999974
22 50 0.740481
22 51 0.888076
22 52 0.029925
22 53 0.999994
22 54 0.999935
22 55 0.999268
22 56 0.999990
22 57 0.999996
22 58 0.999794
22 59 0.999991
22 60 0.999912
22 61 0.999536
22 62 0.999981
22 63 0.029925
22 64 0.999976
22 65 0.513285
22 66 0.999998
22 67 0.995133
22 68 1.000000
22 69 0.997655
22 70 0.998747
22 71 0.172989
22 72 0.999938
22 73 0.996532
22 74 0.999870
22 75 0.999908
22 76 0.999979
22 77 0.995379
22 78 0.954189
22 79 0.999954
22 80 0.999977
22 81 0.999974
22 82 0.999974
22 83 0.999984
22 84 0.035762
22 85 1.000000
22 86 0.998241
22 87 0.999863
22 88 0.999994
22 89 0.975273
22 90 1.000000
22 91 1.000000
22 92 0.990655
22 93 0.999981
22 94 1.000000
22 95 0.029925
22 96 0.999132
22 97 0.928576
22 98 0.999986
22 99 0.530967
23 0 0.999996
23 1 0.997655
23 2 0.999999
23 3 0.997398
23 4 0.996708
23 5 0.999990
23 6 0.938589
23 7 0.060180
23 8 0.999931
23 9 0.999938
23 10 0.999956
23 11 0.998021
23 12 0.923918
23 13 0.999176
23 14 0.999725
23 15 0.005177
23 16 0.281925
23 17 0.153568
23 18 0.999987
23 19 0.999999
23 20 0.999870
23 21 0.986202
23 22 0.972594
23 23 0.000000
23 24 0.997804
23 25 0.096388
23 26 0.948613
23 27 0.999999
23 28 0.999919
23 29 0.997995
23 30 0.019299
23 31 0.999896
23 32 0.999512
23 33 0.011782
23 34 0.999908
23 35 1.000000
23 36 0.984698
23 37 0.969222
23 38 0.006763
23 39 0.023583
23 40 0.999340
23 41 0.999989
23 42 0.999982
23 43 0.998610
23 44 1.000000
23 45 0.999988
23 46 0.999978
23 47 0.999986
23 48 0.999878
23 49 0.999349
23 50 0.999941
23 51 0.999739
23 52 0.999691
23 53 0.999983
23 54 0.019299
23 55 0.998147
23 56 0.999512
23 57 0.348574
23 58 0.998747
23 59 0.999804
23 60 0.189109
23 61 0.999994
23 62 0.999985
23 63 0.994451
23 64 0.999835
23 65 0.093360
23 66 0.999258
23 67 0.999997
23 68 0.888075
23 69 0.999634
23 70 0.998353
23 71 0.035762
23 72 0.042353
23 73 0.069412
23 74 0.980672
23 75 0.999875
23 76 0.999999
23 77 0.999996
23 78 0.138922
23 79 0.948612
23 80 0.999994
23 81 0.999995
23 82 0.998536
23 83 0.999913
23 84 0.945939
23 85 0.999987
23 86 0.998843
23 87 0.998827
23 88 0.999999
23 89 0.754758
23 90 0.687189
23 91 0.999981
23 92 0.874997
23 93 0.999931
23 94 0.999988
23 95 0.999990
23 96 0.998265
23 97 1.000000
23 98 0.999935
23 99 0.874996
24 0 0.999966
24 1 0.999990
24 2 1.000000
24 3 0.985073
24 4 0.999948
24 5 0.999971
24 6 0.999922
24 7 0.999996
24 8 0.999890
24 9 0.999996
24 10 0.995613
24 11 0.227550
24 12 0.995317
24 13 0.973967
24 14 0.999994
24 15 0.997655
24 16 0.999853
24 17 0.996664
24 18 0.051779
24 19 0.005177
24 20 0.002681
24 21 0.999918
24 22 0.996298
24 23 0.997804
24 24 0.000000
24 25 0.999988
24 26 0.999994
24 27 0.999996
24 28 0.108547
24 29 0.999912
24 30 0.910478
24 31 0.999993
24 32 0.999609
24 33 0.990289
24 34 0.998353
24 35 0.999443
24 36 0.998680
24 37 0.999938
24 38 0.019299
24 39 0.998436
24 40 0.999982
24 41 0.999835
24 42 0.999997
24 43 0.999687
24 44 0.999609
24 45 0.973968
24 46 0.999999
24 47 0.999999
24 48 0.992215
24 49 0.999978
24 50 0.023583
24 51 0.998436
24 52 0.999950
24 53 0.071949
24 54 0.999843
24 55 0.999413
24 56 0.999995
24 57 0.189109
24 58 0.836903
24 59 0.999413
24 60 0.935412
24 61 0.138922
24 62 0.029925
24 63 0.172989
24 64 0.999853
24 65 0.999073
24 66 0.999966
24 67 0.999959
24 68 0.999918
24 69 0.999451
24 70 0.006763
24 71 0.999884
24 72 1.000000
24 73 0.999984
24 74 0.999961
24 75 0.994732
24 76 0.586172
24 77 0.535509
24 78 0.999927
24 79 0.999218
24 80 1.000000
24 81 0.984490
24 82 0.999999
24 83 0.935414
24 84 0.999997
24 85 0.999268
24 86 1.000000
24 87 0.999086
24 88 0.019299
24 89 0.051779
24 90 0.149692
24 91 0.999421
24 92 1.000000
24 93 0.011782
24 94 0.029925
24 95 0.999999
24 96 0.998536
24 97 0.988934
24 98 0.999479
24 99 0.019299
25 0 0.999999
25 1 0.999756
25 2 0.999120
25 3 0.690668
25 4 0.999884
25 5 0.999691
25 6 0.963140
25 7 0.005177
25 8 1.000000
25 9 0.343597
25 10 0.961206
25 11 0.281925
25 12 0.999999
25 13 0.999176
25 14 0.999994
25 15 0.999165
25 16 0.999010
25 17 0.227550
25 18 0.042353
25 19 0.535509
25 20 0.606413
25 21 0.998902
25 22 0.999907
25 23 0.096388
25 24 0.999988
25 25 0.000000
25 26 0.005177
25 27 0.888076
25 28 0.935412
25 29 0.999791
25 30 1.000000
25 31 0.000372
25 32 0.011782
25 33 0.999999
25 34 0.999120
25 35 0.999413
25 36 0.999268
25 37 0.905921
25 38 0.994732
25 39 0.343597
25 40 0.999340
25 41 0.121504
25 42 0.999948
25 43 0.999983
25 44 0.938590
25 45 0.005177
25 46 0.999989
25 47 1.000000
25 48 0.999814
25 49 0.994156
25 50 0.999707
25 51 0.999835
25 52 0.862254
25 53 0.002681
25 54 1.000000
25 55 0.983668
25 56 0.999691
25 57 1.000000
25 58 0.997530
25 59 0.999985
25 60 0.019299
25 61 1.000000
25 62 0.820692
25 63 0.998330
25 64 0.999413
25 65 1.000000
25 66 0.996833
25 67 0.969222
25 68 0.019299
25 69 0.999996
25 70 0.999996
25 71 0.000372
25 72 0.999739
25 73 0.999382
25 74 0.999884
25 75 0.980411
25 76 0.999992
25 77 0.970761
25 78 0.999992
25 79 0.999931
25 80 0.999995
25 81 0.999991
25 82 0.002681
25 83 0.641070
25 84 0.999941
25 85 1.000000
25 86 0.999837
25 87 0.999990
25 88 0.999855
25 89 0.999853
25 90 0.998971
25 91 0.552765
25 92 0.999560
25 93 0.108547
25 94 0.867102
25 95 0.429954
25 96 0.999965
25 97 0.999652
25 98 0.999876
25 99 0.006763
26 0 0.172989
26 1 0.999999
26 2 0.060180
26 3 0.590401
26 4 1.000000
26 5 0.996708
26 6 0.997073
26 7 0.999340
26 8 0.984491
26 9 0.995554
26 10 0.011782
26 11 0.999061
26 12 0.831064
26 13 1.000000
26 14 0.977990
26 15 0.999768
26 16 0.914824
26 17 0.992609
26 18 0.966726
26 19 0.999997
26 20 0.999991
26 21 0.942378
26 22 0.108547
26 23 0.948613
26 24 0.999994
26 25 0.005177
26 26 0.000000
26 27 0.999120
26 28 0.999998
26 29 1.000000
26 30 0.994732
26 31 0.999706
26 32 0.005177
26 33 0.997804
26 34 0.999725
26 35 0.329464
26 36 0.362752
26 37 0.005177
26 38 1.000000
26 39 0.996708
26 40 0.051779
26 41 0.999912
26 42 0.932960
26 43 0.945222
26 44 0.655709
26 45 0.999991
26 46 0.029925
26 47 0.997887
26 48 0.994732
26 49 0.999560
26 50 0.999986
26 51 0.029925
26 52 1.000000
26 53 0.472229
26 54 0.029925
26 55 0.999791
26 56 1.000000
26 57 0.011782
26 58 0.994733
26 59 0.999305
26 60 0.121504
26 61 0.029925
26 62 0.999999
26 63 0.999629
26 64 0.051779
26 65 0.999999
26 66 1.000000
26 67 0.490568
26 68 0.093360
26 69 0.035762
26 70 0.999995
26 71 0.992508
26 72 0.999995
26 73 0.998610
26 74 0.999999
26 75 0.999988
26 76 0.138922
26 77 0.999340
26 78 0.999995
26 79 0.862254
26 80 0.999707
26 81 0.999998
26 82 0.035762
26 83 1.000000
26 84 0.999646
26 85 0.042353
26 86 0.991689
26 87 0.999982
26 88 0.781351
26 89 0.998827
26 90 0.999479
26 91 1.000000
26 92 0.999374
26 93 0.923918
26 94 0.985469
26 95 0.904700
26 96 0.014763
26 97 0.245316
26 98 0.999991
26 99 0.367737
27 0 0.060180
27 1 0.999268
27 2 0.997655
27 3 0.999984
27 4 0.999972
27 5 0.172989
27 6 0.999060
27 7 0.889496
27 8 0.999536
27 9 0.051779
27 10 0.245316
27 11 0.999707
27 12 0.005177
27 13 0.820692
27 14 0.002681
27 15 0.999674
27 16 0.641070
27 17 0.999963
27 18 0.999976
27 19 0.999997
27 20 0.965899
27 21 0.172989
27 22 0.809759
27 23 0.999999
27 24 0.999996
27 25 0.888076
27 26 0.999120
27 27 0.000000
27 28 0.781351
27 29 0.029925
27 30 0.988187
27 31 0.999752
27 32 0.999977
27 33 0.999927
27 34 0.999999
27 35 0.999853
27 36 0.975273
27 37 0.828969
27 38 0.998122
27 39 0.590401
27 40 0.947930
27 41 0.005177
27 42 0.268234
27 43 0.979374
27 44 0.999479
27 45 0.992609
27 46 0.071949
27 47 0.001279
27 48 0.999450
27 49 0.082237
27 50 0.286770
27 51 0.999999
