0 0 0.000000
0 1 0.372722
0 2 0.415919
0 3 0.981890
0 4 0.940181
0 5 0.989772
0 6 0.984698
0 7 0.921048
0 8 0.517913
0 9 0.954792
0 10 0.965899
0 11 0.138922
0 12 0.932960
0 13 0.911627
0 14 0.557193
0 15 0.329464
0 16 0.998555
0 17 0.172989
0 18 0.172989
0 19 0.610510
0 20 0.990289
0 21 0.719662
0 22 0.005177
0 23 0.985469
0 24 0.994234
0 25 0.999144
0 26 0.096388
0 27 0.189109
0 28 0.990289
0 29 0.051779
0 30 0.172989
0 31 0.998971
0 32 0.434867
0 33 0.949286
0 34 0.979649
0 35 0.096388
0 36 0.988501
0 37 0.946647
0 38 0.096388
0 39 0.719662
0 40 0.458502
0 41 0.415919
0 42 0.969629
0 43 0.984698
0 44 0.415919
0 45 0.932960
0 46 0.517913
0 47 0.210224
0 48 0.434867
0 49 0.996347
0 50 0.477023
0 51 0.812062
0 52 0.901145
0 53 0.896141
0 54 0.848329
0 55 0.071949
0 56 0.965898
0 57 0.029925
0 58 0.771105
0 59 0.994873
0 60 0.993170
0 61 0.610510
0 62 0.980672
0 63 0.946647
0 64 0.781351
0 65 0.659444
0 66 0.138922
0 67 0.999037
0 68 0.977135
0 69 0.286770
0 70 0.991363
0 71 0.096388
0 72 0.946647
0 73 0.911627
0 74 0.626002
0 75 0.517913
0 76 0.992319
0 77 0.172989
0 78 0.071949
0 79 0.911627
0 80 0.415919
0 81 0.996152
0 82 0.911627
0 83 0.746454
0 84 0.984698
0 85 0.996152
0 86 0.268234
0 87 0.994234
0 88 0.573990
0 89 0.946647
0 90 0.071949
0 91 0.998916
0 92 0.994873
0 93 0.172989
0 94 0.848329
0 95 0.415919
0 96 0.855444
0 97 0.982801
0 98 0.921048
0 99 0.172989
1 0 0.372722
1 1 0.000000
1 2 0.822878
1 3 0.703771
1 4 0.690668
1 5 0.998716
1 6 0.803068
1 7 0.557193
1 8 0.610510
1 9 0.997113
1 10 0.557193
1 11 0.791203
1 12 0.995672
1 13 0.096388
1 14 0.268234
1 15 0.415919
1 16 0.994873
1 17 0.993170
1 18 0.954792
1 19 0.731785
1 20 0.994234
1 21 0.138922
1 22 0.998074
1 23 0.932960
1 24 0.959712
1 25 0.557193
1 26 0.999759
1 27 0.863976
1 28 0.227550
1 29 0.972958
1 30 0.029925
1 31 0.911627
1 32 0.005177
1 33 0.979649
1 34 0.921048
1 35 0.959712
1 36 0.974313
1 37 0.172989
1 38 0.977135
1 39 0.096388
1 40 0.921048
1 41 0.993170
1 42 0.982801
1 43 0.989772
1 44 0.690668
1 45 0.982801
1 46 0.096388
1 47 0.999429
1 48 0.997718
1 49 0.999037
1 50 0.999358
1 51 0.210224
1 52 0.372722
1 53 0.557193
1 54 0.954792
1 55 0.929503
1 56 0.329464
1 57 0.757621
1 58 0.954792
1 59 0.984698
1 60 0.353553
1 61 0.992708
1 62 0.673534
1 63 0.310464
1 64 0.907126
1 65 0.995133
1 66 0.227550
1 67 0.831064
1 68 0.610510
1 69 0.477023
1 70 0.029925
1 71 0.848329
1 72 0.996347
1 73 0.096388
1 74 0.372722
1 75 0.268234
1 76 0.210224
1 77 0.071949
1 78 0.972958
1 79 0.911627
1 80 0.096388
1 81 0.172989
1 82 0.071949
1 83 0.610510
1 84 0.415919
1 85 0.268234
1 86 0.989228
1 87 0.979649
1 88 0.096388
1 89 0.535510
1 90 0.096388
1 91 0.896141
1 92 0.329464
1 93 0.980672
1 94 0.172989
1 95 0.957037
1 96 0.310464
1 97 0.959712
1 98 0.863976
1 99 0.372722
2 0 0.415919
2 1 0.822878
2 2 0.000000
2 3 0.690668
2 4 0.994234
2 5 0.990903
2 6 0.227550
2 7 0.963627
2 8 0.329464
2 9 0.848329
2 10 0.990289
2 11 0.998074
2 12 0.889495
2 13 0.999989
2 14 0.943130
2 15 0.959712
2 16 0.990289
2 17 0.071949
2 18 0.992319
2 19 0.997113
2 20 0.096388
2 21 0.071949
2 22 0.971149
2 23 0.999864
2 24 0.940181
2 25 0.974313
2 26 0.517913
2 27 0.781351
2 28 0.994234
2 29 0.227550
2 30 0.965899
2 31 0.989772
2 32 0.138922
2 33 0.949286
2 34 0.998716
2 35 0.096388
2 36 0.994873
2 37 0.268234
2 38 0.096388
2 39 0.791202
2 40 0.172989
2 41 0.932960
2 42 0.954792
2 43 0.959712
2 44 0.964107
2 45 0.096388
2 46 0.138922
2 47 0.329464
2 48 0.227550
2 49 0.940181
2 50 0.997433
2 51 0.677128
2 52 0.954792
2 53 0.981890
2 54 0.969629
2 55 0.992319
2 56 0.998916
2 57 0.305549
2 58 0.096388
2 59 0.477022
2 60 0.998074
2 61 0.989772
2 62 0.029925
2 63 0.029925
2 64 0.573990
2 65 0.610510
2 66 0.896141
2 67 0.994873
2 68 0.781351
2 69 0.901145
2 70 0.051779
2 71 0.889496
2 72 0.372722
2 73 0.994873
2 74 0.998716
2 75 0.172989
2 76 0.391878
2 77 0.981890
2 78 0.999910
2 79 0.803068
2 80 0.071949
2 81 0.731785
2 82 0.096388
2 83 0.029925
2 84 0.415919
2 85 0.227550
2 86 0.677128
2 87 0.975926
2 88 0.051779
2 89 0.096388
2 90 0.924902
2 91 0.719662
2 92 0.310464
2 93 0.458502
2 94 0.029925
2 95 0.996579
2 96 0.610510
2 97 0.005177
2 98 0.896141
2 99 0.870414
3 0 0.981890
3 1 0.703771
3 2 0.690668
3 3 0.000000
3 4 0.227550
3 5 0.969629
3 6 0.991363
3 7 0.517913
3 8 0.005177
3 9 0.998781
3 10 0.029925
3 11 0.998288
3 12 0.573990
3 13 0.863976
3 14 0.372722
3 15 0.096388
3 16 0.996753
3 17 0.458502
3 18 0.573990
3 19 0.999458
3 20 0.984698
3 21 0.982801
3 22 0.071949
3 23 0.644918
3 24 0.831065
3 25 0.029925
3 26 0.268234
3 27 0.998172
3 28 0.999786
3 29 0.245316
3 30 0.921048
3 31 0.746454
3 32 0.949286
3 33 0.757621
3 34 0.719662
3 35 0.610510
3 36 0.997718
3 37 0.921048
3 38 0.227550
3 39 0.138922
3 40 0.965899
3 41 0.997433
3 42 0.594604
3 43 0.940181
3 44 0.557193
3 45 0.517913
3 46 0.969629
3 47 0.999037
3 48 0.329464
3 49 0.644918
3 50 0.415919
3 51 0.477022
3 52 0.959712
3 53 0.883941
3 54 0.803068
3 55 0.998074
3 56 0.994873
3 57 0.812062
3 58 0.924902
3 59 0.268234
3 60 0.096388
3 61 0.954792
3 62 0.268234
3 63 0.999932
3 64 0.993170
3 65 0.108547
3 66 0.029925
3 67 0.268234
3 68 0.172989
3 69 0.982801
3 70 0.071949
3 71 0.096388
3 72 0.677128
3 73 0.896141
3 74 0.757621
3 75 0.557193
3 76 0.946647
3 77 0.972958
3 78 0.985469
3 79 0.172989
3 80 0.883941
3 81 0.719662
3 82 0.610510
3 83 0.999990
3 84 0.029925
3 85 0.329464
3 86 0.557193
3 87 0.138922
3 88 0.172989
3 89 0.071949
3 90 0.096388
3 91 0.096388
3 92 0.812062
3 93 0.999277
3 94 0.557193
3 95 0.996152
3 96 0.946647
3 97 0.997563
3 98 0.984698
3 99 0.626001
4 0 0.940181
4 1 0.690668
4 2 0.994234
4 3 0.227550
4 4 0.000000
4 5 0.029925
4 6 0.096388
4 7 0.096388
4 8 0.096388
4 9 0.029925
4 10 0.746454
4 11 0.932960
4 12 0.998781
4 13 0.415919
4 14 0.415919
4 15 0.949286
4 16 0.096388
4 17 0.803068
4 18 0.996152
4 19 0.719662
4 20 0.993170
4 21 0.415919
4 22 0.993170
4 23 0.690668
4 24 0.994234
4 25 0.757621
4 26 0.998074
4 27 0.946647
4 28 0.415919
4 29 0.974313
4 30 0.998858
4 31 0.994234
4 32 0.719662
4 33 0.557193
4 34 0.848329
4 35 0.994873
4 36 0.954792
4 37 0.757621
4 38 0.690668
4 39 0.071949
4 40 0.986386
4 41 0.029925
4 42 0.932960
4 43 0.990289
4 44 0.977135
4 45 0.855444
4 46 0.998478
4 47 0.883941
4 48 0.477022
4 49 0.071949
4 50 0.659444
4 51 0.415919
4 52 0.108547
4 53 0.987073
4 54 0.329464
4 55 0.992319
4 56 0.979649
4 57 0.959712
4 58 0.915921
4 59 0.831064
4 60 0.477023
4 61 0.108547
4 62 0.781351
4 63 0.959712
4 64 0.999759
4 65 0.071949
4 66 0.999929
4 67 0.979649
4 68 0.995672
4 69 0.071949
4 70 0.227550
4 71 0.987073
4 72 0.991363
4 73 0.996152
4 74 0.310464
4 75 0.803068
4 76 0.372722
4 77 0.096388
4 78 0.172989
4 79 0.557193
4 80 0.108547
4 81 0.977134
4 82 0.972958
4 83 0.992319
4 84 0.029925
4 85 0.932960
4 86 0.989772
4 87 0.997834
4 88 0.096388
4 89 0.996152
4 90 0.979649
4 91 0.458502
4 92 0.998781
4 93 0.975602
4 94 0.172989
4 95 0.610510
4 96 0.690668
4 97 0.974313
4 98 0.172989
4 99 0.573990
5 0 0.989772
5 1 0.998716
5 2 0.990903
5 3 0.969629
5 4 0.029925
5 5 0.000000
5 6 0.458502
5 7 0.096388
5 8 0.996753
5 9 0.991363
5 10 0.990289
5 11 0.940181
5 12 0.883941
5 13 0.071949
5 14 0.415919
5 15 0.999429
5 16 0.997113
5 17 0.372722
5 18 0.096388
5 19 0.998716
5 20 0.557193
5 21 0.096388
5 22 0.690668
5 23 0.999786
5 24 0.644918
5 25 0.896141
5 26 0.719662
5 27 0.029925
5 28 0.138922
5 29 0.517913
5 30 0.969629
5 31 0.035762
5 32 0.998074
5 33 0.822878
5 34 0.980672
5 35 0.415919
5 36 0.719662
5 37 0.870414
5 38 0.138922
5 39 0.969629
5 40 0.990289
5 41 0.990903
5 42 0.082237
5 43 0.096388
5 44 0.626001
5 45 0.999239
5 46 0.626002
5 47 0.659444
5 48 0.999864
5 49 0.138922
5 50 0.096388
5 51 0.771105
5 52 0.959712
5 53 0.096388
5 54 0.870414
5 55 0.959712
5 56 0.848329
5 57 0.071949
5 58 0.781351
5 59 0.557193
5 60 0.999037
5 61 0.690668
5 62 0.029925
5 63 0.831065
5 64 0.434867
5 65 0.690668
5 66 0.994873
5 67 0.998555
5 68 0.998781
5 69 0.974313
5 70 0.967602
5 71 0.981890
5 72 0.121504
5 73 0.051779
5 74 0.848329
5 75 0.921048
5 76 0.172989
5 77 0.992319
5 78 0.096388
5 79 0.019299
5 80 0.029925
5 81 0.862254
5 82 0.996753
5 83 0.138922
5 84 0.372722
5 85 0.831065
5 86 0.268234
5 87 0.988501
5 88 0.838911
5 89 0.329464
5 90 0.954792
5 91 0.812062
5 92 0.997433
5 93 0.172989
5 94 0.138922
5 95 0.415919
5 96 0.921048
5 97 0.994234
5 98 0.946647
5 99 0.719662
6 0 0.984698
6 1 0.803068
6 2 0.227550
6 3 0.991363
6 4 0.096388
6 5 0.458502
6 6 0.000000
6 7 0.172989
6 8 0.831064
6 9 0.980672
6 10 0.096388
6 11 0.610510
6 12 0.997433
6 13 0.415919
6 14 0.992319
6 15 0.310464
6 16 0.870414
6 17 0.889496
6 18 0.974313
6 19 0.981890
6 20 0.896141
6 21 0.989772
6 22 0.096388
6 23 0.911627
6 24 0.996152
6 25 0.924902
6 26 0.690668
6 27 0.870414
6 28 0.896141
6 29 0.992319
6 30 0.974313
6 31 0.987890
6 32 0.415919
6 33 0.415919
6 34 0.268234
6 35 0.997834
6 36 0.848329
6 37 0.995133
6 38 0.172989
6 39 0.924902
6 40 0.995672
6 41 0.172989
6 42 0.975926
6 43 0.746454
6 44 0.999458
6 45 0.172989
6 46 0.999037
6 47 0.172989
6 48 0.573990
6 49 0.719662
6 50 0.138922
6 51 0.172989
6 52 0.971149
6 53 0.415919
6 54 0.952432
6 55 0.846427
6 56 0.172989
6 57 0.911627
6 58 0.984698
6 59 0.964107
6 60 0.959712
6 61 0.998555
6 62 0.996753
6 63 0.921048
6 64 0.659444
6 65 0.310464
6 66 0.096388
6 67 0.977135
6 68 0.999714
6 69 0.975926
6 70 0.961719
6 71 0.943131
6 72 0.946647
6 73 0.993926
6 74 0.415919
6 75 0.977134
6 76 0.096388
6 77 0.757621
6 78 0.907126
6 79 0.991363
6 80 0.961718
6 81 0.999619
6 82 0.172989
6 83 0.991363
6 84 0.719662
6 85 0.029925
6 86 0.096388
6 87 0.029925
6 88 0.977134
6 89 0.096388
6 90 0.848329
6 91 0.268234
6 92 0.977134
6 93 0.883941
6 94 0.889496
6 95 0.998288
6 96 0.883941
6 97 0.999639
6 98 0.995133
6 99 0.990289
7 0 0.921048
7 1 0.557193
7 2 0.963627
7 3 0.517913
7 4 0.096388
7 5 0.096388
7 6 0.172989
7 7 0.000000
7 8 0.029925
7 9 0.477022
7 10 0.883941
7 11 0.096388
7 12 0.071949
7 13 0.883941
7 14 0.870414
7 15 0.987073
7 16 0.998288
7 17 0.096388
7 18 0.940181
7 19 0.855444
7 20 0.227550
7 21 0.029925
7 22 0.310464
7 23 0.172989
7 24 0.999277
7 25 0.005177
7 26 0.946647
7 27 0.108547
7 28 0.019299
7 29 0.096388
7 30 0.946647
7 31 0.974313
7 32 0.071949
7 33 0.096388
7 34 0.982801
7 35 0.434867
7 36 0.994873
7 37 0.940181
7 38 0.029925
7 39 0.932960
7 40 0.477022
7 41 0.992319
7 42 0.029925
7 43 0.434867
7 44 0.999429
7 45 0.932960
7 46 0.974313
7 47 0.189109
7 48 0.928576
7 49 0.415919
7 50 0.071949
7 51 0.969629
7 52 0.477022
7 53 0.997433
7 54 0.848329
7 55 0.268234
7 56 0.998172
7 57 0.096388
7 58 0.005177
7 59 0.172989
7 60 0.967602
7 61 0.172989
7 62 0.995133
7 63 0.989772
7 64 0.993170
7 65 0.071949
7 66 0.979649
7 67 0.189109
7 68 0.998716
7 69 0.974313
7 70 0.999543
7 71 0.138922
7 72 0.954792
7 73 0.812062
7 74 0.372722
7 75 0.997563
7 76 0.989772
7 77 0.982801
7 78 0.029925
7 79 0.896141
7 80 0.863976
7 81 0.972958
7 82 0.959712
7 83 0.855444
7 84 0.781351
7 85 0.924902
7 86 0.974313
7 87 0.954792
7 88 0.029925
7 89 0.999639
7 90 0.096388
7 91 0.535509
7 92 0.434867
7 93 0.984698
7 94 0.974313
7 95 0.994234
7 96 0.921048
7 97 0.986386
7 98 0.989772
7 99 0.999932
8 0 0.517913
8 1 0.610510
8 2 0.329464
8 3 0.005177
8 4 0.096388
8 5 0.996753
8 6 0.831064
8 7 0.029925
8 8 0.000000
8 9 0.746454
8 10 0.535509
8 11 0.996152
8 12 0.051779
8 13 0.781351
8 14 0.932960
8 15 0.690668
8 16 0.977134
8 17 0.883941
8 18 0.757621
8 19 0.096388
8 20 0.997113
8 21 0.965899
8 22 0.172989
8 23 0.964107
8 24 0.996579
8 25 0.974313
8 26 0.268234
8 27 0.911627
8 28 0.096388
8 29 0.803068
8 30 0.896141
8 31 0.573990
8 32 0.517913
8 33 0.993515
8 34 0.999239
8 35 0.959712
8 36 0.984698
8 37 0.946647
8 38 0.883941
8 39 0.029925
8 40 0.987073
8 41 0.896141
8 42 0.029925
8 43 0.757621
8 44 0.227550
8 45 0.610510
8 46 0.677128
8 47 0.959712
8 48 0.029925
8 49 0.372722
8 50 0.791203
8 51 0.096388
8 52 0.268234
8 53 0.980672
8 54 0.992708
8 55 0.659444
8 56 0.557193
8 57 0.997834
8 58 0.965898
8 59 0.977134
8 60 0.458502
8 61 0.372722
8 62 0.677128
8 63 0.965899
8 64 0.329464
8 65 0.883941
8 66 0.940181
8 67 0.999572
8 68 0.992319
8 69 0.096388
8 70 0.517913
8 71 0.781351
8 72 0.883941
8 73 0.977134
8 74 0.946647
8 75 0.870414
8 76 0.957038
8 77 0.310464
8 78 0.803068
8 79 0.985469
8 80 0.883941
8 81 0.372722
8 82 0.610510
8 83 0.998858
8 84 0.029925
8 85 0.719662
8 86 0.477023
8 87 0.781351
8 88 0.610510
8 89 0.876571
8 90 0.610510
8 91 0.987073
8 92 0.984698
8 93 0.415919
8 94 0.848329
8 95 0.883941
8 96 0.997113
8 97 0.096388
8 98 0.949286
8 99 0.883941
9 0 0.954792
9 1 0.997113
9 2 0.848329
9 3 0.998781
9 4 0.029925
9 5 0.991363
9 6 0.980672
9 7 0.477022
9 8 0.746454
9 9 0.000000
9 10 0.911627
9 11 0.746454
9 12 0.974313
9 13 0.071949
9 14 0.883941
9 15 0.949286
9 16 0.831064
9 17 0.517913
9 18 0.991363
9 19 0.610510
9 20 0.812062
9 21 0.991363
9 22 0.051779
9 23 0.434867
9 24 0.907126
9 25 0.513284
9 26 0.855444
9 27 0.071949
9 28 0.310464
9 29 0.329464
9 30 0.984698
9 31 0.310464
9 32 0.896141
9 33 0.974313
9 34 0.998288
9 35 0.992319
9 36 0.517913
9 37 0.071949
9 38 0.995133
9 39 0.911627
9 40 0.310464
9 41 0.071949
9 42 0.971149
9 43 0.855444
9 44 0.982801
9 45 0.138922
9 46 0.987073
9 47 0.999277
9 48 0.610510
9 49 0.329464
9 50 0.372722
9 51 0.719662
9 52 0.227550
9 53 0.940181
9 54 0.477023
9 55 0.210224
9 56 0.959712
9 57 0.992708
9 58 0.189109
9 59 0.977134
9 60 0.876570
9 61 0.096388
9 62 0.372722
9 63 0.996753
9 64 0.984698
9 65 0.996752
9 66 0.610510
9 67 0.995379
9 68 0.268234
9 69 0.096388
9 70 0.517913
9 71 0.987073
9 72 0.731785
9 73 0.878126
9 74 0.999458
9 75 0.940181
9 76 0.848329
9 77 0.921048
9 78 0.921048
9 79 0.929503
9 80 0.517913
9 81 0.781351
9 82 0.921048
9 83 0.517913
9 84 0.005177
9 85 0.268234
9 86 0.995441
9 87 0.757621
9 88 0.940181
9 89 0.949286
9 90 0.977134
9 91 0.210224
9 92 0.477022
9 93 0.029925
9 94 0.870414
9 95 0.999910
9 96 0.227550
9 97 0.644918
9 98 0.071949
9 99 0.964107
10 0 0.965899
10 1 0.557193
10 2 0.990289
10 3 0.029925
10 4 0.746454
10 5 0.990289
10 6 0.096388
10 7 0.883941
10 8 0.535509
10 9 0.911627
10 10 0.000000
10 11 0.029925
10 12 0.911627
10 13 0.996753
10 14 0.949286
10 15 0.138922
10 16 0.992319
10 17 0.974313
10 18 0.977134
10 19 0.848329
10 20 0.924902
10 21 0.993170
10 22 0.329464
10 23 0.883941
10 24 0.458502
10 25 0.268234
10 26 0.268234
10 27 0.108547
10 28 0.988501
10 29 0.172989
10 30 0.096388
10 31 0.517913
10 32 0.982801
10 33 0.029925
10 34 0.972958
10 35 0.517913
10 36 0.517913
10 37 0.005177
10 38 0.991800
10 39 0.719662
10 40 0.995672
10 41 0.458502
10 42 0.961718
10 43 0.998716
10 44 0.959712
10 45 0.946647
10 46 0.964107
10 47 0.965899
10 48 0.096388
10 49 0.071949
10 50 0.029925
10 51 0.876570
10 52 0.517913
10 53 0.979649
10 54 0.979649
10 55 0.803068
10 56 0.990289
10 57 0.996152
10 58 0.005177
10 59 0.977135
10 60 0.996152
10 61 0.999086
10 62 0.932960
10 63 0.999639
10 64 0.535509
10 65 0.415919
10 66 0.984698
10 67 0.838911
10 68 0.781351
10 69 0.557193
10 70 0.071949
10 71 0.959712
10 72 0.227550
10 73 0.415919
10 74 0.310464
10 75 0.071949
10 76 0.949286
10 77 0.757621
10 78 0.901145
10 79 0.971149
10 80 0.831064
10 81 0.391878
10 82 0.831065
10 83 0.172989
10 84 0.391878
10 85 0.415919
10 86 0.998716
10 87 0.954792
10 88 0.999797
10 89 0.987725
10 90 0.999277
10 91 0.863976
10 92 0.029925
10 93 0.921048
10 94 0.974313
10 95 0.998074
10 96 0.987890
10 97 0.138922
10 98 0.517913
10 99 0.994873
11 0 0.138922
11 1 0.791203
11 2 0.998074
11 3 0.998288
11 4 0.932960
11 5 0.940181
11 6 0.610510
11 7 0.096388
11 8 0.996152
11 9 0.746454
11 10 0.029925
11 11 0.000000
11 12 0.757621
11 13 0.946647
11 14 0.994526
11 15 0.172989
11 16 0.997113
11 17 0.719662
11 18 0.883941
11 19 0.071949
11 20 0.984698
11 21 0.848329
11 22 0.964107
11 23 0.731785
11 24 0.172989
11 25 0.372722
11 26 0.812062
11 27 0.972958
11 28 0.991363
11 29 0.848329
11 30 0.943131
11 31 0.434867
11 32 0.329464
11 33 0.415919
11 34 0.329464
11 35 0.781351
11 36 0.848329
11 37 0.901145
11 38 0.979649
11 39 0.757621
11 40 0.329464
11 41 0.999037
11 42 0.690668
11 43 0.979649
11 44 0.573990
11 45 0.690668
11 46 0.803068
11 47 0.894799
11 48 0.415919
11 49 0.997433
11 50 0.911627
11 51 0.731785
11 52 0.901145
11 53 0.677128
11 54 0.957038
11 55 0.329464
11 56 0.803068
11 57 0.822878
11 58 0.965899
11 59 0.719662
11 60 0.310464
11 61 0.929503
11 62 0.848329
11 63 0.987073
11 64 0.659444
11 65 0.372722
11 66 0.172989
11 67 0.573990
11 68 0.071949
11 69 0.071949
11 70 0.959712
11 71 0.949286
11 72 0.557193
11 73 0.974313
11 74 0.870414
11 75 0.310464
11 76 0.210224
11 77 0.989772
11 78 0.998916
11 79 0.757621
11 80 0.517913
11 81 0.310464
11 82 0.994234
11 83 0.984698
11 84 0.999839
11 85 0.659444
11 86 0.227550
11 87 0.029925
11 88 0.227550
11 89 0.415919
11 90 0.996152
11 91 0.812062
11 92 0.992319
11 93 0.372722
11 94 0.477022
11 95 0.210224
11 96 0.310464
11 97 0.999358
11 98 0.746454
11 99 0.896141
12 0 0.932960
12 1 0.995672
12 2 0.889495
12 3 0.573990
12 4 0.998781
12 5 0.883941
12 6 0.997433
12 7 0.071949
12 8 0.051779
12 9 0.974313
12 10 0.911627
12 11 0.757621
12 12 0.000000
12 13 0.981890
12 14 0.029925
12 15 0.172989
12 16 0.372722
12 17 0.997113
12 18 0.071949
12 19 0.071949
12 20 0.901145
12 21 0.286770
12 22 0.458502
12 23 0.610510
12 24 0.921048
12 25 0.989772
12 26 0.096388
12 27 0.096388
12 28 0.029925
12 29 0.573990
12 30 0.984698
12 31 0.863976
12 32 0.964107
12 33 0.979649
12 34 0.979649
12 35 0.172989
12 36 0.644918
12 37 0.982801
12 38 0.979649
12 39 0.138922
12 40 0.781351
12 41 0.996152
12 42 0.991363
12 43 0.977135
12 44 0.883941
12 45 0.029925
12 46 0.071949
12 47 0.812062
12 48 0.268234
12 49 0.988501
12 50 0.946647
12 51 0.896141
12 52 0.781351
12 53 0.889496
12 54 0.690668
12 55 0.896141
12 56 0.096388
12 57 0.172989
12 58 0.921048
12 59 0.972958
12 60 0.921048
12 61 0.172989
12 62 0.883941
12 63 0.286770
12 64 0.415919
12 65 0.626001
12 66 0.172989
12 67 0.952432
12 68 0.210224
12 69 0.071949
12 70 0.644918
12 71 0.415919
12 72 0.998375
12 73 0.557193
12 74 0.999518
12 75 0.982801
12 76 0.517913
12 77 0.535509
12 78 0.996152
12 79 0.998555
12 80 0.644918
12 81 0.517913
12 82 0.781351
12 83 0.719662
12 84 0.848329
12 85 0.984698
12 86 0.310464
12 87 0.029925
12 88 0.227550
12 89 0.870414
12 90 0.982801
12 91 0.999037
12 92 0.982801
12 93 0.268234
12 94 0.999992
12 95 0.310464
12 96 0.557193
12 97 0.434867
12 98 0.989772
12 99 0.911627
13 0 0.911627
13 1 0.096388
13 2 0.999989
13 3 0.863976
13 4 0.415919
13 5 0.071949
13 6 0.415919
13 7 0.883941
13 8 0.781351
13 9 0.071949
13 10 0.996753
13 11 0.946647
13 12 0.981890
13 13 0.000000
13 14 0.610510
13 15 0.434867
13 16 0.993170
13 17 0.946647
13 18 0.557193
13 19 0.458502
13 20 0.746454
13 21 0.982801
13 22 0.999786
13 23 0.986386
13 24 0.329464
13 25 0.981890
13 26 0.999144
13 27 0.268234
13 28 0.138922
13 29 0.573990
13 30 0.999277
13 31 0.227550
13 32 0.644918
13 33 0.268234
13 34 0.535509
13 35 0.921048
13 36 0.969629
13 37 0.453650
13 38 0.757621
13 39 0.999458
13 40 0.981890
13 41 0.268234
13 42 0.996152
13 43 0.659444
13 44 0.870414
13 45 0.932960
13 46 0.329464
13 47 0.310464
13 48 0.268234
13 49 0.901145
13 50 0.781351
13 51 0.896141
13 52 0.994234
13 53 0.831064
13 54 0.372722
13 55 0.978283
13 56 0.848329
13 57 0.690668
13 58 0.644918
13 59 0.768375
13 60 0.172989
13 61 0.981890
13 62 0.975602
13 63 0.029925
13 64 0.172989
13 65 0.984698
13 66 0.227550
13 67 0.415919
13 68 0.959712
13 69 0.999759
13 70 0.415919
13 71 0.999639
13 72 0.153568
13 73 0.997113
13 74 0.986386
13 75 0.999929
13 76 0.644918
13 77 0.969629
13 78 0.719662
13 79 0.981645
13 80 0.096388
13 81 0.999679
13 82 0.557193
13 83 0.979649
13 84 0.415919
13 85 0.791203
13 86 0.901145
13 87 0.940181
13 88 0.957037
13 89 0.998555
13 90 0.557193
13 91 0.997113
13 92 0.991363
13 93 0.051779
13 94 0.227550
13 95 0.921048
13 96 0.896141
13 97 0.954792
13 98 0.644918
13 99 0.310464
14 0 0.557193
14 1 0.268234
14 2 0.943130
14 3 0.372722
14 4 0.415919
14 5 0.415919
14 6 0.992319
14 7 0.870414
14 8 0.932960
14 9 0.883941
14 10 0.949286
14 11 0.994526
14 12 0.029925
14 13 0.610510
14 14 0.000000
14 15 0.227550
14 16 0.855444
14 17 0.949286
14 18 0.329464
14 19 0.949286
14 20 0.998716
14 21 0.096388
14 22 0.172989
14 23 0.878126
14 24 0.979649
14 25 0.987073
14 26 0.415919
14 27 0.071949
14 28 0.940181
14 29 0.719662
14 30 0.029925
14 31 0.921048
14 32 0.268234
14 33 0.477022
14 34 0.971149
14 35 0.999037
14 36 0.946647
14 37 0.954792
14 38 0.905921
14 39 0.883941
14 40 0.172989
14 41 0.071949
14 42 0.477022
14 43 0.990903
14 44 0.029925
14 45 0.310464
14 46 0.999572
14 47 0.690668
14 48 0.979649
14 49 0.999518
14 50 0.997113
14 51 0.210224
14 52 0.415919
14 53 0.644918
14 54 0.984698
14 55 0.517913
14 56 0.573990
14 57 0.883941
14 58 0.071949
14 59 0.883941
14 60 0.719662
14 61 0.189109
14 62 0.870414
14 63 0.977134
14 64 0.005177
14 65 0.172989
14 66 0.029925
14 67 0.896141
14 68 0.999695
14 69 0.268234
14 70 0.988501
14 71 0.268234
14 72 0.957038
14 73 0.210224
14 74 0.517913
14 75 0.932960
14 76 0.415919
14 77 0.096388
14 78 0.071949
14 79 0.883941
14 80 0.719662
14 81 0.998074
14 82 0.731785
14 83 0.991363
14 84 0.965899
14 85 0.999857
14 86 0.757621
14 87 0.999277
14 88 0.746454
14 89 0.029925
14 90 0.992708
14 91 0.870414
14 92 0.138922
14 93 0.969629
14 94 0.610510
14 95 0.984698
14 96 0.477022
14 97 0.781351
14 98 0.995133
14 99 0.994234
15 0 0.329464
15 1 0.415919
15 2 0.959712
15 3 0.096388
15 4 0.949286
15 5 0.999429
15 6 0.310464
15 7 0.987073
15 8 0.690668
15 9 0.949286
15 10 0.138922
15 11 0.172989
15 12 0.172989
15 13 0.434867
15 14 0.227550
15 15 0.000000
15 16 0.517913
15 17 0.071949
15 18 0.988501
15 19 0.998858
15 20 0.138922
15 21 0.659444
15 22 0.415919
15 23 0.096388
15 24 0.911627
15 25 0.348574
15 26 0.372722
15 27 0.372722
15 28 0.848329
15 29 0.999277
15 30 0.310464
15 31 0.994873
15 32 0.896141
15 33 0.096388
15 34 0.096388
15 35 0.268234
15 36 0.998555
15 37 0.138922
15 38 0.781351
15 39 0.870414
15 40 0.310464
15 41 0.610510
15 42 0.883941
15 43 0.905921
15 44 0.989082
15 45 0.557193
15 46 0.977134
15 47 0.029925
15 48 0.977135
15 49 0.517913
15 50 0.019299
15 51 0.863976
15 52 0.227550
15 53 0.974313
15 54 0.981890
15 55 0.096388
15 56 0.889496
15 57 0.268234
15 58 0.863976
15 59 0.831064
15 60 0.172989
15 61 0.911627
15 62 0.172989
15 63 0.812062
15 64 0.999458
15 65 0.415919
15 66 0.477023
15 67 0.644918
15 68 0.954792
15 69 0.690668
15 70 0.992319
15 71 0.999572
15 72 0.268234
15 73 0.999786
15 74 0.822878
15 75 0.990903
15 76 0.458502
15 77 0.998781
15 78 0.029925
15 79 0.940181
15 80 0.227550
15 81 0.310464
15 82 0.993515
15 83 0.415919
15 84 0.924902
15 85 0.557193
15 86 0.940181
15 87 0.791203
15 88 0.477022
15 89 0.138922
15 90 0.959712
15 91 0.071949
15 92 0.997259
15 93 0.415919
15 94 0.019299
15 95 0.959712
15 96 0.987073
15 97 0.831064
15 98 0.982801
15 99 0.189109
16 0 0.998555
16 1 0.994873
16 2 0.990289
16 3 0.996753
16 4 0.096388
16 5 0.997113
16 6 0.870414
16 7 0.998288
16 8 0.977134
16 9 0.831064
16 10 0.992319
16 11 0.997113
16 12 0.372722
16 13 0.993170
16 14 0.855444
16 15 0.517913
16 16 0.000000
16 17 0.994234
16 18 0.746454
16 19 0.573990
16 20 0.991363
16 21 0.590401
16 22 0.998074
16 23 0.434867
16 24 0.992319
16 25 0.998716
16 26 0.757621
16 27 0.268234
16 28 0.096388
16 29 0.921048
16 30 0.932960
16 31 0.138922
16 32 0.138922
16 33 0.889496
16 34 0.172989
16 35 0.994234
16 36 0.644918
16 37 0.999277
16 38 0.781351
16 39 0.883941
16 40 0.974313
16 41 0.972958
16 42 0.901145
16 43 0.969629
16 44 0.946647
16 45 0.863976
16 46 0.071949
16 47 0.993516
16 48 0.999458
16 49 0.517913
16 50 0.863976
16 51 0.096388
16 52 0.517913
16 53 0.977134
16 54 0.268234
16 55 0.029925
16 56 0.977135
16 57 0.848329
16 58 0.644918
16 59 0.996152
16 60 0.019299
16 61 0.210224
16 62 0.268234
16 63 0.781351
16 64 0.019299
16 65 0.372722
16 66 0.731785
16 67 0.989772
16 68 0.477022
16 69 0.969629
16 70 0.940181
16 71 0.831064
16 72 0.071949
16 73 0.994234
16 74 0.268234
16 75 0.172989
16 76 0.896141
16 77 0.996579
16 78 0.999037
16 79 0.677128
16 80 0.391878
16 81 0.993515
16 82 0.096388
16 83 0.268234
16 84 0.988501
16 85 0.968031
16 86 0.372722
16 87 0.610510
16 88 0.997433
16 89 0.992319
16 90 0.415919
16 91 0.993515
16 92 0.999873
16 93 0.673535
16 94 0.172989
16 95 0.812062
16 96 0.964107
16 97 0.172989
16 98 0.883941
16 99 0.959712
17 0 0.172989
17 1 0.993170
17 2 0.071949
17 3 0.458502
17 4 0.803068
17 5 0.372722
17 6 0.889496
17 7 0.096388
17 8 0.883941
17 9 0.517913
17 10 0.974313
17 11 0.719662
17 12 0.997113
17 13 0.946647
17 14 0.949286
17 15 0.071949
17 16 0.994234
17 17 0.000000
17 18 0.703771
17 19 0.690668
17 20 0.172989
17 21 0.644918
17 22 0.990903
17 23 0.329464
17 24 0.901145
17 25 0.172989
17 26 0.946647
17 27 0.992319
17 28 0.372722
17 29 0.999037
17 30 0.803068
17 31 0.757621
17 32 0.644918
17 33 0.983668
17 34 0.965899
17 35 0.172989
17 36 0.372722
17 37 0.138922
17 38 0.573990
17 39 0.594604
17 40 0.803068
17 41 0.997113
17 42 0.434867
17 43 0.477022
17 44 0.517913
17 45 0.019299
17 46 0.329464
17 47 0.954792
17 48 0.138922
17 49 0.848329
17 50 0.981890
17 51 0.997433
17 52 0.286770
17 53 0.812062
17 54 0.610510
17 55 0.060180
17 56 0.310464
17 57 0.210224
17 58 0.517913
17 59 0.610510
17 60 0.757621
17 61 0.901145
17 62 0.051779
17 63 0.096388
17 64 0.940181
17 65 0.019299
17 66 0.946647
17 67 0.979649
17 68 0.831064
17 69 0.557193
17 70 0.108547
17 71 0.848329
17 72 0.987073
17 73 0.969629
17 74 0.883941
17 75 0.993170
17 76 0.999086
17 77 0.093360
17 78 0.999572
17 79 0.781351
17 80 0.994526
17 81 0.517913
17 82 0.994234
17 83 0.029925
17 84 0.719662
17 85 0.961718
17 86 0.557193
17 87 0.997113
17 88 0.989772
17 89 0.268234
17 90 0.998916
17 91 0.998555
17 92 0.746454
17 93 0.940181
17 94 0.998172
17 95 0.803068
17 96 0.999458
17 97 0.889496
17 98 0.719662
17 99 0.977135
18 0 0.172989
18 1 0.954792
18 2 0.992319
18 3 0.573990
18 4 0.996152
18 5 0.096388
18 6 0.974313
18 7 0.940181
18 8 0.757621
18 9 0.991363
18 10 0.977134
18 11 0.883941
18 12 0.071949
18 13 0.557193
18 14 0.329464
18 15 0.988501
18 16 0.746454
18 17 0.703771
18 18 0.000000
18 19 0.863976
18 20 0.998288
18 21 0.391878
18 22 0.051779
18 23 0.965899
18 24 0.138922
18 25 0.391878
18 26 0.954792
18 27 0.984698
18 28 0.644918
18 29 0.517913
18 30 0.372722
18 31 0.997687
18 32 0.991363
18 33 0.997113
18 34 0.659444
18 35 0.848329
18 36 0.781351
18 37 0.415919
18 38 0.961719
18 39 0.992319
18 40 0.975926
18 41 0.969629
18 42 0.946647
18 43 0.415919
18 44 0.458502
18 45 0.971149
18 46 0.690668
18 47 0.644918
18 48 0.911627
18 49 0.071949
18 50 0.996753
18 51 0.791203
18 52 0.096388
18 53 0.957038
18 54 0.803068
18 55 0.991363
18 56 0.911627
18 57 0.907126
18 58 0.822878
18 59 0.096388
18 60 0.415919
18 61 0.961719
18 62 0.719662
18 63 0.096388
18 64 0.690668
18 65 0.990289
18 66 0.019299
18 67 0.998781
18 68 0.644918
18 69 0.659444
18 70 0.995441
18 71 0.029925
18 72 0.268234
18 73 0.268234
18 74 0.967602
18 75 0.029925
18 76 0.997834
18 77 0.998375
18 78 0.517913
18 79 0.831064
18 80 0.172989
18 81 0.969629
18 82 0.677128
18 83 0.896141
18 84 0.848329
18 85 0.921048
18 86 0.979649
18 87 0.848329
18 88 0.781351
18 89 0.998916
18 90 0.863976
18 91 0.477023
18 92 0.415919
18 93 0.757621
18 94 0.477022
18 95 0.848329
18 96 0.998074
18 97 0.029925
18 98 0.138922
18 99 0.979649
19 0 0.610510
19 1 0.731785
19 2 0.997113
19 3 0.999458
19 4 0.719662
19 5 0.998716
19 6 0.981890
19 7 0.855444
19 8 0.096388
19 9 0.610510
19 10 0.848329
19 11 0.071949
19 12 0.071949
19 13 0.458502
19 14 0.949286
19 15 0.998858
19 16 0.573990
19 17 0.690668
19 18 0.863976
19 19 0.000000
19 20 0.946647
19 21 0.172989
19 22 0.997687
19 23 0.940181
19 24 0.029925
19 25 0.415919
19 26 0.731785
19 27 0.954792
19 28 0.690668
19 29 0.746454
19 30 0.997718
19 31 0.929503
19 32 0.946647
19 33 0.981890
19 34 0.992319
19 35 0.911627
19 36 0.855444
19 37 0.984698
19 38 0.172989
19 39 0.096388
19 40 0.573990
19 41 0.690668
19 42 0.959712
19 43 0.994234
19 44 0.911627
19 45 0.946647
19 46 0.996959
19 47 0.310464
19 48 0.500000
19 49 0.268234
19 50 0.310464
19 51 0.996152
19 52 0.458502
19 53 0.995133
19 54 0.984698
19 55 0.172989
19 56 0.921048
19 57 0.005177
19 58 0.992319
19 59 0.831064
19 60 0.993516
19 61 0.901145
19 62 0.961718
19 63 0.719662
19 64 0.997433
19 65 0.954792
19 66 0.965899
19 67 0.940181
19 68 0.138922
19 69 0.992319
19 70 0.690668
19 71 0.415919
19 72 0.746454
19 73 0.268234
19 74 0.372722
19 75 0.329464
19 76 0.138922
19 77 0.921048
19 78 0.967602
19 79 0.434867
19 80 0.957038
19 81 0.999239
19 82 0.979649
19 83 0.988501
19 84 0.984698
19 85 0.992319
19 86 0.029925
19 87 0.029925
19 88 0.954792
19 89 0.943131
19 90 0.946647
19 91 0.870414
19 92 0.990289
19 93 0.954792
19 94 0.757621
19 95 0.952432
19 96 0.096388
19 97 0.997834
19 98 0.096388
19 99 0.982801
20 0 0.990289
20 1 0.994234
20 2 0.096388
20 3 0.984698
20 4 0.993170
20 5 0.557193
20 6 0.896141
20 7 0.227550
20 8 0.997113
20 9 0.812062
20 10 0.924902
20 11 0.984698
20 12 0.901145
20 13 0.746454
20 14 0.998716
20 15 0.138922
20 16 0.991363
20 17 0.172989
20 18 0.998288
20 19 0.946647
20 20 0.000000
20 21 0.172989
20 22 0.999714
20 23 0.984698
20 24 0.002681
20 25 0.108547
20 26 0.329464
20 27 0.268234
20 28 0.870414
20 29 0.071949
20 30 0.961718
20 31 0.082237
20 32 0.415919
20 33 0.993170
20 34 0.557193
20 35 0.096388
20 36 0.921048
20 37 0.644918
20 38 0.965899
20 39 0.029925
20 40 0.557193
20 41 0.286770
20 42 0.372722
20 43 0.896141
20 44 0.987073
20 45 0.999239
20 46 0.921048
20 47 0.071949
20 48 0.831064
20 49 0.803068
20 50 0.108547
20 51 0.984698
20 52 0.932960
20 53 0.969629
20 54 0.929503
20 55 0.781351
20 56 0.997433
20 57 0.610510
20 58 0.517913
20 59 0.096388
20 60 0.996152
20 61 0.210224
20 62 0.096388
20 63 0.998074
20 64 0.138922
20 65 0.999759
20 66 0.757621
20 67 0.991363
20 68 0.495294
20 69 0.121504
20 70 0.731785
20 71 0.517913
20 72 0.954792
20 73 0.644918
20 74 0.071949
20 75 0.996753
20 76 0.972958
20 77 0.517913
20 78 0.096388
20 79 0.999277
20 80 0.992319
20 81 0.071949
20 82 0.029925
20 83 0.979649
20 84 0.329464
20 85 0.929503
20 86 0.803068
20 87 0.626001
20 88 0.993170
20 89 0.901145
20 90 0.610510
20 91 0.310464
20 92 0.029925
20 93 0.719662
20 94 0.096388
20 95 0.644918
20 96 0.954792
20 97 0.911627
20 98 0.477022
20 99 0.883941
21 0 0.719662
21 1 0.138922
21 2 0.071949
21 3 0.982801
21 4 0.415919
21 5 0.096388
21 6 0.989772
21 7 0.029925
21 8 0.965899
21 9 0.991363
21 10 0.993170
21 11 0.848329
21 12 0.286770
21 13 0.982801
21 14 0.096388
21 15 0.659444
21 16 0.590401
21 17 0.644918
21 18 0.391878
21 19 0.172989
21 20 0.172989
21 21 0.000000
21 22 0.848329
21 23 0.227550
21 24 0.993515
21 25 0.848329
21 26 0.644918
21 27 0.096388
21 28 0.998716
21 29 0.659444
21 30 0.029925
21 31 0.757621
21 32 0.372722
21 33 0.987073
21 34 0.210224
21 35 0.096388
21 36 0.965899
21 37 0.757621
21 38 0.964107
21 39 0.981890
21 40 0.286770
21 41 0.988501
21 42 0.997113
21 43 0.855444
21 44 0.310464
21 45 0.995441
21 46 0.096388
21 47 0.990903
21 48 0.993170
21 49 0.987073
21 50 0.677128
21 51 0.310464
21 52 0.977135
21 53 0.071949
21 54 0.644918
21 55 0.870414
21 56 0.986386
21 57 0.994873
21 58 0.993170
21 59 0.969629
21 60 0.096388
21 61 0.998555
21 62 0.644918
21 63 0.096388
21 64 0.883941
21 65 0.959712
21 66 0.997834
21 67 0.029925
21 68 0.172989
21 69 0.978283
21 70 0.889496
21 71 0.883941
21 72 0.896141
21 73 0.977135
21 74 0.964107
21 75 0.940181
21 76 0.848329
21 77 0.975602
21 78 0.659444
21 79 0.901145
21 80 0.998288
21 81 0.998555
21 82 0.831064
21 83 0.138922
21 84 0.988501
21 85 0.983668
21 86 0.981890
21 87 0.082237
21 88 0.848329
21 89 0.992319
21 90 0.812062
21 91 0.896141
21 92 0.993926
21 93 0.969629
21 94 0.096388
21 95 0.310464
21 96 0.791203
21 97 0.998375
21 98 0.644918
21 99 0.029925
22 0 0.005177
22 1 0.998074
22 2 0.971149
22 3 0.071949
22 4 0.993170
22 5 0.690668
22 6 0.096388
22 7 0.310464
22 8 0.172989
22 9 0.051779
22 10 0.329464
22 11 0.964107
22 12 0.458502
22 13 0.999786
22 14 0.172989
22 15 0.415919
22 16 0.998074
22 17 0.990903
22 18 0.051779
22 19 0.997687
22 20 0.999714
22 21 0.848329
22 22 0.000000
22 23 0.172989
22 24 0.907126
22 25 0.965899
22 26 0.268234
22 27 0.746454
22 28 0.996753
22 29 0.517913
22 30 0.029925
22 31 0.781351
22 32 0.029925
22 33 0.977134
22 34 0.982801
22 35 0.029925
22 36 0.954792
22 37 0.138922
22 38 0.268234
22 39 0.980672
22 40 0.268234
22 41 0.870414
22 42 0.921048
22 43 0.172989
22 44 0.978283
22 45 0.268234
22 46 0.172989
22 47 0.831064
22 48 0.757621
22 49 0.997834
22 50 0.477022
22 51 0.477022
22 52 0.029925
22 53 0.975926
22 54 0.831064
22 55 0.268234
22 56 0.999695
22 57 0.096388
22 58 0.986386
22 59 0.921048
22 60 0.991363
22 61 0.757621
22 62 0.535509
22 63 0.029925
22 64 0.993170
22 65 0.517913
22 66 0.965898
22 67 0.268234
22 68 0.994234
22 69 0.626001
22 70 0.999759
22 71 0.029925
22 72 0.957037
22 73 0.517913
22 74 0.959712
22 75 0.746454
22 76 0.757621
22 77 0.458502
22 78 0.719662
22 79 0.957037
22 80 0.921048
22 81 0.812062
22 82 0.863976
22 83 0.999639
22 84 0.227550
22 85 0.998555
22 86 0.703771
22 87 0.822878
22 88 0.999086
22 89 0.108547
22 90 0.999572
22 91 0.997563
22 92 0.883941
22 93 0.946647
22 94 0.999797
22 95 0.029925
22 96 0.719662
22 97 0.310464
22 98 0.990289
22 99 0.210224
23 0 0.985469
23 1 0.932960
23 2 0.999864
23 3 0.644918
23 4 0.690668
23 5 0.999786
23 6 0.911627
23 7 0.172989
23 8 0.964107
23 9 0.434867
23 10 0.883941
23 11 0.731785
23 12 0.610510
23 13 0.986386
23 14 0.878126
23 15 0.096388
23 16 0.434867
23 17 0.329464
23 18 0.965899
23 19 0.940181
23 20 0.984698
23 21 0.227550
23 22 0.172989
23 23 0.000000
23 24 0.517913
23 25 0.210224
23 26 0.517913
23 27 0.993170
23 28 0.415919
23 29 0.998781
23 30 0.096388
23 31 0.535509
23 32 0.991910
23 33 0.071949
23 34 0.997718
23 35 0.949287
23 36 0.096388
23 37 0.690668
23 38 0.227550
23 39 0.329464
23 40 0.985469
23 41 0.993170
23 42 0.988501
23 43 0.227550
23 44 0.932960
23 45 0.876570
23 46 0.731785
23 47 0.991363
23 48 0.372722
23 49 0.863976
23 50 0.999864
23 51 0.812062
23 52 0.372722
23 53 0.982801
23 54 0.172989
23 55 0.969629
23 56 0.883941
23 57 0.268234
23 58 0.791203
23 59 0.969629
23 60 0.051779
23 61 0.978283
23 62 0.959712
23 63 0.911627
23 64 0.915921
23 65 0.310464
23 66 0.999187
23 67 0.979649
23 68 0.644918
23 69 0.911627
23 70 0.690668
23 71 0.051779
23 72 0.172989
23 73 0.573990
23 74 0.071949
23 75 0.999679
23 76 0.994234
23 77 0.870414
23 78 0.071949
23 79 0.517913
23 80 0.987726
23 81 0.989772
23 82 0.870414
23 83 0.969629
23 84 0.071949
23 85 0.994873
23 86 0.719662
23 87 0.946647
23 88 0.999429
23 89 0.848329
23 90 0.517913
23 91 0.995672
23 92 0.477022
23 93 0.517913
23 94 0.791202
23 95 0.994234
23 96 0.458502
23 97 0.999839
23 98 0.932960
23 99 0.659444
24 0 0.994234
24 1 0.959712
24 2 0.940181
24 3 0.831065
24 4 0.994234
24 5 0.644918
24 6 0.996152
24 7 0.999277
24 8 0.996579
24 9 0.907126
24 10 0.458502
24 11 0.172989
24 12 0.921048
24 13 0.329464
24 14 0.979649
24 15 0.911627
24 16 0.992319
24 17 0.901145
24 18 0.138922
24 19 0.029925
24 20 0.002681
24 21 0.993515
24 22 0.907126
24 23 0.517913
24 24 0.000000
24 25 0.988501
24 26 0.964107
24 27 0.998916
24 28 0.517913
24 29 0.996752
24 30 0.458502
24 31 0.980672
24 32 0.969629
24 33 0.189109
24 34 0.746454
24 35 0.993170
24 36 0.988501
24 37 0.998074
24 38 0.458502
24 39 0.883941
24 40 0.991363
24 41 0.911627
24 42 0.979649
24 43 0.998781
24 44 0.932960
24 45 0.517913
24 46 0.998858
24 47 0.996152
24 48 0.310464
24 49 0.803068
24 50 0.329464
24 51 0.969629
24 52 0.985469
24 53 0.096388
24 54 0.999187
24 55 0.731785
24 56 0.946647
24 57 0.517913
24 58 0.268234
24 59 0.989772
24 60 0.812062
24 61 0.029925
24 62 0.096388
24 63 0.029925
24 64 0.997113
24 65 0.659444
24 66 0.719662
24 67 0.949286
24 68 0.992319
24 69 0.992319
24 70 0.051779
24 71 0.348574
24 72 0.986386
24 73 0.999037
24 74 0.997433
24 75 0.974313
24 76 0.791203
24 77 0.138922
24 78 0.822878
24 79 0.791203
24 80 0.998074
24 81 0.746454
24 82 0.999085
24 83 0.964107
24 84 0.992319
24 85 0.610510
24 86 0.999358
24 87 0.415919
24 88 0.210224
24 89 0.415919
24 90 0.965899
24 91 0.353553
24 92 0.997113
24 93 0.172989
24 94 0.096388
24 95 0.995441
24 96 0.896141
24 97 0.959712
24 98 0.659444
24 99 0.071949
25 0 0.999144
25 1 0.557193
25 2 0.974313
25 3 0.029925
25 4 0.757621
25 5 0.896141
25 6 0.924902
25 7 0.005177
25 8 0.974313
25 9 0.513284
25 10 0.268234
25 11 0.372722
25 12 0.989772
25 13 0.981890
25 14 0.987073
25 15 0.348574
25 16 0.998716
25 17 0.172989
25 18 0.391878
25 19 0.415919
25 20 0.108547
25 21 0.848329
25 22 0.965899
25 23 0.210224
25 24 0.988501
25 25 0.000000
25 26 0.005177
25 27 0.719662
25 28 0.746454
25 29 0.994873
25 30 0.999955
25 31 0.005177
25 32 0.415919
25 33 0.993515
25 34 0.838911
25 35 0.969629
25 36 0.415919
25 37 0.268234
25 38 0.870414
25 39 0.803068
25 40 0.915920
25 41 0.434867
25 42 0.831064
25 43 0.985469
25 44 0.831064
25 45 0.029925
25 46 0.997433
25 47 0.997433
25 48 0.659444
25 49 0.310464
25 50 0.731785
25 51 0.988501
25 52 0.071949
25 53 0.019299
25 54 0.999980
25 55 0.517913
25 56 0.883941
25 57 0.997433
25 58 0.573990
25 59 0.921048
25 60 0.019299
25 61 0.998916
25 62 0.227550
25 63 0.993516
25 64 0.781351
25 65 0.998781
25 66 0.971149
25 67 0.458502
25 68 0.458502
25 69 0.896141
25 70 0.979649
25 71 0.005177
25 72 0.998074
25 73 0.911627
25 74 0.831064
25 75 0.310464
25 76 0.644918
25 77 0.610510
25 78 0.999614
25 79 0.999695
25 80 0.999839
25 81 0.964107
25 82 0.071949
25 83 0.929503
25 84 0.949286
25 85 0.959712
25 86 0.415919
25 87 0.996579
25 88 0.415919
25 89 0.870414
25 90 0.353553
25 91 0.096388
25 92 0.961718
25 93 0.557193
25 94 0.757621
25 95 0.690668
25 96 0.590401
25 97 0.731785
25 98 0.961718
25 99 0.227550
26 0 0.096388
26 1 0.999759
26 2 0.517913
26 3 0.268234
26 4 0.998074
26 5 0.719662
26 6 0.690668
26 7 0.946647
26 8 0.268234
26 9 0.855444
26 10 0.268234
26 11 0.812062
26 12 0.096388
26 13 0.999144
26 14 0.415919
26 15 0.372722
26 16 0.757621
26 17 0.946647
26 18 0.954792
26 19 0.731785
26 20 0.329464
26 21 0.644918
26 22 0.268234
26 23 0.517913
26 24 0.964107
26 25 0.005177
26 26 0.000000
26 27 0.986386
26 28 0.992319
26 29 0.999910
26 30 0.911627
26 31 0.994873
26 32 0.096388
26 33 0.557193
26 34 0.594604
26 35 0.096388
26 36 0.870414
26 37 0.029925
26 38 0.999619
26 39 0.268234
26 40 0.415919
26 41 0.993844
26 42 0.096388
26 43 0.677128
26 44 0.659444
26 45 0.659444
26 46 0.096388
26 47 0.980672
26 48 0.932960
26 49 0.997834
26 50 0.999819
26 51 0.096388
26 52 0.999979
26 53 0.557193
26 54 0.096388
26 55 0.969629
26 56 0.996152
26 57 0.310464
26 58 0.989772
26 59 0.921048
26 60 0.138922
26 61 0.029925
26 62 0.659444
26 63 0.997113
26 64 0.071949
26 65 0.994234
26 66 0.991363
26 67 0.943131
26 68 0.803068
26 69 0.035762
26 70 0.746454
26 71 0.985469
26 72 0.659444
26 73 0.883941
26 74 0.971149
26 75 0.979649
26 76 0.071949
26 77 0.986386
26 78 0.924902
26 79 0.071949
26 80 0.644918
26 81 0.997113
26 82 0.108547
26 83 0.959712
26 84 0.987073
26 85 0.610510
26 86 0.870414
26 87 0.974313
26 88 0.096388
26 89 0.977134
26 90 0.838911
26 91 0.954792
26 92 0.984698
26 93 0.781351
26 94 0.172989
26 95 0.896141
26 96 0.719662
26 97 0.610510
26 98 0.998074
26 99 0.517913
27 0 0.189109
27 1 0.863976
27 2 0.781351
27 3 0.998172
27 4 0.946647
27 5 0.029925
27 6 0.870414
27 7 0.108547
27 8 0.911627
27 9 0.071949
27 10 0.108547
27 11 0.972958
27 12 0.096388
27 13 0.268234
27 14 0.071949
27 15 0.372722
27 16 0.268234
27 17 0.992319
27 18 0.984698
27 19 0.954792
27 20 0.268234
27 21 0.096388
27 22 0.746454
27 23 0.993170
27 24 0.998916
27 25 0.719662
27 26 0.986386
27 27 0.000000
27 28 0.096388
27 29 0.029925
27 30 0.943131
27 31 0.901145
27 32 0.979649
27 33 0.883941
27 34 0.896141
27 35 0.969629
27 36 0.964107
27 37 0.172989
27 38 0.954792
27 39 0.138922
27 40 0.791203
27 41 0.096388
27 42 0.096388
27 43 0.610510
27 44 0.517913
27 45 0.921048
27 46 0.210224
27 47 0.138922
27 48 0.812062
27 49 0.719662
27 50 0.458502
27 51 0.998916
