0 0 0.000000
0 1 0.035762
0 2 0.060180
0 3 0.999657
0 4 0.655708
0 5 0.994452
0 6 0.999969
0 7 0.995614
0 8 0.975602
0 9 0.986898
0 10 0.997398
0 11 0.051779
0 12 0.281925
0 13 0.988345
0 14 0.999543
0 15 0.768376
0 16 0.998902
0 17 0.189109
0 18 0.945939
0 19 0.999878
0 20 0.999768
0 21 0.082237
0 22 0.434867
0 23 0.999942
0 24 0.999512
0 25 0.999971
0 26 0.029925
0 27 0.003622
0 28 0.996708
0 29 0.011782
0 30 0.035762
0 31 0.999997
0 32 0.991246
0 33 0.991246
0 34 0.999952
0 35 0.172989
0 36 0.998902
0 37 0.999986
0 38 0.415919
0 39 0.999543
0 40 0.998916
0 41 0.998265
0 42 0.982569
0 43 0.992215
0 44 0.870414
0 45 0.932077
0 46 0.920015
0 47 0.974313
0 48 0.999176
0 49 0.999994
0 50 0.876570
0 51 0.942379
0 52 0.386902
0 53 0.990780
0 54 0.973968
0 55 0.372722
0 56 0.999897
0 57 0.005177
0 58 0.999771
0 59 0.999919
0 60 0.995066
0 61 0.800669
0 62 0.999908
0 63 0.999691
0 64 0.992215
0 65 0.999807
0 66 0.051779
0 67 0.999996
0 68 0.999931
0 69 0.060180
0 70 0.999870
0 71 0.987073
0 72 0.996532
0 73 0.999132
0 74 0.754758
0 75 0.999566
0 76 0.999537
0 77 0.372722
0 78 0.071949
0 79 0.673535
0 80 0.987725
0 81 0.999995
0 82 0.999382
0 83 0.986202
0 84 0.996708
0 85 0.997222
0 86 0.986898
0 87 0.999999
0 88 0.988345
0 89 0.975602
0 90 0.434867
0 91 0.999923
0 92 0.976827
0 93 0.138922
0 94 0.999979
0 95 0.999904
0 96 0.996298
0 97 0.995836
0 98 0.998901
0 99 0.019299
1 0 0.035762
1 1 0.000000
1 2 0.996917
1 3 0.606413
1 4 0.999267
1 5 0.999959
1 6 0.996347
1 7 0.990289
1 8 0.948613
1 9 0.999725
1 10 0.932960
1 11 0.999991
1 12 0.999998
1 13 0.005177
1 14 0.227550
1 15 0.286770
1 16 0.999986
1 17 0.992609
1 18 0.948613
1 19 0.923918
1 20 0.999954
1 21 0.035762
1 22 0.999999
1 23 0.828969
1 24 0.999512
1 25 0.971149
1 26 0.999994
1 27 0.990780
1 28 0.023583
1 29 0.970761
1 30 0.005177
1 31 0.899866
1 32 0.005177
1 33 0.999588
1 34 0.999228
1 35 0.999928
1 36 0.999985
1 37 0.434867
1 38 0.990655
1 39 0.517913
1 40 0.998536
1 41 0.998764
1 42 0.999928
1 43 0.973967
1 44 0.410971
1 45 0.999305
1 46 0.005177
1 47 0.999946
1 48 0.999588
1 49 0.999999
1 50 0.999999
1 51 0.924902
1 52 0.959174
1 53 0.768376
1 54 0.999845
1 55 0.778725
1 56 0.082237
1 57 0.998536
1 58 0.939391
1 59 0.999072
1 60 0.011782
1 61 0.989493
1 62 0.999073
1 63 0.883941
1 64 0.995379
1 65 0.999990
1 66 0.093360
1 67 0.999807
1 68 0.999903
1 69 0.997074
1 70 0.005177
1 71 0.979374
1 72 0.999972
1 73 0.029925
1 74 0.082237
1 75 0.820692
1 76 0.517913
1 77 0.071949
1 78 0.997073
1 79 0.999884
1 80 0.029925
1 81 0.999886
1 82 0.610510
1 83 0.965441
1 84 0.495294
1 85 0.986202
1 86 0.999783
1 87 1.000000
1 88 0.227550
1 89 0.999691
1 90 0.019299
1 91 0.998353
1 92 0.996100
1 93 0.999913
1 94 0.002681
1 95 0.992109
1 96 0.928577
1 97 0.989082
1 98 0.838911
1 99 0.245316
2 0 0.060180
2 1 0.996917
2 2 0.000000
2 3 0.979374
2 4 0.999479
2 5 0.995614
2 6 0.035762
2 7 0.999884
2 8 0.973967
2 9 0.263461
2 10 0.999966
2 11 0.999982
2 12 0.977990
2 13 0.999998
2 14 0.999992
2 15 0.999349
2 16 0.904699
2 17 0.610510
2 18 0.999132
2 19 0.999451
2 20 0.138922
2 21 0.227550
2 22 0.968808
2 23 0.999996
2 24 0.999993
2 25 0.997804
2 26 0.060180
2 27 0.986898
2 28 0.999977
2 29 0.082237
2 30 0.999961
2 31 0.999984
2 32 0.051779
2 33 0.942378
2 34 0.999998
2 35 0.029925
2 36 0.997363
2 37 0.855444
2 38 0.153568
2 39 0.999908
2 40 0.138922
2 41 0.999268
2 42 0.991689
2 43 0.991800
2 44 0.998536
2 45 0.071949
2 46 0.051779
2 47 0.889496
2 48 0.348574
2 49 0.990157
2 50 0.999948
2 51 0.998971
2 52 0.999991
2 53 0.999024
2 54 0.999783
2 55 0.999983
2 56 1.000000
2 57 0.201407
2 58 0.029925
2 59 0.348574
2 60 0.999998
2 61 0.920015
2 62 0.029925
2 63 0.029925
2 64 0.981645
2 65 0.997687
2 66 0.999863
2 67 0.999969
2 68 0.999132
2 69 0.999451
2 70 0.051779
2 71 0.999897
2 72 0.984490
2 73 0.999986
2 74 0.999994
2 75 0.535509
2 76 0.969222
2 77 0.998048
2 78 1.000000
2 79 0.820692
2 80 0.982801
2 81 0.988345
2 82 0.172989
2 83 0.005177
2 84 0.951799
2 85 0.082237
2 86 0.329464
2 87 0.999771
2 88 0.011782
2 89 0.961718
2 90 0.961207
2 91 0.995613
2 92 0.996347
2 93 0.690668
2 94 0.029925
2 95 0.998902
2 96 1.000000
2 97 0.005177
2 98 0.999964
2 99 0.991689
3 0 0.999657
3 1 0.606413
3 2 0.979374
3 3 0.000000
3 4 0.993844
3 5 0.809759
3 6 0.999998
3 7 0.286770
3 8 0.005177
3 9 0.999998
3 10 0.268234
3 11 0.999931
3 12 0.121504
3 13 0.846427
3 14 0.985469
3 15 0.434867
3 16 0.988187
3 17 0.690668
3 18 0.999871
3 19 0.999995
3 20 0.999422
3 21 0.956464
3 22 0.019299
3 23 0.989082
3 24 0.860512
3 25 0.415919
3 26 0.535509
3 27 0.999826
3 28 0.999998
3 29 0.223001
3 30 0.939390
3 31 0.997804
3 32 0.798244
3 33 0.998971
3 34 0.979374
3 35 0.965441
3 36 0.999711
3 37 0.999817
3 38 0.994526
3 39 0.928576
3 40 0.999990
3 41 0.999963
3 42 0.153568
3 43 0.969222
3 44 0.227550
3 45 0.967602
3 46 0.999999
3 47 0.997805
3 48 0.820692
3 49 0.920015
3 50 0.905921
3 51 0.986202
3 52 0.991246
3 53 0.999991
3 54 0.990780
3 55 0.999826
3 56 0.448782
3 57 0.530966
3 58 0.997530
3 59 0.889496
3 60 0.108547
3 61 0.996100
3 62 0.659444
3 63 0.999999
3 64 0.999998
3 65 0.189109
3 66 0.983668
3 67 0.051779
3 68 0.071949
3 69 0.999711
3 70 0.071949
3 71 0.268234
3 72 0.996753
3 73 0.992215
3 74 0.970761
3 75 0.982801
3 76 0.993077
3 77 0.999863
3 78 0.999630
3 79 0.082237
3 80 0.324512
3 81 0.970761
3 82 0.121504
3 83 1.000000
3 84 0.005177
3 85 0.245316
3 86 0.348574
3 87 0.001279
3 88 0.997563
3 89 0.999277
3 90 0.029925
3 91 0.019299
3 92 0.874996
3 93 0.999939
3 94 0.924902
3 95 1.000000
3 96 0.996532
3 97 0.999990
3 98 0.963139
3 99 0.985272
4 0 0.655708
4 1 0.999267
4 2 0.999479
4 3 0.993844
4 4 0.000000
4 5 0.005177
4 6 0.029925
4 7 0.517913
4 8 0.051779
4 9 0.831064
4 10 0.989633
4 11 0.999954
4 12 0.997916
4 13 0.673535
4 14 0.889496
4 15 0.998610
4 16 0.029925
4 17 0.993077
4 18 0.997804
4 19 0.998971
4 20 0.999919
4 21 0.690668
4 22 0.999999
4 23 0.998265
4 24 0.999511
4 25 0.932077
4 26 0.999976
4 27 0.998147
4 28 0.994804
4 29 0.999218
4 30 0.999997
4 31 0.999652
4 32 0.999132
4 33 0.082237
4 34 0.993844
4 35 0.999891
4 36 0.700406
4 37 0.973967
4 38 0.060180
4 39 0.019299
4 40 0.999981
4 41 0.029925
4 42 0.910477
4 43 0.999983
4 44 0.999725
4 45 0.999804
4 46 0.999817
4 47 0.999382
4 48 0.999946
4 49 0.019299
4 50 0.999995
4 51 0.035762
4 52 0.731785
4 53 0.998764
4 54 0.082237
4 55 0.999674
4 56 0.986202
4 57 0.999855
4 58 0.998827
4 59 0.999855
4 60 0.023583
4 61 0.245316
4 62 0.876570
4 63 0.899866
4 64 0.999588
4 65 0.051779
4 66 0.999999
4 67 0.999871
4 68 0.998610
4 69 0.051779
4 70 0.006763
4 71 0.999691
4 72 0.999536
4 73 0.999983
4 74 0.870414
4 75 0.993844
4 76 0.535509
4 77 0.096388
4 78 0.071949
4 79 0.978283
4 80 0.121504
4 81 0.999783
4 82 0.999674
4 83 0.999614
4 84 0.268234
4 85 0.998764
4 86 0.993427
4 87 0.999999
4 88 0.029925
4 89 0.999305
4 90 0.998147
4 91 0.108547
4 92 0.994733
4 93 0.999985
4 94 0.138922
4 95 0.882454
4 96 0.367737
4 97 0.999996
4 98 0.972594
4 99 0.996532
5 0 0.994452
5 1 0.999959
5 2 0.995614
5 3 0.809759
5 4 0.005177
5 5 0.000000
5 6 0.994234
5 7 0.987725
5 8 1.000000
5 9 0.999993
5 10 0.999010
5 11 0.997398
5 12 0.923918
5 13 0.019299
5 14 0.011782
5 15 0.992216
5 16 0.977988
5 17 0.970761
5 18 0.071949
5 19 0.999969
5 20 0.791202
5 21 0.029925
5 22 0.079481
5 23 0.999986
5 24 0.984491
5 25 0.999936
5 26 0.975602
5 27 0.029925
5 28 0.573990
5 29 0.828969
5 30 0.992609
5 31 0.006763
5 32 0.999908
5 33 0.999989
5 34 0.999980
5 35 0.967602
5 36 0.999349
5 37 0.996485
5 38 0.838911
5 39 0.999228
5 40 0.998902
5 41 0.999614
5 42 0.121504
5 43 0.096388
5 44 0.980411
5 45 0.999512
5 46 0.989633
5 47 0.999382
5 48 0.999999
5 49 0.006763
5 50 0.172989
5 51 0.189109
5 52 0.948613
5 53 0.415919
5 54 0.994451
5 55 0.999512
5 56 0.976826
5 57 0.477022
5 58 0.996708
5 59 0.889496
5 60 0.999997
5 61 0.999973
5 62 0.029925
5 63 0.999794
5 64 0.882454
5 65 0.997073
5 66 0.996708
5 67 0.999536
5 68 0.999989
5 69 0.999966
5 70 0.998122
5 71 0.997073
5 72 0.028526
5 73 0.011782
5 74 0.999990
5 75 0.999268
5 76 0.138922
5 77 0.998536
5 78 0.172989
5 79 0.019299
5 80 0.005177
5 81 0.975273
5 82 0.999176
5 83 0.011782
5 84 0.996347
5 85 0.997944
5 86 0.189109
5 87 0.999268
5 88 0.999961
5 89 0.969222
5 90 0.999988
5 91 0.997363
5 92 0.999908
5 93 0.477022
5 94 0.108547
5 95 0.108547
5 96 0.999837
5 97 0.999977
5 98 0.991246
5 99 0.981645
6 0 0.999969
6 1 0.996347
6 2 0.035762
6 3 0.999998
6 4 0.029925
6 5 0.994234
6 6 0.000000
6 7 0.329464
6 8 0.999817
6 9 0.844503
6 10 0.029925
6 11 0.987725
6 12 0.999991
6 13 0.971149
6 14 0.996875
6 15 0.901145
6 16 0.942378
6 17 0.998048
6 18 0.992215
6 19 0.998265
6 20 0.999711
6 21 0.993843
6 22 0.108547
6 23 0.836903
6 24 0.999988
6 25 0.992215
6 26 0.928576
6 27 0.997916
6 28 0.828969
6 29 0.999711
6 30 0.997222
6 31 0.999634
6 32 0.051779
6 33 0.042353
6 34 0.035762
6 35 0.999997
6 36 0.998048
6 37 0.999998
6 38 0.985272
6 39 0.788678
6 40 0.999512
6 41 0.051779
6 42 0.999657
6 43 0.983668
6 44 0.999959
6 45 0.971149
6 46 1.000000
6 47 0.019299
6 48 0.999614
6 49 0.982569
6 50 0.035762
6 51 0.959712
6 52 0.999890
6 53 0.138922
6 54 0.990780
6 55 0.999560
6 56 0.889496
6 57 0.999928
6 58 0.990157
6 59 0.997398
6 60 0.999973
6 61 0.999878
6 62 1.000000
6 63 0.828969
6 64 0.223001
6 65 0.138922
6 66 0.372722
6 67 0.999768
6 68 0.999993
6 69 0.999988
6 70 0.983447
6 71 0.999870
6 72 0.998698
6 73 0.993427
6 74 0.035762
6 75 0.997804
6 76 0.029925
6 77 0.018287
6 78 0.999959
6 79 0.999884
6 80 0.343597
6 81 0.999998
6 82 0.993516
6 83 0.999817
6 84 0.700404
6 85 0.029925
6 86 0.138922
6 87 0.005177
6 88 0.999928
6 89 0.029925
6 90 0.998457
6 91 0.928576
6 92 0.954189
6 93 0.995066
6 94 0.999176
6 95 0.999878
6 96 0.989633
6 97 0.999382
6 98 0.998827
6 99 0.999176
7 0 0.995614
7 1 0.990289
7 2 0.999884
7 3 0.286770
7 4 0.517913
7 5 0.987725
7 6 0.329464
7 7 0.000000
7 8 0.029925
7 9 0.967602
7 10 0.862254
7 11 0.768376
7 12 0.961718
7 13 0.999999
7 14 0.969222
7 15 0.999977
7 16 0.999512
7 17 0.051779
7 18 0.988345
7 19 0.999756
7 20 0.915921
7 21 0.029925
7 22 0.967602
7 23 0.434867
7 24 0.999997
7 25 0.005177
7 26 0.999969
7 27 0.286770
7 28 0.019299
7 29 0.019299
7 30 0.999968
7 31 0.995316
7 32 0.002681
7 33 0.029925
7 34 0.999725
7 35 0.687190
7 36 0.998901
7 37 0.998172
7 38 0.029925
7 39 0.836903
7 40 0.979374
7 41 0.999974
7 42 0.172989
7 43 0.305549
7 44 0.999999
7 45 0.105307
7 46 0.997916
7 47 0.348574
7 48 0.999725
7 49 0.391878
7 50 0.268234
7 51 0.984491
7 52 0.990780
7 53 0.999259
7 54 0.992215
7 55 0.011782
7 56 0.999913
7 57 0.029925
7 58 0.005177
7 59 0.051779
7 60 0.995554
7 61 0.138922
7 62 0.998610
7 63 0.999991
7 64 0.999939
7 65 0.268234
7 66 0.999991
7 67 0.245316
7 68 0.999904
7 69 0.998764
7 70 0.996240
7 71 0.011782
7 72 0.999909
7 73 0.988345
7 74 0.972594
7 75 0.999995
7 76 0.999268
7 77 0.999999
7 78 0.029925
7 79 0.997804
7 80 0.994803
7 81 0.985272
7 82 0.999983
7 83 0.948613
7 84 0.995379
7 85 0.999794
7 86 0.999609
7 87 0.999884
7 88 0.029925
7 89 0.999993
7 90 0.071949
7 91 0.999807
7 92 0.809757
7 93 0.999228
7 94 0.998901
7 95 0.999218
7 96 0.135231
7 97 0.999674
7 98 0.999024
7 99 0.999985
8 0 0.975602
8 1 0.948613
8 2 0.973967
8 3 0.005177
8 4 0.051779
8 5 1.000000
8 6 0.999817
8 7 0.029925
8 8 0.000000
8 9 0.286770
8 10 0.820692
8 11 0.999588
8 12 0.051779
8 13 0.999886
8 14 0.999024
8 15 0.979374
8 16 0.999985
8 17 0.972594
8 18 0.986898
8 19 0.719662
8 20 0.999942
8 21 0.999991
8 22 0.019299
8 23 0.993844
8 24 0.990157
8 25 0.999973
8 26 0.967602
8 27 0.998048
8 28 0.029925
8 29 0.910478
8 30 0.993844
8 31 0.069412
8 32 0.995379
8 33 0.993760
8 34 0.999999
8 35 0.874996
8 36 0.999999
8 37 0.973968
8 38 0.996532
8 39 0.172989
8 40 0.999948
8 41 0.975602
8 42 0.005177
8 43 0.999980
8 44 0.035762
8 45 0.998629
8 46 0.932960
8 47 1.000000
8 48 0.029925
8 49 0.998172
8 50 0.999878
8 51 0.690668
8 52 0.838911
8 53 0.999999
8 54 0.999954
8 55 0.093360
8 56 0.975602
8 57 1.000000
8 58 1.000000
8 59 0.765619
8 60 0.965899
8 61 0.996100
8 62 0.855444
8 63 0.999024
8 64 0.988934
8 65 0.999919
8 66 0.986898
8 67 1.000000
8 68 0.999837
8 69 0.781351
8 70 0.971149
8 71 0.979374
8 72 0.998971
8 73 0.490571
8 74 0.999928
8 75 0.472230
8 76 0.999120
8 77 0.051779
8 78 0.728674
8 79 0.999981
8 80 0.999919
8 81 0.992708
8 82 0.943131
8 83 0.999855
8 84 0.005177
8 85 0.997398
8 86 0.998971
8 87 0.999817
8 88 0.994803
8 89 0.992983
8 90 0.989082
8 91 0.994451
8 92 0.999995
8 93 0.659444
8 94 0.700406
8 95 0.980411
8 96 0.999989
8 97 0.268234
8 98 0.983447
8 99 0.687189
9 0 0.986898
9 1 0.999725
9 2 0.263461
9 3 0.999998
9 4 0.831064
9 5 0.999993
9 6 0.844503
9 7 0.967602
9 8 0.286770
9 9 0.000000
9 10 0.998957
9 11 0.949286
9 12 0.951158
9 13 0.673535
9 14 0.972594
9 15 0.954189
9 16 0.809758
9 17 0.997944
9 18 0.999997
9 19 0.552765
9 20 0.999931
9 21 0.999891
9 22 0.011782
9 23 0.970761
9 24 0.999987
9 25 0.530965
9 26 0.986015
9 27 0.071949
9 28 0.999566
9 29 0.997944
9 30 0.999946
9 31 0.990780
9 32 0.999928
9 33 0.999588
9 34 0.998457
9 35 0.999652
9 36 0.121504
9 37 0.071949
9 38 0.999870
9 39 0.970761
9 40 0.227550
9 41 0.071949
9 42 0.999923
9 43 0.999923
9 44 0.991246
9 45 0.011782
9 46 0.999691
9 47 1.000000
9 48 0.659444
9 49 0.820692
9 50 0.227550
9 51 0.997530
9 52 0.000556
9 53 0.999969
9 54 0.305550
9 55 0.690668
9 56 0.754757
9 57 0.996298
9 58 0.003622
9 59 0.999421
9 60 0.999305
9 61 0.071949
9 62 0.982801
9 63 0.999986
9 64 0.998698
9 65 0.999971
9 66 0.963627
9 67 0.999978
9 68 0.838911
9 69 0.005177
9 70 0.263461
9 71 0.999536
9 72 0.999634
9 73 0.882454
9 74 0.999176
9 75 0.999512
9 76 0.986202
9 77 0.973967
9 78 0.999997
9 79 0.999986
9 80 0.035762
9 81 0.951799
9 82 0.948613
9 83 0.862254
9 84 0.005177
9 85 0.108547
9 86 0.999999
9 87 0.996708
9 88 0.997530
9 89 0.788678
9 90 0.999959
9 91 0.019299
9 92 0.992215
9 93 0.172989
9 94 0.999985
9 95 1.000000
9 96 0.768376
9 97 0.993077
9 98 0.227550
9 99 0.999897
10 0 0.997398
10 1 0.932960
10 2 0.999966
10 3 0.268234
10 4 0.989633
10 5 0.999010
10 6 0.029925
10 7 0.862254
10 8 0.820692
10 9 0.998957
10 10 0.000000
10 11 0.029925
10 12 0.998265
10 13 0.997222
10 14 0.997530
10 15 0.051779
10 16 0.999451
10 17 0.999891
10 18 0.999908
10 19 0.978283
10 20 0.164848
10 21 0.999871
10 22 0.992215
10 23 0.999783
10 24 0.928576
10 25 0.992708
10 26 0.011782
10 27 0.573990
10 28 0.999862
10 29 0.051779
10 30 0.310464
10 31 0.791203
10 32 0.999908
10 33 0.029925
10 34 0.969221
10 35 0.008716
10 36 0.862254
10 37 0.005177
10 38 0.999991
10 39 0.998843
10 40 0.999994
10 41 0.924902
10 42 0.999923
10 43 1.000000
10 44 0.961207
10 45 0.899866
10 46 0.993427
10 47 0.998901
10 48 0.029925
10 49 0.329464
10 50 0.029925
10 51 0.987559
10 52 0.768376
10 53 0.999634
10 54 0.999176
10 55 0.999349
10 56 0.999691
10 57 0.999837
10 58 0.005177
10 59 0.991246
10 60 0.999909
10 61 0.999897
10 62 0.999908
10 63 0.999956
10 64 0.976826
10 65 0.876570
10 66 0.998698
10 67 0.994452
10 68 0.999919
10 69 0.434867
10 70 0.477022
10 71 0.993427
10 72 0.998781
10 73 0.138922
10 74 0.993077
10 75 0.949286
10 76 0.995836
10 77 0.999588
10 78 0.700406
10 79 0.998764
10 80 0.999756
10 81 0.988345
10 82 0.999985
10 83 0.757621
10 84 0.184861
10 85 0.997687
10 86 1.000000
10 87 0.939390
10 88 0.999675
10 89 0.999984
10 90 0.999994
10 91 0.993844
10 92 0.029925
10 93 0.999977
10 94 0.995066
10 95 0.999989
10 96 0.999964
10 97 0.838911
10 98 0.998265
10 99 0.999794
11 0 0.051779
11 1 0.999991
11 2 0.999982
11 3 0.999931
11 4 0.999954
11 5 0.997398
11 6 0.987725
11 7 0.768376
11 8 0.999588
11 9 0.949286
11 10 0.029925
11 11 0.000000
11 12 0.999382
11 13 0.367737
11 14 0.999974
11 15 0.138922
11 16 0.999807
11 17 0.997259
11 18 0.894801
11 19 0.019299
11 20 0.999177
11 21 0.989633
11 22 0.999975
11 23 0.999588
11 24 0.268234
11 25 0.743482
11 26 0.999588
11 27 0.999863
11 28 0.999768
11 29 0.980411
11 30 0.998610
11 31 0.989633
11 32 0.060180
11 33 0.108547
11 34 0.153568
11 35 0.999349
11 36 0.995892
11 37 0.980411
11 38 0.809759
11 39 0.999878
11 40 0.989633
11 41 0.998536
11 42 0.999990
11 43 0.999855
11 44 0.999892
11 45 0.778725
11 46 0.245316
11 47 0.992983
11 48 0.051779
11 49 0.999918
11 50 0.991246
11 51 0.569659
11 52 0.999969
11 53 0.189109
11 54 0.999739
11 55 0.060180
11 56 0.987725
11 57 0.980672
11 58 0.984491
11 59 0.999024
11 60 0.517913
11 61 0.997944
11 62 0.998698
11 63 0.999780
11 64 0.997073
11 65 0.939390
11 66 0.951799
11 67 0.991246
11 68 0.071949
11 69 0.138922
11 70 0.999995
11 71 0.999566
11 72 0.999458
11 73 0.999896
11 74 0.993077
11 75 0.993844
11 76 0.415919
11 77 1.000000
11 78 0.996047
11 79 0.999725
11 80 0.951799
11 81 0.924902
11 82 0.999996
11 83 0.999995
11 84 0.999996
11 85 0.951157
11 86 0.791202
11 87 0.029925
11 88 0.573990
11 89 0.060180
11 90 0.999923
11 91 0.985272
11 92 0.999976
11 93 0.924902
11 94 0.205798
11 95 0.096388
11 96 0.905921
11 97 0.999914
11 98 0.994156
11 99 0.999614
12 0 0.281925
12 1 0.999998
12 2 0.977990
12 3 0.121504
12 4 0.997916
12 5 0.923918
12 6 0.999991
12 7 0.961718
12 8 0.051779
12 9 0.951158
12 10 0.998265
12 11 0.999382
12 12 0.000000
12 13 0.999783
12 14 0.029925
12 15 0.716439
12 16 0.673535
12 17 0.991689
12 18 0.019299
12 19 0.071949
12 20 0.998764
12 21 0.894801
12 22 0.517913
12 23 0.641070
12 24 0.989634
12 25 0.999986
12 26 0.310464
12 27 0.005177
12 28 0.000372
12 29 0.324511
12 30 0.992609
12 31 0.998048
12 32 0.945939
12 33 0.999982
12 34 0.999756
12 35 0.071949
12 36 0.530966
12 37 0.914824
12 38 0.994803
12 39 0.051779
12 40 0.153568
12 41 0.999863
12 42 0.997530
12 43 0.999268
12 44 0.999913
12 45 0.029925
12 46 0.051779
12 47 0.980411
12 48 0.011782
12 49 0.999382
12 50 0.999743
12 51 0.998048
12 52 0.894801
12 53 0.994732
12 54 0.882454
12 55 0.905921
12 56 0.268234
12 57 0.051779
12 58 0.853624
12 59 0.997398
12 60 0.999878
12 61 0.082237
12 62 0.999024
12 63 0.998265
12 64 0.997259
12 65 0.995613
12 66 0.019299
12 67 0.999390
12 68 0.071949
12 69 0.943131
12 70 0.924902
12 71 0.981645
12 72 0.999939
12 73 0.997687
12 74 1.000000
12 75 0.999954
12 76 0.035762
12 77 0.910477
12 78 0.999973
12 79 0.999991
12 80 0.999936
12 81 0.939390
12 82 0.606413
12 83 0.983668
12 84 0.989634
12 85 0.999349
12 86 0.731785
12 87 0.029925
12 88 0.831064
12 89 0.993760
12 90 0.935412
12 91 0.999997
12 92 0.999908
12 93 0.051779
12 94 1.000000
12 95 0.994234
12 96 0.996152
12 97 0.983668
12 98 0.997804
12 99 0.990157
13 0 0.988345
13 1 0.005177
13 2 0.999998
13 3 0.846427
13 4 0.673535
13 5 0.019299
13 6 0.971149
13 7 0.999999
13 8 0.999886
13 9 0.673535
13 10 0.997222
13 11 0.367737
13 12 0.999783
13 13 0.000000
13 14 0.673535
13 15 0.513285
13 16 0.996100
13 17 0.999969
13 18 0.999228
13 19 0.453650
13 20 0.932077
13 21 0.987560
13 22 0.999998
13 23 0.999228
13 24 0.862254
13 25 0.993844
13 26 0.999985
13 27 0.812062
13 28 0.023583
13 29 0.001794
13 30 0.999977
13 31 0.626001
13 32 0.391878
13 33 0.082237
13 34 0.990157
13 35 0.998698
13 36 0.999132
13 37 0.135231
13 38 0.367737
13 39 0.999987
13 40 0.999904
13 41 0.495294
13 42 0.999024
13 43 0.999826
13 44 0.996875
13 45 0.999268
13 46 0.986202
13 47 0.477022
13 48 0.984490
13 49 0.687190
13 50 0.453650
13 51 0.979374
13 52 1.000000
13 53 0.028526
13 54 0.573990
13 55 0.999258
13 56 0.800669
13 57 0.997259
13 58 0.590401
13 59 0.999218
13 60 0.002681
13 61 0.999675
13 62 0.999997
13 63 0.172989
13 64 0.943131
13 65 0.999566
13 66 0.569659
13 67 0.961718
13 68 0.997073
13 69 0.999942
13 70 0.263461
13 71 0.998887
13 72 0.060180
13 73 0.999994
13 74 0.984490
13 75 1.000000
13 76 0.957037
13 77 0.996917
13 78 0.998048
13 79 0.999988
13 80 0.372722
13 81 0.999878
13 82 0.963627
13 83 0.655710
13 84 0.999657
13 85 0.932077
13 86 0.983447
13 87 0.945223
13 88 0.999878
13 89 0.999978
13 90 0.999993
13 91 0.999674
13 92 0.993427
13 93 0.924902
13 94 0.957037
13 95 0.995379
13 96 0.999986
13 97 0.999743
13 98 0.994526
13 99 0.286770
14 0 0.999543
14 1 0.227550
14 2 0.999992
14 3 0.985469
14 4 0.889496
14 5 0.011782
14 6 0.996875
14 7 0.969222
14 8 0.999024
14 9 0.972594
14 10 0.997530
14 11 0.999974
14 12 0.029925
14 13 0.673535
14 14 0.000000
14 15 0.082237
14 16 0.788679
14 17 0.998902
14 18 0.768376
14 19 0.999863
14 20 0.996533
14 21 0.268234
14 22 0.957037
14 23 0.998457
14 24 0.999977
14 25 0.999908
14 26 0.969221
14 27 0.019299
14 28 0.992609
14 29 0.985469
14 30 0.005177
14 31 0.985273
14 32 0.998265
14 33 0.939390
14 34 0.989493
14 35 1.000000
14 36 0.996917
14 37 0.999566
14 38 0.998764
14 39 0.984490
14 40 0.227550
14 41 0.019299
14 42 0.552765
14 43 0.999871
14 44 0.029925
14 45 0.172989
14 46 0.998048
14 47 0.121504
14 48 0.999268
14 49 0.999986
14 50 0.999980
14 51 0.831064
14 52 0.673535
14 53 0.989633
14 54 0.999349
14 55 0.189109
14 56 0.991246
14 57 0.999946
14 58 0.477022
14 59 0.987559
14 60 0.999966
14 61 0.513285
14 62 0.135231
14 63 0.999862
14 64 0.005177
14 65 0.172989
14 66 0.029925
14 67 0.996532
14 68 0.999988
14 69 0.998629
14 70 0.999756
14 71 0.051779
14 72 0.999609
14 73 0.172989
14 74 0.910477
14 75 0.998147
14 76 0.984491
14 77 0.029925
14 78 0.019299
14 79 0.999964
14 80 0.999964
14 81 0.818487
14 82 0.324511
14 83 0.998436
14 84 0.988934
14 85 0.999999
14 86 0.977990
14 87 0.999707
14 88 0.999990
14 89 0.610510
14 90 0.999978
14 91 0.410971
14 92 0.999614
14 93 0.999512
14 94 0.954190
14 95 0.997916
14 96 0.997398
14 97 0.990780
14 98 0.980411
14 99 0.997804
15 0 0.768376
15 1 0.286770
15 2 0.999349
15 3 0.434867
15 4 0.998610
15 5 0.992216
15 6 0.901145
15 7 0.999977
15 8 0.979374
15 9 0.954189
15 10 0.051779
15 11 0.138922
15 12 0.716439
15 13 0.513285
15 14 0.082237
15 15 0.000000
15 16 0.716439
15 17 0.019299
15 18 1.000000
15 19 0.999931
15 20 0.051779
15 21 0.028526
15 22 0.965441
15 23 0.005177
15 24 0.999451
15 25 0.991689
15 26 0.963627
15 27 0.991800
15 28 0.996298
15 29 0.996486
15 30 0.108547
15 31 0.996708
15 32 0.979374
15 33 0.268234
15 34 0.138922
15 35 0.286770
15 36 0.999999
15 37 0.023583
15 38 0.324511
15 39 0.969222
15 40 0.915921
15 41 0.975602
15 42 0.998147
15 43 0.979096
15 44 0.999961
15 45 0.138922
15 46 0.999176
15 47 0.029925
15 48 0.999931
15 49 0.828969
15 50 0.019299
15 51 0.846427
15 52 0.954189
15 53 0.999995
15 54 0.998536
15 55 0.019299
15 56 0.998536
15 57 0.951799
15 58 0.999998
15 59 0.999994
15 60 0.372722
15 61 0.986898
15 62 0.019299
15 63 0.788679
15 64 0.999993
15 65 0.082237
15 66 0.168897
15 67 0.996917
15 68 0.999783
15 69 0.999985
15 70 0.999588
15 71 0.999919
15 72 0.108547
15 73 0.999995
15 74 0.997944
15 75 0.979374
15 76 0.019299
15 77 1.000000
15 78 0.029925
15 79 0.997916
15 80 0.905920
15 81 0.969629
15 82 0.981397
15 83 0.434867
15 84 0.993427
15 85 0.999743
15 86 0.999674
15 87 0.999826
15 88 0.999268
15 89 0.051779
15 90 0.932077
15 91 0.138922
15 92 1.000000
15 93 0.882454
15 94 0.227550
15 95 0.999982
15 96 0.999994
15 97 0.281925
15 98 0.998147
15 99 0.920015
16 0 0.998902
16 1 0.999986
16 2 0.904699
16 3 0.988187
16 4 0.029925
16 5 0.977988
16 6 0.942378
16 7 0.999512
16 8 0.999985
16 9 0.809758
16 10 0.999451
16 11 0.999807
16 12 0.673535
16 13 0.996100
16 14 0.788679
16 15 0.716439
16 16 0.000000
16 17 0.999995
16 18 0.286770
16 19 0.673536
16 20 0.991690
16 21 0.995613
16 22 0.999845
16 23 0.569659
16 24 0.999939
16 25 0.998353
16 26 0.716439
16 27 0.434867
16 28 0.029925
16 29 0.999349
16 30 0.942378
16 31 0.957037
16 32 0.035762
16 33 0.996298
16 34 0.961718
16 35 0.993760
16 36 0.999828
16 37 0.999966
16 38 0.305549
16 39 0.998957
16 40 0.999878
16 41 0.999999
16 42 0.998048
16 43 0.989493
16 44 0.882454
16 45 0.969222
16 46 0.035762
16 47 0.980411
16 48 1.000000
16 49 0.673535
16 50 0.997259
16 51 0.029925
16 52 0.989082
16 53 0.999512
16 54 0.477022
16 55 0.071949
16 56 0.997073
16 57 0.954189
16 58 0.999421
16 59 0.999909
16 60 0.019299
16 61 0.967602
16 62 0.998457
16 63 0.348574
16 64 0.019299
16 65 0.997259
16 66 0.985272
16 67 0.986898
16 68 0.535509
16 69 0.999711
16 70 0.988345
16 71 0.999674
16 72 0.002681
16 73 0.999931
16 74 0.153568
16 75 0.911627
16 76 0.410971
16 77 0.999979
16 78 1.000000
16 79 0.434867
16 80 0.121504
16 81 0.997804
16 82 0.071949
16 83 0.690668
16 84 0.999989
16 85 0.999987
16 86 0.999743
16 87 0.791203
16 88 0.999817
16 89 0.999863
16 90 0.590401
16 91 0.998536
16 92 1.000000
16 93 0.999984
16 94 0.348574
16 95 0.973967
16 96 0.205798
16 97 0.517913
16 98 0.999674
16 99 0.999998
17 0 0.189109
17 1 0.992609
17 2 0.610510
17 3 0.690668
17 4 0.993077
17 5 0.970761
17 6 0.998048
17 7 0.051779
17 8 0.972594
17 9 0.997944
17 10 0.999891
17 11 0.997259
17 12 0.991689
17 13 0.999969
17 14 0.998902
17 15 0.019299
17 16 0.999995
17 17 0.000000
17 18 0.973967
17 19 0.998901
17 20 0.998457
17 21 0.999390
17 22 0.999512
17 23 0.286770
17 24 0.990157
17 25 0.051779
17 26 0.992215
17 27 0.997073
17 28 0.901145
17 29 0.999995
17 30 0.889496
17 31 0.995613
17 32 0.999695
17 33 0.999988
17 34 0.530967
17 35 0.659444
17 36 0.997687
17 37 0.957037
17 38 0.988345
17 39 0.996752
17 40 0.995892
17 41 0.999995
17 42 0.994526
17 43 0.453650
17 44 0.999485
17 45 0.108547
17 46 0.014763
17 47 0.999982
17 48 0.227550
17 49 0.882454
17 50 0.999878
17 51 1.000000
17 52 0.914824
17 53 0.999884
17 54 0.809759
17 55 0.060180
17 56 0.690668
17 57 0.268234
17 58 0.995133
17 59 0.868768
17 60 0.969221
17 61 0.999739
17 62 0.011782
17 63 0.979649
17 64 1.000000
17 65 0.019299
17 66 0.998843
17 67 0.999268
17 68 0.996100
17 69 0.245316
17 70 0.999086
17 71 0.998265
17 72 0.997530
17 73 0.965441
17 74 0.951799
17 75 0.999914
17 76 0.999961
17 77 0.028526
17 78 1.000000
17 79 0.992215
17 80 0.999987
17 81 0.998629
17 82 0.999948
17 83 0.029925
17 84 0.949286
17 85 0.984490
17 86 0.977134
17 87 0.999120
17 88 0.999863
17 89 0.889496
17 90 0.999997
17 91 1.000000
17 92 0.513284
17 93 0.999991
17 94 0.999794
17 95 0.993844
17 96 0.999999
17 97 0.948613
17 98 0.981645
17 99 0.997222
18 0 0.945939
18 1 0.948613
18 2 0.999132
18 3 0.999871
18 4 0.997804
18 5 0.071949
18 6 0.992215
18 7 0.988345
18 8 0.986898
18 9 0.999997
18 10 0.999908
18 11 0.894801
18 12 0.019299
18 13 0.999228
18 14 0.768376
18 15 1.000000
18 16 0.286770
18 17 0.973967
18 18 0.000000
18 19 0.963627
18 20 0.999942
18 21 0.965441
18 22 0.011782
18 23 0.999566
18 24 0.051779
18 25 0.042353
18 26 0.990654
18 27 0.999634
18 28 0.995614
18 29 0.997398
18 30 0.673535
18 31 0.983222
18 32 0.988934
18 33 0.999994
18 34 0.999996
18 35 0.999936
18 36 0.820692
18 37 0.035762
18 38 0.998048
18 39 0.999954
18 40 0.991800
18 41 0.965442
18 42 0.998457
18 43 0.673535
18 44 0.996917
18 45 0.997222
18 46 0.348574
18 47 0.862254
18 48 0.998698
18 49 0.227550
18 50 0.999948
18 51 0.999863
18 52 0.011782
18 53 0.999707
18 54 0.989082
18 55 0.999794
18 56 0.999132
18 57 0.990780
18 58 0.994526
18 59 0.812062
18 60 0.951798
18 61 0.995614
18 62 0.743482
18 63 0.108547
18 64 0.994156
18 65 0.999505
18 66 0.019299
18 67 0.999913
18 68 0.998457
18 69 0.998902
18 70 0.998457
18 71 0.644918
18 72 0.286770
18 73 0.535509
18 74 0.999739
18 75 0.005177
18 76 0.999991
18 77 0.999870
18 78 0.996753
18 79 0.994803
18 80 0.991800
18 81 0.998971
18 82 0.995379
18 83 0.989633
18 84 0.998457
18 85 0.989633
18 86 0.998536
18 87 0.986898
18 88 0.986898
18 89 0.999957
18 90 0.997398
18 91 0.987725
18 92 0.997073
18 93 0.965441
18 94 0.936253
18 95 0.754757
18 96 0.997804
18 97 0.029925
18 98 0.011782
18 99 0.999711
19 0 0.999878
19 1 0.923918
19 2 0.999451
19 3 0.999995
19 4 0.998971
19 5 0.999969
19 6 0.998265
19 7 0.999756
19 8 0.719662
19 9 0.552765
19 10 0.978283
19 11 0.019299
19 12 0.071949
19 13 0.453650
19 14 0.999863
19 15 0.999931
19 16 0.673536
19 17 0.998901
19 18 0.963627
19 19 0.000000
19 20 0.982569
19 21 0.951799
19 22 0.999938
19 23 0.999904
19 24 0.005177
19 25 0.108547
19 26 0.995836
19 27 0.999995
19 28 0.800669
19 29 0.920015
19 30 0.993427
19 31 0.928576
19 32 0.996709
19 33 0.999990
19 34 0.999756
19 35 0.983447
19 36 0.932077
19 37 0.999914
19 38 0.535509
19 39 0.029925
19 40 0.828969
19 41 0.982569
19 42 0.980412
19 43 0.999634
19 44 0.995836
19 45 0.728675
19 46 0.999132
19 47 0.971149
19 48 0.372722
19 49 0.757621
19 50 0.731785
19 51 0.904698
19 52 0.071949
19 53 0.995836
19 54 0.998902
19 55 0.082237
19 56 0.997804
19 57 0.005177
19 58 0.999837
19 59 0.999931
19 60 0.972225
19 61 0.999986
19 62 0.935412
19 63 0.951798
19 64 0.999928
19 65 0.998353
19 66 0.999756
19 67 0.999228
19 68 0.108547
19 69 0.999485
19 70 0.979374
19 71 0.051779
19 72 0.989633
19 73 0.051779
19 74 0.992708
19 75 0.082237
19 76 0.051779
19 77 0.999756
19 78 0.999073
19 79 0.923918
19 80 0.999536
19 81 0.990157
19 82 0.988345
19 83 0.998536
19 84 0.999966
19 85 0.999807
19 86 0.029925
19 87 0.644918
19 88 0.999634
19 89 0.994451
19 90 0.987725
19 91 0.942378
19 92 0.999794
19 93 0.987559
19 94 0.999923
19 95 0.999998
19 96 0.610510
19 97 0.999999
19 98 0.138922
19 99 0.998436
20 0 0.999768
20 1 0.999954
20 2 0.138922
20 3 0.999422
20 4 0.999919
20 5 0.791202
20 6 0.999711
20 7 0.915921
20 8 0.999942
20 9 0.999931
20 10 0.164848
20 11 0.999177
20 12 0.998764
20 13 0.932077
20 14 0.996533
20 15 0.051779
20 16 0.991690
20 17 0.998457
20 18 0.999942
20 19 0.982569
20 20 0.000000
20 21 0.999756
20 22 1.000000
20 23 0.999817
20 24 0.002681
20 25 0.673535
20 26 0.995892
20 27 0.477022
20 28 0.999023
20 29 0.019299
20 30 0.999931
20 31 0.245316
20 32 0.975602
20 33 0.999988
20 34 0.673535
20 35 0.071949
20 36 0.969221
20 37 0.996347
20 38 0.999999
20 39 0.268234
20 40 0.791203
20 41 0.453650
20 42 0.703771
20 43 0.999939
20 44 0.999974
20 45 0.999966
20 46 0.999073
20 47 0.189109
20 48 0.993077
20 49 0.999807
20 50 0.035762
20 51 0.999979
20 52 0.992215
20 53 0.914824
20 54 0.996708
20 55 0.998265
20 56 0.999999
20 57 0.997804
20 58 0.513285
20 59 0.071949
20 60 0.998610
20 61 0.573990
20 62 0.019299
20 63 0.999897
20 64 0.372722
20 65 0.999969
20 66 0.997804
20 67 0.999952
20 68 0.800669
20 69 0.121504
20 70 0.028526
20 71 0.659444
20 72 0.034173
20 73 0.949286
20 74 0.071949
20 75 0.999998
20 76 0.999990
20 77 0.991800
20 78 0.071949
20 79 0.999966
20 80 0.993077
20 81 0.019299
20 82 0.029925
20 83 0.995613
20 84 0.994155
20 85 0.971149
20 86 0.971149
20 87 0.999923
20 88 1.000000
20 89 0.999996
20 90 0.703771
20 91 0.227550
20 92 0.071949
20 93 0.990780
20 94 0.005177
20 95 0.996100
20 96 0.995836
20 97 0.998436
20 98 0.060180
20 99 0.820692
21 0 0.082237
21 1 0.035762
21 2 0.227550
21 3 0.956464
21 4 0.690668
21 5 0.029925
21 6 0.993843
21 7 0.029925
21 8 0.999991
21 9 0.999891
21 10 0.999871
21 11 0.989633
21 12 0.894801
21 13 0.987560
21 14 0.268234
21 15 0.028526
21 16 0.995613
21 17 0.999390
21 18 0.965441
21 19 0.951799
21 20 0.999756
21 21 0.000000
21 22 0.028526
21 23 0.949286
21 24 0.999845
21 25 0.993077
21 26 0.778725
21 27 0.029925
21 28 0.999995
21 29 0.205798
21 30 0.005177
21 31 0.998536
21 32 0.972594
21 33 0.981397
21 34 0.391878
21 35 0.029925
21 36 0.994155
21 37 0.976826
21 38 0.993077
21 39 0.687190
21 40 0.993077
21 41 0.998353
21 42 0.999923
21 43 0.982569
21 44 0.876570
21 45 0.996100
21 46 0.029925
21 47 0.999855
21 48 0.999886
21 49 0.788679
21 50 0.991800
21 51 0.573990
21 52 0.997655
21 53 0.329464
21 54 0.993844
21 55 0.846427
21 56 0.999969
21 57 0.999999
21 58 0.999984
21 59 0.983447
21 60 0.096388
21 61 0.999999
21 62 0.348574
21 63 0.896141
21 64 0.986202
21 65 0.979374
21 66 0.999993
21 67 0.005177
21 68 0.138922
21 69 0.976514
21 70 0.999794
21 71 0.992215
21 72 0.453650
21 73 0.999588
21 74 0.999451
21 75 0.999674
21 76 0.996100
21 77 0.999780
21 78 0.998048
21 79 0.809758
21 80 0.999991
21 81 0.999931
21 82 0.305549
21 83 0.997944
21 84 0.999878
21 85 0.990024
21 86 0.999176
21 87 0.023583
21 88 0.999999
21 89 0.999536
21 90 0.996298
21 91 0.999943
21 92 0.882453
21 93 0.999218
21 94 0.029925
21 95 0.153568
21 96 0.988934
21 97 0.999990
21 98 0.983668
21 99 0.029925
22 0 0.434867
22 1 0.999999
22 2 0.968808
22 3 0.019299
22 4 0.999999
22 5 0.079481
22 6 0.108547
22 7 0.967602
22 8 0.019299
22 9 0.011782
22 10 0.992215
22 11 0.999975
22 12 0.517913
22 13 0.999998
22 14 0.957037
22 15 0.965441
22 16 0.999845
22 17 0.999512
22 18 0.011782
22 19 0.999938
22 20 1.000000
22 21 0.028526
22 22 0.000000
22 23 0.911627
22 24 0.969222
22 25 0.999536
22 26 0.108547
22 27 0.305549
22 28 1.000000
22 29 0.153568
22 30 0.029925
22 31 0.986202
22 32 0.138922
22 33 0.999919
22 34 0.999986
22 35 0.005177
22 36 0.998971
22 37 0.011782
22 38 0.999829
22 39 0.586172
22 40 0.108547
22 41 0.990655
22 42 0.513285
22 43 0.227550
22 44 0.998241
22 45 0.951798
22 46 0.993844
22 47 0.472229
22 48 0.954189
22 49 0.999942
22 50 0.606413
22 51 0.920015
22 52 0.029925
22 53 0.999936
22 54 0.999268
22 55 0.995892
22 56 0.999985
22 57 0.998971
22 58 0.999711
22 59 0.999837
22 60 0.999413
22 61 0.998843
22 62 0.992215
22 63 0.029925
22 64 0.999878
22 65 0.391878
22 66 0.999884
22 67 0.573990
22 68 0.999945
22 69 0.995066
22 70 0.997914
22 71 0.029925
22 72 0.999478
22 73 0.245316
22 74 0.999756
22 75 0.998629
22 76 0.998765
22 77 0.659444
22 78 0.971149
22 79 0.999870
22 80 0.999957
22 81 0.998048
22 82 0.998971
22 83 0.999980
22 84 0.035762
22 85 0.999999
22 86 0.994451
22 87 0.999543
22 88 0.999902
22 89 0.716439
22 90 1.000000
22 91 0.999998
22 92 0.991246
22 93 0.999566
22 94 0.999979
22 95 0.029925
22 96 0.957037
22 97 0.932960
22 98 0.999768
22 99 0.977134
23 0 0.999942
23 1 0.828969
23 2 0.999996
23 3 0.989082
23 4 0.998265
23 5 0.999986
23 6 0.836903
23 7 0.434867
23 8 0.993844
23 9 0.970761
23 10 0.999783
23 11 0.999588
23 12 0.641070
23 13 0.999228
23 14 0.998457
23 15 0.005177
23 16 0.569659
23 17 0.286770
23 18 0.999566
23 19 0.999904
23 20 0.999817
23 21 0.949286
23 22 0.911627
23 23 0.000000
23 24 0.996532
23 25 0.210224
23 26 0.915921
23 27 0.999995
23 28 0.997944
23 29 0.999120
23 30 0.172989
23 31 0.927638
23 32 0.985469
23 33 0.011782
23 34 0.996532
23 35 0.999994
23 36 0.268234
23 37 0.800668
23 38 0.006763
23 39 0.082237
23 40 0.996708
23 41 0.999969
23 42 0.999863
23 43 0.995379
23 44 0.999993
23 45 0.999691
23 46 0.998901
23 47 0.999983
23 48 0.996917
23 49 0.997259
23 50 0.999609
23 51 0.997398
23 52 0.987725
23 53 0.999707
23 54 0.019299
23 55 0.994155
23 56 0.994526
23 57 0.245316
23 58 0.981396
23 59 0.999939
23 60 0.108547
23 61 0.999956
23 62 0.998536
23 63 0.986202
23 64 0.999382
23 65 0.205798
23 66 0.998610
23 67 0.999959
23 68 0.945939
23 69 0.999486
23 70 0.978283
23 71 0.108547
23 72 0.391878
23 73 0.168897
23 74 0.610510
23 75 0.999969
23 76 0.999966
23 77 0.999931
23 78 0.019299
23 79 0.981645
23 80 0.999835
23 81 0.999983
23 82 0.999421
23 83 0.999588
23 84 0.831064
23 85 0.999566
23 86 0.791203
23 87 0.998843
23 88 0.999998
23 89 0.606414
23 90 0.590401
23 91 0.999998
23 92 0.963627
23 93 0.998048
23 94 0.999974
23 95 0.983446
23 96 0.980672
23 97 1.000000
23 98 0.999959
23 99 0.754758
24 0 0.999512
24 1 0.999512
24 2 0.999993
24 3 0.860512
24 4 0.999511
24 5 0.984491
24 6 0.999988
24 7 0.999997
24 8 0.990157
24 9 0.999987
24 10 0.928576
24 11 0.268234
24 12 0.989634
24 13 0.862254
24 14 0.999977
24 15 0.999451
24 16 0.999939
24 17 0.990157
24 18 0.051779
24 19 0.005177
24 20 0.002681
24 21 0.999845
24 22 0.969222
24 23 0.996532
24 24 0.000000
24 25 0.995613
24 26 0.998698
24 27 0.999996
24 28 0.108547
24 29 0.998436
24 30 0.915921
24 31 0.999985
24 32 0.999073
24 33 0.082237
24 34 0.963627
24 35 0.999691
24 36 0.999928
24 37 0.999536
24 38 0.019299
24 39 0.997073
24 40 0.999939
24 41 0.998902
24 42 0.999024
24 43 0.995316
24 44 0.986898
24 45 0.995892
24 46 0.999936
24 47 0.999985
24 48 0.876571
24 49 0.999991
24 50 0.023583
24 51 0.998843
24 52 0.999010
24 53 0.071949
24 54 0.999902
24 55 0.999176
24 56 0.999946
24 57 0.329464
24 58 0.920015
24 59 0.998764
24 60 0.754757
24 61 0.268234
24 62 0.029925
24 63 0.029925
24 64 0.935410
24 65 0.996100
24 66 0.999421
24 67 0.999817
24 68 0.999977
24 69 0.998265
24 70 0.006763
24 71 0.979374
24 72 1.000000
24 73 0.999948
24 74 0.999756
24 75 0.988934
24 76 0.530966
24 77 0.477022
24 78 0.993427
24 79 0.989633
24 80 1.000000
24 81 0.951799
24 82 0.999997
24 83 0.981645
24 84 0.999961
24 85 0.945939
24 86 0.999979
24 87 0.477022
24 88 0.071949
24 89 0.051779
24 90 0.472229
24 91 0.997259
24 92 0.999992
24 93 0.051779
24 94 0.029925
24 95 0.999711
24 96 0.995892
24 97 0.984490
24 98 0.942378
24 99 0.071949
25 0 0.999971
25 1 0.971149
25 2 0.997804
25 3 0.415919
25 4 0.932077
25 5 0.999936
25 6 0.992215
25 7 0.005177
25 8 0.999973
25 9 0.530965
25 10 0.992708
25 11 0.743482
25 12 0.999986
25 13 0.993844
25 14 0.999908
25 15 0.991689
25 16 0.998353
25 17 0.051779
25 18 0.042353
25 19 0.108547
25 20 0.673535
25 21 0.993077
25 22 0.999536
25 23 0.210224
25 24 0.995613
25 25 0.000000
25 26 0.005177
25 27 0.905921
25 28 0.959174
25 29 0.999305
25 30 1.000000
25 31 0.005177
25 32 0.138922
25 33 0.999996
25 34 0.992609
25 35 0.995613
25 36 0.967602
25 37 0.434867
25 38 0.986898
25 39 0.882454
25 40 0.988934
25 41 0.121504
25 42 0.999566
25 43 0.999927
25 44 0.976826
25 45 0.005177
25 46 0.999512
25 47 1.000000
25 48 0.997530
25 49 0.915921
25 50 0.999725
25 51 0.999176
25 52 0.757621
25 53 0.019299
25 54 1.000000
25 55 0.391878
25 56 0.999855
25 57 0.999998
25 58 0.976826
25 59 0.997687
25 60 0.019299
25 61 0.999998
25 62 0.205798
25 63 0.998957
25 64 0.899866
25 65 1.000000
25 66 0.994076
25 67 0.998555
25 68 0.019299
25 69 0.998902
25 70 0.999931
25 71 0.000372
25 72 0.999382
25 73 0.998457
25 74 0.999711
25 75 0.838911
25 76 0.999614
25 77 0.910478
25 78 0.999959
25 79 0.999951
25 80 0.999979
25 81 0.999986
25 82 0.002681
25 83 0.205798
25 84 0.999967
25 85 0.999995
25 86 0.990289
25 87 0.999946
25 88 0.998172
25 89 0.999845
25 90 0.990289
25 91 0.911627
25 92 0.995066
25 93 0.011782
25 94 0.874996
25 95 0.429954
25 96 0.993760
25 97 0.998536
25 98 0.999983
25 99 0.006763
26 0 0.029925
26 1 0.999994
26 2 0.060180
26 3 0.535509
26 4 0.999976
26 5 0.975602
26 6 0.928576
26 7 0.999969
26 8 0.967602
26 9 0.986015
26 10 0.011782
26 11 0.999588
26 12 0.310464
26 13 0.999985
26 14 0.969221
26 15 0.963627
26 16 0.716439
26 17 0.992215
26 18 0.990654
26 19 0.995836
26 20 0.995892
26 21 0.778725
26 22 0.108547
26 23 0.915921
26 24 0.998698
26 25 0.005177
26 26 0.000000
26 27 0.991246
26 28 0.999977
26 29 0.999999
26 30 0.991246
26 31 0.999959
26 32 0.029925
26 33 0.965899
26 34 0.993844
26 35 0.172989
26 36 0.386901
26 37 0.005177
26 38 0.999996
26 39 0.995379
26 40 0.051779
26 41 0.999413
26 42 0.051779
26 43 0.939390
26 44 0.168897
26 45 0.999609
26 46 0.096388
26 47 0.994732
26 48 0.935412
26 49 0.999588
26 50 0.999998
26 51 0.029925
26 52 1.000000
26 53 0.453650
26 54 0.029925
26 55 0.999870
26 56 0.999999
26 57 0.051779
26 58 0.999512
26 59 0.993077
26 60 0.189109
26 61 0.029925
26 62 0.999382
26 63 0.995836
26 64 0.138922
26 65 0.999919
26 66 0.999994
26 67 0.281924
26 68 0.205798
26 69 0.035762
26 70 0.999837
26 71 0.931184
26 72 0.999845
26 73 0.988345
26 74 0.997916
26 75 0.997073
26 76 0.019299
26 77 0.988345
26 78 0.999845
26 79 0.573990
26 80 0.999904
26 81 0.999783
26 82 0.108547
26 83 0.999998
26 84 0.999981
26 85 0.121504
26 86 0.828969
26 87 0.999794
26 88 0.310464
26 89 0.999725
26 90 0.998901
26 91 0.999980
26 92 0.998957
26 93 0.862254
26 94 0.610510
26 95 0.939390
26 96 0.014763
26 97 0.153568
26 98 0.999971
26 99 0.168897
27 0 0.003622
27 1 0.990780
27 2 0.986898
27 3 0.999826
27 4 0.998147
27 5 0.029925
27 6 0.997916
27 7 0.286770
27 8 0.998048
27 9 0.071949
27 10 0.573990
27 11 0.999863
27 12 0.005177
27 13 0.812062
27 14 0.019299
27 15 0.991800
27 16 0.434867
27 17 0.997073
27 18 0.999634
27 19 0.999995
27 20 0.477022
27 21 0.029925
27 22 0.305549
27 23 0.999995
27 24 0.999996
27 25 0.905921
27 26 0.991246
27 27 0.000000
27 28 0.310464
27 29 0.029925
27 30 0.874997
27 31 0.999794
27 32 0.999228
27 33 0.999964
27 34 0.999999
27 35 0.999691
27 36 0.984491
27 37 0.812062
27 38 0.996875
27 39 0.535509
27 40 0.985272
27 41 0.005177
27 42 0.172989
27 43 0.626001
27 44 0.982569
27 45 0.954189
27 46 0.071949
27 47 0.001279
27 48 0.999674
27 49 0.082237
27 50 0.610510
27 51 0.999998
