0 0 0.000000
0 1 0.035762
0 2 0.060180
0 3 0.999593
0 4 0.894801
0 5 0.984490
0 6 0.999957
0 7 0.997687
0 8 0.991363
0 9 0.996533
0 10 0.998265
0 11 0.051779
0 12 0.687190
0 13 0.939390
0 14 0.990289
0 15 0.495294
0 16 0.998698
0 17 0.189109
0 18 0.876571
0 19 0.997687
0 20 0.999863
0 21 0.082237
0 22 0.138922
0 23 0.999908
0 24 0.999132
0 25 0.999959
0 26 0.029925
0 27 0.023583
0 28 0.995613
0 29 0.011782
0 30 0.227550
0 31 0.999989
0 32 0.993844
0 33 0.992215
0 34 0.999743
0 35 0.029925
0 36 0.996533
0 37 0.999848
0 38 0.310464
0 39 0.993516
0 40 0.719662
0 41 0.994526
0 42 0.868768
0 43 0.990780
0 44 0.329464
0 45 0.868768
0 46 0.961718
0 47 0.690668
0 48 0.998265
0 49 0.999725
0 50 0.590401
0 51 0.994803
0 52 0.429955
0 53 0.998781
0 54 0.862254
0 55 0.372722
0 56 0.999588
0 57 0.005177
0 58 0.999593
0 59 0.996532
0 60 0.995379
0 61 0.915921
0 62 0.998698
0 63 0.999566
0 64 0.991800
0 65 0.999314
0 66 0.051779
0 67 0.999986
0 68 0.999674
0 69 0.060180
0 70 0.999588
0 71 0.911627
0 72 0.998172
0 73 0.998457
0 74 0.778725
0 75 0.995892
0 76 0.999939
0 77 0.138922
0 78 0.071949
0 79 0.590401
0 80 0.992708
0 81 0.999904
0 82 0.998265
0 83 0.957038
0 84 0.998265
0 85 0.995067
0 86 0.993844
0 87 0.999993
0 88 0.981645
0 89 0.978283
0 90 0.372722
0 91 0.999863
0 92 0.991800
0 93 0.268234
0 94 0.999797
0 95 0.999593
0 96 0.995613
0 97 0.988345
0 98 0.972594
0 99 0.019299
1 0 0.035762
1 1 0.000000
1 2 0.820692
1 3 0.263461
1 4 0.999614
1 5 0.999566
1 6 0.996753
1 7 0.831065
1 8 0.905921
1 9 0.999421
1 10 0.329464
1 11 0.999855
1 12 0.999997
1 13 0.029925
1 14 0.517913
1 15 0.189109
1 16 0.999957
1 17 0.995379
1 18 0.910477
1 19 0.868768
1 20 0.999566
1 21 0.108547
1 22 0.999991
1 23 0.743483
1 24 0.997687
1 25 0.731785
1 26 0.999985
1 27 0.915921
1 28 0.082237
1 29 0.939389
1 30 0.029925
1 31 0.472229
1 32 0.005177
1 33 0.998265
1 34 0.983668
1 35 0.999807
1 36 0.999614
1 37 0.189109
1 38 0.965442
1 39 0.746454
1 40 0.975602
1 41 0.997398
1 42 0.999943
1 43 0.754756
1 44 0.453650
1 45 0.985272
1 46 0.029925
1 47 0.999886
1 48 0.999979
1 49 0.999998
1 50 0.999914
1 51 0.757621
1 52 0.957037
1 53 0.889496
1 54 0.992215
1 55 0.716438
1 56 0.082237
1 57 0.984491
1 58 0.987726
1 59 0.999348
1 60 0.051779
1 61 0.987559
1 62 0.988345
1 63 0.517913
1 64 0.993515
1 65 0.999939
1 66 0.205798
1 67 0.998971
1 68 0.994526
1 69 0.800669
1 70 0.005177
1 71 0.963627
1 72 0.999725
1 73 0.096388
1 74 0.189109
1 75 0.812062
1 76 0.172989
1 77 0.071949
1 78 0.995892
1 79 0.999969
1 80 0.029925
1 81 0.974313
1 82 0.268234
1 83 0.920015
1 84 0.286770
1 85 0.943131
1 86 0.993844
1 87 0.999995
1 88 0.372722
1 89 0.992215
1 90 0.019299
1 91 0.996917
1 92 0.981645
1 93 0.999634
1 94 0.019299
1 95 0.997916
1 96 0.915921
1 97 0.987073
1 98 0.812062
1 99 0.757621
2 0 0.060180
2 1 0.820692
2 2 0.000000
2 3 0.989082
2 4 0.997804
2 5 0.995380
2 6 0.035762
2 7 0.998764
2 8 0.969222
2 9 0.305549
2 10 0.999919
2 11 0.999957
2 12 0.932077
2 13 0.999995
2 14 0.998764
2 15 0.999228
2 16 0.888074
2 17 0.372722
2 18 0.989082
2 19 0.998843
2 20 0.138922
2 21 0.227550
2 22 0.956464
2 23 0.999959
2 24 0.999421
2 25 0.996100
2 26 0.060180
2 27 0.979374
2 28 0.999566
2 29 0.108547
2 30 0.999756
2 31 0.999936
2 32 0.051779
2 33 0.965441
2 34 0.999992
2 35 0.029925
2 36 0.970761
2 37 0.434867
2 38 0.477022
2 39 0.998698
2 40 0.138922
2 41 0.986202
2 42 0.992215
2 43 0.961718
2 44 0.999132
2 45 0.071949
2 46 0.138922
2 47 0.535509
2 48 0.535509
2 49 0.979374
2 50 0.999919
2 51 0.991363
2 52 0.999928
2 53 0.998458
2 54 0.999657
2 55 0.999674
2 56 0.999999
2 57 0.728674
2 58 0.029925
2 59 0.348574
2 60 0.999964
2 61 0.862254
2 62 0.029925
2 63 0.029925
2 64 0.992708
2 65 0.978283
2 66 0.995379
2 67 0.999711
2 68 0.987725
2 69 0.999614
2 70 0.051779
2 71 0.998048
2 72 0.993844
2 73 0.999486
2 74 0.999971
2 75 0.329464
2 76 0.894801
2 77 0.999485
2 78 0.999998
2 79 0.876570
2 80 0.831064
2 81 0.969222
2 82 0.029925
2 83 0.029925
2 84 0.812062
2 85 0.189109
2 86 0.108547
2 87 0.995672
2 88 0.051779
2 89 0.954792
2 90 0.954189
2 91 0.996347
2 92 0.987073
2 93 0.952432
2 94 0.029925
2 95 0.996532
2 96 0.999886
2 97 0.005177
2 98 0.999828
2 99 0.994155
3 0 0.999593
3 1 0.263461
3 2 0.989082
3 3 0.000000
3 4 0.943131
3 5 0.894801
3 6 0.999928
3 7 0.082237
3 8 0.005177
3 9 0.999996
3 10 0.071949
3 11 0.999711
3 12 0.153568
3 13 0.552765
3 14 0.961718
3 15 0.690668
3 16 0.999073
3 17 0.227550
3 18 0.999543
3 19 0.999908
3 20 0.999771
3 21 0.853623
3 22 0.019299
3 23 0.901145
3 24 0.961206
3 25 0.029925
3 26 0.573990
3 27 0.999908
3 28 0.999998
3 29 0.367737
3 30 0.957038
3 31 0.999797
3 32 0.990780
3 33 0.998971
3 34 0.987726
3 35 0.882454
3 36 0.999085
3 37 0.999711
3 38 0.731785
3 39 0.855444
3 40 0.999959
3 41 0.999908
3 42 0.286770
3 43 0.951799
3 44 0.227550
3 45 0.924902
3 46 0.999314
3 47 0.999743
3 48 0.791203
3 49 0.673535
3 50 0.924903
3 51 0.983668
3 52 0.997687
3 53 0.999729
3 54 0.943131
3 55 0.999176
3 56 0.809757
3 57 0.687190
3 58 0.979374
3 59 0.573990
3 60 0.138922
3 61 0.990780
3 62 0.434867
3 63 0.999987
3 64 0.999998
3 65 0.035762
3 66 0.731785
3 67 0.051779
3 68 0.071949
3 69 0.999543
3 70 0.071949
3 71 0.172989
3 72 0.959712
3 73 0.945939
3 74 0.882454
3 75 0.831065
3 76 0.994526
3 77 0.998698
3 78 0.999884
3 79 0.082237
3 80 0.513285
3 81 0.979374
3 82 0.121504
3 83 1.000000
3 84 0.005177
3 85 0.391878
3 86 0.495295
3 87 0.011782
3 88 0.940181
3 89 0.969629
3 90 0.029925
3 91 0.071949
3 92 0.982569
3 93 0.999946
3 94 0.870414
3 95 0.999999
3 96 0.994526
3 97 0.999969
3 98 0.995613
3 99 0.923918
4 0 0.894801
4 1 0.999614
4 2 0.997804
4 3 0.943131
4 4 0.000000
4 5 0.005177
4 6 0.029925
4 7 0.415919
4 8 0.051779
4 9 0.690668
4 10 0.967602
4 11 0.998457
4 12 0.999817
4 13 0.626001
4 14 0.659444
4 15 0.996708
4 16 0.029925
4 17 0.987725
4 18 0.994803
4 19 0.989082
4 20 0.998842
4 21 0.477022
4 22 0.999992
4 23 0.768376
4 24 0.999943
4 25 0.846427
4 26 0.999657
4 27 0.997073
4 28 0.998629
4 29 0.983446
4 30 0.999936
4 31 0.999382
4 32 0.985469
4 33 0.082237
4 34 0.876570
4 35 0.999855
4 36 0.899866
4 37 0.846427
4 38 0.060180
4 39 0.019299
4 40 0.999949
4 41 0.029925
4 42 0.846427
4 43 0.999908
4 44 0.969221
4 45 0.998147
4 46 0.999421
4 47 0.986202
4 48 0.999886
4 49 0.019299
4 50 0.999984
4 51 0.227550
4 52 0.108547
4 53 0.998265
4 54 0.082237
4 55 0.999486
4 56 0.983667
4 57 0.999543
4 58 0.988934
4 59 0.993844
4 60 0.189109
4 61 0.286770
4 62 0.731785
4 63 0.778725
4 64 0.999891
4 65 0.051779
4 66 0.999998
4 67 0.999593
4 68 0.995613
4 69 0.268234
4 70 0.006763
4 71 0.999817
4 72 0.998536
4 73 0.999959
4 74 0.610510
4 75 0.978283
4 76 0.108547
4 77 0.096388
4 78 0.071949
4 79 0.961718
4 80 0.434867
4 81 0.999228
4 82 0.999228
4 83 0.999543
4 84 0.071949
4 85 0.988345
4 86 0.989633
4 87 0.999992
4 88 0.029925
4 89 0.980410
4 90 0.998698
4 91 0.108547
4 92 0.996709
4 93 0.999340
4 94 0.138922
4 95 0.967602
4 96 0.743482
4 97 0.999939
4 98 0.980672
4 99 0.997944
5 0 0.984490
5 1 0.999566
5 2 0.995380
5 3 0.894801
5 4 0.005177
5 5 0.000000
5 6 0.921048
5 7 0.985469
5 8 1.000000
5 9 0.999807
5 10 0.998241
5 11 0.997398
5 12 0.882454
5 13 0.019299
5 14 0.051779
5 15 0.995380
5 16 0.976824
5 17 0.945939
5 18 0.071949
5 19 0.999964
5 20 0.626001
5 21 0.029925
5 22 0.862254
5 23 0.999908
5 24 0.991800
5 25 0.997259
5 26 0.768376
5 27 0.029925
5 28 0.329464
5 29 0.820692
5 30 0.984491
5 31 0.006763
5 32 0.999512
5 33 0.999314
5 34 0.999904
5 35 0.974313
5 36 0.991800
5 37 0.992609
5 38 0.954792
5 39 0.999390
5 40 0.997073
5 41 0.999593
5 42 0.286771
5 43 0.096388
5 44 0.868768
5 45 0.999566
5 46 0.945939
5 47 0.991246
5 48 0.999997
5 49 0.035762
5 50 0.172989
5 51 0.227550
5 52 0.778726
5 53 0.310464
5 54 0.961206
5 55 0.987726
5 56 0.987725
5 57 0.372722
5 58 0.996532
5 59 0.812062
5 60 0.999939
5 61 0.998172
5 62 0.029925
5 63 0.999024
5 64 0.920015
5 65 0.920015
5 66 0.986202
5 67 0.999451
5 68 0.999974
5 69 0.999928
5 70 0.998680
5 71 0.990780
5 72 0.093360
5 73 0.011782
5 74 0.999864
5 75 0.981645
5 76 0.138922
5 77 0.939390
5 78 0.310464
5 79 0.019299
5 80 0.005177
5 81 0.970761
5 82 0.999566
5 83 0.051779
5 84 0.812062
5 85 0.989082
5 86 0.329464
5 87 0.996533
5 88 0.999969
5 89 0.673535
5 90 0.999614
5 91 0.994452
5 92 0.999674
5 93 0.227550
5 94 0.108547
5 95 0.227550
5 96 0.999228
5 97 0.999976
5 98 0.986201
5 99 0.957038
6 0 0.999957
6 1 0.996753
6 2 0.035762
6 3 0.999928
6 4 0.029925
6 5 0.921048
6 6 0.000000
6 7 0.108547
6 8 0.999132
6 9 0.948612
6 10 0.029925
6 11 0.967602
6 12 0.999989
6 13 0.855444
6 14 0.997804
6 15 0.610510
6 16 0.910477
6 17 0.997398
6 18 0.989633
6 19 0.995892
6 20 0.998172
6 21 0.994526
6 22 0.108547
6 23 0.754757
6 24 0.999914
6 25 0.995379
6 26 0.889496
6 27 0.986898
6 28 0.778725
6 29 0.999486
6 30 0.995066
6 31 0.999132
6 32 0.138922
6 33 0.573990
6 34 0.035762
6 35 0.999973
6 36 0.995892
6 37 0.999981
6 38 0.969222
6 39 0.882454
6 40 0.996532
6 41 0.051779
6 42 0.995133
6 43 0.974313
6 44 0.999976
6 45 0.911627
6 46 0.999999
6 47 0.019299
6 48 0.994526
6 49 0.993844
6 50 0.035762
6 51 0.719662
6 52 0.999536
6 53 0.138922
6 54 0.990289
6 55 0.998436
6 56 0.690668
6 57 0.983668
6 58 0.992215
6 59 0.997944
6 60 0.999903
6 61 0.999928
6 62 0.999986
6 63 0.894801
6 64 0.743482
6 65 0.138922
6 66 0.268234
6 67 0.999024
6 68 0.999986
6 69 0.999975
6 70 0.996100
6 71 0.997074
6 72 0.998971
6 73 0.965441
6 74 0.035762
6 75 0.996917
6 76 0.096388
6 77 0.069412
6 78 0.999848
6 79 0.997073
6 80 0.728674
6 81 0.999999
6 82 0.781351
6 83 0.998265
6 84 0.899865
6 85 0.029925
6 86 0.268234
6 87 0.005177
6 88 0.999743
6 89 0.096388
6 90 0.983668
6 91 0.924902
6 92 0.975602
6 93 0.993077
6 94 0.999024
6 95 0.997687
6 96 0.996917
6 97 0.999511
6 98 0.999725
6 99 0.999024
7 0 0.997687
7 1 0.831065
7 2 0.998764
7 3 0.082237
7 4 0.415919
7 5 0.985469
7 6 0.108547
7 7 0.000000
7 8 0.029925
7 9 0.943131
7 10 0.552765
7 11 0.659444
7 12 0.757621
7 13 0.999421
7 14 0.862254
7 15 0.999711
7 16 0.999743
7 17 0.138922
7 18 0.990780
7 19 0.996532
7 20 0.659444
7 21 0.029925
7 22 0.995672
7 23 0.189109
7 24 0.999999
7 25 0.005177
7 26 0.999566
7 27 0.329464
7 28 0.019299
7 29 0.172989
7 30 0.998781
7 31 0.990157
7 32 0.002681
7 33 0.029925
7 34 0.999837
7 35 0.716439
7 36 0.996100
7 37 0.997834
7 38 0.029925
7 39 0.910477
7 40 0.980672
7 41 0.999024
7 42 0.029925
7 43 0.121504
7 44 0.999997
7 45 0.223001
7 46 0.995066
7 47 0.245316
7 48 0.997804
7 49 0.434867
7 50 0.268234
7 51 0.951799
7 52 0.994526
7 53 0.999768
7 54 0.963627
7 55 0.011782
7 56 0.999588
7 57 0.029925
7 58 0.005177
7 59 0.138922
7 60 0.992983
7 61 0.138922
7 62 0.997530
7 63 0.999957
7 64 0.999855
7 65 0.071949
7 66 0.998536
7 67 0.153568
7 68 0.999924
7 69 0.999024
7 70 0.999412
7 71 0.011782
7 72 0.999421
7 73 0.989633
7 74 0.936254
7 75 0.999966
7 76 0.995379
7 77 0.999973
7 78 0.029925
7 79 0.995379
7 80 0.997259
7 81 0.994155
7 82 0.999936
7 83 0.910477
7 84 0.967602
7 85 0.999349
7 86 0.999382
7 87 0.999725
7 88 0.029925
7 89 0.999989
7 90 0.071949
7 91 0.876570
7 92 0.972594
7 93 0.996347
7 94 0.999566
7 95 0.999725
7 96 0.069412
7 97 0.999657
7 98 0.999228
7 99 0.999973
8 0 0.991363
8 1 0.905921
8 2 0.969222
8 3 0.005177
8 4 0.051779
8 5 1.000000
8 6 0.999132
8 7 0.029925
8 8 0.000000
8 9 0.189109
8 10 0.768376
8 11 0.999349
8 12 0.051779
8 13 0.999593
8 14 0.999132
8 15 0.951799
8 16 0.999976
8 17 0.985469
8 18 0.959174
8 19 0.268234
8 20 0.999268
8 21 0.999817
8 22 0.019299
8 23 0.980672
8 24 0.984491
8 25 0.996917
8 26 0.974313
8 27 0.997563
8 28 0.096388
8 29 0.996347
8 30 0.995892
8 31 0.168897
8 32 0.993516
8 33 0.995613
8 34 0.999995
8 35 0.932077
8 36 0.999743
8 37 0.959174
8 38 0.995892
8 39 0.172989
8 40 0.999939
8 41 0.971149
8 42 0.029925
8 43 0.997398
8 44 0.035762
8 45 0.998781
8 46 0.329464
8 47 0.999998
8 48 0.029925
8 49 0.961718
8 50 0.999132
8 51 0.719662
8 52 0.901145
8 53 0.999990
8 54 0.999512
8 55 0.093360
8 56 0.974313
8 57 0.999878
8 58 0.999993
8 59 0.948613
8 60 0.781351
8 61 0.993844
8 62 0.940181
8 63 0.998265
8 64 0.894801
8 65 0.999984
8 66 0.969222
8 67 0.999984
8 68 0.999421
8 69 0.719662
8 70 0.889496
8 71 0.993844
8 72 0.985469
8 73 0.910478
8 74 0.996347
8 75 0.716439
8 76 0.993760
8 77 0.138922
8 78 0.472230
8 79 0.997804
8 80 0.999228
8 81 0.731785
8 82 0.932960
8 83 0.999314
8 84 0.029925
8 85 0.996917
8 86 0.996347
8 87 0.894801
8 88 0.986202
8 89 0.788679
8 90 0.961718
8 91 0.991246
8 92 0.999989
8 93 0.573990
8 94 0.828969
8 95 0.979374
8 96 0.999981
8 97 0.096388
8 98 0.994155
8 99 0.716439
9 0 0.996533
9 1 0.999421
9 2 0.305549
9 3 0.999996
9 4 0.690668
9 5 0.999807
9 6 0.948612
9 7 0.943131
9 8 0.189109
9 9 0.000000
9 10 0.990157
9 11 0.831064
9 12 0.991246
9 13 0.626001
9 14 0.975602
9 15 0.716439
9 16 0.846427
9 17 0.965899
9 18 0.999952
9 19 0.348574
9 20 0.997073
9 21 0.998265
9 22 0.051779
9 23 0.993077
9 24 0.999797
9 25 0.184860
9 26 0.996708
9 27 0.071949
9 28 0.998781
9 29 0.994526
9 30 0.995379
9 31 0.936253
9 32 0.999924
9 33 0.994803
9 34 0.998781
9 35 0.999919
9 36 0.245316
9 37 0.071949
9 38 0.999845
9 39 0.945939
9 40 0.517913
9 41 0.071949
9 42 0.999451
9 43 0.999674
9 44 0.997944
9 45 0.011782
9 46 0.999674
9 47 0.999998
9 48 0.477022
9 49 0.205798
9 50 0.227550
9 51 0.992215
9 52 0.006763
9 53 0.999989
9 54 0.453650
9 55 0.268234
9 56 0.920015
9 57 0.998698
9 58 0.003622
9 59 0.995892
9 60 0.998902
9 61 0.071949
9 62 0.690668
9 63 0.999984
9 64 0.993077
9 65 0.999908
9 66 0.924902
9 67 0.999725
9 68 0.659444
9 69 0.005177
9 70 0.410971
9 71 0.994803
9 72 0.994803
9 73 0.862254
9 74 0.999023
9 75 0.999743
9 76 0.943131
9 77 0.996532
9 78 0.999962
9 79 0.999971
9 80 0.035762
9 81 0.957037
9 82 0.990780
9 83 0.876570
9 84 0.005177
9 85 0.227550
9 86 0.999924
9 87 0.979374
9 88 0.997687
9 89 0.754757
9 90 0.996532
9 91 0.172989
9 92 0.967602
9 93 0.172989
9 94 0.999837
9 95 1.000000
9 96 0.855444
9 97 0.985469
9 98 0.227550
9 99 0.996917
10 0 0.998265
10 1 0.329464
10 2 0.999919
10 3 0.071949
10 4 0.967602
10 5 0.998241
10 6 0.029925
10 7 0.552765
10 8 0.768376
10 9 0.990157
10 10 0.000000
10 11 0.029925
10 12 0.894801
10 13 0.980411
10 14 0.990157
10 15 0.051779
10 16 0.996532
10 17 0.998843
10 18 0.999783
10 19 0.911627
10 20 0.586172
10 21 0.998375
10 22 0.905921
10 23 0.999743
10 24 0.961718
10 25 0.991363
10 26 0.011782
10 27 0.108547
10 28 0.999976
10 29 0.138922
10 30 0.310464
10 31 0.659444
10 32 0.999711
10 33 0.029925
10 34 0.963627
10 35 0.008716
10 36 0.876570
10 37 0.005177
10 38 0.999884
10 39 0.967602
10 40 0.999998
10 41 0.757621
10 42 0.999268
10 43 0.999996
10 44 0.979374
10 45 0.910477
10 46 0.995379
10 47 0.998698
10 48 0.029925
10 49 0.071949
10 50 0.029925
10 51 0.914824
10 52 0.932960
10 53 0.999421
10 54 0.998536
10 55 0.996347
10 56 0.998698
10 57 0.998265
10 58 0.005177
10 59 0.989633
10 60 0.999928
10 61 0.999817
10 62 0.999968
10 63 0.999931
10 64 0.959174
10 65 0.889496
10 66 0.998971
10 67 0.965441
10 68 0.998971
10 69 0.329464
10 70 0.477022
10 71 0.993077
10 72 0.961718
10 73 0.138922
10 74 0.995892
10 75 0.781351
10 76 0.997073
10 77 0.999783
10 78 0.910477
10 79 0.999023
10 80 0.997687
10 81 0.716439
10 82 0.997073
10 83 0.644918
10 84 0.606413
10 85 0.980672
10 86 0.999999
10 87 0.983667
10 88 0.999949
10 89 0.999981
10 90 0.999982
10 91 0.980672
10 92 0.029925
10 93 0.998265
10 94 0.984490
10 95 0.999919
10 96 0.999771
10 97 0.870414
10 98 0.995892
10 99 0.999349
11 0 0.051779
11 1 0.999855
11 2 0.999957
11 3 0.999711
11 4 0.998457
11 5 0.997398
11 6 0.967602
11 7 0.659444
11 8 0.999349
11 9 0.831064
11 10 0.029925
11 11 0.000000
11 12 0.992215
11 13 0.743482
11 14 0.999756
11 15 0.138922
11 16 0.994526
11 17 0.971149
11 18 0.876570
11 19 0.019299
11 20 0.999743
11 21 0.963627
11 22 0.999977
11 23 0.976826
11 24 0.071949
11 25 0.703771
11 26 0.997073
11 27 0.999566
11 28 0.999268
11 29 0.920015
11 30 0.997804
11 31 0.945939
11 32 0.060180
11 33 0.108547
11 34 0.189109
11 35 0.995892
11 36 0.974313
11 37 0.979374
11 38 0.951799
11 39 0.999711
11 40 0.975602
11 41 0.996100
11 42 0.999314
11 43 0.999807
11 44 0.997944
11 45 0.743482
11 46 0.060180
11 47 0.987559
11 48 0.268234
11 49 0.999743
11 50 0.882454
11 51 0.743482
11 52 0.999566
11 53 0.329464
11 54 0.994451
11 55 0.060180
11 56 0.992708
11 57 0.949286
11 58 0.986202
11 59 0.987726
11 60 0.071949
11 61 0.998375
11 62 0.981645
11 63 0.999536
11 64 0.981645
11 65 0.862254
11 66 0.791203
11 67 0.915921
11 68 0.071949
11 69 0.268234
11 70 0.999593
11 71 0.998843
11 72 0.996152
11 73 0.999560
11 74 0.997259
11 75 0.980672
11 76 0.415919
11 77 0.999999
11 78 0.994451
11 79 0.997398
11 80 0.838911
11 81 0.870414
11 82 0.999991
11 83 0.999837
11 84 0.999985
11 85 0.954189
11 86 0.434867
11 87 0.029925
11 88 0.227550
11 89 0.286770
11 90 0.999023
11 91 0.939390
11 92 0.999986
11 93 0.535509
11 94 0.495294
11 95 0.096388
11 96 0.820692
11 97 0.999864
11 98 0.990780
11 99 0.999743
12 0 0.687190
12 1 0.999997
12 2 0.932077
12 3 0.153568
12 4 0.999817
12 5 0.882454
12 6 0.999989
12 7 0.757621
12 8 0.051779
12 9 0.991246
12 10 0.894801
12 11 0.992215
12 12 0.000000
12 13 0.998971
12 14 0.029925
12 15 0.889496
12 16 0.924902
12 17 0.986898
12 18 0.019299
12 19 0.071949
12 20 0.993077
12 21 0.552765
12 22 0.268234
12 23 0.305549
12 24 0.998375
12 25 0.999971
12 26 0.096388
12 27 0.029925
12 28 0.005177
12 29 0.367737
12 30 0.986898
12 31 0.993844
12 32 0.943131
12 33 0.999771
12 34 0.999421
12 35 0.071949
12 36 0.846427
12 37 0.868768
12 38 0.986202
12 39 0.051779
12 40 0.153568
12 41 0.998698
12 42 0.997687
12 43 0.996532
12 44 0.999985
12 45 0.029925
12 46 0.051779
12 47 0.979374
12 48 0.051779
12 49 0.999512
12 50 0.997834
12 51 0.963627
12 52 0.820692
12 53 0.998147
12 54 0.905921
12 55 0.889496
12 56 0.415919
12 57 0.051779
12 58 0.606414
12 59 0.993844
12 60 0.999904
12 61 0.189109
12 62 0.998971
12 63 0.951799
12 64 0.980672
12 65 0.992215
12 66 0.071949
12 67 0.998555
12 68 0.172989
12 69 0.977134
12 70 0.949286
12 71 0.978283
12 72 0.999904
12 73 0.995892
12 74 1.000000
12 75 0.999855
12 76 0.035762
12 77 0.920015
12 78 0.999952
12 79 0.999971
12 80 0.999924
12 81 0.951799
12 82 0.876570
12 83 0.932960
12 84 0.995892
12 85 0.998265
12 86 0.610510
12 87 0.029925
12 88 0.227550
12 89 0.788680
12 90 0.923918
12 91 0.999421
12 92 0.998048
12 93 0.051779
12 94 1.000000
12 95 0.921048
12 96 0.959712
12 97 0.967602
12 98 0.999132
12 99 0.809758
13 0 0.939390
13 1 0.029925
13 2 0.999995
13 3 0.552765
13 4 0.626001
13 5 0.019299
13 6 0.855444
13 7 0.999421
13 8 0.999593
13 9 0.626001
13 10 0.980411
13 11 0.743482
13 12 0.998971
13 13 0.000000
13 14 0.495294
13 15 0.069412
13 16 0.972594
13 17 0.999711
13 18 0.999086
13 19 0.690668
13 20 0.862253
13 21 0.997804
13 22 0.999987
13 23 0.996917
13 24 0.245316
13 25 0.983667
13 26 0.999995
13 27 0.911627
13 28 0.082237
13 29 0.001794
13 30 0.999973
13 31 0.535509
13 32 0.659444
13 33 0.082237
13 34 0.994155
13 35 0.993844
13 36 0.997944
13 37 0.135231
13 38 0.263461
13 39 0.999946
13 40 0.998629
13 41 0.812062
13 42 0.997687
13 43 0.997804
13 44 0.899866
13 45 0.996532
13 46 0.743482
13 47 0.610510
13 48 0.995892
13 49 0.846427
13 50 0.348574
13 51 0.951799
13 52 0.999957
13 53 0.028526
13 54 0.573990
13 55 0.998827
13 56 0.673535
13 57 0.980672
13 58 0.703771
13 59 0.998147
13 60 0.019299
13 61 0.999543
13 62 0.999982
13 63 0.172989
13 64 0.831064
13 65 0.996917
13 66 0.800669
13 67 0.932960
13 68 0.993077
13 69 0.999756
13 70 0.453650
13 71 0.983446
13 72 0.060180
13 73 0.999743
13 74 0.986202
13 75 0.999999
13 76 0.901145
13 77 0.987726
13 78 0.985469
13 79 0.999652
13 80 0.415919
13 81 0.999904
13 82 0.961718
13 83 0.951799
13 84 0.997563
13 85 0.367737
13 86 0.996100
13 87 0.923919
13 88 0.999928
13 89 0.999966
13 90 0.999966
13 91 0.986201
13 92 0.996532
13 93 0.870414
13 94 0.855444
13 95 0.991800
13 96 0.998172
13 97 0.998172
13 98 0.980672
13 99 0.690668
14 0 0.990289
14 1 0.517913
14 2 0.998764
14 3 0.961718
14 4 0.659444
14 5 0.051779
14 6 0.997804
14 7 0.862254
14 8 0.999132
14 9 0.975602
14 10 0.990157
14 11 0.999756
14 12 0.029925
14 13 0.495294
14 14 0.000000
14 15 0.189109
14 16 0.939390
14 17 0.992215
14 18 0.703771
14 19 0.999855
14 20 0.999314
14 21 0.268234
14 22 0.954792
14 23 0.989082
14 24 0.999952
14 25 0.999711
14 26 0.971149
14 27 0.019299
14 28 0.993077
14 29 0.974313
14 30 0.005177
14 31 0.988345
14 32 0.999593
14 33 0.641070
14 34 0.914824
14 35 0.999999
14 36 0.994526
14 37 0.999421
14 38 0.991246
14 39 0.963627
14 40 0.517913
14 41 0.019299
14 42 0.838911
14 43 0.994526
14 44 0.029925
14 45 0.172989
14 46 0.997687
14 47 0.060180
14 48 0.979374
14 49 0.999970
14 50 0.999914
14 51 0.929503
14 52 0.870414
14 53 0.951799
14 54 0.998265
14 55 0.189109
14 56 0.997398
14 57 0.999657
14 58 0.138922
14 59 0.961206
14 60 0.999928
14 61 0.673535
14 62 0.135231
14 63 0.999807
14 64 0.005177
14 65 0.172989
14 66 0.029925
14 67 0.975602
14 68 0.999998
14 69 0.901145
14 70 0.999891
14 71 0.051779
14 72 0.998764
14 73 0.029925
14 74 0.838911
14 75 0.970761
14 76 0.985469
14 77 0.029925
14 78 0.019299
14 79 0.999543
14 80 0.998629
14 81 0.836906
14 82 0.513285
14 83 0.997074
14 84 0.899866
14 85 0.999998
14 86 0.959174
14 87 0.990153
14 88 0.999968
14 89 0.071949
14 90 0.999908
14 91 0.305549
14 92 0.998172
14 93 0.998843
14 94 0.951799
14 95 0.998048
14 96 0.981645
14 97 0.957037
14 98 0.994803
14 99 0.999421
15 0 0.495294
15 1 0.189109
15 2 0.999228
15 3 0.690668
15 4 0.996708
15 5 0.995380
15 6 0.610510
15 7 0.999711
15 8 0.951799
15 9 0.716439
15 10 0.051779
15 11 0.138922
15 12 0.889496
15 13 0.069412
15 14 0.189109
15 15 0.000000
15 16 0.673535
15 17 0.019299
15 18 0.999992
15 19 0.999994
15 20 0.051779
15 21 0.093360
15 22 0.943131
15 23 0.005177
15 24 0.989633
15 25 0.986898
15 26 0.961718
15 27 0.876570
15 28 0.982569
15 29 0.999537
15 30 0.011782
15 31 0.998048
15 32 0.905921
15 33 0.268234
15 34 0.138922
15 35 0.189109
15 36 0.999421
15 37 0.189109
15 38 0.223001
15 39 0.846427
15 40 0.812062
15 41 0.731785
15 42 0.999023
15 43 0.980411
15 44 0.999634
15 45 0.268234
15 46 0.999023
15 47 0.029925
15 48 0.996100
15 49 0.673535
15 50 0.019299
15 51 0.768376
15 52 0.905921
15 53 0.999862
15 54 0.993844
15 55 0.019299
15 56 0.984491
15 57 0.949286
15 58 0.999943
15 59 0.999964
15 60 0.138922
15 61 0.972594
15 62 0.071949
15 63 0.939390
15 64 0.999954
15 65 0.329464
15 66 0.245316
15 67 0.998172
15 68 0.999657
15 69 0.998265
15 70 0.998698
15 71 0.998843
15 72 0.227550
15 73 0.999995
15 74 0.971149
15 75 0.989082
15 76 0.019299
15 77 0.999999
15 78 0.029925
15 79 0.999566
15 80 0.943131
15 81 0.415919
15 82 0.788679
15 83 0.227550
15 84 0.989633
15 85 0.997834
15 86 0.996532
15 87 0.997530
15 88 0.990780
15 89 0.051779
15 90 0.894801
15 91 0.138922
15 92 1.000000
15 93 0.838911
15 94 0.051779
15 95 0.999743
15 96 0.999783
15 97 0.281925
15 98 0.998536
15 99 0.453650
16 0 0.998698
16 1 0.999957
16 2 0.888074
16 3 0.999073
16 4 0.029925
16 5 0.976824
16 6 0.910477
16 7 0.999743
16 8 0.999976
16 9 0.846427
16 10 0.996532
16 11 0.994526
16 12 0.924902
16 13 0.972594
16 14 0.939390
16 15 0.673535
16 16 0.000000
16 17 0.999976
16 18 0.108547
16 19 0.348574
16 20 0.997805
16 21 0.910477
16 22 0.999931
16 23 0.641070
16 24 0.999936
16 25 0.999268
16 26 0.876570
16 27 0.434867
16 28 0.029925
16 29 0.998843
16 30 0.954189
16 31 0.924902
16 32 0.227550
16 33 0.995613
16 34 0.940181
16 35 0.994451
16 36 0.998375
16 37 0.999959
16 38 0.305549
16 39 0.995613
16 40 0.999132
16 41 0.999783
16 42 0.998457
16 43 0.956465
16 44 0.876570
16 45 0.846427
16 46 0.035762
16 47 0.965441
16 48 0.999999
16 49 0.791203
16 50 0.974313
16 51 0.029925
16 52 0.974313
16 53 0.999486
16 54 0.372722
16 55 0.071949
16 56 0.986202
16 57 0.894801
16 58 0.999390
16 59 0.999871
16 60 0.019299
16 61 0.870414
16 62 0.971149
16 63 0.495294
16 64 0.019299
16 65 0.990289
16 66 0.994155
16 67 0.986202
16 68 0.286770
16 69 0.993844
16 70 0.998457
16 71 0.999614
16 72 0.002681
16 73 0.999783
16 74 0.082237
16 75 0.610510
16 76 0.703771
16 77 0.999975
16 78 1.000000
16 79 0.189109
16 80 0.121504
16 81 0.998843
16 82 0.029925
16 83 0.227550
16 84 0.999997
16 85 0.999964
16 86 0.994526
16 87 0.153568
16 88 0.999566
16 89 0.999964
16 90 0.703771
16 91 0.997398
16 92 1.000000
16 93 0.999382
16 94 0.831064
16 95 0.828969
16 96 0.348574
16 97 0.517913
16 98 0.999657
16 99 0.999086
17 0 0.189109
17 1 0.995379
17 2 0.372722
17 3 0.227550
17 4 0.987725
17 5 0.945939
17 6 0.997398
17 7 0.138922
17 8 0.985469
17 9 0.965899
17 10 0.998843
17 11 0.971149
17 12 0.986898
17 13 0.999711
17 14 0.992215
17 15 0.019299
17 16 0.999976
17 17 0.000000
17 18 0.979374
17 19 0.986202
17 20 0.990289
17 21 0.992319
17 22 0.999566
17 23 0.082237
17 24 0.984491
17 25 0.051779
17 26 0.995379
17 27 0.994803
17 28 0.434867
17 29 0.999995
17 30 0.731785
17 31 0.998457
17 32 0.999593
17 33 0.999609
17 34 0.472230
17 35 0.883941
17 36 0.999086
17 37 0.791202
17 38 0.778726
17 39 0.870414
17 40 0.997563
17 41 0.999968
17 42 0.985469
17 43 0.495294
17 44 0.999593
17 45 0.108547
17 46 0.014763
17 47 0.999829
17 48 0.138922
17 49 0.641070
17 50 0.999957
17 51 0.999999
17 52 0.687190
17 53 0.999132
17 54 0.846427
17 55 0.060180
17 56 0.644918
17 57 0.268234
17 58 0.974313
17 59 0.800669
17 60 0.920015
17 61 0.999512
17 62 0.011782
17 63 0.946647
17 64 0.999952
17 65 0.019299
17 66 0.989082
17 67 0.998843
17 68 0.996917
17 69 0.535509
17 70 0.855444
17 71 0.975602
17 72 0.994155
17 73 0.951799
17 74 0.876570
17 75 0.999390
17 76 0.999980
17 77 0.028526
17 78 1.000000
17 79 0.993844
17 80 0.999837
17 81 0.995133
17 82 0.999994
17 83 0.029925
17 84 0.659444
17 85 0.979374
17 86 0.610510
17 87 0.999268
17 88 0.999783
17 89 0.965899
17 90 0.999946
17 91 0.999996
17 92 0.838911
17 93 0.999891
17 94 0.999756
17 95 0.943131
17 96 0.999997
17 97 0.472230
17 98 0.876570
17 99 0.999566
18 0 0.876571
18 1 0.910477
18 2 0.989082
18 3 0.999543
18 4 0.994803
18 5 0.071949
18 6 0.989633
18 7 0.990780
18 8 0.959174
18 9 0.999952
18 10 0.999783
18 11 0.876570
18 12 0.019299
18 13 0.999086
18 14 0.703771
18 15 0.999992
18 16 0.108547
18 17 0.979374
18 18 0.000000
18 19 0.961718
18 20 0.999176
18 21 0.846427
18 22 0.011782
18 23 0.993077
18 24 0.051779
18 25 0.121504
18 26 0.997073
18 27 0.999855
18 28 0.996532
18 29 0.981645
18 30 0.791202
18 31 0.991127
18 32 0.995613
18 33 0.999984
18 34 0.999986
18 35 0.999086
18 36 0.855444
18 37 0.108547
18 38 0.999132
18 39 0.999634
18 40 0.949286
18 41 0.981645
18 42 0.991800
18 43 0.731785
18 44 0.943131
18 45 0.973968
18 46 0.626001
18 47 0.673535
18 48 0.995379
18 49 0.227550
18 50 0.999939
18 51 0.999349
18 52 0.138922
18 53 0.998610
18 54 0.949286
18 55 0.999674
18 56 0.997687
18 57 0.991800
18 58 0.997834
18 59 0.610510
18 60 0.901145
18 61 0.996532
18 62 0.901145
18 63 0.108547
18 64 0.910477
18 65 0.994733
18 66 0.019299
18 67 0.999954
18 68 0.996347
18 69 0.989633
18 70 0.999390
18 71 0.172989
18 72 0.434867
18 73 0.535509
18 74 0.999382
18 75 0.005177
18 76 0.999919
18 77 0.999878
18 78 0.954792
18 79 0.945939
18 80 0.915921
18 81 0.983667
18 82 0.987725
18 83 0.986202
18 84 0.989082
18 85 0.978283
18 86 0.999132
18 87 0.994803
18 88 0.983667
18 89 0.999985
18 90 0.981645
18 91 0.889496
18 92 0.994526
18 93 0.963627
18 94 0.703771
18 95 0.472229
18 96 0.997073
18 97 0.029925
18 98 0.011782
18 99 0.999657
19 0 0.997687
19 1 0.868768
19 2 0.998843
19 3 0.999908
19 4 0.989082
19 5 0.999964
19 6 0.995892
19 7 0.996532
19 8 0.268234
19 9 0.348574
19 10 0.911627
19 11 0.019299
19 12 0.071949
19 13 0.690668
19 14 0.999855
19 15 0.999994
19 16 0.348574
19 17 0.986202
19 18 0.961718
19 19 0.000000
19 20 0.868768
19 21 0.949286
19 22 0.999923
19 23 0.999086
19 24 0.005177
19 25 0.051779
19 26 0.998048
19 27 0.999984
19 28 0.889496
19 29 0.961718
19 30 0.998265
19 31 0.876570
19 32 0.999421
19 33 0.999657
19 34 0.999349
19 35 0.965441
19 36 0.716439
19 37 0.999695
19 38 0.286770
19 39 0.029925
19 40 0.673535
19 41 0.939390
19 42 0.996532
19 43 0.996532
19 44 0.999024
19 45 0.754758
19 46 0.999657
19 47 0.153568
19 48 0.415919
19 49 0.477022
19 50 0.812062
19 51 0.942376
19 52 0.172989
19 53 0.995613
19 54 0.995379
19 55 0.329464
19 56 0.994803
19 57 0.005177
19 58 0.999807
19 59 0.999891
19 60 0.993427
19 61 0.999987
19 62 0.961206
19 63 0.943131
19 64 0.999743
19 65 0.992215
19 66 0.999855
19 67 0.998172
19 68 0.108547
19 69 0.999848
19 70 0.972594
19 71 0.051779
19 72 0.963627
19 73 0.138922
19 74 0.961718
19 75 0.082237
19 76 0.051779
19 77 0.998457
19 78 0.990157
19 79 0.945939
19 80 0.998048
19 81 0.965439
19 82 0.993077
19 83 0.999228
19 84 0.969222
19 85 0.999829
19 86 0.029925
19 87 0.172989
19 88 0.998843
19 89 0.990157
19 90 0.989082
19 91 0.989633
19 92 0.999891
19 93 0.996100
19 94 0.995613
19 95 0.999898
19 96 0.517913
19 97 0.999998
19 98 0.071949
19 99 0.995614
20 0 0.999863
20 1 0.999566
20 2 0.138922
20 3 0.999771
20 4 0.998842
20 5 0.626001
20 6 0.998172
20 7 0.659444
20 8 0.999268
20 9 0.997073
20 10 0.586172
20 11 0.999743
20 12 0.993077
20 13 0.862253
20 14 0.999314
20 15 0.051779
20 16 0.997805
20 17 0.990289
20 18 0.999176
20 19 0.868768
20 20 0.000000
20 21 0.999657
20 22 1.000000
20 23 0.999132
20 24 0.002681
20 25 0.286770
20 26 0.924902
20 27 0.051779
20 28 0.998265
20 29 0.071949
20 30 0.994155
20 31 0.391878
20 32 0.949286
20 33 0.999943
20 34 0.791203
20 35 0.029925
20 36 0.928576
20 37 0.993515
20 38 0.999992
20 39 0.415919
20 40 0.831064
20 41 0.348574
20 42 0.153568
20 43 0.998971
20 44 0.999980
20 45 0.999946
20 46 0.999349
20 47 0.227550
20 48 0.989082
20 49 0.995892
20 50 0.035762
20 51 0.999943
20 52 0.996532
20 53 0.828969
20 54 0.997687
20 55 0.995892
20 56 0.999995
20 57 0.999132
20 58 0.876570
20 59 0.029925
20 60 0.995614
20 61 0.690668
20 62 0.019299
20 63 0.999512
20 64 0.138922
20 65 0.999783
20 66 0.981645
20 67 0.999981
20 68 0.093360
20 69 0.121504
20 70 0.093360
20 71 0.690668
20 72 0.223001
20 73 0.757621
20 74 0.071949
20 75 0.999990
20 76 0.999928
20 77 0.949286
20 78 0.071949
20 79 0.999985
20 80 0.987726
20 81 0.019299
20 82 0.029925
20 83 0.972594
20 84 0.978283
20 85 0.932960
20 86 0.659444
20 87 0.999024
20 88 0.999999
20 89 0.999928
20 90 0.391878
20 91 0.372722
20 92 0.172989
20 93 0.943131
20 94 0.005177
20 95 0.991800
20 96 0.998353
20 97 0.999349
20 98 0.153568
20 99 0.590401
21 0 0.082237
21 1 0.108547
21 2 0.227550
21 3 0.853623
21 4 0.477022
21 5 0.029925
21 6 0.994526
21 7 0.029925
21 8 0.999817
21 9 0.998265
21 10 0.998375
21 11 0.963627
21 12 0.552765
21 13 0.997804
21 14 0.268234
21 15 0.093360
21 16 0.910477
21 17 0.992319
21 18 0.846427
21 19 0.949286
21 20 0.999657
21 21 0.000000
21 22 0.205798
21 23 0.434867
21 24 0.991246
21 25 0.862254
21 26 0.838911
21 27 0.029925
21 28 0.999855
21 29 0.121504
21 30 0.029925
21 31 0.995379
21 32 0.951799
21 33 0.818483
21 34 0.286770
21 35 0.029925
21 36 0.989633
21 37 0.993844
21 38 0.999593
21 39 0.905921
21 40 0.993844
21 41 0.992215
21 42 0.999634
21 43 0.920015
21 44 0.626001
21 45 0.998971
21 46 0.029925
21 47 0.999695
21 48 0.998781
21 49 0.954189
21 50 0.974313
21 51 0.477022
21 52 0.999512
21 53 0.517913
21 54 0.975602
21 55 0.936253
21 56 0.999614
21 57 0.999949
21 58 0.999987
21 59 0.982569
21 60 0.096388
21 61 0.999985
21 62 0.535509
21 63 0.557193
21 64 0.975602
21 65 0.951799
21 66 0.999980
21 67 0.029925
21 68 0.138922
21 69 0.981397
21 70 0.998536
21 71 0.989633
21 72 0.535509
21 73 0.999512
21 74 0.996532
21 75 0.999871
21 76 0.995892
21 77 0.999942
21 78 0.987725
21 79 0.959174
21 80 0.999996
21 81 0.999980
21 82 0.590401
21 83 0.989082
21 84 0.999566
21 85 0.976514
21 86 0.999228
21 87 0.082237
21 88 0.999955
21 89 0.999512
21 90 0.982569
21 91 0.999593
21 92 0.996752
21 93 0.999268
21 94 0.096388
21 95 0.286770
21 96 0.984491
21 97 0.999976
21 98 0.985469
21 99 0.029925
22 0 0.138922
22 1 0.999991
22 2 0.956464
22 3 0.019299
22 4 0.999992
22 5 0.862254
22 6 0.108547
22 7 0.995672
22 8 0.019299
22 9 0.051779
22 10 0.905921
22 11 0.999977
22 12 0.268234
22 13 0.999987
22 14 0.954792
22 15 0.943131
22 16 0.999931
22 17 0.999566
22 18 0.011782
22 19 0.999923
22 20 1.000000
22 21 0.205798
22 22 0.000000
22 23 0.719662
22 24 0.991800
22 25 0.999349
22 26 0.227550
22 27 0.590401
22 28 0.999992
22 29 0.286770
22 30 0.029925
22 31 0.862254
22 32 0.138922
22 33 0.999614
22 34 0.999909
22 35 0.005177
22 36 0.989082
22 37 0.011782
22 38 0.998629
22 39 0.979374
22 40 0.227550
22 41 0.990157
22 42 0.513285
22 43 0.517913
22 44 0.999691
22 45 0.889496
22 46 0.980672
22 47 0.552765
22 48 0.987725
22 49 0.999837
22 50 0.205798
22 51 0.838911
22 52 0.029925
22 53 0.997944
22 54 0.989633
22 55 0.995133
22 56 0.999954
22 57 0.993516
22 58 0.996917
22 59 0.999886
22 60 0.999382
22 61 0.994526
22 62 0.959174
22 63 0.029925
22 64 0.999829
22 65 0.329464
22 66 0.999954
22 67 0.329464
22 68 0.999451
22 69 0.920015
22 70 0.999267
22 71 0.029925
22 72 0.997222
22 73 0.434867
22 74 0.993077
22 75 0.999518
22 76 0.999807
22 77 0.517913
22 78 0.924902
22 79 0.999634
22 80 0.999543
22 81 0.882454
22 82 0.995892
22 83 0.999992
22 84 0.227550
22 85 0.999999
22 86 0.976826
22 87 0.999729
22 88 0.999845
22 89 0.768376
22 90 0.999998
22 91 0.999964
22 92 0.979374
22 93 0.999228
22 94 0.999996
22 95 0.029925
22 96 0.855444
22 97 0.690668
22 98 0.999634
22 99 0.921048
23 0 0.999908
23 1 0.743483
23 2 0.999959
23 3 0.901145
23 4 0.768376
23 5 0.999908
23 6 0.754757
23 7 0.189109
23 8 0.980672
23 9 0.993077
23 10 0.999743
23 11 0.976826
23 12 0.305549
23 13 0.996917
23 14 0.989082
23 15 0.005177
23 16 0.641070
23 17 0.082237
23 18 0.993077
23 19 0.999086
23 20 0.999132
23 21 0.434867
23 22 0.719662
23 23 0.000000
23 24 0.957037
23 25 0.210224
23 26 0.961718
23 27 0.999976
23 28 0.996753
23 29 0.972225
23 30 0.029925
23 31 0.982569
23 32 0.987073
23 33 0.011782
23 34 0.991800
23 35 0.999837
23 36 0.415919
23 37 0.552765
23 38 0.108547
23 39 0.082237
23 40 0.991246
23 41 0.999566
23 42 0.999634
23 43 0.961718
23 44 0.999964
23 45 0.999512
23 46 0.997687
23 47 0.999725
23 48 0.791203
23 49 0.998781
23 50 0.999794
23 51 0.981645
23 52 0.957037
23 53 0.999451
23 54 0.019299
23 55 0.959174
23 56 0.989082
23 57 0.023583
23 58 0.995066
23 59 0.999904
23 60 0.108547
23 61 0.999176
23 62 0.998457
23 63 0.967602
23 64 0.986898
23 65 0.495294
23 66 0.999451
23 67 0.999976
23 68 0.957037
23 69 0.985469
23 70 0.924902
23 71 0.108547
23 72 0.573990
23 73 0.168897
23 74 0.517913
23 75 0.999904
23 76 0.999268
23 77 0.999783
23 78 0.071949
23 79 0.980672
23 80 0.999897
23 81 0.996100
23 82 0.998457
23 83 0.996100
23 84 0.517913
23 85 0.999711
23 86 0.731785
23 87 0.998629
23 88 0.999990
23 89 0.800669
23 90 0.286770
23 91 0.999992
23 92 0.936253
23 93 0.999390
23 94 0.998048
23 95 0.973967
23 96 0.757621
23 97 0.999997
23 98 0.999783
23 99 0.800669
24 0 0.999132
24 1 0.997687
24 2 0.999421
24 3 0.961206
24 4 0.999943
24 5 0.991800
24 6 0.999914
24 7 0.999999
24 8 0.984491
24 9 0.999797
24 10 0.961718
24 11 0.071949
24 12 0.998375
24 13 0.245316
24 14 0.999952
24 15 0.989633
24 16 0.999936
24 17 0.984491
24 18 0.051779
24 19 0.005177
24 20 0.002681
24 21 0.991246
24 22 0.991800
24 23 0.957037
24 24 0.000000
24 25 0.994803
24 26 0.999314
24 27 0.999998
24 28 0.108547
24 29 0.985272
24 30 0.977134
24 31 0.999807
24 32 0.994156
24 33 0.082237
24 34 0.995133
24 35 0.999711
24 36 0.999743
24 37 0.998698
24 38 0.019299
24 39 0.983667
24 40 0.999349
24 41 0.998698
24 42 0.998971
24 43 0.993427
24 44 0.994803
24 45 0.992708
24 46 0.999485
24 47 0.999783
24 48 0.965899
24 49 0.999986
24 50 0.023583
24 51 0.999086
24 52 0.999652
24 53 0.071949
24 54 0.999536
24 55 0.965441
24 56 0.999743
24 57 0.329464
24 58 0.626001
24 59 0.999783
24 60 0.894801
24 61 0.071949
24 62 0.029925
24 63 0.029925
24 64 0.961205
24 65 0.996532
24 66 0.999543
24 67 0.998698
24 68 0.999674
24 69 0.987725
24 70 0.006763
24 71 0.862254
24 72 1.000000
24 73 0.999969
24 74 0.999855
24 75 0.923918
24 76 0.687190
24 77 0.227550
24 78 0.963627
24 79 0.945939
24 80 1.000000
24 81 0.495294
24 82 0.999878
24 83 0.995133
24 84 0.999817
24 85 0.936254
24 86 0.999962
24 87 0.051779
24 88 0.071949
24 89 0.051779
24 90 0.472229
24 91 0.993516
24 92 0.999979
24 93 0.071949
24 94 0.096388
24 95 0.995892
24 96 0.990289
24 97 0.975602
24 98 0.882454
24 99 0.071949
25 0 0.999959
25 1 0.731785
25 2 0.996100
25 3 0.029925
25 4 0.846427
25 5 0.997259
25 6 0.995379
25 7 0.005177
25 8 0.996917
25 9 0.184860
25 10 0.991363
25 11 0.703771
25 12 0.999971
25 13 0.983667
25 14 0.999711
25 15 0.986898
25 16 0.999268
25 17 0.051779
25 18 0.121504
25 19 0.051779
25 20 0.286770
25 21 0.862254
25 22 0.999349
25 23 0.210224
25 24 0.994803
25 25 0.000000
25 26 0.005177
25 27 0.703771
25 28 0.936253
25 29 0.999268
25 30 0.999999
25 31 0.005177
25 32 0.138922
25 33 0.999837
25 34 0.991246
25 35 0.959174
25 36 0.889496
25 37 0.189109
25 38 0.990780
25 39 0.936253
25 40 0.998536
25 41 0.391878
25 42 0.999314
25 43 0.999725
25 44 0.778726
25 45 0.005177
25 46 0.998265
25 47 0.999993
25 48 0.965441
25 49 0.690668
25 50 0.999132
25 51 0.999268
25 52 0.227550
25 53 0.019299
25 54 0.999999
25 55 0.434867
25 56 0.999829
25 57 0.999979
25 58 0.703771
25 59 0.997259
25 60 0.019299
25 61 0.999988
25 62 0.205798
25 63 0.970762
25 64 0.846427
25 65 1.000000
25 66 0.998147
25 67 0.996152
25 68 0.071949
25 69 0.989633
25 70 0.999982
25 71 0.005177
25 72 0.998265
25 73 0.994526
25 74 0.999657
25 75 0.535509
25 76 0.978283
25 77 0.957038
25 78 0.999305
25 79 0.999923
25 80 0.999990
25 81 0.999086
25 82 0.002681
25 83 0.205798
25 84 0.999897
25 85 0.999988
25 86 0.982801
25 87 0.999614
25 88 0.995672
25 89 0.999024
25 90 0.883941
25 91 0.517913
25 92 0.988345
25 93 0.051779
25 94 0.932077
25 95 0.223001
25 96 0.961206
25 97 0.996532
25 98 0.999756
25 99 0.006763
26 0 0.029925
26 1 0.999985
26 2 0.060180
26 3 0.573990
26 4 0.999657
26 5 0.768376
26 6 0.889496
26 7 0.999566
26 8 0.974313
26 9 0.996708
26 10 0.011782
26 11 0.997073
26 12 0.096388
26 13 0.999995
26 14 0.971149
26 15 0.961718
26 16 0.876570
26 17 0.995379
26 18 0.997073
26 19 0.998048
26 20 0.924902
26 21 0.838911
26 22 0.227550
26 23 0.961718
26 24 0.999314
26 25 0.005177
26 26 0.000000
26 27 0.996917
26 28 0.999634
26 29 0.999999
26 30 0.976826
26 31 0.999614
26 32 0.029925
26 33 0.719662
26 34 0.974313
26 35 0.172989
26 36 0.828969
26 37 0.005177
26 38 0.999995
26 39 0.990289
26 40 0.138922
26 41 0.995836
26 42 0.138922
26 43 0.951799
26 44 0.348574
26 45 0.999634
26 46 0.096388
26 47 0.999268
26 48 0.923917
26 49 0.999891
26 50 0.999931
26 51 0.029925
26 52 1.000000
26 53 0.731785
26 54 0.029925
26 55 0.999863
26 56 0.999994
26 57 0.051779
26 58 0.999228
26 59 0.998172
26 60 0.051779
26 61 0.029925
26 62 0.998536
26 63 0.994155
26 64 0.019299
26 65 0.999903
26 66 0.999928
26 67 0.324510
26 68 0.495294
26 69 0.035762
26 70 0.998265
26 71 0.975273
26 72 0.999268
26 73 0.987726
26 74 0.985272
26 75 0.995379
26 76 0.019299
26 77 0.996917
26 78 0.997804
26 79 0.227550
26 80 0.999657
26 81 0.999743
26 82 0.108547
26 83 0.999990
26 84 0.999794
26 85 0.121504
26 86 0.820692
26 87 0.999878
26 88 0.096388
26 89 0.999783
26 90 0.997398
26 91 0.999855
26 92 0.999349
26 93 0.348574
26 94 0.517913
26 95 0.936253
26 96 0.286770
26 97 0.153568
26 98 0.998901
26 99 0.168897
27 0 0.023583
27 1 0.915921
27 2 0.979374
27 3 0.999908
27 4 0.997073
27 5 0.029925
27 6 0.986898
27 7 0.329464
27 8 0.997563
27 9 0.071949
27 10 0.108547
27 11 0.999566
27 12 0.029925
27 13 0.911627
27 14 0.019299
27 15 0.876570
27 16 0.434867
27 17 0.994803
27 18 0.999855
27 19 0.999984
27 20 0.051779
27 21 0.029925
27 22 0.590401
27 23 0.999976
27 24 0.999998
27 25 0.703771
27 26 0.996917
27 27 0.000000
27 28 0.096388
27 29 0.029925
27 30 0.888076
27 31 0.999267
27 32 0.999187
27 33 0.998457
27 34 0.999996
27 35 0.999023
27 36 0.989082
27 37 0.138922
27 38 0.992609
27 39 0.535509
27 40 0.868768
27 41 0.005177
27 42 0.029925
27 43 0.391878
27 44 0.951799
27 45 0.989082
27 46 0.172989
27 47 0.001279
27 48 0.996532
27 49 0.082237
27 50 0.415919
27 51 0.999986
