0 0 0.000000
0 1 0.035762
0 2 0.189109
0 3 0.995672
0 4 0.980672
0 5 0.981645
0 6 0.997563
0 7 0.993516
0 8 0.573990
0 9 0.995672
0 10 0.961718
0 11 0.051779
0 12 0.862254
0 13 0.936254
0 14 0.979649
0 15 0.153568
0 16 0.998971
0 17 0.227550
0 18 0.911627
0 19 0.967602
0 20 0.998265
0 21 0.329464
0 22 0.071949
0 23 0.999657
0 24 0.991800
0 25 0.999962
0 26 0.029925
0 27 0.082237
0 28 0.979374
0 29 0.011782
0 30 0.517913
0 31 0.999891
0 32 0.936253
0 33 0.991800
0 34 0.999797
0 35 0.029925
0 36 0.996917
0 37 0.999458
0 38 0.096388
0 39 0.911627
0 40 0.415919
0 41 0.977135
0 42 0.743482
0 43 0.989082
0 44 0.372722
0 45 0.862254
0 46 0.690668
0 47 0.644918
0 48 0.997259
0 49 0.999421
0 50 0.329464
0 51 0.991800
0 52 0.743482
0 53 0.994234
0 54 0.889496
0 55 0.268234
0 56 0.991800
0 57 0.005177
0 58 0.994873
0 59 0.998375
0 60 0.993515
0 61 0.812062
0 62 0.995379
0 63 0.985469
0 64 0.974313
0 65 0.980672
0 66 0.051779
0 67 0.999657
0 68 0.999485
0 69 0.153568
0 70 0.997398
0 71 0.863976
0 72 0.961718
0 73 0.971149
0 74 0.716439
0 75 0.985469
0 76 0.999829
0 77 0.071949
0 78 0.071949
0 79 0.703771
0 80 0.959712
0 81 0.998629
0 82 0.983668
0 83 0.831064
0 84 0.971149
0 85 0.996532
0 86 0.924902
0 87 0.999981
0 88 0.971149
0 89 0.965899
0 90 0.071949
0 91 0.999829
0 92 0.996753
0 93 0.172989
0 94 0.982801
0 95 0.994234
0 96 0.928576
0 97 0.972594
0 98 0.943131
0 99 0.071949
1 0 0.035762
1 1 0.000000
1 2 0.932960
1 3 0.305549
1 4 0.997563
1 5 0.999865
1 6 0.940181
1 7 0.719662
1 8 0.943131
1 9 0.999390
1 10 0.372722
1 11 0.987725
1 12 0.999981
1 13 0.029925
1 14 0.268234
1 15 0.227550
1 16 0.998781
1 17 0.990289
1 18 0.951799
1 19 0.800669
1 20 0.998971
1 21 0.372722
1 22 0.999771
1 23 0.673536
1 24 0.961718
1 25 0.690668
1 26 0.999914
1 27 0.932960
1 28 0.329464
1 29 0.894798
1 30 0.029925
1 31 0.673535
1 32 0.005177
1 33 0.997563
1 34 0.889496
1 35 0.996752
1 36 0.996347
1 37 0.189109
1 38 0.367738
1 39 0.096388
1 40 0.961718
1 41 0.998172
1 42 0.997563
1 43 0.951798
1 44 0.731785
1 45 0.989633
1 46 0.096388
1 47 0.999819
1 48 0.999932
1 49 0.999981
1 50 0.999594
1 51 0.517913
1 52 0.535509
1 53 0.883941
1 54 0.981645
1 55 0.703771
1 56 0.189109
1 57 0.978283
1 58 0.961719
1 59 0.997563
1 60 0.415919
1 61 0.993077
1 62 0.716438
1 63 0.268234
1 64 0.959712
1 65 0.999743
1 66 0.329464
1 67 0.949286
1 68 0.889496
1 69 0.626002
1 70 0.029925
1 71 0.936254
1 72 0.999614
1 73 0.096388
1 74 0.329464
1 75 0.573990
1 76 0.096388
1 77 0.071949
1 78 0.971149
1 79 0.995892
1 80 0.029925
1 81 0.911627
1 82 0.071949
1 83 0.924902
1 84 0.329464
1 85 0.757621
1 86 0.980672
1 87 0.999886
1 88 0.138922
1 89 0.975602
1 90 0.096388
1 91 0.994234
1 92 0.791203
1 93 0.999543
1 94 0.071949
1 95 0.932077
1 96 0.959712
1 97 0.954792
1 98 0.757621
1 99 0.573990
2 0 0.189109
2 1 0.932960
2 2 0.000000
2 3 0.870414
2 4 0.996533
2 5 0.997563
2 6 0.035762
2 7 0.923917
2 8 0.590401
2 9 0.703771
2 10 0.999228
2 11 0.999695
2 12 0.905920
2 13 0.999997
2 14 0.993077
2 15 0.978283
2 16 0.868766
2 17 0.071949
2 18 0.997834
2 19 0.999543
2 20 0.557193
2 21 0.138922
2 22 0.994803
2 23 0.999981
2 24 0.978283
2 25 0.987725
2 26 0.286770
2 27 0.978283
2 28 0.999390
2 29 0.108547
2 30 0.997259
2 31 0.998781
2 32 0.051779
2 33 0.983668
2 34 0.999797
2 35 0.029925
2 36 0.975602
2 37 0.372722
2 38 0.310464
2 39 0.975602
2 40 0.172989
2 41 0.951799
2 42 0.945939
2 43 0.965899
2 44 0.989082
2 45 0.005177
2 46 0.138922
2 47 0.329464
2 48 0.082237
2 49 0.978283
2 50 0.999898
2 51 0.972958
2 52 0.998971
2 53 0.999819
2 54 0.994526
2 55 0.998971
2 56 0.999998
2 57 0.800669
2 58 0.029925
2 59 0.757621
2 60 0.999593
2 61 0.915921
2 62 0.029925
2 63 0.029925
2 64 0.901145
2 65 0.961718
2 66 0.961718
2 67 0.997259
2 68 0.971149
2 69 0.996347
2 70 0.051779
2 71 0.972594
2 72 0.812062
2 73 0.998916
2 74 0.999898
2 75 0.372722
2 76 0.703771
2 77 0.998555
2 78 0.999996
2 79 0.812062
2 80 0.268234
2 81 0.673536
2 82 0.029925
2 83 0.029925
2 84 0.781351
2 85 0.329464
2 86 0.108547
2 87 0.989772
2 88 0.051779
2 89 0.803068
2 90 0.951799
2 91 0.974313
2 92 0.870414
2 93 0.677128
2 94 0.029925
2 95 0.999518
2 96 0.991363
2 97 0.005177
2 98 0.996753
2 99 0.989082
3 0 0.995672
3 1 0.305549
3 2 0.870414
3 3 0.000000
3 4 0.831064
3 5 0.768376
3 6 0.996917
3 7 0.189109
3 8 0.005177
3 9 0.999982
3 10 0.172989
3 11 0.999593
3 12 0.153568
3 13 0.924902
3 14 0.573990
3 15 0.268234
3 16 0.999023
3 17 0.517913
3 18 0.971149
3 19 0.999904
3 20 0.999277
3 21 0.954189
3 22 0.019299
3 23 0.969629
3 24 0.673535
3 25 0.029925
3 26 0.610510
3 27 0.999871
3 28 0.999880
3 29 0.305549
3 30 0.901145
3 31 0.954792
3 32 0.957037
3 33 0.995133
3 34 0.984698
3 35 0.936254
3 36 0.998916
3 37 0.997563
3 38 0.573990
3 39 0.870414
3 40 0.999566
3 41 0.999314
3 42 0.610510
3 43 0.876570
3 44 0.138922
3 45 0.870414
3 46 0.987073
3 47 0.999594
3 48 0.659444
3 49 0.731785
3 50 0.610510
3 51 0.659444
3 52 0.991800
3 53 0.998555
3 54 0.988501
3 55 0.997944
3 56 0.963626
3 57 0.928576
3 58 0.800669
3 59 0.227550
3 60 0.138922
3 61 0.971149
3 62 0.477022
3 63 0.999566
3 64 0.999990
3 65 0.035762
3 66 0.921048
3 67 0.138922
3 68 0.071949
3 69 0.997834
3 70 0.071949
3 71 0.172989
3 72 0.517913
3 73 0.889496
3 74 0.905921
3 75 0.848329
3 76 0.977134
3 77 0.975602
3 78 0.999228
3 79 0.517913
3 80 0.974313
3 81 0.971149
3 82 0.245316
3 83 0.999998
3 84 0.029925
3 85 0.659444
3 86 0.731785
3 87 0.011782
3 88 0.883941
3 89 0.921048
3 90 0.029925
3 91 0.096388
3 92 0.963627
3 93 0.999848
3 94 0.719662
3 95 0.999957
3 96 0.949286
3 97 0.999228
3 98 0.991800
3 99 0.513285
4 0 0.980672
4 1 0.997563
4 2 0.996533
4 3 0.831064
4 4 0.000000
4 5 0.005177
4 6 0.029925
4 7 0.029925
4 8 0.415919
4 9 0.071949
4 10 0.659444
4 11 0.957038
4 12 0.999132
4 13 0.477022
4 14 0.690668
4 15 0.996917
4 16 0.029925
4 17 0.495294
4 18 0.996347
4 19 0.626002
4 20 0.998074
4 21 0.517913
4 22 0.999955
4 23 0.731785
4 24 0.997563
4 25 0.924902
4 26 0.999458
4 27 0.998781
4 28 0.982801
4 29 0.997073
4 30 0.999458
4 31 0.998843
4 32 0.870414
4 33 0.517913
4 34 0.626001
4 35 0.999657
4 36 0.967602
4 37 0.453650
4 38 0.060180
4 39 0.071949
4 40 0.999759
4 41 0.029925
4 42 0.820692
4 43 0.999566
4 44 0.967602
4 45 0.963627
4 46 0.999458
4 47 0.949287
4 48 0.999458
4 49 0.019299
4 50 0.999086
4 51 0.268234
4 52 0.108547
4 53 0.999086
4 54 0.082237
4 55 0.998629
4 56 0.987073
4 57 0.994234
4 58 0.959174
4 59 0.838911
4 60 0.189109
4 61 0.573990
4 62 0.434867
4 63 0.980672
4 64 0.999695
4 65 0.138922
4 66 0.999987
4 67 0.997834
4 68 0.990780
4 69 0.071949
4 70 0.006763
4 71 0.995379
4 72 0.997944
4 73 0.999848
4 74 0.644918
4 75 0.659444
4 76 0.227550
4 77 0.096388
4 78 0.172989
4 79 0.954792
4 80 0.329464
4 81 0.996347
4 82 0.987073
4 83 0.999458
4 84 0.071949
4 85 0.951799
4 86 0.980672
4 87 0.999349
4 88 0.096388
4 89 0.997944
4 90 0.995892
4 91 0.372722
4 92 0.992216
4 93 0.999382
4 94 0.138922
4 95 0.954792
4 96 0.870414
4 97 0.998457
4 98 0.719662
4 99 0.855444
5 0 0.981645
5 1 0.999865
5 2 0.997563
5 3 0.768376
5 4 0.005177
5 5 0.000000
5 6 0.677128
5 7 0.969629
5 8 1.000000
5 9 0.995892
5 10 0.994803
5 11 0.992708
5 12 0.905921
5 13 0.019299
5 14 0.051779
5 15 0.998781
5 16 0.998629
5 17 0.495294
5 18 0.172989
5 19 0.998172
5 20 0.329464
5 21 0.096388
5 22 0.889496
5 23 0.999229
5 24 0.994234
5 25 0.995672
5 26 0.757621
5 27 0.029925
5 28 0.372722
5 29 0.391878
5 30 0.983667
5 31 0.035762
5 32 0.997259
5 33 0.954792
5 34 0.999486
5 35 0.921048
5 36 0.982801
5 37 0.963627
5 38 0.138922
5 39 0.993516
5 40 0.986202
5 41 0.998716
5 42 0.082237
5 43 0.096388
5 44 0.905921
5 45 0.998629
5 46 0.590402
5 47 0.768376
5 48 0.999973
5 49 0.108547
5 50 0.096388
5 51 0.517913
5 52 0.924903
5 53 0.096388
5 54 0.981645
5 55 0.980672
5 56 0.936254
5 57 0.071949
5 58 0.990289
5 59 0.372722
5 60 0.999771
5 61 0.855444
5 62 0.029925
5 63 0.995892
5 64 0.957037
5 65 0.820692
5 66 0.992708
5 67 0.999828
5 68 0.999891
5 69 0.987725
5 70 0.973967
5 71 0.991363
5 72 0.348574
5 73 0.011782
5 74 0.997834
5 75 0.985469
5 76 0.268234
5 77 0.641068
5 78 0.310464
5 79 0.019299
5 80 0.005177
5 81 0.932077
5 82 0.995892
5 83 0.138922
5 84 0.227550
5 85 0.980672
5 86 0.138922
5 87 0.995892
5 88 0.999228
5 89 0.731785
5 90 0.998375
5 91 0.969222
5 92 0.998971
5 93 0.415919
5 94 0.227550
5 95 0.227550
5 96 0.997563
5 97 0.999657
5 98 0.980672
5 99 0.901145
6 0 0.997563
6 1 0.940181
6 2 0.035762
6 3 0.996917
6 4 0.029925
6 5 0.677128
6 6 0.000000
6 7 0.517913
6 8 0.997834
6 9 0.959174
6 10 0.029925
6 11 0.791202
6 12 0.999695
6 13 0.911627
6 14 0.995892
6 15 0.610510
6 16 0.743482
6 17 0.967602
6 18 0.985469
6 19 0.924902
6 20 0.998375
6 21 0.998074
6 22 0.372722
6 23 0.743482
6 24 0.999695
6 25 0.957037
6 26 0.731785
6 27 0.951799
6 28 0.838911
6 29 0.997563
6 30 0.983667
6 31 0.999679
6 32 0.138922
6 33 0.372722
6 34 0.227550
6 35 0.997259
6 36 0.980672
6 37 0.999817
6 38 0.974313
6 39 0.928576
6 40 0.995892
6 41 0.268234
6 42 0.989772
6 43 0.988501
6 44 0.999847
6 45 0.883941
6 46 0.999990
6 47 0.071949
6 48 0.812062
6 49 0.965899
6 50 0.227550
6 51 0.071949
6 52 0.998698
6 53 0.415919
6 54 0.954792
6 55 0.995066
6 56 0.719662
6 57 0.791203
6 58 0.995133
6 59 0.991363
6 60 0.997563
6 61 0.999187
6 62 0.998971
6 63 0.995672
6 64 0.348574
6 65 0.172989
6 66 0.096388
6 67 0.997944
6 68 0.999848
6 69 0.998555
6 70 0.972594
6 71 0.990780
6 72 0.998916
6 73 0.957037
6 74 0.227550
6 75 0.975602
6 76 0.096388
6 77 0.453650
6 78 0.998074
6 79 0.993077
6 80 0.920015
6 81 0.999940
6 82 0.415919
6 83 0.989082
6 84 0.992708
6 85 0.029925
6 86 0.029925
6 87 0.029925
6 88 0.997259
6 89 0.096388
6 90 0.924902
6 91 0.883941
6 92 0.936253
6 93 0.889496
6 94 0.993077
6 95 0.985469
6 96 0.997563
6 97 0.998842
6 98 0.997398
6 99 0.996917
7 0 0.993516
7 1 0.719662
7 2 0.923917
7 3 0.189109
7 4 0.029925
7 5 0.969629
7 6 0.517913
7 7 0.000000
7 8 0.029925
7 9 0.434867
7 10 0.590401
7 11 0.372722
7 12 0.610510
7 13 0.989082
7 14 0.924902
7 15 0.999543
7 16 0.998375
7 17 0.310464
7 18 0.967602
7 19 0.994526
7 20 0.227550
7 21 0.029925
7 22 0.517913
7 23 0.227550
7 24 0.999729
7 25 0.005177
7 26 0.987725
7 27 0.108547
7 28 0.019299
7 29 0.096388
7 30 0.992319
7 31 0.979374
7 32 0.002681
7 33 0.096388
7 34 0.999390
7 35 0.768376
7 36 0.967602
7 37 0.992319
7 38 0.029925
7 39 0.862254
7 40 0.659444
7 41 0.998265
7 42 0.029925
7 43 0.391878
7 44 0.999955
7 45 0.410971
7 46 0.999485
7 47 0.391878
7 48 0.997687
7 49 0.108547
7 50 0.071949
7 51 0.967602
7 52 0.961718
7 53 0.999837
7 54 0.924902
7 55 0.011782
7 56 0.999566
7 57 0.029925
7 58 0.005177
7 59 0.268234
7 60 0.996708
7 61 0.172989
7 62 0.932077
7 63 0.999458
7 64 0.999695
7 65 0.071949
7 66 0.995379
7 67 0.082237
7 68 0.999797
7 69 0.996917
7 70 0.999918
7 71 0.011782
7 72 0.992708
7 73 0.915921
7 74 0.911627
7 75 0.999995
7 76 0.997563
7 77 0.999828
7 78 0.029925
7 79 0.980672
7 80 0.997113
7 81 0.992708
7 82 0.999797
7 83 0.846427
7 84 0.731785
7 85 0.998172
7 86 0.998457
7 87 0.998781
7 88 0.029925
7 89 0.999987
7 90 0.172989
7 91 0.703771
7 92 0.971149
7 93 0.987073
7 94 0.999485
7 95 0.999855
7 96 0.453650
7 97 0.999277
7 98 0.998781
7 99 0.999993
8 0 0.573990
8 1 0.943131
8 2 0.590401
8 3 0.005177
8 4 0.415919
8 5 1.000000
8 6 0.997834
8 7 0.029925
8 8 0.000000
8 9 0.227550
8 10 0.348574
8 11 0.997944
8 12 0.051779
8 13 0.988501
8 14 0.936253
8 15 0.812062
8 16 0.998375
8 17 0.987073
8 18 0.967602
8 19 0.310464
8 20 0.992215
8 21 0.979374
8 22 0.071949
8 23 0.932960
8 24 0.996753
8 25 0.989082
8 26 0.690668
8 27 0.977134
8 28 0.096388
8 29 0.977135
8 30 0.974313
8 31 0.703771
8 32 0.959712
8 33 0.990780
8 34 0.999989
8 35 0.975602
8 36 0.999593
8 37 0.936253
8 38 0.980672
8 39 0.029925
8 40 0.999743
8 41 0.812062
8 42 0.029925
8 43 0.963627
8 44 0.035762
8 45 0.995672
8 46 0.138922
8 47 0.999864
8 48 0.029925
8 49 0.901145
8 50 0.981645
8 51 0.557193
8 52 0.848329
8 53 0.999976
8 54 0.998457
8 55 0.205798
8 56 0.940181
8 57 0.999228
8 58 0.997687
8 59 0.993844
8 60 0.268234
8 61 0.957037
8 62 0.268234
8 63 0.989082
8 64 0.838911
8 65 0.992708
8 66 0.998172
8 67 0.999962
8 68 0.999187
8 69 0.096388
8 70 0.940181
8 71 0.994234
8 72 0.991363
8 73 0.991800
8 74 0.988501
8 75 0.820692
8 76 0.991246
8 77 0.172989
8 78 0.915921
8 79 0.997398
8 80 0.995133
8 81 0.690668
8 82 0.911627
8 83 0.999639
8 84 0.029925
8 85 0.974313
8 86 0.974313
8 87 0.961719
8 88 0.980672
8 89 0.429955
8 90 0.932960
8 91 0.963626
8 92 0.999797
8 93 0.227550
8 94 0.915921
8 95 0.915921
8 96 0.999593
8 97 0.096388
8 98 0.975602
8 99 0.971149
9 0 0.995672
9 1 0.999390
9 2 0.703771
9 3 0.999982
9 4 0.071949
9 5 0.995892
9 6 0.959174
9 7 0.434867
9 8 0.227550
9 9 0.000000
9 10 0.959174
9 11 0.781351
9 12 0.979374
9 13 0.573990
9 14 0.961718
9 15 0.673535
9 16 0.915921
9 17 0.940181
9 18 0.999390
9 19 0.659444
9 20 0.928576
9 21 0.987726
9 22 0.051779
9 23 0.915921
9 24 0.997113
9 25 0.105307
9 26 0.939390
9 27 0.071949
9 28 0.988501
9 29 0.870414
9 30 0.915921
9 31 0.911627
9 32 0.997834
9 33 0.978283
9 34 0.993515
9 35 0.999485
9 36 0.690668
9 37 0.071949
9 38 0.999421
9 39 0.915921
9 40 0.172989
9 41 0.071949
9 42 0.997398
9 43 0.990780
9 44 0.994526
9 45 0.051779
9 46 0.999743
9 47 0.999743
9 48 0.477022
9 49 0.626001
9 50 0.227550
9 51 0.987725
9 52 0.227550
9 53 0.999458
9 54 0.286771
9 55 0.268234
9 56 0.985469
9 57 0.996532
9 58 0.082237
9 59 0.980672
9 60 0.976826
9 61 0.172989
9 62 0.227550
9 63 0.999971
9 64 0.971149
9 65 0.999486
9 66 0.535509
9 67 0.998048
9 68 0.477022
9 69 0.096388
9 70 0.391878
9 71 0.983668
9 72 0.951799
9 73 0.831065
9 74 0.993076
9 75 0.998781
9 76 0.870414
9 77 0.768376
9 78 0.999458
9 79 0.999729
9 80 0.035762
9 81 0.731785
9 82 0.961719
9 83 0.855444
9 84 0.005177
9 85 0.138922
9 86 0.999037
9 87 0.876570
9 88 0.924902
9 89 0.905920
9 90 0.995892
9 91 0.096388
9 92 0.731785
9 93 0.029925
9 94 0.999086
9 95 1.000000
9 96 0.329464
9 97 0.690668
9 98 0.517913
9 99 0.995133
10 0 0.961718
10 1 0.372722
10 2 0.999228
10 3 0.172989
10 4 0.659444
10 5 0.994803
10 6 0.029925
10 7 0.590401
10 8 0.348574
10 9 0.959174
10 10 0.000000
10 11 0.029925
10 12 0.987073
10 13 0.995379
10 14 0.993077
10 15 0.138922
10 16 0.995133
10 17 0.998457
10 18 0.998781
10 19 0.883941
10 20 0.778725
10 21 0.994234
10 22 0.974313
10 23 0.876571
10 24 0.848329
10 25 0.477022
10 26 0.051779
10 27 0.108547
10 28 0.997563
10 29 0.071949
10 30 0.096388
10 31 0.227550
10 32 0.998971
10 33 0.029925
10 34 0.987073
10 35 0.121504
10 36 0.924902
10 37 0.005177
10 38 0.970761
10 39 0.987073
10 40 0.999924
10 41 0.415919
10 42 0.987725
10 43 0.999924
10 44 0.971149
10 45 0.915920
10 46 0.987073
10 47 0.989082
10 48 0.029925
10 49 0.071949
10 50 0.029925
10 51 0.954189
10 52 0.227550
10 53 0.996753
10 54 0.987725
10 55 0.996579
10 56 0.995379
10 57 0.994526
10 58 0.005177
10 59 0.876571
10 60 0.999914
10 61 0.999891
10 62 0.998172
10 63 0.999711
10 64 0.957037
10 65 0.690668
10 66 0.999390
10 67 0.882454
10 68 0.984698
10 69 0.719662
10 70 0.019299
10 71 0.992708
10 72 0.227550
10 73 0.138922
10 74 0.965899
10 75 0.268234
10 76 0.998457
10 77 0.999314
10 78 0.716439
10 79 0.998843
10 80 0.985469
10 81 0.820692
10 82 0.975602
10 83 0.415919
10 84 0.768376
10 85 0.969629
10 86 0.999390
10 87 0.949286
10 88 0.999986
10 89 0.999566
10 90 0.999971
10 91 0.979649
10 92 0.029925
10 93 0.995672
10 94 0.967602
10 95 0.998457
10 96 0.998074
10 97 0.138922
10 98 0.889496
10 99 0.987726
11 0 0.051779
11 1 0.987725
11 2 0.999695
11 3 0.999593
11 4 0.957038
11 5 0.992708
11 6 0.791202
11 7 0.372722
11 8 0.997944
11 9 0.781351
11 10 0.029925
11 11 0.000000
11 12 0.989082
11 13 0.590401
11 14 0.999807
11 15 0.138922
11 16 0.996753
11 17 0.969629
11 18 0.535510
11 19 0.071949
11 20 0.997563
11 21 0.924902
11 22 0.999839
11 23 0.945939
11 24 0.071949
11 25 0.812062
11 26 0.993077
11 27 0.996347
11 28 0.990780
11 29 0.936253
11 30 0.996532
11 31 0.915921
11 32 0.286770
11 33 0.227550
11 34 0.189109
11 35 0.949287
11 36 0.988501
11 37 0.967602
11 38 0.990289
11 39 0.995892
11 40 0.535509
11 41 0.999848
11 42 0.949286
11 43 0.997259
11 44 0.974313
11 45 0.391878
11 46 0.329464
11 47 0.986898
11 48 0.268234
11 49 0.999695
11 50 0.971149
11 51 0.348574
11 52 0.997687
11 53 0.517913
11 54 0.994803
11 55 0.060180
11 56 0.921048
11 57 0.946647
11 58 0.989082
11 59 0.961718
11 60 0.071949
11 61 0.954792
11 62 0.943131
11 63 0.999024
11 64 0.820692
11 65 0.245316
11 66 0.189109
11 67 0.535509
11 68 0.071949
11 69 0.268234
11 70 0.997834
11 71 0.978283
11 72 0.921048
11 73 0.990157
11 74 0.992708
11 75 0.946647
11 76 0.458502
11 77 0.999975
11 78 0.999228
11 79 0.989082
11 80 0.659444
11 81 0.946647
11 82 0.999828
11 83 0.999657
11 84 0.999975
11 85 0.951799
11 86 0.108547
11 87 0.029925
11 88 0.227550
11 89 0.610510
11 90 0.998172
11 91 0.876571
11 92 0.999593
11 93 0.477022
11 94 0.831064
11 95 0.096388
11 96 0.949287
11 97 0.998916
11 98 0.974313
11 99 0.954792
12 0 0.862254
12 1 0.999981
12 2 0.905920
12 3 0.153568
12 4 0.999132
12 5 0.905921
12 6 0.999695
12 7 0.610510
12 8 0.051779
12 9 0.979374
12 10 0.987073
12 11 0.989082
12 12 0.000000
12 13 0.998375
12 14 0.029925
12 15 0.911627
12 16 0.477022
12 17 0.998971
12 18 0.019299
12 19 0.071949
12 20 0.951799
12 21 0.153568
12 22 0.172989
12 23 0.791203
12 24 0.992319
12 25 0.999458
12 26 0.096388
12 27 0.096388
12 28 0.005177
12 29 0.820692
12 30 0.959174
12 31 0.996753
12 32 0.940181
12 33 0.997834
12 34 0.999187
12 35 0.172989
12 36 0.901145
12 37 0.778726
12 38 0.957037
12 39 0.051779
12 40 0.286770
12 41 0.998172
12 42 0.999086
12 43 0.971149
12 44 0.999086
12 45 0.029925
12 46 0.138922
12 47 0.876570
12 48 0.051779
12 49 0.995379
12 50 0.988501
12 51 0.977135
12 52 0.391878
12 53 0.976826
12 54 0.590401
12 55 0.812062
12 56 0.029925
12 57 0.138922
12 58 0.820693
12 59 0.943131
12 60 0.999543
12 61 0.227550
12 62 0.998916
12 63 0.590401
12 64 0.870414
12 65 0.800668
12 66 0.071949
12 67 0.986386
12 68 0.458502
12 69 0.268234
12 70 0.690668
12 71 0.972958
12 72 0.998629
12 73 0.977134
12 74 0.999990
12 75 0.999485
12 76 0.108547
12 77 0.928576
12 78 0.999086
12 79 0.999898
12 80 0.993170
12 81 0.731785
12 82 0.812062
12 83 0.831064
12 84 0.943131
12 85 0.989082
12 86 0.803068
12 87 0.029925
12 88 0.227550
12 89 0.967602
12 90 0.989082
12 91 0.999228
12 92 0.998629
12 93 0.051779
12 94 0.999992
12 95 0.415919
12 96 0.746454
12 97 0.626001
12 98 0.998971
12 99 0.936253
13 0 0.936254
13 1 0.029925
13 2 0.999997
13 3 0.924902
13 4 0.477022
13 5 0.019299
13 6 0.911627
13 7 0.989082
13 8 0.988501
13 9 0.573990
13 10 0.995379
13 11 0.590401
13 12 0.998375
13 13 0.000000
13 14 0.573990
13 15 0.168897
13 16 0.957038
13 17 0.993516
13 18 0.997113
13 19 0.557193
13 20 0.987073
13 21 0.951799
13 22 0.999864
13 23 0.999037
13 24 0.286770
13 25 0.943131
13 26 0.999729
13 27 0.372722
13 28 0.108547
13 29 0.153568
13 30 0.999711
13 31 0.329464
13 32 0.372722
13 33 0.227550
13 34 0.936253
13 35 0.980672
13 36 0.943131
13 37 0.168897
13 38 0.305549
13 39 0.999421
13 40 0.998555
13 41 0.477022
13 42 0.994526
13 43 0.998781
13 44 0.716439
13 45 0.951799
13 46 0.943131
13 47 0.268234
13 48 0.954792
13 49 0.951799
13 50 0.391878
13 51 0.731785
13 52 0.999886
13 53 0.093360
13 54 0.477022
13 55 0.999024
13 56 0.434867
13 57 0.870414
13 58 0.434867
13 59 0.972594
13 60 0.019299
13 61 0.999819
13 62 0.997530
13 63 0.029925
13 64 0.415919
13 65 0.983668
13 66 0.791203
13 67 0.268234
13 68 0.967602
13 69 0.999855
13 70 0.477022
13 71 0.994155
13 72 0.153568
13 73 0.998629
13 74 0.978283
13 75 0.999990
13 76 0.477022
13 77 0.995672
13 78 0.870414
13 79 0.996100
13 80 0.029925
13 81 0.999797
13 82 0.831064
13 83 0.974313
13 84 0.610510
13 85 0.410971
13 86 0.991800
13 87 0.991800
13 88 0.998457
13 89 0.999952
13 90 0.998074
13 91 0.991800
13 92 0.998971
13 93 0.573990
13 94 0.329464
13 95 0.876570
13 96 0.949286
13 97 0.996753
13 98 0.989772
13 99 0.268234
14 0 0.979649
14 1 0.268234
14 2 0.993077
14 3 0.573990
14 4 0.690668
14 5 0.051779
14 6 0.995892
14 7 0.924902
14 8 0.936253
14 9 0.961718
14 10 0.993077
14 11 0.999807
14 12 0.029925
14 13 0.573990
14 14 0.000000
14 15 0.108547
14 16 0.915921
14 17 0.975602
14 18 0.286770
14 19 0.999886
14 20 0.999390
14 21 0.096388
14 22 0.372722
14 23 0.932960
14 24 0.999898
14 25 0.999543
14 26 0.940181
14 27 0.071949
14 28 0.992708
14 29 0.911627
14 30 0.029925
14 31 0.994526
14 32 0.992319
14 33 0.659444
14 34 0.939390
14 35 0.999990
14 36 0.974313
14 37 0.980672
14 38 0.959174
14 39 0.961718
14 40 0.268234
14 41 0.019299
14 42 0.286770
14 43 0.997113
14 44 0.029925
14 45 0.172989
14 46 0.999086
14 47 0.060180
14 48 0.905920
14 49 0.999989
14 50 0.999819
14 51 0.310464
14 52 0.781351
14 53 0.932960
14 54 0.999086
14 55 0.227550
14 56 0.820692
14 57 0.997563
14 58 0.268234
14 59 0.959174
14 60 0.974313
14 61 0.731785
14 62 0.552765
14 63 0.998629
14 64 0.005177
14 65 0.172989
14 66 0.029925
14 67 0.949286
14 68 0.999984
14 69 0.831064
14 70 0.998971
14 71 0.051779
14 72 0.997073
14 73 0.029925
14 74 0.757621
14 75 0.939390
14 76 0.757621
14 77 0.029925
14 78 0.019299
14 79 0.961718
14 80 0.889496
14 81 0.979375
14 82 0.552765
14 83 0.989634
14 84 0.951799
14 85 0.999864
14 86 0.945939
14 87 0.998842
14 88 0.997834
14 89 0.172989
14 90 0.999614
14 91 0.590401
14 92 0.991363
14 93 0.998375
14 94 0.980672
14 95 0.995379
14 96 0.980672
14 97 0.286770
14 98 0.995892
14 99 0.996917
15 0 0.153568
15 1 0.227550
15 2 0.978283
15 3 0.268234
15 4 0.996917
15 5 0.998781
15 6 0.610510
15 7 0.999543
15 8 0.812062
15 9 0.673535
15 10 0.138922
15 11 0.138922
15 12 0.911627
15 13 0.168897
15 14 0.108547
15 15 0.000000
15 16 0.626001
15 17 0.071949
15 18 0.999848
15 19 0.999994
15 20 0.138922
15 21 0.245316
15 22 0.969629
15 23 0.005177
15 24 0.991800
15 25 0.939390
15 26 0.940181
15 27 0.626001
15 28 0.991800
15 29 0.998971
15 30 0.138922
15 31 0.997259
15 32 0.988501
15 33 0.310464
15 34 0.138922
15 35 0.372722
15 36 0.999390
15 37 0.477022
15 38 0.876570
15 39 0.915921
15 40 0.803068
15 41 0.690668
15 42 0.957038
15 43 0.882455
15 44 0.999871
15 45 0.268234
15 46 0.996917
15 47 0.029925
15 48 0.993844
15 49 0.626001
15 50 0.019299
15 51 0.731785
15 52 0.690668
15 53 0.999952
15 54 0.980672
15 55 0.071949
15 56 0.928576
15 57 0.719662
15 58 0.974313
15 59 0.999086
15 60 0.268234
15 61 0.989082
15 62 0.071949
15 63 0.915921
15 64 0.999743
15 65 0.108547
15 66 0.434867
15 67 0.610510
15 68 0.990289
15 69 0.985469
15 70 0.995133
15 71 0.998172
15 72 0.227550
15 73 0.999847
15 74 0.979649
15 75 0.993515
15 76 0.172989
15 77 0.999993
15 78 0.029925
15 79 0.994526
15 80 0.434867
15 81 0.310464
15 82 0.979374
15 83 0.051779
15 84 0.979374
15 85 0.969629
15 86 0.989082
15 87 0.991246
15 88 0.870414
15 89 0.051779
15 90 0.980672
15 91 0.268234
15 92 0.999994
15 93 0.781351
15 94 0.019299
15 95 0.996753
15 96 0.987725
15 97 0.905921
15 98 0.993077
15 99 0.153568
16 0 0.998971
16 1 0.998781
16 2 0.868766
16 3 0.999023
16 4 0.029925
16 5 0.998629
16 6 0.743482
16 7 0.998375
16 8 0.998375
16 9 0.915921
16 10 0.995133
16 11 0.996753
16 12 0.477022
16 13 0.957038
16 14 0.915921
16 15 0.626001
16 16 0.000000
16 17 0.999975
16 18 0.108547
16 19 0.245316
16 20 0.999228
16 21 0.552765
16 22 0.998971
16 23 0.305549
16 24 0.999864
16 25 0.994526
16 26 0.535509
16 27 0.372722
16 28 0.029925
16 29 0.999518
16 30 0.975602
16 31 0.573990
16 32 0.138922
16 33 0.995379
16 34 0.415919
16 35 0.994803
16 36 0.921048
16 37 0.999771
16 38 0.626002
16 39 0.990289
16 40 0.995892
16 41 0.999848
16 42 0.992708
16 43 0.963627
16 44 0.855444
16 45 0.932960
16 46 0.108547
16 47 0.981645
16 48 0.999979
16 49 0.573990
16 50 0.959712
16 51 0.029925
16 52 0.573990
16 53 0.967602
16 54 0.138922
16 55 0.071949
16 56 0.905921
16 57 0.812062
16 58 0.991363
16 59 0.999797
16 60 0.019299
16 61 0.557193
16 62 0.954792
16 63 0.495294
16 64 0.019299
16 65 0.812062
16 66 0.997944
16 67 0.983667
16 68 0.189109
16 69 0.989082
16 70 0.989082
16 71 0.999187
16 72 0.019299
16 73 0.998629
16 74 0.108547
16 75 0.517913
16 76 0.870414
16 77 0.999759
16 78 0.999993
16 79 0.477022
16 80 0.121504
16 81 0.991800
16 82 0.029925
16 83 0.227550
16 84 0.999914
16 85 0.996959
16 86 0.965899
16 87 0.573990
16 88 0.998781
16 89 0.999314
16 90 0.959712
16 91 0.995892
16 92 0.999985
16 93 0.989633
16 94 0.268234
16 95 0.552765
16 96 0.911627
16 97 0.172989
16 98 0.990289
16 99 0.974313
17 0 0.227550
17 1 0.990289
17 2 0.071949
17 3 0.517913
17 4 0.495294
17 5 0.495294
17 6 0.967602
17 7 0.310464
17 8 0.987073
17 9 0.940181
17 10 0.998457
17 11 0.969629
17 12 0.998971
17 13 0.993516
17 14 0.975602
17 15 0.071949
17 16 0.999975
17 17 0.000000
17 18 0.905921
17 19 0.453650
17 20 0.911627
17 21 0.848329
17 22 0.999187
17 23 0.082237
17 24 0.981645
17 25 0.268234
17 26 0.993515
17 27 0.983667
17 28 0.189109
17 29 0.999962
17 30 0.329464
17 31 0.991800
17 32 0.995672
17 33 0.999268
17 34 0.800669
17 35 0.268234
17 36 0.659444
17 37 0.477022
17 38 0.838911
17 39 0.946647
17 40 0.974313
17 41 0.999085
17 42 0.812062
17 43 0.535509
17 44 0.988501
17 45 0.108547
17 46 0.060180
17 47 0.998555
17 48 0.138922
17 49 0.889496
17 50 0.999277
17 51 0.999986
17 52 0.590401
17 53 0.992708
17 54 0.889496
17 55 0.060180
17 56 0.310464
17 57 0.415919
17 58 0.372722
17 59 0.812062
17 60 0.876570
17 61 0.999657
17 62 0.011782
17 63 0.557193
17 64 0.996347
17 65 0.019299
17 66 0.974313
17 67 0.999187
17 68 0.943131
17 69 0.803068
17 70 0.329464
17 71 0.812062
17 72 0.862254
17 73 0.961718
17 74 0.901145
17 75 0.995672
17 76 0.999421
17 77 0.028526
17 78 0.999997
17 79 0.993516
17 80 0.999486
17 81 0.901145
17 82 0.999807
17 83 0.029925
17 84 0.329464
17 85 0.975602
17 86 0.415919
17 87 0.998457
17 88 0.998916
17 89 0.477022
17 90 0.999981
17 91 0.999797
17 92 0.911627
17 93 0.992708
17 94 0.999421
17 95 0.932960
17 96 0.999971
17 97 0.800669
17 98 0.731785
17 99 0.991800
18 0 0.911627
18 1 0.951799
18 2 0.997834
18 3 0.971149
18 4 0.996347
18 5 0.172989
18 6 0.985469
18 7 0.967602
18 8 0.967602
18 9 0.999390
18 10 0.998781
18 11 0.535510
18 12 0.019299
18 13 0.997113
18 14 0.286770
18 15 0.999848
18 16 0.108547
18 17 0.905921
18 18 0.000000
18 19 0.940181
18 20 0.999711
18 21 0.673535
18 22 0.011782
18 23 0.989082
18 24 0.051779
18 25 0.245316
18 26 0.957037
18 27 0.999829
18 28 0.957037
18 29 0.901145
18 30 0.659444
18 31 0.995613
18 32 0.998457
18 33 0.999848
18 34 0.997563
18 35 0.974313
18 36 0.911627
18 37 0.372722
18 38 0.996347
18 39 0.990780
18 40 0.940181
18 41 0.915921
18 42 0.987073
18 43 0.781351
18 44 0.803068
18 45 0.981645
18 46 0.391878
18 47 0.949286
18 48 0.985469
18 49 0.138922
18 50 0.999979
18 51 0.995379
18 52 0.268234
18 53 0.998698
18 54 0.989772
18 55 0.995379
18 56 0.978283
18 57 0.985469
18 58 0.998288
18 59 0.096388
18 60 0.517913
18 61 0.994526
18 62 0.883941
18 63 0.415919
18 64 0.905921
18 65 0.988934
18 66 0.019299
18 67 0.999828
18 68 0.988501
18 69 0.928576
18 70 0.995672
18 71 0.172989
18 72 0.610510
18 73 0.610510
18 74 0.996532
18 75 0.005177
18 76 0.999971
18 77 0.999228
18 78 0.610510
18 79 0.915921
18 80 0.434867
18 81 0.985469
18 82 0.855444
18 83 0.915921
18 84 0.949286
18 85 0.961718
18 86 0.980672
18 87 0.768376
18 88 0.987073
18 89 0.999968
18 90 0.993516
18 91 0.391878
18 92 0.883941
18 93 0.348574
18 94 0.329464
18 95 0.791203
18 96 0.999828
18 97 0.029925
18 98 0.011782
18 99 0.993516
19 0 0.967602
19 1 0.800669
19 2 0.999543
19 3 0.999904
19 4 0.626002
19 5 0.998172
19 6 0.924902
19 7 0.994526
19 8 0.310464
19 9 0.659444
19 10 0.883941
19 11 0.071949
19 12 0.071949
19 13 0.557193
19 14 0.999886
19 15 0.999994
19 16 0.245316
19 17 0.453650
19 18 0.940181
19 19 0.000000
19 20 0.915921
19 21 0.477022
19 22 0.998902
19 23 0.997113
19 24 0.029925
19 25 0.138922
19 26 0.995892
19 27 0.992708
19 28 0.434867
19 29 0.883941
19 30 0.983667
19 31 0.812062
19 32 0.990289
19 33 0.995672
19 34 0.998971
19 35 0.894801
19 36 0.936253
19 37 0.999639
19 38 0.329464
19 39 0.029925
19 40 0.901145
19 41 0.820692
19 42 0.997563
19 43 0.991800
19 44 0.990289
19 45 0.905921
19 46 0.997834
19 47 0.517913
19 48 0.172989
19 49 0.138922
19 50 0.477022
19 51 0.882452
19 52 0.172989
19 53 0.998843
19 54 0.992708
19 55 0.610510
19 56 0.957038
19 57 0.005177
19 58 0.994526
19 59 0.992708
19 60 0.986202
19 61 0.999566
19 62 0.862254
19 63 0.731785
19 64 0.999797
19 65 0.994526
19 66 0.999228
19 67 0.998555
19 68 0.372722
19 69 0.999593
19 70 0.990289
19 71 0.051779
19 72 0.870414
19 73 0.138922
19 74 0.932960
19 75 0.189109
19 76 0.138922
19 77 0.995133
19 78 0.809759
19 79 0.889496
19 80 0.986202
19 81 0.997563
19 82 0.957038
19 83 0.992708
19 84 0.989082
19 85 0.998375
19 86 0.029925
19 87 0.029925
19 88 0.995133
19 89 0.986202
19 90 0.988501
19 91 0.978283
19 92 0.999904
19 93 0.995892
19 94 0.971149
19 95 0.984698
19 96 0.029925
19 97 0.999936
19 98 0.172989
19 99 0.975602
20 0 0.998265
20 1 0.998971
20 2 0.557193
20 3 0.999277
20 4 0.998074
20 5 0.329464
20 6 0.998375
20 7 0.227550
20 8 0.992215
20 9 0.928576
20 10 0.778725
20 11 0.997563
20 12 0.951799
20 13 0.987073
20 14 0.999390
20 15 0.138922
20 16 0.999228
20 17 0.911627
20 18 0.999711
20 19 0.915921
20 20 0.000000
20 21 0.984698
20 22 0.999983
20 23 0.996347
20 24 0.002681
20 25 0.434867
20 26 0.757621
20 27 0.138922
20 28 0.995133
20 29 0.071949
20 30 0.986202
20 31 0.153568
20 32 0.831064
20 33 0.999358
20 34 0.690668
20 35 0.096388
20 36 0.791203
20 37 0.995672
20 38 0.999593
20 39 0.029925
20 40 0.138922
20 41 0.245316
20 42 0.434867
20 43 0.993516
20 44 0.995379
20 45 0.999729
20 46 0.951799
20 47 0.138922
20 48 0.993516
20 49 0.940181
20 50 0.108547
20 51 0.997563
20 52 0.996347
20 53 0.513285
20 54 0.997834
20 55 0.924903
20 56 0.999421
20 57 0.994526
20 58 0.812062
20 59 0.029925
20 60 0.995380
20 61 0.477022
20 62 0.019299
20 63 0.999949
20 64 0.138922
20 65 0.999695
20 66 0.590401
20 67 0.997563
20 68 0.093360
20 69 0.121504
20 70 0.093360
20 71 0.517913
20 72 0.743482
20 73 0.227550
20 74 0.071949
20 75 0.999878
20 76 0.996752
20 77 0.329464
20 78 0.096388
20 79 0.999971
20 80 0.992708
20 81 0.019299
20 82 0.029925
20 83 0.915921
20 84 0.757621
20 85 0.831064
20 86 0.189109
20 87 0.987725
20 88 0.999593
20 89 0.999543
20 90 0.535509
20 91 0.172989
20 92 0.029925
20 93 0.932960
20 94 0.029925
20 95 0.984698
20 96 0.993844
20 97 0.989082
20 98 0.153568
20 99 0.626001
21 0 0.329464
21 1 0.372722
21 2 0.138922
21 3 0.954189
21 4 0.517913
21 5 0.096388
21 6 0.998074
21 7 0.029925
21 8 0.979374
21 9 0.987726
21 10 0.994234
21 11 0.924902
21 12 0.153568
21 13 0.951799
21 14 0.096388
21 15 0.245316
21 16 0.552765
21 17 0.848329
21 18 0.673535
21 19 0.477022
21 20 0.984698
21 21 0.000000
21 22 0.812062
21 23 0.477022
21 24 0.992215
21 25 0.924903
21 26 0.965899
21 27 0.029925
21 28 0.998781
21 29 0.245316
21 30 0.029925
21 31 0.791202
21 32 0.870414
21 33 0.954189
21 34 0.719662
21 35 0.029925
21 36 0.990289
21 37 0.989082
21 38 0.994234
21 39 0.979649
21 40 0.791203
21 41 0.983668
21 42 0.999314
21 43 0.957037
21 44 0.610510
21 45 0.985469
21 46 0.096388
21 47 0.991363
21 48 0.997834
21 49 0.963627
21 50 0.969629
21 51 0.719662
21 52 0.999828
21 53 0.071949
21 54 0.812062
21 55 0.791203
21 56 0.999277
21 57 0.998916
21 58 0.998916
21 59 0.957037
21 60 0.096388
21 61 0.999485
21 62 0.329464
21 63 0.096388
21 64 0.974313
21 65 0.961719
21 66 0.999995
21 67 0.029925
21 68 0.138922
21 69 0.899866
21 70 0.945939
21 71 0.991363
21 72 0.690668
21 73 0.995892
21 74 0.992319
21 75 0.997834
21 76 0.731785
21 77 0.992215
21 78 0.990289
21 79 0.876570
21 80 0.999593
21 81 0.999771
21 82 0.391877
21 83 0.949286
21 84 0.999390
21 85 0.977990
21 86 0.961718
21 87 0.082237
21 88 0.992319
21 89 0.997259
21 90 0.951799
21 91 0.999518
21 92 0.995672
21 93 0.991800
21 94 0.096388
21 95 0.644918
21 96 0.987725
21 97 0.999657
21 98 0.757621
21 99 0.029925
22 0 0.071949
22 1 0.999771
22 2 0.994803
22 3 0.019299
22 4 0.999955
22 5 0.889496
22 6 0.372722
22 7 0.517913
22 8 0.071949
22 9 0.051779
22 10 0.974313
22 11 0.999839
22 12 0.172989
22 13 0.999864
22 14 0.372722
22 15 0.969629
22 16 0.998971
22 17 0.999187
22 18 0.011782
22 19 0.998902
22 20 0.999983
22 21 0.812062
22 22 0.000000
22 23 0.415919
22 24 0.949286
22 25 0.997944
22 26 0.138922
22 27 0.781351
22 28 0.999711
22 29 0.329464
22 30 0.029925
22 31 0.949287
22 32 0.268234
22 33 0.998781
22 34 0.999486
22 35 0.005177
22 36 0.980672
22 37 0.051779
22 38 0.954792
22 39 0.975602
22 40 0.051779
22 41 0.997944
22 42 0.731785
22 43 0.268234
22 44 0.999132
22 45 0.610510
22 46 0.870414
22 47 0.348574
22 48 0.791202
22 49 0.998843
22 50 0.626001
22 51 0.659444
22 52 0.029925
22 53 0.999358
22 54 0.943131
22 55 0.992319
22 56 0.999952
22 57 0.848329
22 58 0.985469
22 59 0.997834
22 60 0.996917
22 61 0.985469
22 62 0.967602
22 63 0.029925
22 64 0.998375
22 65 0.329464
22 66 0.999485
22 67 0.138922
22 68 0.998843
22 69 0.945939
22 70 0.999957
22 71 0.029925
22 72 0.996532
22 73 0.477022
22 74 0.951799
22 75 0.994873
22 76 0.999390
22 77 0.071949
22 78 0.573990
22 79 0.998265
22 80 0.980672
22 81 0.915921
22 82 0.974313
22 83 0.999987
22 84 0.227550
22 85 0.999998
22 86 0.951799
22 87 0.991363
22 88 0.997073
22 89 0.659444
22 90 0.999998
22 91 0.999486
22 92 0.989082
22 93 0.993516
22 94 0.999998
22 95 0.029925
22 96 0.573990
22 97 0.415919
22 98 0.999086
22 99 0.458502
23 0 0.999657
23 1 0.673536
23 2 0.999981
23 3 0.969629
23 4 0.731785
23 5 0.999229
23 6 0.743482
23 7 0.227550
23 8 0.932960
23 9 0.915921
23 10 0.876571
23 11 0.945939
23 12 0.791203
23 13 0.999037
23 14 0.932960
23 15 0.005177
23 16 0.305549
23 17 0.082237
23 18 0.989082
23 19 0.997113
23 20 0.996347
23 21 0.477022
23 22 0.415919
23 23 0.000000
23 24 0.831064
23 25 0.210224
23 26 0.965899
23 27 0.999848
23 28 0.954792
23 29 0.996100
23 30 0.029925
23 31 0.981645
23 32 0.996579
23 33 0.051779
23 34 0.994234
23 35 0.991800
23 36 0.415919
23 37 0.590401
23 38 0.108547
23 39 0.082237
23 40 0.981645
23 41 0.996752
23 42 0.998172
23 43 0.870414
23 44 0.999657
23 45 0.998698
23 46 0.951799
23 47 0.999566
23 48 0.108547
23 49 0.984698
23 50 0.999904
23 51 0.985469
23 52 0.924902
23 53 0.999228
23 54 0.019299
23 55 0.985469
23 56 0.987073
23 57 0.329464
23 58 0.995892
23 59 0.995133
23 60 0.108547
23 61 0.992215
23 62 0.991800
23 63 0.943131
23 64 0.954189
23 65 0.803068
23 66 0.999024
23 67 0.999924
23 68 0.989772
23 69 0.982801
23 70 0.812062
23 71 0.227550
23 72 0.517913
23 73 0.391878
23 74 0.268234
23 75 0.999932
23 76 0.999314
23 77 0.999314
23 78 0.071949
23 79 0.573990
23 80 0.999268
23 81 0.998781
23 82 0.980672
23 83 0.989082
23 84 0.071949
23 85 0.998781
23 86 0.573990
23 87 0.965898
23 88 0.999990
23 89 0.961718
23 90 0.329464
23 91 0.999486
23 92 0.901145
23 93 0.757621
23 94 0.987725
23 95 0.986201
23 96 0.610510
23 97 0.999981
23 98 0.998172
23 99 0.768376
24 0 0.991800
24 1 0.961718
24 2 0.978283
24 3 0.673535
24 4 0.997563
24 5 0.994234
24 6 0.999695
24 7 0.999729
24 8 0.996753
24 9 0.997113
24 10 0.848329
24 11 0.071949
24 12 0.992319
24 13 0.286770
24 14 0.999898
24 15 0.991800
24 16 0.999864
24 17 0.981645
24 18 0.051779
24 19 0.029925
24 20 0.002681
24 21 0.992215
24 22 0.949286
24 23 0.831064
24 24 0.000000
24 25 0.975601
24 26 0.993515
24 27 0.999988
24 28 0.227550
24 29 0.976825
24 30 0.719662
24 31 0.997259
24 32 0.992708
24 33 0.082237
24 34 0.969629
24 35 0.999910
24 36 0.999086
24 37 0.987725
24 38 0.172989
24 39 0.974313
24 40 0.983668
24 41 0.975602
24 42 0.995133
24 43 0.998843
24 44 0.997259
24 45 0.932960
24 46 0.998375
24 47 0.999543
24 48 0.940181
24 49 0.999639
24 50 0.023583
24 51 0.991363
24 52 0.995066
24 53 0.096388
24 54 0.997073
24 55 0.552765
24 56 0.997834
24 57 0.477022
24 58 0.690668
24 59 0.999695
24 60 0.936253
24 61 0.071949
24 62 0.096388
24 63 0.029925
24 64 0.972593
24 65 0.951798
24 66 0.998916
24 67 0.963627
24 68 0.995892
24 69 0.993516
24 70 0.227550
24 71 0.205798
24 72 0.999987
24 73 0.999904
24 74 0.999543
24 75 0.963627
24 76 0.820692
24 77 0.227550
24 78 0.949286
24 79 0.951799
24 80 0.999998
24 81 0.573990
24 82 0.999421
24 83 0.982801
24 84 0.963627
24 85 0.965899
24 86 0.999932
24 87 0.051779
24 88 0.172989
24 89 0.138922
24 90 0.641070
24 91 0.517913
24 92 0.999898
24 93 0.071949
24 94 0.096388
24 95 0.996752
24 96 0.911627
24 97 0.943131
24 98 0.928576
24 99 0.071949
25 0 0.999962
25 1 0.690668
25 2 0.987725
25 3 0.029925
25 4 0.924902
25 5 0.995672
25 6 0.957037
25 7 0.005177
25 8 0.989082
25 9 0.105307
25 10 0.477022
25 11 0.812062
25 12 0.999458
25 13 0.943131
25 14 0.999543
25 15 0.939390
25 16 0.994526
25 17 0.268234
25 18 0.245316
25 19 0.138922
25 20 0.434867
25 21 0.924903
25 22 0.997944
25 23 0.210224
25 24 0.975601
25 25 0.000000
25 26 0.005177
25 27 0.391878
25 28 0.901145
25 29 0.998629
25 30 0.999928
25 31 0.005177
25 32 0.268234
25 33 0.997687
25 34 0.882454
25 35 0.928576
25 36 0.690668
25 37 0.477022
25 38 0.495294
25 39 0.949286
25 40 0.995379
25 41 0.153568
25 42 0.971149
25 43 0.996532
25 44 0.915921
25 45 0.005177
25 46 0.996347
25 47 0.999864
25 48 0.846427
25 49 0.896140
25 50 0.996917
25 51 0.989082
25 52 0.138922
25 53 0.019299
25 54 1.000000
25 55 0.372722
25 56 0.982801
25 57 0.999797
25 58 0.731785
25 59 0.990289
25 60 0.019299
25 61 0.999891
25 62 0.731785
25 63 0.998457
25 64 0.889496
25 65 0.999996
25 66 0.995379
25 67 0.981890
25 68 0.071949
25 69 0.980672
25 70 0.999848
25 71 0.005177
25 72 0.998457
25 73 0.990289
25 74 0.995133
25 75 0.719662
25 76 0.901145
25 77 0.911627
25 78 0.998902
25 79 0.999946
25 80 0.999977
25 81 0.997563
25 82 0.019299
25 83 0.495294
25 84 0.987725
25 85 0.998781
25 86 0.883941
25 87 0.996347
25 88 0.977134
25 89 0.928576
25 90 0.896141
25 91 0.172989
25 92 0.975602
25 93 0.268234
25 94 0.951799
25 95 0.768376
25 96 0.828969
25 97 0.967602
25 98 0.998843
25 99 0.006763
26 0 0.029925
26 1 0.999914
26 2 0.286770
26 3 0.610510
26 4 0.999458
26 5 0.757621
26 6 0.731785
26 7 0.987725
26 8 0.690668
26 9 0.939390
26 10 0.051779
26 11 0.993077
26 12 0.096388
26 13 0.999729
26 14 0.940181
26 15 0.940181
26 16 0.535509
26 17 0.993515
26 18 0.957037
26 19 0.995892
26 20 0.757621
26 21 0.965899
26 22 0.138922
26 23 0.965899
26 24 0.993515
26 25 0.005177
26 26 0.000000
26 27 0.991363
26 28 0.996532
26 29 0.999995
26 30 0.951798
26 31 0.997563
26 32 0.029925
26 33 0.644918
26 34 0.954792
26 35 0.096388
26 36 0.768376
26 37 0.005177
26 38 0.999759
26 39 0.690668
26 40 0.138922
26 41 0.942378
26 42 0.138922
26 43 0.932960
26 44 0.245316
26 45 0.993077
26 46 0.096388
26 47 0.998265
26 48 0.981645
26 49 0.995891
26 50 0.999855
26 51 0.029925
26 52 0.999998
26 53 0.477022
26 54 0.029925
26 55 0.996917
26 56 0.999797
26 57 0.051779
26 58 0.993516
26 59 0.961718
26 60 0.051779
26 61 0.029925
26 62 0.998265
26 63 0.996347
26 64 0.019299
26 65 0.999314
26 66 0.994526
26 67 0.716438
26 68 0.286770
26 69 0.035762
26 70 0.989082
26 71 0.989634
26 72 0.999086
26 73 0.994526
26 74 0.992215
26 75 0.985469
26 76 0.019299
26 77 0.943130
26 78 0.862254
26 79 0.071949
26 80 0.994234
26 81 0.998172
26 82 0.108547
26 83 0.996753
26 84 0.997398
26 85 0.082237
26 86 0.348574
26 87 0.997259
26 88 0.096388
26 89 0.997259
26 90 0.928576
26 91 0.999797
26 92 0.989082
26 93 0.495294
26 94 0.172989
26 95 0.855444
26 96 0.286770
26 97 0.329464
26 98 0.972593
26 99 0.626001
27 0 0.082237
27 1 0.932960
27 2 0.978283
27 3 0.999871
27 4 0.998781
27 5 0.029925
27 6 0.951799
27 7 0.108547
27 8 0.977134
27 9 0.071949
27 10 0.108547
27 11 0.996347
27 12 0.096388
27 13 0.372722
27 14 0.071949
27 15 0.626001
27 16 0.372722
27 17 0.983667
27 18 0.999829
27 19 0.992708
27 20 0.138922
27 21 0.029925
27 22 0.781351
27 23 0.999848
27 24 0.999988
27 25 0.391878
27 26 0.991363
27 27 0.000000
27 28 0.096388
27 29 0.029925
27 30 0.882455
27 31 0.999657
27 32 0.994234
27 33 0.971149
27 34 0.997834
27 35 0.957037
27 36 0.996753
27 37 0.071949
27 38 0.954190
27 39 0.781351
27 40 0.936253
27 41 0.029925
27 42 0.029925
27 43 0.082237
27 44 0.812062
27 45 0.949286
27 46 0.210224
27 47 0.011782
27 48 0.989082
27 49 0.189109
27 50 0.310464
27 51 0.999828
