0 0 0.000000
0 1 0.999945
0 2 0.999978
0 3 0.999987
0 4 0.995379
0 5 0.999176
0 6 0.999945
0 7 0.999176
0 8 0.071949
0 9 0.868768
0 10 0.999882
0 11 0.999739
0 12 0.999870
0 13 0.999753
0 14 0.999382
0 15 0.999986
0 16 0.071949
0 17 0.967602
0 18 0.999780
0 19 0.846427
0 20 0.999954
0 21 0.999978
0 22 0.999999
0 23 0.999218
0 24 0.999804
0 25 0.999935
0 26 0.998436
0 27 0.019299
0 28 0.586171
0 29 0.998147
0 30 0.999982
0 31 0.998516
0 32 0.932077
0 33 0.999478
0 34 0.988345
0 35 0.082237
0 36 0.999305
0 37 0.860510
0 38 0.999982
0 39 0.998957
0 40 0.999997
0 41 0.999780
0 42 0.791203
0 43 1.000000
0 44 0.999971
0 45 0.999710
0 46 0.998887
0 47 0.999010
0 48 0.999780
0 49 0.019299
0 50 0.997656
0 51 0.082237
0 52 1.000000
0 53 0.626001
0 54 0.999999
0 55 0.999706
0 56 0.006763
0 57 0.019299
0 58 0.002681
0 59 0.999997
0 60 0.999707
0 61 0.002681
0 62 0.838911
0 63 0.019299
0 64 0.740481
0 65 0.996708
0 66 0.003622
0 67 0.019299
0 68 0.798244
0 69 0.999824
0 70 0.999957
0 71 0.851783
0 72 0.189109
0 73 0.998747
0 74 0.022408
0 75 0.999258
0 76 0.999930
0 77 0.011782
0 78 0.391878
0 79 0.999739
0 80 0.951157
0 81 0.999913
0 82 0.172989
0 83 0.029925
0 84 0.999629
0 85 0.999978
0 86 0.999687
0 87 0.972594
0 88 0.999984
0 89 0.904700
0 90 0.995892
0 91 0.066931
0 92 0.967602
0 93 0.999176
0 94 0.023583
0 95 0.006763
0 96 0.023583
0 97 0.019299
0 98 0.998353
0 99 0.105308
1 0 0.999945
1 1 0.000000
1 2 1.000000
1 3 0.189109
1 4 0.172989
1 5 0.999691
1 6 0.997944
1 7 0.005177
1 8 0.999994
1 9 0.998330
1 10 0.005177
1 11 0.189109
1 12 1.000000
1 13 0.029925
1 14 0.189109
1 15 0.998516
1 16 0.996708
1 17 0.999966
1 18 0.029925
1 19 0.958629
1 20 0.999974
1 21 0.999582
1 22 0.999988
1 23 0.565303
1 24 0.227550
1 25 0.018287
1 26 0.999974
1 27 1.000000
1 28 0.999986
1 29 0.995836
1 30 1.000000
1 31 0.999794
1 32 0.967602
1 33 0.716439
1 34 0.999990
1 35 0.999824
1 36 0.938589
1 37 0.999977
1 38 0.700406
1 39 0.998436
1 40 0.011782
1 41 0.121504
1 42 0.997259
1 43 0.999629
1 44 0.999999
1 45 0.999896
1 46 0.263461
1 47 0.999996
1 48 0.245316
1 49 0.023583
1 50 0.051779
1 51 0.999853
1 52 0.029925
1 53 0.227550
1 54 0.999999
1 55 0.999999
1 56 0.999861
1 57 0.999349
1 58 0.996047
1 59 0.999883
1 60 0.986015
1 61 0.976826
1 62 0.800668
1 63 0.999954
1 64 0.844504
1 65 0.999890
1 66 0.972593
1 67 0.990024
1 68 0.746454
1 69 0.999707
1 70 0.999588
1 71 0.725527
1 72 0.999739
1 73 0.999923
1 74 0.998147
1 75 1.000000
1 76 0.999971
1 77 1.000000
1 78 0.019299
1 79 0.999966
1 80 0.982569
1 81 0.999998
1 82 0.999998
1 83 0.999997
1 84 0.999479
1 85 0.999986
1 86 0.999942
1 87 0.999977
1 88 0.995613
1 89 0.329464
1 90 0.999951
1 91 0.999995
1 92 0.998610
1 93 0.023583
1 94 0.743482
1 95 0.569659
1 96 0.999946
1 97 0.846427
1 98 0.999845
1 99 0.999609
2 0 0.999978
2 1 1.000000
2 2 0.000000
2 3 0.035762
2 4 0.999736
2 5 0.999997
2 6 0.999807
2 7 0.998436
2 8 0.997655
2 9 0.071949
2 10 0.999512
2 11 0.979374
2 12 0.992215
2 13 0.905921
2 14 0.999992
2 15 0.999935
2 16 0.935413
2 17 0.999997
2 18 0.999010
2 19 0.999560
2 20 0.005177
2 21 0.999996
2 22 0.999991
2 23 0.029925
2 24 0.999998
2 25 0.002681
2 26 0.999609
2 27 0.060180
2 28 0.820692
2 29 0.999783
2 30 0.305549
2 31 0.997363
2 32 0.042353
2 33 0.999609
2 34 0.987559
2 35 0.999995
2 36 0.999722
2 37 0.945939
2 38 0.138922
2 39 0.999382
2 40 0.108547
2 41 0.999458
2 42 0.999998
2 43 0.014763
2 44 0.999897
2 45 0.999997
2 46 0.999870
2 47 0.951157
2 48 0.002681
2 49 0.992109
2 50 0.932077
2 51 0.997222
2 52 0.011782
2 53 0.011782
2 54 0.999853
2 55 0.999010
2 56 1.000000
2 57 0.979374
2 58 0.997774
2 59 0.951157
2 60 0.979649
2 61 0.999995
2 62 0.988345
2 63 1.000000
2 64 0.999980
2 65 0.999981
2 66 0.367737
2 67 0.999073
2 68 0.998241
2 69 0.005177
2 70 0.928576
2 71 0.019299
2 72 0.999961
2 73 0.967167
2 74 0.996532
2 75 0.071949
2 76 0.999999
2 77 0.999780
2 78 0.999218
2 79 0.245316
2 80 0.999752
2 81 0.998887
2 82 0.828969
2 83 1.000000
2 84 0.391878
2 85 0.999992
2 86 0.982333
2 87 0.999863
2 88 0.999804
2 89 1.000000
2 90 0.910477
2 91 0.999999
2 92 1.000000
2 93 0.985469
2 94 0.135231
2 95 0.993760
2 96 0.999931
2 97 0.999982
2 98 0.998698
2 99 0.999985
3 0 0.999987
3 1 0.189109
3 2 0.035762
3 3 0.000000
3 4 0.999876
3 5 0.999990
3 6 0.743483
3 7 0.082237
3 8 0.990655
3 9 0.999994
3 10 0.950508
3 11 0.227550
3 12 0.999998
3 13 0.019299
3 14 0.999989
3 15 0.999382
3 16 1.000000
3 17 0.728674
3 18 0.005177
3 19 0.996485
3 20 0.997530
3 21 0.988345
3 22 0.005177
3 23 0.999863
3 24 0.999986
3 25 0.029925
3 26 0.998536
3 27 0.019299
3 28 0.999999
3 29 0.800669
3 30 0.951157
3 31 0.999817
3 32 0.999990
3 33 0.999536
3 34 1.000000
3 35 0.999998
3 36 0.093360
3 37 0.998827
3 38 0.998147
3 39 0.006763
3 40 0.999707
3 41 0.986898
3 42 0.029925
3 43 0.999989
3 44 0.286770
3 45 0.961718
3 46 0.999983
3 47 1.000000
3 48 0.998827
3 49 0.999479
3 50 0.019299
3 51 0.999530
3 52 0.989633
3 53 1.000000
3 54 0.999451
3 55 0.991576
3 56 1.000000
3 57 0.035762
3 58 0.999582
3 59 0.999120
3 60 0.999971
3 61 0.999997
3 62 0.994376
3 63 0.994733
3 64 0.999971
3 65 0.979096
3 66 1.000000
3 67 0.954189
3 68 0.999998
3 69 0.019299
3 70 0.131589
3 71 0.992983
3 72 0.999997
3 73 0.969221
3 74 0.999983
3 75 0.999756
3 76 0.998957
3 77 0.999451
3 78 0.999804
3 79 0.999794
3 80 0.999999
3 81 0.513285
3 82 0.999917
3 83 1.000000
3 84 0.999998
3 85 0.071949
3 86 0.002681
3 87 0.997530
3 88 0.999980
3 89 0.999999
3 90 0.999974
3 91 0.223001
3 92 0.991689
3 93 0.999965
3 94 0.999995
3 95 0.894801
3 96 0.999913
3 97 0.999863
3 98 0.005177
3 99 0.683681
4 0 0.995379
4 1 0.172989
4 2 0.999736
4 3 0.999876
4 4 0.000000
4 5 0.999652
4 6 0.184861
4 7 0.999997
4 8 0.997222
4 9 0.991689
4 10 0.999998
4 11 0.367737
4 12 0.969222
4 13 0.999884
4 14 0.690668
4 15 0.999987
4 16 0.991689
4 17 0.788678
4 18 0.998698
4 19 0.999994
4 20 0.019299
4 21 0.999993
4 22 0.673536
4 23 0.998827
4 24 0.999876
4 25 0.999295
4 26 0.590401
4 27 0.999967
4 28 0.005177
4 29 0.999966
4 30 0.986015
4 31 0.999983
4 32 0.999691
4 33 0.999997
4 34 0.999998
4 35 0.999228
4 36 0.999988
4 37 0.999876
4 38 0.921048
4 39 0.999976
4 40 0.999871
4 41 0.548313
4 42 0.999987
4 43 0.986898
4 44 0.999978
4 45 0.862254
4 46 0.999964
4 47 0.999629
4 48 0.999999
4 49 0.005177
4 50 0.606413
4 51 0.998827
4 52 0.986015
4 53 0.999974
4 54 0.999373
4 55 0.999978
4 56 0.552765
4 57 0.051779
4 58 0.391878
4 59 0.999451
4 60 0.999804
4 61 1.000000
4 62 0.996047
4 63 0.809759
4 64 0.999588
4 65 0.831064
4 66 0.967167
4 67 0.945222
4 68 0.060180
4 69 0.999948
4 70 0.997530
4 71 0.999999
4 72 0.999913
4 73 0.999996
4 74 0.035762
4 75 1.000000
4 76 0.386901
4 77 0.573990
4 78 0.999985
4 79 0.975273
4 80 0.071949
4 81 0.082237
4 82 0.999958
4 83 0.846427
4 84 0.870414
4 85 0.999999
4 86 0.999890
4 87 0.006763
4 88 0.936253
4 89 0.996485
4 90 0.999992
4 91 0.999994
4 92 1.000000
4 93 0.998901
4 94 0.998536
4 95 0.245316
4 96 0.108547
4 97 0.999995
4 98 1.000000
4 99 0.991127
5 0 0.999176
5 1 0.999691
5 2 0.999997
5 3 0.999990
5 4 0.999652
5 5 0.000000
5 6 0.003622
5 7 0.999935
5 8 0.999998
5 9 0.998902
5 10 0.019299
5 11 0.999931
5 12 0.999991
5 13 0.988345
5 14 0.138922
5 15 0.970761
5 16 0.974940
5 17 0.904700
5 18 0.999996
5 19 0.999977
5 20 0.996100
5 21 0.999794
5 22 0.093360
5 23 0.999413
5 24 0.998353
5 25 0.999998
5 26 0.888076
5 27 0.961207
5 28 0.994803
5 29 0.996047
5 30 0.659444
5 31 0.999998
5 32 0.999634
5 33 0.977693
5 34 0.973967
5 35 0.999421
5 36 0.999837
5 37 0.998747
5 38 0.999954
5 39 0.996485
5 40 0.999176
5 41 0.023583
5 42 0.999998
5 43 0.999956
5 44 0.999913
5 45 0.999966
5 46 0.999951
5 47 0.998021
5 48 0.999995
5 49 0.042353
5 50 0.999998
5 51 0.995672
5 52 0.998764
5 53 0.998515
5 54 0.051779
5 55 0.999928
5 56 0.809758
5 57 1.000000
5 58 0.999998
5 59 0.999997
5 60 0.108547
5 61 0.969221
5 62 0.999878
5 63 0.938588
5 64 0.343598
5 65 0.999218
5 66 0.997222
5 67 0.999942
5 68 0.051779
5 69 0.557193
5 70 0.999536
5 71 0.999939
5 72 0.905921
5 73 0.268234
5 74 0.999945
5 75 0.999991
5 76 0.951157
5 77 0.959174
5 78 0.987390
5 79 0.999999
5 80 0.999826
5 81 0.700406
5 82 0.082237
5 83 0.029925
5 84 0.029925
5 85 0.019299
5 86 1.000000
5 87 0.812062
5 88 1.000000
5 89 1.000000
5 90 0.999876
5 91 0.999989
5 92 0.976515
5 93 0.999999
5 94 0.999902
5 95 0.019299
5 96 0.014763
5 97 0.923918
5 98 0.996875
5 99 0.992609
6 0 0.999945
6 1 0.997944
6 2 0.999807
6 3 0.743483
6 4 0.184861
6 5 0.003622
6 6 0.000000
6 7 0.999997
6 8 0.060180
6 9 0.035762
6 10 0.996875
6 11 0.535509
6 12 0.415919
6 13 0.999983
6 14 0.005177
6 15 0.998536
6 16 0.999985
6 17 1.000000
6 18 0.982333
6 19 0.035762
6 20 0.138922
6 21 0.153568
6 22 0.911627
6 23 1.000000
6 24 0.305549
6 25 0.910477
6 26 0.999512
6 27 0.999024
6 28 0.928576
6 29 0.862254
6 30 0.999845
6 31 0.980411
6 32 0.999948
6 33 0.948613
6 34 0.999954
6 35 0.000372
6 36 0.998827
6 37 0.626001
6 38 0.999986
6 39 0.994732
6 40 0.999983
6 41 0.999989
6 42 0.999861
6 43 0.991246
6 44 0.999935
6 45 0.999999
6 46 0.988345
6 47 0.700406
6 48 0.999961
6 49 0.994999
6 50 0.998241
6 51 0.999670
6 52 0.999870
6 53 0.999995
6 54 0.998827
6 55 0.999997
6 56 0.985272
6 57 0.172989
6 58 0.999451
6 59 0.999988
6 60 0.005177
6 61 0.687189
6 62 0.968808
6 63 0.998330
6 64 0.573990
6 65 0.060180
6 66 0.999998
6 67 0.999413
6 68 0.904700
6 69 0.999961
6 70 0.970761
6 71 0.999984
6 72 0.743482
6 73 0.051779
6 74 0.997916
6 75 0.051779
6 76 0.982569
6 77 0.973617
6 78 0.998827
6 79 0.999843
6 80 0.999988
6 81 0.963139
6 82 0.999997
6 83 0.999942
6 84 0.846427
6 85 0.858752
6 86 0.998887
6 87 0.998330
6 88 1.000000
6 89 0.517913
6 90 0.992109
6 91 0.999670
6 92 0.999218
6 93 0.999931
6 94 0.999974
6 95 0.999890
6 96 0.993338
6 97 0.999998
6 98 0.999349
6 99 0.999691
7 0 0.999176
7 1 0.005177
7 2 0.998436
7 3 0.082237
7 4 0.999997
7 5 0.999935
7 6 0.999997
7 7 0.000000
7 8 0.659444
7 9 0.967602
7 10 0.035762
7 11 0.508635
7 12 0.121504
7 13 0.999959
7 14 0.999997
7 15 0.690668
7 16 0.687190
7 17 0.093360
7 18 0.998241
7 19 0.998902
7 20 0.999995
7 21 0.999935
7 22 0.991689
7 23 0.029925
7 24 0.999505
7 25 0.029925
7 26 0.590401
7 27 1.000000
7 28 0.105307
7 29 0.999998
7 30 0.997804
7 31 0.019299
7 32 0.014763
7 33 0.999884
7 34 0.069412
7 35 0.993427
7 36 0.999902
7 37 1.000000
7 38 0.153568
7 39 0.999999
7 40 0.987559
7 41 1.000000
7 42 0.014763
7 43 0.626001
7 44 0.999010
7 45 0.999948
7 46 0.969221
7 47 0.998747
7 48 0.999413
7 49 0.999945
7 50 0.999999
7 51 0.999268
7 52 0.998901
7 53 0.002681
7 54 0.227550
7 55 0.999633
7 56 0.998265
7 57 0.999218
7 58 0.300647
7 59 0.999826
7 60 0.051779
7 61 0.005177
7 62 0.999634
7 63 0.999443
7 64 0.994803
7 65 0.999010
7 66 0.999994
7 67 1.000000
7 68 0.948613
7 69 1.000000
7 70 0.995613
7 71 0.999218
7 72 0.999974
7 73 0.108547
7 74 0.999843
7 75 0.988934
7 76 1.000000
7 77 0.999871
7 78 0.892072
7 79 0.953579
7 80 0.223001
7 81 0.286770
7 82 0.999536
7 83 0.999560
7 84 0.999443
7 85 0.999927
7 86 0.788679
7 87 0.999971
7 88 0.042353
7 89 0.999990
7 90 0.999752
7 91 0.590401
7 92 0.997774
7 93 0.014763
7 94 0.082237
7 95 0.791202
7 96 0.988935
7 97 0.999652
7 98 0.999652
7 99 0.999995
8 0 0.071949
8 1 0.999994
8 2 0.997655
8 3 0.990655
8 4 0.997222
8 5 0.999998
8 6 0.060180
8 7 0.659444
8 8 0.000000
8 9 0.011782
8 10 0.999966
8 11 0.999207
8 12 0.999884
8 13 0.999945
8 14 0.999997
8 15 0.999835
8 16 0.999985
8 17 1.000000
8 18 0.999120
8 19 0.205798
8 20 0.999926
8 21 0.931183
8 22 0.286770
8 23 0.999918
8 24 0.999999
8 25 0.035762
8 26 0.348574
8 27 1.000000
8 28 0.227550
8 29 0.268234
8 30 0.005177
8 31 0.999994
8 32 0.035762
8 33 0.999945
8 34 0.905921
8 35 0.778725
8 36 0.999996
8 37 0.998827
8 38 0.999922
8 39 0.936253
8 40 0.999073
8 41 0.093360
8 42 0.999884
8 43 0.019299
8 44 0.029925
8 45 0.245316
8 46 0.386901
8 47 0.992109
8 48 0.997073
8 49 0.011782
8 50 0.035762
8 51 0.999997
8 52 0.893445
8 53 0.999994
8 54 0.992508
8 55 0.071949
8 56 1.000000
8 57 0.945222
8 58 0.999945
8 59 0.029925
8 60 1.000000
8 61 0.069412
8 62 0.999951
8 63 0.998681
8 64 0.992983
8 65 0.988784
8 66 0.060180
8 67 0.999791
8 68 0.042353
8 69 0.999560
8 70 0.011782
8 71 0.996100
8 72 0.996047
8 73 0.947930
8 74 0.999969
8 75 0.954189
8 76 0.980411
8 77 0.019299
8 78 0.105308
8 79 0.999691
8 80 0.998536
8 81 0.329464
8 82 0.002681
8 83 0.006763
8 84 0.997624
8 85 0.999999
8 86 0.996708
8 87 0.999530
8 88 0.961206
8 89 0.999707
8 90 0.994451
8 91 0.967167
8 92 0.999826
8 93 0.029925
8 94 0.999999
8 95 0.999997
8 96 0.995836
8 97 0.999995
8 98 0.189109
8 99 0.998681
9 0 0.868768
9 1 0.998330
9 2 0.071949
9 3 0.999994
9 4 0.991689
9 5 0.998902
9 6 0.035762
9 7 0.967602
9 8 0.011782
9 9 0.000000
9 10 0.999536
9 11 0.999973
9 12 0.754758
9 13 0.992609
9 14 0.958629
9 15 0.999536
9 16 0.999780
9 17 0.994732
9 18 0.999768
9 19 0.994732
9 20 0.999768
9 21 0.999560
9 22 1.000000
9 23 0.997887
9 24 1.000000
9 25 0.372722
9 26 0.372722
9 27 0.999990
9 28 0.082237
9 29 0.977990
9 30 0.035762
9 31 0.999505
9 32 0.999999
9 33 0.999998
9 34 0.999999
9 35 0.716439
9 36 0.002681
9 37 0.921048
9 38 0.999967
9 39 0.391878
9 40 0.991246
9 41 0.999990
9 42 0.999824
9 43 0.982333
9 44 0.831064
9 45 0.999783
9 46 0.999941
9 47 0.999478
9 48 0.998353
9 49 0.999996
9 50 0.994376
9 51 0.999902
9 52 1.000000
9 53 0.005177
9 54 0.999997
9 55 0.999999
9 56 0.121504
9 57 0.894801
9 58 0.999996
9 59 0.999927
9 60 0.994451
9 61 0.992215
9 62 1.000000
9 63 0.227550
9 64 0.868768
9 65 0.999935
9 66 0.999609
9 67 1.000000
9 68 0.986898
9 69 0.999927
9 70 0.999995
9 71 1.000000
9 72 0.051779
9 73 0.781351
9 74 0.153568
9 75 0.999995
9 76 0.999978
9 77 0.894801
9 78 0.999999
9 79 0.005177
9 80 0.999588
9 81 0.999373
9 82 1.000000
9 83 0.997433
9 84 0.999560
9 85 0.051779
9 86 0.999994
9 87 0.999998
9 88 0.904700
9 89 0.998353
9 90 0.999994
9 91 0.999990
9 92 0.626001
9 93 0.999996
9 94 0.999971
9 95 1.000000
9 96 0.189109
9 97 0.999991
9 98 0.989633
9 99 0.999268
10 0 0.999882
10 1 0.005177
10 2 0.999512
10 3 0.950508
10 4 0.999998
10 5 0.019299
10 6 0.996875
10 7 0.035762
10 8 0.999966
10 9 0.999536
10 10 0.000000
10 11 0.979374
10 12 0.999939
10 13 0.999176
10 14 0.999634
10 15 0.964970
10 16 0.978283
10 17 0.999951
10 18 0.999996
10 19 0.999609
10 20 0.999884
10 21 1.000000
10 22 0.999652
10 23 0.999647
10 24 0.999861
10 25 0.999918
10 26 0.019299
10 27 0.999998
10 28 0.999999
10 29 0.005177
10 30 0.999725
10 31 0.205798
10 32 0.999890
10 33 0.999340
10 34 0.999629
10 35 0.996532
10 36 0.999999
10 37 0.999989
10 38 0.999991
10 39 0.035762
10 40 0.999948
10 41 0.082237
10 42 1.000000
10 43 0.999994
10 44 0.019299
10 45 0.812062
10 46 0.999996
10 47 0.108547
10 48 0.999479
10 49 0.005177
10 50 0.999780
10 51 0.999768
10 52 0.999073
10 53 0.029925
10 54 0.938589
10 55 0.998902
10 56 0.894801
10 57 1.000000
10 58 0.999670
10 59 0.999964
10 60 0.988187
10 61 0.999985
10 62 0.992609
10 63 0.023583
10 64 1.000000
10 65 0.703771
10 66 0.998414
10 67 0.998536
10 68 0.429954
10 69 0.999566
10 70 0.999897
10 71 0.970761
10 72 0.999988
10 73 0.999863
10 74 0.999902
10 75 0.019299
10 76 0.029925
10 77 0.961207
10 78 0.121504
10 79 0.999176
10 80 0.998680
10 81 0.999942
10 82 0.118060
10 83 0.998610
10 84 0.888076
10 85 0.999990
10 86 0.966727
10 87 0.472229
10 88 0.999961
10 89 0.003622
10 90 0.999505
10 91 0.991246
10 92 0.999268
10 93 0.999995
10 94 0.999959
10 95 0.028526
10 96 0.999826
10 97 0.019299
10 98 0.999966
10 99 0.999771
11 0 0.999739
11 1 0.189109
11 2 0.979374
11 3 0.227550
11 4 0.367737
11 5 0.999931
11 6 0.535509
11 7 0.508635
11 8 0.999207
11 9 0.999973
11 10 0.979374
11 11 0.000000
11 12 0.999998
11 13 0.999536
11 14 0.999966
11 15 0.999999
11 16 0.029925
11 17 0.997916
11 18 0.882454
11 19 0.453650
11 20 0.997398
11 21 0.992109
11 22 0.999991
11 23 0.005177
11 24 0.999994
11 25 0.999634
11 26 0.993760
11 27 0.108547
11 28 0.997916
11 29 0.999919
11 30 0.993516
11 31 0.999963
11 32 0.999863
11 33 0.963140
11 34 0.999979
11 35 0.999999
11 36 0.851782
11 37 0.999998
11 38 0.997655
11 39 0.005177
11 40 1.000000
11 41 0.367737
11 42 0.998887
11 43 1.000000
11 44 0.999983
11 45 0.999814
11 46 0.998610
11 47 0.002681
11 48 0.108547
11 49 0.069412
11 50 0.999890
11 51 0.998887
11 52 0.051779
11 53 0.999876
11 54 0.659444
11 55 0.999986
11 56 0.999652
11 57 0.011782
11 58 0.999999
11 59 0.999985
11 60 0.999996
11 61 0.082237
11 62 0.999853
11 63 0.999804
11 64 0.995613
11 65 0.060180
11 66 0.999780
11 67 0.999876
11 68 0.049729
11 69 0.029925
11 70 0.189109
11 71 0.999443
11 72 0.999923
11 73 0.999120
11 74 0.831064
11 75 0.005177
11 76 0.999560
11 77 0.988187
11 78 0.999983
11 79 0.979374
11 80 0.999999
11 81 0.997563
11 82 0.991689
11 83 0.999952
11 84 0.999614
11 85 0.434867
11 86 0.999331
11 87 0.014763
11 88 0.999652
11 89 1.000000
11 90 0.998536
11 91 0.029925
11 92 0.999943
11 93 0.969222
11 94 1.000000
11 95 0.999999
11 96 0.993760
11 97 0.999725
11 98 0.999902
11 99 0.999010
12 0 0.999870
12 1 1.000000
12 2 0.992215
12 3 0.999998
12 4 0.969222
12 5 0.999991
12 6 0.415919
12 7 0.121504
12 8 0.999884
12 9 0.754758
12 10 0.999939
12 11 0.999998
12 12 0.000000
12 13 0.071949
12 14 0.448784
12 15 0.999443
12 16 0.999986
12 17 0.999725
12 18 0.999987
12 19 0.999999
12 20 0.999826
12 21 0.992609
12 22 0.606413
12 23 0.999999
12 24 0.019299
12 25 0.517913
12 26 1.000000
12 27 0.999443
12 28 0.999959
12 29 0.999939
12 30 0.999478
12 31 0.999966
12 32 0.999983
12 33 0.954189
12 34 0.995614
12 35 0.453650
12 36 0.999959
12 37 0.998122
12 38 0.999305
12 39 0.999993
12 40 0.999878
12 41 0.999994
12 42 0.981397
12 43 0.997398
12 44 0.999990
12 45 0.999927
12 46 0.999902
12 47 0.093360
12 48 0.999931
12 49 0.999863
12 50 0.999451
12 51 0.998902
12 52 0.942378
12 53 0.999951
12 54 0.999258
12 55 0.999870
12 56 0.999995
12 57 0.999268
12 58 0.060180
12 59 0.999863
12 60 0.999687
12 61 0.999853
12 62 0.999999
12 63 0.991127
12 64 0.999982
12 65 0.999974
12 66 0.223000
12 67 0.999073
12 68 0.999994
12 69 0.999995
12 70 0.999998
12 71 0.023583
12 72 0.999998
12 73 0.999176
12 74 0.999967
12 75 0.552765
12 76 0.999451
12 77 0.999670
12 78 0.410971
12 79 0.999218
12 80 0.997916
12 81 0.818482
12 82 0.999536
12 83 0.999305
12 84 0.999876
12 85 0.999349
12 86 0.005177
12 87 0.049729
12 88 0.999739
12 89 0.973967
12 90 0.999725
12 91 0.999804
12 92 0.999999
12 93 0.029925
12 94 0.999994
12 95 0.731785
12 96 0.019299
12 97 0.999931
12 98 0.995613
12 99 0.023583
13 0 0.999753
13 1 0.029925
13 2 0.905921
13 3 0.019299
13 4 0.999884
13 5 0.988345
13 6 0.999983
13 7 0.999959
13 8 0.999945
13 9 0.992609
13 10 0.999176
13 11 0.999536
13 12 0.071949
13 13 0.000000
13 14 0.999863
13 15 0.999588
13 16 0.999993
13 17 0.992215
13 18 0.970761
13 19 0.999917
13 20 0.992609
13 21 0.999942
13 22 0.999907
13 23 0.453650
13 24 0.999691
13 25 0.942378
13 26 0.999969
13 27 0.999963
13 28 0.999913
13 29 0.999994
13 30 0.995066
13 31 0.999998
13 32 0.999999
13 33 0.998827
13 34 0.969221
13 35 0.999295
13 36 0.999923
13 37 0.999927
13 38 0.967166
13 39 0.965441
13 40 1.000000
13 41 0.995316
13 42 0.999687
13 43 1.000000
13 44 0.999998
13 45 1.000000
13 46 0.051779
13 47 1.000000
13 48 0.999959
13 49 0.886639
13 50 0.994452
13 51 0.999512
13 52 0.998843
13 53 0.999505
13 54 0.757621
13 55 0.999954
13 56 0.997073
13 57 0.999739
13 58 0.932077
13 59 0.999691
13 60 0.966727
13 61 0.410971
13 62 0.999725
13 63 0.751866
13 64 0.997916
13 65 0.029925
13 66 0.138922
13 67 0.999648
13 68 0.999845
13 69 0.131589
13 70 0.999853
13 71 0.923918
13 72 1.000000
13 73 0.999942
13 74 0.999996
13 75 0.990023
13 76 0.986014
13 77 0.019299
13 78 0.999979
13 79 0.999870
13 80 0.999936
13 81 0.999884
13 82 0.999897
13 83 0.999804
13 84 0.999924
13 85 0.002681
13 86 0.999990
13 87 0.999971
13 88 0.999413
13 89 0.989493
13 90 0.999989
13 91 0.999999
13 92 0.914824
13 93 0.999997
13 94 0.999976
13 95 0.999756
13 96 0.011782
13 97 1.000000
13 98 0.189109
13 99 0.998698
14 0 0.999382
14 1 0.189109
14 2 0.999992
14 3 0.999989
14 4 0.690668
14 5 0.138922
14 6 0.005177
14 7 0.999997
14 8 0.999997
14 9 0.958629
14 10 0.999634
14 11 0.999966
14 12 0.448784
14 13 0.999863
14 14 0.000000
14 15 0.999634
14 16 0.029925
14 17 0.927638
14 18 0.998887
14 19 0.939390
14 20 0.993427
14 21 0.051779
14 22 0.999999
14 23 1.000000
14 24 0.999990
14 25 0.999991
14 26 0.988345
14 27 0.343598
14 28 0.996708
14 29 0.999935
14 30 1.000000
14 31 0.999969
14 32 0.996708
14 33 0.999996
14 34 1.000000
14 35 0.999998
14 36 0.999935
14 37 1.000000
14 38 1.000000
14 39 0.029925
14 40 0.999996
14 41 0.011782
14 42 0.035762
14 43 0.999902
14 44 0.999670
14 45 0.999908
14 46 0.999998
14 47 0.999983
14 48 0.999999
14 49 0.105308
14 50 0.108547
14 51 0.998048
14 52 0.999998
14 53 0.999996
14 54 0.945939
14 55 0.899866
14 56 1.000000
14 57 0.006763
14 58 0.268234
14 59 0.951799
14 60 0.987559
14 61 0.999268
14 62 0.060180
14 63 0.472229
14 64 0.988934
14 65 0.281925
14 66 0.999998
14 67 0.999979
14 68 0.093360
14 69 0.991689
14 70 0.051779
14 71 0.999999
14 72 0.999629
14 73 0.051779
14 74 0.999927
14 75 0.999629
14 76 0.999863
14 77 0.093360
14 78 0.999985
14 79 0.999875
14 80 0.999835
14 81 0.999995
14 82 0.994076
14 83 0.999997
14 84 0.998457
14 85 0.071949
14 86 0.996875
14 87 0.999907
14 88 0.999975
14 89 0.999999
14 90 0.994732
14 91 0.060180
14 92 0.999258
14 93 0.967167
14 94 0.992983
14 95 0.005177
14 96 0.999982
14 97 0.999884
14 98 1.000000
14 99 0.029925
15 0 0.999986
15 1 0.998516
15 2 0.999935
15 3 0.999382
15 4 0.999987
15 5 0.970761
15 6 0.998536
15 7 0.690668
15 8 0.999835
15 9 0.999536
15 10 0.964970
15 11 0.999999
15 12 0.999443
15 13 0.999588
15 14 0.999634
15 15 0.000000
15 16 0.991689
15 17 0.990157
15 18 0.991689
15 19 0.999994
15 20 0.951799
15 21 0.999938
15 22 0.999999
15 23 0.999996
15 24 0.999992
15 25 0.982569
15 26 0.999985
15 27 0.999999
15 28 0.959174
15 29 1.000000
15 30 0.956464
15 31 1.000000
15 32 0.776073
15 33 0.999956
15 34 0.240658
15 35 0.986202
15 36 0.268234
15 37 0.987559
15 38 0.999846
15 39 0.999999
15 40 0.984490
15 41 1.000000
15 42 0.999981
15 43 0.999258
15 44 0.991126
15 45 0.999996
15 46 0.934561
15 47 0.999739
15 48 0.999992
15 49 0.999998
15 50 0.994076
15 51 0.999961
15 52 0.999996
15 53 0.998698
15 54 0.882454
15 55 0.990023
15 56 0.999959
15 57 0.019299
15 58 1.000000
15 59 0.999983
15 60 0.999978
15 61 0.108547
15 62 0.996532
15 63 0.019299
15 64 0.172989
15 65 0.172989
15 66 0.999989
15 67 0.996485
15 68 0.014763
15 69 0.970761
15 70 1.000000
15 71 0.995066
15 72 0.453650
15 73 0.172989
15 74 0.998764
15 75 0.999993
15 76 0.988933
15 77 0.023583
15 78 0.019299
15 79 0.606413
15 80 0.093360
15 81 0.108547
15 82 0.987725
15 83 0.983447
15 84 0.138922
15 85 0.999971
15 86 0.999999
15 87 0.286770
15 88 0.998827
15 89 0.999999
15 90 0.996485
15 91 0.108547
15 92 0.812062
15 93 0.999990
15 94 0.245316
15 95 0.999961
15 96 0.003622
15 97 0.997994
15 98 0.999979
15 99 0.999989
16 0 0.071949
16 1 0.996708
16 2 0.935413
16 3 1.000000
16 4 0.991689
16 5 0.974940
16 6 0.999985
16 7 0.687190
16 8 0.999985
16 9 0.999780
16 10 0.978283
16 11 0.029925
16 12 0.999986
16 13 0.999993
16 14 0.029925
16 15 0.991689
16 16 0.000000
16 17 0.060180
16 18 0.870414
16 19 0.011782
16 20 0.999824
16 21 0.003622
16 22 0.994076
16 23 0.999993
16 24 0.023583
16 25 0.999997
16 26 0.999794
16 27 0.999984
16 28 0.999999
16 29 0.996708
16 30 0.990655
16 31 0.961206
16 32 0.995892
16 33 0.999996
16 34 0.051779
16 35 0.999890
16 36 0.957037
16 37 0.029925
16 38 0.999756
16 39 0.035762
16 40 0.019299
16 41 0.999998
16 42 0.997530
16 43 0.831064
16 44 1.000000
16 45 0.035762
16 46 0.019299
16 47 0.999736
16 48 0.936253
16 49 0.998681
16 50 1.000000
16 51 0.019299
16 52 0.996485
16 53 0.992215
16 54 0.263461
16 55 0.999995
16 56 0.999923
16 57 1.000000
16 58 0.014763
16 59 0.791203
16 60 0.951799
16 61 0.995554
16 62 0.994732
16 63 0.071949
16 64 1.000000
16 65 0.999998
16 66 0.019299
16 67 0.999560
16 68 0.807431
16 69 0.999996
16 70 1.000000
16 71 1.000000
16 72 0.999972
16 73 0.999870
16 74 0.999967
16 75 0.969221
16 76 0.023583
16 77 0.002681
16 78 0.999707
16 79 0.005177
16 80 0.999999
16 81 0.019299
16 82 0.998957
16 83 0.999986
16 84 0.019299
16 85 0.999995
16 86 0.979096
16 87 0.227550
16 88 0.982569
16 89 0.999998
16 90 0.999956
16 91 0.019299
16 92 0.999999
16 93 0.958629
16 94 0.999878
16 95 0.029925
16 96 0.997887
16 97 0.227550
16 98 0.703771
16 99 0.472229
17 0 0.967602
17 1 0.999966
17 2 0.999997
17 3 0.728674
17 4 0.788678
17 5 0.904700
17 6 1.000000
17 7 0.093360
17 8 1.000000
17 9 0.994732
17 10 0.999951
17 11 0.997916
17 12 0.999725
17 13 0.992215
17 14 0.927638
17 15 0.990157
17 16 0.060180
17 17 0.000000
17 18 0.011782
17 19 0.005177
17 20 0.019299
17 21 0.996709
17 22 0.914824
17 23 0.495294
17 24 0.994156
17 25 0.996532
17 26 0.999997
17 27 0.999935
17 28 0.904700
17 29 0.927638
17 30 0.992215
17 31 0.725534
17 32 0.997113
17 33 0.980147
17 34 0.995066
17 35 0.999218
17 36 0.998021
17 37 0.184861
17 38 0.999995
17 39 0.998764
17 40 0.988187
17 41 0.999999
17 42 0.305549
17 43 0.999992
17 44 0.986721
17 45 0.998764
17 46 0.999707
17 47 0.999987
17 48 0.999942
17 49 0.999972
17 50 0.923918
17 51 0.998764
17 52 1.000000
17 53 0.997222
17 54 0.999556
17 55 0.999907
17 56 0.999725
17 57 0.071949
17 58 0.227550
17 59 0.135231
17 60 0.999999
17 61 0.874996
17 62 0.999996
17 63 0.999981
17 64 0.999991
17 65 0.999971
17 66 0.051779
17 67 0.980411
17 68 0.998048
17 69 0.999997
17 70 0.994452
17 71 0.853624
17 72 0.019299
17 73 0.060180
17 74 0.019299
17 75 0.999976
17 76 0.999990
17 77 0.999969
17 78 0.240658
17 79 0.999999
17 80 0.999971
17 81 0.743482
17 82 0.996532
17 83 0.999990
17 84 0.005177
17 85 0.999961
17 86 0.999951
17 87 0.980411
17 88 0.999670
17 89 0.029925
17 90 0.018287
17 91 0.655709
17 92 0.135230
17 93 0.997363
17 94 0.997916
17 95 0.060180
17 96 1.000000
17 97 0.019299
17 98 1.000000
17 99 0.999998
18 0 0.999780
18 1 0.029925
18 2 0.999010
18 3 0.005177
18 4 0.998698
18 5 0.999996
18 6 0.982333
18 7 0.998241
18 8 0.999120
18 9 0.999768
18 10 0.999996
18 11 0.882454
18 12 0.999987
18 13 0.970761
18 14 0.998887
18 15 0.991689
18 16 0.870414
18 17 0.011782
18 18 0.000000
18 19 0.999967
18 20 0.998591
18 21 0.082237
18 22 0.999768
18 23 0.999010
18 24 0.999979
18 25 0.998764
18 26 0.924902
18 27 0.999993
18 28 1.000000
18 29 0.999998
18 30 1.000000
18 31 0.998147
18 32 0.988934
18 33 0.005177
18 34 0.999609
18 35 0.999999
18 36 0.999706
18 37 0.995836
18 38 0.300647
18 39 0.999902
18 40 0.973967
18 41 0.997259
18 42 0.989493
18 43 0.999969
18 44 0.943131
18 45 0.998353
18 46 0.993427
18 47 0.023583
18 48 0.205798
18 49 1.000000
18 50 0.999998
18 51 0.035762
18 52 0.994076
18 53 1.000000
18 54 0.978814
18 55 0.920015
18 56 0.999997
18 57 1.000000
18 58 0.997655
18 59 0.947929
18 60 0.999999
18 61 0.051779
18 62 0.205798
18 63 1.000000
18 64 0.999999
18 65 0.999768
18 66 0.999927
18 67 0.029925
18 68 0.999971
18 69 0.999860
18 70 0.477022
18 71 0.838911
18 72 0.999588
18 73 0.071949
18 74 0.019299
18 75 0.999985
18 76 0.809758
18 77 0.002681
18 78 0.060180
18 79 0.999382
18 80 0.060180
18 81 0.999999
18 82 0.999999
18 83 0.590401
18 84 0.019299
18 85 0.019299
18 86 0.999972
18 87 0.986202
18 88 0.999986
18 89 0.999935
18 90 0.999996
18 91 0.029925
18 92 0.999884
18 93 1.000000
18 94 0.051779
18 95 0.011782
18 96 0.999995
18 97 0.108547
18 98 0.999998
18 99 0.076783
19 0 0.846427
19 1 0.958629
19 2 0.999560
19 3 0.996485
19 4 0.999994
19 5 0.999977
19 6 0.035762
19 7 0.998902
19 8 0.205798
19 9 0.994732
19 10 0.999609
19 11 0.453650
19 12 0.999999
19 13 0.999917
19 14 0.939390
19 15 0.999994
19 16 0.011782
19 17 0.005177
19 18 0.999967
19 19 0.000000
19 20 0.999993
19 21 1.000000
19 22 0.989633
19 23 1.000000
19 24 0.999670
19 25 1.000000
19 26 0.803068
19 27 0.999995
19 28 0.998698
19 29 0.286770
19 30 0.999963
19 31 0.999794
19 32 0.954189
19 33 0.999954
19 34 0.029925
19 35 0.997916
19 36 0.227550
19 37 0.108547
19 38 0.999794
19 39 0.961207
19 40 0.995317
19 41 0.586172
19 42 0.429954
19 43 0.994452
19 44 0.011782
19 45 0.245316
19 46 0.999991
19 47 0.999995
19 48 0.999802
19 49 1.000000
19 50 0.999995
19 51 0.071949
19 52 0.999987
19 53 0.997834
19 54 0.172989
19 55 0.999486
19 56 0.999902
19 57 0.999967
19 58 0.082237
19 59 1.000000
19 60 0.971149
19 61 0.019299
19 62 0.999560
19 63 0.999998
19 64 0.999997
19 65 0.998681
19 66 0.980147
19 67 0.999938
19 68 0.999998
19 69 0.999884
19 70 0.002681
19 71 0.006763
19 72 0.329464
19 73 0.999983
19 74 0.034173
19 75 0.999998
19 76 0.999436
19 77 0.999999
19 78 0.002681
19 79 0.972225
19 80 0.029925
19 81 0.994451
19 82 0.029925
19 83 0.999652
19 84 0.731785
19 85 0.060180
19 86 1.000000
19 87 0.999691
19 88 0.434867
19 89 0.999817
19 90 0.870414
19 91 0.963627
19 92 0.728674
19 93 0.968808
19 94 0.999258
19 95 0.999817
19 96 1.000000
19 97 0.590401
19 98 0.935413
19 99 0.999999
20 0 0.999954
20 1 0.999974
20 2 0.005177
20 3 0.997530
20 4 0.019299
20 5 0.996100
20 6 0.138922
20 7 0.999995
20 8 0.999926
20 9 0.999768
20 10 0.999884
20 11 0.997398
20 12 0.999826
20 13 0.992609
20 14 0.993427
20 15 0.951799
20 16 0.999824
20 17 0.019299
20 18 0.998591
20 19 0.999993
20 20 0.000000
20 21 0.996917
20 22 0.972594
20 23 0.972225
20 24 0.999963
20 25 0.935412
20 26 1.000000
20 27 0.941615
20 28 0.999993
20 29 0.997530
20 30 0.035762
20 31 0.945939
20 32 0.019299
20 33 0.986202
20 34 0.999765
20 35 0.999807
20 36 0.999938
20 37 0.018287
20 38 0.979096
20 39 0.993427
20 40 0.153568
20 41 0.998764
20 42 0.999804
20 43 1.000000
20 44 0.999807
20 45 0.996047
20 46 0.998957
20 47 0.999951
20 48 1.000000
20 49 0.994155
20 50 0.999560
20 51 0.986720
20 52 0.700406
20 53 0.042353
20 54 0.205798
20 55 0.060180
20 56 0.000139
20 57 0.999999
20 58 0.910477
20 59 0.999983
20 60 0.999992
20 61 0.995836
20 62 0.997834
20 63 0.999769
20 64 0.999995
20 65 0.029925
20 66 0.990655
20 67 1.000000
20 68 0.014763
20 69 0.495294
20 70 0.999991
20 71 0.019299
20 72 0.995253
20 73 0.035762
20 74 1.000000
20 75 0.999451
20 76 0.999993
20 77 0.005177
20 78 0.999997
20 79 0.999980
20 80 1.000000
20 81 0.876571
20 82 0.999340
20 83 0.999999
20 84 0.184861
20 85 0.108547
20 86 0.999999
20 87 0.999853
20 88 0.168897
20 89 0.060180
20 90 0.999952
20 91 0.005177
20 92 0.996708
20 93 0.508635
20 94 0.999991
20 95 0.999985
20 96 0.999888
20 97 0.659444
20 98 0.329464
20 99 0.999588
21 0 0.999978
21 1 0.999582
21 2 0.999996
21 3 0.988345
21 4 0.999993
21 5 0.999794
21 6 0.153568
21 7 0.999935
21 8 0.931183
21 9 0.999560
21 10 1.000000
21 11 0.992109
21 12 0.992609
21 13 0.999942
21 14 0.051779
21 15 0.999938
21 16 0.003622
21 17 0.996709
21 18 0.082237
21 19 1.000000
21 20 0.996917
21 21 0.000000
21 22 0.999853
21 23 0.999756
21 24 0.035762
21 25 0.999120
21 26 0.999949
21 27 0.991246
21 28 0.223001
21 29 0.051779
21 30 1.000000
21 31 0.999922
21 32 0.999935
21 33 0.005177
21 34 0.981397
21 35 0.999835
21 36 0.870414
21 37 0.999995
21 38 0.740482
21 39 0.982569
21 40 1.000000
21 41 0.914824
21 42 0.999835
21 43 0.051779
21 44 0.996297
21 45 0.999964
21 46 0.994803
21 47 1.000000
21 48 0.999985
21 49 0.999997
21 50 0.999980
21 51 0.019299
21 52 0.999945
21 53 0.996100
21 54 0.999954
21 55 0.999828
21 56 0.651944
21 57 0.997398
21 58 0.999983
21 59 0.999973
21 60 0.999976
21 61 0.005177
21 62 0.023583
21 63 0.999987
21 64 0.973968
21 65 0.028526
21 66 0.999998
21 67 0.998943
21 68 0.999228
21 69 0.019299
21 70 0.905921
21 71 1.000000
21 72 0.999512
21 73 0.999985
21 74 0.999966
21 75 0.093360
21 76 0.082237
21 77 0.997363
21 78 0.997363
21 79 0.168897
21 80 0.002681
21 81 0.993338
21 82 0.999707
21 83 0.948613
21 84 0.992609
21 85 0.963627
21 86 0.138922
21 87 0.981397
21 88 0.305549
21 89 0.029925
21 90 0.993675
21 91 0.590401
21 92 0.989082
21 93 0.999950
21 94 0.999913
21 95 0.999999
21 96 0.999923
21 97 0.924902
21 98 0.997222
21 99 0.998681
22 0 0.999999
22 1 0.999988
22 2 0.999991
22 3 0.005177
22 4 0.673536
22 5 0.093360
22 6 0.911627
22 7 0.991689
22 8 0.286770
22 9 1.000000
22 10 0.999652
22 11 0.999991
22 12 0.606413
22 13 0.999907
22 14 0.999999
22 15 0.999999
22 16 0.994076
22 17 0.914824
22 18 0.999768
22 19 0.989633
22 20 0.972594
22 21 0.999853
22 22 0.000000
22 23 0.973616
22 24 0.687189
22 25 0.029925
22 26 0.005177
22 27 0.006763
22 28 0.999817
22 29 0.999794
22 30 0.999995
22 31 0.410971
22 32 0.999995
22 33 0.996664
22 34 0.999996
22 35 0.999985
22 36 0.999670
22 37 0.999978
22 38 0.998353
22 39 0.999935
22 40 0.002681
22 41 0.998241
22 42 0.999966
22 43 1.000000
22 44 0.999951
22 45 0.999707
22 46 0.988187
22 47 0.999024
22 48 0.713187
22 49 0.988345
22 50 0.999999
22 51 0.999340
22 52 0.999997
22 53 0.862254
22 54 1.000000
22 55 0.023583
22 56 0.023583
22 57 0.051779
22 58 1.000000
22 59 0.569659
22 60 0.999999
22 61 0.999931
22 62 0.019299
22 63 0.999977
22 64 0.999878
22 65 0.071949
22 66 0.999902
22 67 0.071949
22 68 0.999963
22 69 0.867099
22 70 0.999999
22 71 0.855444
22 72 0.999479
22 73 0.035762
22 74 0.018287
22 75 0.060180
22 76 0.999993
22 77 0.999981
22 78 0.999982
22 79 0.995892
22 80 1.000000
22 81 0.786129
22 82 0.999165
22 83 0.894801
22 84 0.082237
22 85 0.641070
22 86 0.590401
22 87 0.999997
22 88 0.999991
22 89 0.971149
22 90 0.999994
22 91 0.999994
22 92 0.999614
22 93 0.999999
22 94 0.999976
22 95 0.019299
22 96 0.987559
22 97 1.000000
22 98 0.005177
22 99 0.999674
23 0 0.999218
23 1 0.565303
23 2 0.029925
23 3 0.999863
23 4 0.998827
23 5 0.999413
23 6 1.000000
23 7 0.029925
23 8 0.999918
23 9 0.997887
23 10 0.999647
23 11 0.005177
23 12 0.999999
23 13 0.453650
23 14 1.000000
23 15 0.999996
23 16 0.999993
23 17 0.495294
23 18 0.999010
23 19 1.000000
23 20 0.972225
23 21 0.999756
23 22 0.973616
23 23 0.000000
23 24 0.999739
23 25 0.268234
23 26 0.999421
23 27 0.995613
23 28 0.998957
23 29 0.994732
23 30 0.999969
23 31 0.999948
23 32 0.019299
23 33 0.911627
23 34 0.985469
23 35 0.999992
23 36 0.999966
23 37 0.998147
23 38 0.998437
23 39 0.998353
23 40 0.999996
23 41 0.999984
23 42 0.189109
23 43 0.976826
23 44 0.999913
23 45 0.948613
23 46 0.005177
23 47 0.999991
23 48 0.996663
23 49 0.999963
23 50 0.998536
23 51 0.999993
23 52 0.999340
23 53 0.034173
23 54 0.999176
23 55 0.999670
23 56 1.000000
23 57 0.999652
23 58 0.991363
23 59 0.999989
23 60 0.999634
23 61 0.999997
23 62 0.999996
23 63 0.011782
23 64 0.448785
23 65 0.995066
23 66 0.189109
23 67 0.305549
23 68 0.286770
23 69 0.029925
23 70 1.000000
23 71 0.997034
23 72 0.999969
23 73 0.998843
23 74 0.535509
23 75 0.999652
23 76 0.994452
23 77 0.999967
23 78 0.999707
23 79 0.999988
23 80 0.029925
23 81 0.999629
23 82 0.999826
23 83 0.999268
23 84 0.999876
23 85 0.998887
23 86 0.082237
23 87 0.023583
23 88 0.999413
23 89 0.999935
23 90 0.997687
23 91 0.999826
23 92 0.513285
23 93 0.961206
23 94 0.999988
23 95 0.999919
23 96 0.997916
23 97 0.029925
23 98 0.998536
23 99 0.005177
24 0 0.999804
24 1 0.227550
24 2 0.999998
24 3 0.999986
24 4 0.999876
24 5 0.998353
24 6 0.305549
24 7 0.999505
24 8 0.999999
24 9 1.000000
24 10 0.999861
24 11 0.999994
24 12 0.019299
24 13 0.999691
24 14 0.999990
24 15 0.999992
24 16 0.023583
24 17 0.994156
24 18 0.999979
24 19 0.999670
24 20 0.999963
24 21 0.035762
24 22 0.687189
24 23 0.999739
24 24 0.000000
24 25 0.005177
24 26 0.999954
24 27 0.740481
24 28 0.999725
24 29 0.999930
24 30 0.999996
24 31 0.703771
24 32 0.999413
24 33 0.999855
24 34 0.999981
24 35 0.999969
24 36 0.051779
24 37 0.800669
24 38 0.999935
24 39 0.999996
24 40 0.453650
24 41 0.434867
24 42 0.976514
24 43 0.999954
24 44 0.019299
24 45 0.999981
24 46 0.997774
24 47 0.999828
24 48 0.138922
24 49 0.999954
24 50 0.999951
24 51 0.999971
24 52 0.002681
24 53 1.000000
24 54 0.990780
24 55 0.997774
24 56 0.526407
24 57 0.002681
24 58 0.860512
24 59 0.999349
24 60 0.999536
24 61 0.999998
24 62 0.014763
24 63 0.189109
24 64 0.999998
24 65 0.838911
24 66 0.999994
24 67 0.976514
24 68 0.999967
24 69 0.999268
24 70 0.153568
24 71 0.434867
24 72 0.800669
24 73 0.999961
24 74 0.051779
24 75 0.999997
24 76 0.071949
24 77 0.028526
24 78 0.999349
24 79 0.999421
24 80 0.999629
24 81 0.992983
24 82 0.853624
24 83 0.172989
24 84 0.999999
24 85 0.995613
24 86 0.622014
24 87 0.999989
24 88 0.992609
24 89 0.956464
24 90 0.305549
24 91 0.005177
24 92 0.942378
24 93 0.999998
24 94 0.994803
24 95 0.999610
24 96 0.051779
24 97 0.999913
24 98 0.999974
24 99 0.999992
25 0 0.999935
25 1 0.018287
25 2 0.002681
25 3 0.029925
25 4 0.999295
25 5 0.999998
25 6 0.910477
25 7 0.029925
25 8 0.035762
25 9 0.372722
25 10 0.999918
25 11 0.999634
25 12 0.517913
25 13 0.942378
25 14 0.999991
25 15 0.982569
25 16 0.999997
25 17 0.996532
25 18 0.998764
25 19 1.000000
25 20 0.935412
25 21 0.999120
25 22 0.029925
25 23 0.268234
25 24 0.005177
25 25 0.000000
25 26 1.000000
25 27 0.415919
25 28 0.999853
25 29 0.999165
25 30 0.999957
25 31 0.992983
25 32 0.999997
25 33 0.999998
25 34 0.999966
25 35 0.019299
25 36 0.976515
25 37 0.998241
25 38 0.993077
25 39 1.000000
25 40 0.999978
25 41 0.999897
25 42 0.951799
25 43 0.019299
25 44 0.998353
25 45 0.999998
25 46 0.999536
25 47 0.999956
25 48 0.042353
25 49 0.920015
25 50 0.820692
25 51 0.997530
25 52 0.997687
25 53 0.996485
25 54 0.999931
25 55 0.082237
25 56 1.000000
25 57 0.006763
25 58 0.999999
25 59 0.205798
25 60 0.994451
25 61 0.999948
25 62 0.172989
25 63 1.000000
25 64 0.997804
25 65 0.788679
25 66 1.000000
25 67 0.138922
25 68 0.999969
25 69 0.999967
25 70 0.999992
25 71 0.995614
25 72 0.996100
25 73 0.991128
25 74 0.999505
25 75 0.999996
25 76 0.999739
25 77 0.093360
25 78 0.995554
25 79 0.999349
25 80 0.999999
25 81 0.329464
25 82 0.905921
25 83 0.999999
25 84 0.172989
25 85 0.999989
25 86 0.071949
25 87 0.999973
25 88 0.998827
25 89 1.000000
25 90 0.999999
25 91 0.999991
25 92 0.998021
25 93 0.999340
25 94 0.453650
25 95 0.029925
25 96 0.005177
25 97 0.999845
25 98 0.999999
25 99 0.999991
26 0 0.998436
26 1 0.999974
26 2 0.999609
26 3 0.998536
26 4 0.590401
26 5 0.888076
26 6 0.999512
26 7 0.590401
26 8 0.348574
26 9 0.372722
26 10 0.019299
26 11 0.993760
26 12 1.000000
26 13 0.999969
26 14 0.988345
26 15 0.999985
26 16 0.999794
26 17 0.999997
26 18 0.924902
26 19 0.803068
26 20 1.000000
26 21 0.999949
26 22 0.005177
26 23 0.999421
26 24 0.999954
26 25 1.000000
26 26 0.000000
26 27 0.999951
26 28 0.999995
26 29 1.000000
26 30 1.000000
26 31 0.999794
26 32 0.001794
26 33 0.996100
26 34 0.998122
26 35 0.998827
26 36 0.998241
26 37 0.999999
26 38 0.985272
26 39 1.000000
26 40 0.999536
26 41 0.999998
26 42 0.999890
26 43 0.999995
26 44 1.000000
26 45 0.998147
26 46 0.947930
26 47 0.846427
26 48 0.987390
26 49 0.999898
26 50 0.951799
26 51 0.894801
26 52 0.051779
26 53 0.998536
26 54 1.000000
26 55 1.000000
26 56 0.982334
26 57 0.286770
26 58 0.997916
26 59 0.324511
26 60 0.999989
26 61 0.019299
26 62 0.999996
26 63 0.998827
26 64 0.205799
26 65 0.090388
26 66 0.998241
26 67 0.659444
26 68 0.999977
26 69 0.812062
26 70 0.999382
26 71 0.999543
26 72 0.999978
26 73 0.997944
26 74 0.996347
26 75 0.999609
26 76 0.530966
26 77 0.005177
26 78 0.999797
26 79 0.999314
26 80 0.995836
26 81 0.999010
26 82 0.999855
26 83 0.996298
26 84 0.979096
26 85 0.999890
26 86 0.998147
26 87 0.999999
26 88 0.994452
26 89 0.999995
26 90 0.023583
26 91 0.005177
26 92 0.999725
26 93 0.999986
26 94 0.973967
26 95 0.807431
26 96 0.999974
26 97 0.999956
26 98 0.051779
26 99 0.999927
27 0 0.019299
27 1 1.000000
27 2 0.060180
27 3 0.019299
27 4 0.999967
27 5 0.961207
27 6 0.999024
27 7 1.000000
27 8 1.000000
27 9 0.999990
27 10 0.999998
27 11 0.108547
27 12 0.999443
27 13 0.999963
27 14 0.343598
27 15 0.999999
27 16 0.999984
27 17 0.999935
27 18 0.999993
27 19 0.999995
27 20 0.941615
27 21 0.991246
27 22 0.006763
27 23 0.995613
27 24 0.740481
27 25 0.415919
27 26 0.999951
27 27 0.000000
27 28 0.988934
27 29 0.997916
27 30 0.268234
27 31 0.998516
27 32 0.999176
27 33 1.000000
27 34 0.765618
27 35 0.999061
27 36 0.998901
27 37 1.000000
27 38 0.011782
27 39 0.999999
27 40 0.999972
27 41 0.999988
27 42 0.999969
27 43 0.993760
27 44 0.999997
27 45 0.019299
27 46 0.874996
27 47 0.999998
27 48 0.153568
27 49 0.530966
27 50 0.999993
27 51 0.992609
