0 0 0.000000
0 1 0.980672
0 2 0.995672
0 3 0.999886
0 4 0.138922
0 5 0.434866
0 6 0.996917
0 7 0.924902
0 8 0.071949
0 9 0.517913
0 10 0.992215
0 11 0.978283
0 12 0.996347
0 13 0.998457
0 14 0.703771
0 15 0.999695
0 16 0.071949
0 17 0.372722
0 18 0.876570
0 19 0.372722
0 20 0.999228
0 21 0.876570
0 22 0.999886
0 23 0.987073
0 24 0.995133
0 25 0.987725
0 26 0.996347
0 27 0.071949
0 28 0.915921
0 29 0.996753
0 30 0.993844
0 31 0.778725
0 32 0.391878
0 33 0.990289
0 34 0.535509
0 35 0.035762
0 36 0.991800
0 37 0.995133
0 38 0.997944
0 39 0.985469
0 40 0.997944
0 41 0.928576
0 42 0.268234
0 43 0.998971
0 44 0.978283
0 45 0.986386
0 46 0.994803
0 47 0.986202
0 48 0.999614
0 49 0.019299
0 50 0.967602
0 51 0.329464
0 52 0.999421
0 53 0.677128
0 54 0.997804
0 55 0.998629
0 56 0.006763
0 57 0.071949
0 58 0.002681
0 59 0.999314
0 60 0.905920
0 61 0.172989
0 62 0.189109
0 63 0.019299
0 64 0.820692
0 65 0.983667
0 66 0.082237
0 67 0.071949
0 68 0.838911
0 69 0.997073
0 70 0.999657
0 71 0.894801
0 72 0.035762
0 73 0.979374
0 74 0.838911
0 75 0.943131
0 76 0.985272
0 77 0.268234
0 78 0.329464
0 79 0.995672
0 80 0.855444
0 81 0.996347
0 82 0.029925
0 83 0.029925
0 84 0.997944
0 85 0.980672
0 86 0.999349
0 87 0.535509
0 88 0.992708
0 89 0.945939
0 90 0.268234
0 91 0.728674
0 92 0.268234
0 93 0.988501
0 94 0.082237
0 95 0.108547
0 96 0.189109
0 97 0.071949
0 98 0.954792
0 99 0.838911
1 0 0.980672
1 1 0.000000
1 2 0.999949
1 3 0.108547
1 4 0.029925
1 5 0.870414
1 6 0.557193
1 7 0.096388
1 8 0.659444
1 9 0.999797
1 10 0.096388
1 11 0.035762
1 12 0.911627
1 13 0.029925
1 14 0.051779
1 15 0.983668
1 16 0.703771
1 17 0.998375
1 18 0.096388
1 19 0.943131
1 20 0.999968
1 21 0.972594
1 22 0.999187
1 23 0.800669
1 24 0.227550
1 25 0.305549
1 26 0.999187
1 27 0.998536
1 28 0.969629
1 29 0.992708
1 30 0.999037
1 31 0.998172
1 32 0.535509
1 33 0.719662
1 34 0.954792
1 35 0.979374
1 36 0.530965
1 37 0.999314
1 38 0.924902
1 39 0.971149
1 40 0.051779
1 41 0.517913
1 42 0.557193
1 43 0.998265
1 44 0.999962
1 45 0.999674
1 46 0.791203
1 47 0.995133
1 48 0.108547
1 49 0.082237
1 50 0.138922
1 51 0.976826
1 52 0.210224
1 53 0.051779
1 54 0.999674
1 55 0.999657
1 56 0.996347
1 57 0.610510
1 58 0.975602
1 59 0.994803
1 60 0.985469
1 61 0.189109
1 62 0.831064
1 63 0.998172
1 64 0.846427
1 65 0.996753
1 66 0.268234
1 67 0.959174
1 68 0.096388
1 69 0.957037
1 70 0.993516
1 71 0.996917
1 72 0.997259
1 73 0.985469
1 74 0.719662
1 75 0.998698
1 76 0.997563
1 77 0.991800
1 78 0.071949
1 79 0.982801
1 80 0.812062
1 81 0.987725
1 82 0.999228
1 83 0.999971
1 84 0.963627
1 85 0.999566
1 86 0.974313
1 87 0.980672
1 88 0.991363
1 89 0.071949
1 90 0.997687
1 91 0.998375
1 92 0.975602
1 93 0.082237
1 94 0.372722
1 95 0.391878
1 96 0.988501
1 97 0.791203
1 98 0.781351
1 99 0.996753
2 0 0.995672
2 1 0.999949
2 2 0.000000
2 3 0.071949
2 4 0.997398
2 5 0.999277
2 6 0.227550
2 7 0.996347
2 8 0.928576
2 9 0.172989
2 10 0.286770
2 11 0.138922
2 12 0.932960
2 13 0.415919
2 14 0.999924
2 15 0.998172
2 16 0.974313
2 17 0.993844
2 18 0.975602
2 19 0.978283
2 20 0.005177
2 21 0.998536
2 22 0.894801
2 23 0.029925
2 24 0.999993
2 25 0.071949
2 26 0.905921
2 27 0.434867
2 28 0.610510
2 29 0.959712
2 30 0.060180
2 31 0.716438
2 32 0.121504
2 33 0.995379
2 34 0.889496
2 35 0.991363
2 36 0.985469
2 37 0.863976
2 38 0.019299
2 39 0.999458
2 40 0.172989
2 41 0.096388
2 42 0.999657
2 43 0.014763
2 44 0.988501
2 45 0.998698
2 46 0.977134
2 47 0.936253
2 48 0.071949
2 49 0.991800
2 50 0.965899
2 51 0.999187
2 52 0.011782
2 53 0.138922
2 54 0.959174
2 55 0.999614
2 56 0.997074
2 57 0.610510
2 58 0.812062
2 59 0.967602
2 60 0.029925
2 61 0.999729
2 62 0.286770
2 63 0.999634
2 64 0.997834
2 65 0.991800
2 66 0.781351
2 67 0.978283
2 68 0.936253
2 69 0.005177
2 70 0.610510
2 71 0.019299
2 72 0.987073
2 73 0.901145
2 74 0.848329
2 75 0.071949
2 76 0.998265
2 77 0.999086
2 78 0.995133
2 79 0.189109
2 80 0.998781
2 81 0.939390
2 82 0.731785
2 83 0.999984
2 84 0.477022
2 85 0.838911
2 86 0.954189
2 87 0.971149
2 88 0.994526
2 89 0.999593
2 90 0.659444
2 91 0.999486
2 92 0.999995
2 93 0.172989
2 94 0.329464
2 95 0.820692
2 96 0.965899
2 97 0.995892
2 98 0.932960
2 99 0.923917
3 0 0.999886
3 1 0.108547
3 2 0.071949
3 3 0.000000
3 4 0.998781
3 5 0.999819
3 6 0.940181
3 7 0.108547
3 8 0.936253
3 9 0.996347
3 10 0.868768
3 11 0.372722
3 12 0.998971
3 13 0.019299
3 14 0.993170
3 15 0.991363
3 16 0.999486
3 17 0.477022
3 18 0.210224
3 19 0.996533
3 20 0.495294
3 21 0.870414
3 22 0.029925
3 23 0.495294
3 24 0.997563
3 25 0.029925
3 26 0.984698
3 27 0.019299
3 28 0.999421
3 29 0.189109
3 30 0.535509
3 31 0.731785
3 32 0.971149
3 33 0.831064
3 34 0.999187
3 35 0.996753
3 36 0.495294
3 37 0.967602
3 38 0.974313
3 39 0.006763
3 40 0.659444
3 41 0.690668
3 42 0.029925
3 43 0.999743
3 44 0.803068
3 45 0.227550
3 46 0.998375
3 47 0.999980
3 48 0.993844
3 49 0.986202
3 50 0.172989
3 51 0.939391
3 52 0.659444
3 53 0.999999
3 54 0.831065
3 55 0.996708
3 56 0.999421
3 57 0.172989
3 58 0.996532
3 59 0.993077
3 60 0.995892
3 61 0.993077
3 62 0.973967
3 63 0.757621
3 64 0.974313
3 65 0.951799
3 66 0.998375
3 67 0.573990
3 68 0.995892
3 69 0.071949
3 70 0.828969
3 71 0.984491
3 72 0.995379
3 73 0.477022
3 74 0.999990
3 75 0.965899
3 76 0.876570
3 77 0.940181
3 78 0.999543
3 79 0.991800
3 80 0.999819
3 81 0.415919
3 82 0.995379
3 83 0.999756
3 84 0.996347
3 85 0.005177
3 86 0.071949
3 87 0.901145
3 88 0.998555
3 89 0.990780
3 90 0.999940
3 91 0.410971
3 92 0.993844
3 93 0.999952
3 94 0.999593
3 95 0.329464
3 96 0.943131
3 97 0.951799
3 98 0.029925
3 99 0.882454
4 0 0.138922
4 1 0.029925
4 2 0.997398
4 3 0.998781
4 4 0.000000
4 5 0.998843
4 6 0.626001
4 7 0.992215
4 8 0.889496
4 9 0.791203
4 10 0.999037
4 11 0.791203
4 12 0.245316
4 13 0.999729
4 14 0.096388
4 15 0.998074
4 16 0.915921
4 17 0.153568
4 18 0.731785
4 19 0.995133
4 20 0.019299
4 21 0.998916
4 22 0.060180
4 23 0.989082
4 24 0.983668
4 25 0.998265
4 26 0.035762
4 27 0.999898
4 28 0.005177
4 29 0.889495
4 30 0.998629
4 31 0.983667
4 32 0.963627
4 33 0.999037
4 34 0.999966
4 35 0.719662
4 36 0.998436
4 37 0.999771
4 38 0.071949
4 39 0.998375
4 40 0.932960
4 41 0.731785
4 42 0.999981
4 43 0.573990
4 44 0.951799
4 45 0.227550
4 46 0.831064
4 47 0.993516
4 48 0.979649
4 49 0.005177
4 50 0.286770
4 51 0.920015
4 52 0.838911
4 53 0.999421
4 54 0.993077
4 55 0.999593
4 56 0.189109
4 57 0.071949
4 58 0.189109
4 59 0.391878
4 60 0.963626
4 61 0.999729
4 62 0.959174
4 63 0.245316
4 64 0.998375
4 65 0.029925
4 66 0.855444
4 67 0.920015
4 68 0.189109
4 69 0.985469
4 70 0.999593
4 71 0.999421
4 72 0.998555
4 73 0.999966
4 74 0.035762
4 75 0.998916
4 76 0.453650
4 77 0.019299
4 78 0.998555
4 79 0.991800
4 80 0.096388
4 81 0.189109
4 82 0.999729
4 83 0.719662
4 84 0.172989
4 85 0.982569
4 86 0.998629
4 87 0.268234
4 88 0.051779
4 89 0.800668
4 90 0.999957
4 91 0.999485
4 92 0.999957
4 93 0.921048
4 94 0.932960
4 95 0.517913
4 96 0.071949
4 97 0.999998
4 98 0.999999
4 99 0.969221
5 0 0.434866
5 1 0.870414
5 2 0.999277
5 3 0.999819
5 4 0.998843
5 5 0.000000
5 6 0.189109
5 7 0.961718
5 8 0.999957
5 9 0.971149
5 10 0.071949
5 11 0.993516
5 12 0.987725
5 13 0.757621
5 14 0.029925
5 15 0.453650
5 16 0.972594
5 17 0.716439
5 18 0.999949
5 19 0.999024
5 20 0.189109
5 21 0.703771
5 22 0.245316
5 23 0.981645
5 24 0.838911
5 25 0.999955
5 26 0.757621
5 27 0.901145
5 28 0.803068
5 29 0.920015
5 30 0.108547
5 31 0.996917
5 32 0.477022
5 33 0.987726
5 34 0.517913
5 35 0.959712
5 36 0.982801
5 37 0.994155
5 38 0.883941
5 39 0.348574
5 40 0.978283
5 41 0.082237
5 42 0.999756
5 43 0.901145
5 44 0.905920
5 45 0.999759
5 46 0.996532
5 47 0.996917
5 48 0.999176
5 49 0.245316
5 50 0.999695
5 51 0.172989
5 52 0.990289
5 53 0.999729
5 54 0.071949
5 55 0.557193
5 56 0.590401
5 57 0.999783
5 58 0.999797
5 59 0.998375
5 60 0.138922
5 61 0.855444
5 62 0.812062
5 63 0.994155
5 64 0.263462
5 65 0.626001
5 66 0.990289
5 67 0.975602
5 68 0.019299
5 69 0.096388
5 70 0.659444
5 71 0.949287
5 72 0.329464
5 73 0.005177
5 74 0.994526
5 75 0.610510
5 76 0.949286
5 77 0.517913
5 78 0.948612
5 79 0.999855
5 80 0.995133
5 81 0.936253
5 82 0.189109
5 83 0.029925
5 84 0.029925
5 85 0.071949
5 86 0.999910
5 87 0.051779
5 88 0.999928
5 89 0.972594
5 90 0.997398
5 91 0.994526
5 92 0.998843
5 93 0.999932
5 94 0.987725
5 95 0.019299
5 96 0.153568
5 97 0.590401
5 98 0.949286
5 99 0.838911
6 0 0.996917
6 1 0.557193
6 2 0.227550
6 3 0.940181
6 4 0.626001
6 5 0.189109
6 6 0.000000
6 7 0.991800
6 8 0.189109
6 9 0.372722
6 10 0.978283
6 11 0.108547
6 12 0.096388
6 13 0.999973
6 14 0.029925
6 15 0.911627
6 16 0.989082
6 17 0.889496
6 18 0.993844
6 19 0.108547
6 20 0.019299
6 21 0.082237
6 22 0.172989
6 23 0.999817
6 24 0.757621
6 25 0.391878
6 26 0.961718
6 27 0.189109
6 28 0.189109
6 29 0.096388
6 30 0.993844
6 31 0.838911
6 32 0.991363
6 33 0.883941
6 34 0.820692
6 35 0.000372
6 36 0.846427
6 37 0.172989
6 38 0.989772
6 39 0.972594
6 40 0.997687
6 41 0.998971
6 42 0.999783
6 43 0.659444
6 44 0.998781
6 45 0.999886
6 46 0.391878
6 47 0.703771
6 48 0.999187
6 49 0.998172
6 50 0.453650
6 51 0.992708
6 52 0.391878
6 53 0.998048
6 54 0.905921
6 55 0.999904
6 56 0.901144
6 57 0.029925
6 58 0.870414
6 59 0.997398
6 60 0.029925
6 61 0.659444
6 62 0.990780
6 63 0.993844
6 64 0.268234
6 65 0.372722
6 66 0.999871
6 67 0.993077
6 68 0.245316
6 69 0.970762
6 70 0.932960
6 71 0.999421
6 72 0.210224
6 73 0.071949
6 74 0.889496
6 75 0.268234
6 76 0.659444
6 77 0.972594
6 78 0.972594
6 79 0.976826
6 80 0.998629
6 81 0.905921
6 82 0.989633
6 83 0.999957
6 84 0.659444
6 85 0.989633
6 86 0.951798
6 87 0.997687
6 88 0.999936
6 89 0.096388
6 90 0.991800
6 91 0.996917
6 92 0.991800
6 93 0.870414
6 94 0.997113
6 95 0.999657
6 96 0.778725
6 97 0.992708
6 98 0.535509
6 99 0.997834
7 0 0.924902
7 1 0.096388
7 2 0.996347
7 3 0.108547
7 4 0.992215
7 5 0.961718
7 6 0.991800
7 7 0.000000
7 8 0.189109
7 9 0.610510
7 10 0.035762
7 11 0.943131
7 12 0.138922
7 13 0.999848
7 14 0.975602
7 15 0.172989
7 16 0.263461
7 17 0.153568
7 18 0.987725
7 19 0.990289
7 20 0.965899
7 21 0.991800
7 22 0.791203
7 23 0.029925
7 24 0.999024
7 25 0.096388
7 26 0.227550
7 27 0.995892
7 28 0.495294
7 29 0.998074
7 30 0.889496
7 31 0.019299
7 32 0.060180
7 33 0.998172
7 34 0.329464
7 35 0.329464
7 36 0.991800
7 37 0.999995
7 38 0.573990
7 39 0.876570
7 40 0.905921
7 41 0.999228
7 42 0.434867
7 43 0.138922
7 44 0.995892
7 45 0.990289
7 46 0.391878
7 47 0.980672
7 48 0.928576
7 49 0.999614
7 50 0.999943
7 51 0.997834
7 52 0.286771
7 53 0.019299
7 54 0.138922
7 55 0.997834
7 56 0.932960
7 57 0.768376
7 58 0.472229
7 59 0.987073
7 60 0.051779
7 61 0.029925
7 62 0.812062
7 63 0.998843
7 64 0.883941
7 65 0.999828
7 66 0.999695
7 67 0.997834
7 68 0.987073
7 69 0.999943
7 70 0.977134
7 71 0.995892
7 72 0.997563
7 73 0.108547
7 74 0.932077
7 75 0.978283
7 76 0.987725
7 77 0.987073
7 78 0.996100
7 79 0.876570
7 80 0.305549
7 81 0.227550
7 82 0.987073
7 83 0.993844
7 84 0.997687
7 85 0.999771
7 86 0.434867
7 87 0.996753
7 88 0.121504
7 89 0.999783
7 90 0.990780
7 91 0.051779
7 92 0.920015
7 93 0.082237
7 94 0.189109
7 95 0.268234
7 96 0.998288
7 97 0.988501
7 98 0.996917
7 99 0.999848
8 0 0.071949
8 1 0.659444
8 2 0.928576
8 3 0.936253
8 4 0.889496
8 5 0.999957
8 6 0.189109
8 7 0.189109
8 8 0.000000
8 9 0.138922
8 10 0.997259
8 11 0.932077
8 12 0.911627
8 13 0.999657
8 14 0.997259
8 15 0.999886
8 16 0.999891
8 17 0.999999
8 18 0.971149
8 19 0.082237
8 20 0.988345
8 21 0.936253
8 22 0.138922
8 23 0.972594
8 24 0.978283
8 25 0.138922
8 26 0.138922
8 27 0.995892
8 28 0.071949
8 29 0.310464
8 30 0.029925
8 31 0.971149
8 32 0.051779
8 33 0.975602
8 34 0.138922
8 35 0.731785
8 36 0.995672
8 37 0.995892
8 38 0.999228
8 39 0.434867
8 40 0.889496
8 41 0.573990
8 42 0.971149
8 43 0.071949
8 44 0.029925
8 45 0.268234
8 46 0.791203
8 47 0.920015
8 48 0.573990
8 49 0.011782
8 50 0.035762
8 51 0.910477
8 52 0.936253
8 53 0.999037
8 54 0.981645
8 55 0.071949
8 56 0.999995
8 57 0.846427
8 58 0.999674
8 59 0.029925
8 60 0.999783
8 61 0.746454
8 62 0.889496
8 63 0.997944
8 64 0.743482
8 65 0.984490
8 66 0.227550
8 67 0.992215
8 68 0.108547
8 69 0.999819
8 70 0.011782
8 71 0.535509
8 72 0.846427
8 73 0.936253
8 74 0.993844
8 75 0.517913
8 76 0.791203
8 77 0.019299
8 78 0.820692
8 79 0.982801
8 80 0.812062
8 81 0.051779
8 82 0.019299
8 83 0.227550
8 84 0.997398
8 85 0.999086
8 86 0.743482
8 87 0.976826
8 88 0.348574
8 89 0.939390
8 90 0.659444
8 91 0.535509
8 92 0.915921
8 93 0.029925
8 94 1.000000
8 95 0.998716
8 96 0.943131
8 97 0.982569
8 98 0.372722
8 99 0.995892
9 0 0.517913
9 1 0.999797
9 2 0.172989
9 3 0.996347
9 4 0.791203
9 5 0.971149
9 6 0.372722
9 7 0.610510
9 8 0.138922
9 9 0.000000
9 10 0.991363
9 11 0.999543
9 12 0.959712
9 13 0.943131
9 14 0.659445
9 15 0.915921
9 16 0.999485
9 17 0.936254
9 18 0.971149
9 19 0.743482
9 20 0.999695
9 21 0.999729
9 22 1.000000
9 23 0.989633
9 24 0.999743
9 25 0.172989
9 26 0.172989
9 27 0.999891
9 28 0.227550
9 29 0.434867
9 30 0.035762
9 31 0.993844
9 32 0.999924
9 33 0.999949
9 34 0.994526
9 35 0.348574
9 36 0.019299
9 37 0.096388
9 38 0.991800
9 39 0.138922
9 40 0.348574
9 41 0.999962
9 42 0.996917
9 43 0.820692
9 44 0.172989
9 45 0.644918
9 46 0.997259
9 47 0.831064
9 48 0.965898
9 49 0.999086
9 50 0.997073
9 51 0.989082
9 52 0.999949
9 53 0.029925
9 54 0.996917
9 55 0.999855
9 56 0.172989
9 57 0.946647
9 58 0.995892
9 59 0.985469
9 60 0.951799
9 61 0.757621
9 62 0.999994
9 63 0.172989
9 64 0.883941
9 65 0.999771
9 66 0.999797
9 67 0.999390
9 68 0.590401
9 69 0.743483
9 70 0.999932
9 71 0.994526
9 72 0.051779
9 73 0.458502
9 74 0.108547
9 75 0.998971
9 76 0.997259
9 77 0.659444
9 78 0.999848
9 79 0.005177
9 80 0.820692
9 81 0.984490
9 82 0.997113
9 83 0.096388
9 84 0.997944
9 85 0.138922
9 86 0.998265
9 87 0.999228
9 88 0.573990
9 89 0.974313
9 90 0.999634
9 91 0.999971
9 92 0.227550
9 93 0.995133
9 94 0.997687
9 95 0.998916
9 96 0.051779
9 97 0.999871
9 98 0.921048
9 99 0.991363
10 0 0.992215
10 1 0.096388
10 2 0.286770
10 3 0.868768
10 4 0.999037
10 5 0.071949
10 6 0.978283
10 7 0.035762
10 8 0.997259
10 9 0.991363
10 10 0.000000
10 11 0.286770
10 12 0.999729
10 13 0.998916
10 14 0.991363
10 15 0.999593
10 16 0.096388
10 17 0.999314
10 18 0.984698
10 19 0.989082
10 20 0.990780
10 21 0.999914
10 22 0.978283
10 23 0.999725
10 24 0.981645
10 25 0.999314
10 26 0.071949
10 27 0.999759
10 28 0.999314
10 29 0.005177
10 30 0.987073
10 31 0.573990
10 32 0.994526
10 33 0.990289
10 34 0.928576
10 35 0.911627
10 36 0.998843
10 37 0.990157
10 38 0.997563
10 39 0.035762
10 40 0.982801
10 41 0.329464
10 42 0.999807
10 43 0.982801
10 44 0.029925
10 45 0.138922
10 46 0.999829
10 47 0.071949
10 48 0.971149
10 49 0.029925
10 50 0.951799
10 51 0.983668
10 52 0.415919
10 53 0.029925
10 54 0.951799
10 55 0.855445
10 56 0.883941
10 57 0.999486
10 58 0.995379
10 59 0.998555
10 60 0.998843
10 61 0.997803
10 62 0.969629
10 63 0.329464
10 64 0.999943
10 65 0.863976
10 66 0.999891
10 67 0.590401
10 68 0.673535
10 69 0.961718
10 70 0.999946
10 71 0.896141
10 72 0.996917
10 73 0.924902
10 74 0.983668
10 75 0.071949
10 76 0.029925
10 77 0.573990
10 78 0.082237
10 79 0.980672
10 80 0.999695
10 81 0.965899
10 82 0.472230
10 83 0.943131
10 84 0.990289
10 85 0.999086
10 86 0.923918
10 87 0.434867
10 88 0.991363
10 89 0.023583
10 90 0.998629
10 91 0.921048
10 92 0.971149
10 93 0.995892
10 94 0.996347
10 95 0.093361
10 96 0.943131
10 97 0.019299
10 98 0.998555
10 99 0.310464
11 0 0.978283
11 1 0.035762
11 2 0.138922
11 3 0.372722
11 4 0.791203
11 5 0.993516
11 6 0.108547
11 7 0.943131
11 8 0.932077
11 9 0.999543
11 10 0.286770
11 11 0.000000
11 12 0.999949
11 13 0.997113
11 14 0.768376
11 15 0.999880
11 16 0.029925
11 17 0.800669
11 18 0.071949
11 19 0.153568
11 20 0.434867
11 21 0.997073
11 22 0.974313
11 23 0.029925
11 24 0.994234
11 25 0.997113
11 26 0.939390
11 27 0.517913
11 28 0.915921
11 29 0.991363
11 30 0.071949
11 31 0.928576
11 32 0.982801
11 33 0.245315
11 34 0.981645
11 35 0.997563
11 36 0.876570
11 37 0.999593
11 38 0.995672
11 39 0.005177
11 40 0.999943
11 41 0.757621
11 42 0.986202
11 43 0.999898
11 44 0.999639
11 45 0.998353
11 46 0.949286
11 47 0.029925
11 48 0.372722
11 49 0.305549
11 50 0.990780
11 51 0.975602
11 52 0.051779
11 53 0.996532
11 54 0.227550
11 55 0.996917
11 56 0.980672
11 57 0.011782
11 58 0.999983
11 59 0.901145
11 60 0.995379
11 61 0.415919
11 62 0.997259
11 63 0.997687
11 64 0.610510
11 65 0.153568
11 66 0.996752
11 67 0.987725
11 68 0.348574
11 69 0.029925
11 70 0.108547
11 71 0.999904
11 72 0.932960
11 73 0.996347
11 74 0.096388
11 75 0.096388
11 76 0.993077
11 77 0.915921
11 78 0.920015
11 79 0.848329
11 80 0.998781
11 81 0.415919
11 82 0.987073
11 83 0.996152
11 84 0.719662
11 85 0.019299
11 86 0.999268
11 87 0.189109
11 88 0.999614
11 89 0.999886
11 90 0.979649
11 91 0.029925
11 92 0.984698
11 93 0.781351
11 94 0.999994
11 95 0.999819
11 96 0.928576
11 97 0.987073
11 98 0.996347
11 99 0.920014
12 0 0.996347
12 1 0.911627
12 2 0.932960
12 3 0.998971
12 4 0.245316
12 5 0.987725
12 6 0.096388
12 7 0.138922
12 8 0.911627
12 9 0.959712
12 10 0.999729
12 11 0.999949
12 12 0.000000
12 13 0.096388
12 14 0.915921
12 15 0.988345
12 16 0.999807
12 17 0.961718
12 18 0.971149
12 19 0.999228
12 20 0.975602
12 21 0.812062
12 22 0.590401
12 23 0.999986
12 24 0.019299
12 25 0.071949
12 26 0.999997
12 27 0.995892
12 28 0.999458
12 29 0.994873
12 30 0.998629
12 31 0.999639
12 32 0.999593
12 33 0.535509
12 34 0.993516
12 35 0.227550
12 36 0.986202
12 37 0.969222
12 38 0.980672
12 39 0.999086
12 40 0.998781
12 41 0.998457
12 42 0.894801
12 43 0.954792
12 44 0.957038
12 45 0.987725
12 46 0.993844
12 47 0.434867
12 48 0.961718
12 49 0.831065
12 50 0.992708
12 51 0.855444
12 52 0.855444
12 53 0.998629
12 54 0.997073
12 55 0.996347
12 56 0.996533
12 57 0.703771
12 58 0.153568
12 59 0.915921
12 60 0.939391
12 61 0.967602
12 62 0.999228
12 63 0.988345
12 64 0.995672
12 65 0.999848
12 66 0.626001
12 67 0.998916
12 68 0.975602
12 69 0.998265
12 70 0.994526
12 71 0.329464
12 72 0.997944
12 73 0.932960
12 74 0.995672
12 75 0.434867
12 76 0.453650
12 77 0.924902
12 78 0.268234
12 79 0.999864
12 80 0.963627
12 81 0.924902
12 82 0.936253
12 83 0.876571
12 84 0.998843
12 85 0.986386
12 86 0.096388
12 87 0.626001
12 88 0.997944
12 89 0.286770
12 90 0.996579
12 91 0.951799
12 92 0.999981
12 93 0.029925
12 94 0.997113
12 95 0.138922
12 96 0.019299
12 97 0.998916
12 98 0.997718
12 99 0.189109
13 0 0.998457
13 1 0.029925
13 2 0.415919
13 3 0.019299
13 4 0.999729
13 5 0.757621
13 6 0.999973
13 7 0.999848
13 8 0.999657
13 9 0.943131
13 10 0.998916
13 11 0.997113
13 12 0.096388
13 13 0.000000
13 14 0.998074
13 15 0.983668
13 16 0.997944
13 17 0.883941
13 18 0.949286
13 19 0.979374
13 20 0.838911
13 21 0.999277
13 22 0.998971
13 23 0.286770
13 24 0.994526
13 25 0.791203
13 26 0.965899
13 27 0.991800
13 28 0.992708
13 29 0.999390
13 30 0.901145
13 31 0.716439
13 32 0.999829
13 33 0.989633
13 34 0.626001
13 35 0.999132
13 36 0.999277
13 37 0.999828
13 38 0.989082
13 39 0.781351
13 40 0.999913
13 41 0.905921
13 42 0.965441
13 43 0.999992
13 44 0.999981
13 45 0.999657
13 46 0.138922
13 47 0.999996
13 48 0.924902
13 49 0.862254
13 50 0.978283
13 51 0.974313
13 52 0.610510
13 53 0.995133
13 54 0.071949
13 55 0.996100
13 56 0.535509
13 57 0.978283
13 58 0.703771
13 59 0.996753
13 60 0.954189
13 61 0.896141
13 62 0.996152
13 63 0.979374
13 64 0.995133
13 65 0.029925
13 66 0.029925
13 67 0.995066
13 68 0.994526
13 69 0.673535
13 70 0.975602
13 71 0.838911
13 72 0.999976
13 73 0.995892
13 74 0.980672
13 75 0.997687
13 76 0.992708
13 77 0.071949
13 78 0.996532
13 79 0.999966
13 80 0.986386
13 81 0.998781
13 82 0.993516
13 83 0.987725
13 84 0.690668
13 85 0.019299
13 86 0.997563
13 87 0.999593
13 88 0.915921
13 89 0.932960
13 90 0.940181
13 91 0.999614
13 92 0.862254
13 93 0.997563
13 94 0.992708
13 95 0.996152
13 96 0.051779
13 97 0.999314
13 98 0.138922
13 99 0.848329
14 0 0.703771
14 1 0.051779
14 2 0.999924
14 3 0.993170
14 4 0.096388
14 5 0.029925
14 6 0.029925
14 7 0.975602
14 8 0.997259
14 9 0.659445
14 10 0.991363
14 11 0.768376
14 12 0.915921
14 13 0.998074
14 14 0.000000
14 15 0.989082
14 16 0.029925
14 17 0.263461
14 18 0.972594
14 19 0.372722
14 20 0.838911
14 21 0.138922
14 22 0.999358
14 23 0.999743
14 24 0.963626
14 25 0.951799
14 26 0.932960
14 27 0.954792
14 28 0.535509
14 29 0.996347
14 30 0.999919
14 31 0.999229
14 32 0.943131
14 33 0.996753
14 34 0.992708
14 35 0.999957
14 36 0.998375
14 37 0.965899
14 38 0.999999
14 39 0.029925
14 40 0.998781
14 41 0.138922
14 42 0.822878
14 43 0.972594
14 44 0.998971
14 45 0.974313
14 46 0.995133
14 47 0.911627
14 48 0.999768
14 49 0.552766
14 50 0.051779
14 51 0.870414
14 52 0.943131
14 53 0.997398
14 54 0.286770
14 55 0.690668
14 56 0.999819
14 57 0.108547
14 58 0.096388
14 59 0.372722
14 60 0.961718
14 61 0.855444
14 62 0.060180
14 63 0.946647
14 64 0.915921
14 65 0.626002
14 66 0.995133
14 67 0.954188
14 68 0.535509
14 69 0.245316
14 70 0.019299
14 71 0.999979
14 72 0.846427
14 73 0.268234
14 74 0.965899
14 75 0.978283
14 76 0.990289
14 77 0.690668
14 78 0.997834
14 79 0.995614
14 80 0.994526
14 81 0.981645
14 82 0.992708
14 83 0.998629
14 84 0.517913
14 85 0.210224
14 86 0.997259
14 87 0.981645
14 88 0.998971
14 89 0.998971
14 90 0.731785
14 91 0.082237
14 92 0.998843
14 93 0.967602
14 94 0.967602
14 95 0.005177
14 96 0.997398
14 97 0.963627
14 98 0.999999
14 99 0.029925
15 0 0.999695
15 1 0.983668
15 2 0.998172
15 3 0.991363
15 4 0.998074
15 5 0.453650
15 6 0.911627
15 7 0.172989
15 8 0.999886
15 9 0.915921
15 10 0.999593
15 11 0.999880
15 12 0.988345
15 13 0.983668
15 14 0.989082
15 15 0.000000
15 16 0.855444
15 17 0.820692
15 18 0.949286
15 19 0.999543
15 20 0.690668
15 21 0.999314
15 22 0.999614
15 23 0.999743
15 24 0.999924
15 25 0.610510
15 26 0.991363
15 27 0.999486
15 28 0.108547
15 29 0.999228
15 30 0.731785
15 31 0.997113
15 32 0.920015
15 33 0.983668
15 34 0.838911
15 35 0.108547
15 36 0.071949
15 37 0.951798
15 38 0.999086
15 39 0.999228
15 40 0.848329
15 41 0.999572
15 42 0.995133
15 43 0.998971
15 44 0.999085
15 45 0.999995
15 46 0.997259
15 47 0.862254
15 48 0.992708
15 49 0.997259
15 50 0.999421
15 51 0.996347
15 52 0.921048
15 53 0.977134
15 54 0.610510
15 55 0.995379
15 56 0.993077
15 57 0.019299
15 58 0.999997
15 59 0.997073
15 60 0.924903
15 61 0.372722
15 62 0.610510
15 63 0.019299
15 64 0.096388
15 65 0.096388
15 66 0.812062
15 67 0.995133
15 68 0.690668
15 69 0.936254
15 70 0.999807
15 71 0.985469
15 72 0.245316
15 73 0.029925
15 74 0.495294
15 75 0.993844
15 76 0.996347
15 77 0.268234
15 78 0.172989
15 79 0.060180
15 80 0.286770
15 81 0.644918
15 82 0.477022
15 83 0.905921
15 84 0.415919
15 85 0.894801
15 86 0.995892
15 87 0.172989
15 88 0.967602
15 89 0.999458
15 90 0.998172
15 91 0.019299
15 92 0.051779
15 93 0.999543
15 94 0.051779
15 95 0.932960
15 96 0.189109
15 97 0.980411
15 98 0.999891
15 99 0.998971
16 0 0.071949
16 1 0.703771
16 2 0.974313
16 3 0.999486
16 4 0.915921
16 5 0.972594
16 6 0.989082
16 7 0.263461
16 8 0.999891
16 9 0.999485
16 10 0.096388
16 11 0.029925
16 12 0.999807
16 13 0.997944
16 14 0.029925
16 15 0.855444
16 16 0.000000
16 17 0.060180
16 18 0.071949
16 19 0.019299
16 20 0.982568
16 21 0.189109
16 22 0.959174
16 23 0.998629
16 24 0.023583
16 25 0.998843
16 26 0.791203
16 27 0.853624
16 28 0.999783
16 29 0.980672
16 30 0.862254
16 31 0.286770
16 32 0.690668
16 33 0.997259
16 34 0.138922
16 35 0.999543
16 36 0.310464
16 37 0.096388
16 38 0.911627
16 39 0.108547
16 40 0.019299
16 41 0.999962
16 42 0.731785
16 43 0.458502
16 44 0.999990
16 45 0.071949
16 46 0.310464
16 47 0.932077
16 48 0.108547
16 49 0.999421
16 50 0.999829
16 51 0.029925
16 52 0.983668
16 53 0.372722
16 54 0.205798
16 55 0.999458
16 56 0.995133
16 57 0.981645
16 58 0.060180
16 59 0.268234
16 60 0.573990
16 61 0.993844
16 62 0.998265
16 63 0.029925
16 64 0.999086
16 65 0.972594
16 66 0.019299
16 67 0.988345
16 68 0.915921
16 69 0.996532
16 70 0.999999
16 71 0.982568
16 72 0.999914
16 73 0.961718
16 74 0.936253
16 75 0.929503
16 76 0.082237
16 77 0.019299
16 78 0.998457
16 79 0.005177
16 80 0.998843
16 81 0.019299
16 82 0.945939
16 83 0.828969
16 84 0.019299
16 85 0.999807
16 86 0.820692
16 87 0.138922
16 88 0.901145
16 89 0.999837
16 90 0.967602
16 91 0.172989
16 92 0.991800
16 93 0.998172
16 94 0.969629
16 95 0.029925
16 96 0.982569
16 97 0.019299
16 98 0.434867
16 99 0.434867
17 0 0.372722
17 1 0.998375
17 2 0.993844
17 3 0.477022
17 4 0.153568
17 5 0.716439
17 6 0.889496
17 7 0.153568
17 8 0.999999
17 9 0.936254
17 10 0.999314
17 11 0.800669
17 12 0.961718
17 13 0.883941
17 14 0.263461
17 15 0.820692
17 16 0.060180
17 17 0.000000
17 18 0.051779
17 19 0.029925
17 20 0.172989
17 21 0.995133
17 22 0.800669
17 23 0.372722
17 24 0.690668
17 25 0.690668
17 26 0.993844
17 27 0.936253
17 28 0.889496
17 29 0.731785
17 30 0.719662
17 31 0.716439
17 32 0.310464
17 33 0.959174
17 34 0.477022
17 35 0.936253
17 36 0.969221
17 37 0.731785
17 38 0.999828
17 39 0.982801
17 40 0.999421
17 41 0.999970
17 42 0.138922
17 43 0.999819
17 44 0.800669
17 45 0.757621
17 46 0.972594
17 47 0.959712
17 48 0.974313
17 49 0.999593
17 50 0.855444
17 51 0.936253
17 52 0.999543
17 53 0.943131
17 54 0.999987
17 55 0.994803
17 56 0.946647
17 57 0.071949
17 58 0.071949
17 59 0.626001
17 60 0.999073
17 61 0.659444
17 62 0.999657
17 63 0.980672
17 64 0.993515
17 65 0.992708
17 66 0.051779
17 67 0.905920
17 68 0.434867
17 69 0.994234
17 70 0.951799
17 71 0.535509
17 72 0.172989
17 73 0.189109
17 74 0.071949
17 75 0.920015
17 76 0.998971
17 77 0.996917
17 78 0.472229
17 79 0.951798
17 80 0.999955
17 81 0.082237
17 82 0.659444
17 83 0.999914
17 84 0.005177
17 85 0.932077
17 86 0.987725
17 87 0.855444
17 88 0.996347
17 89 0.096388
17 90 0.495294
17 91 0.093360
17 92 0.590401
17 93 0.981645
17 94 0.991800
17 95 0.286770
17 96 0.999957
17 97 0.019299
17 98 0.998265
17 99 0.999771
18 0 0.876570
18 1 0.096388
18 2 0.975602
18 3 0.210224
18 4 0.731785
18 5 0.999949
18 6 0.993844
18 7 0.987725
18 8 0.971149
18 9 0.971149
18 10 0.984698
18 11 0.071949
18 12 0.971149
18 13 0.949286
18 14 0.972594
18 15 0.949286
18 16 0.071949
18 17 0.051779
18 18 0.000000
18 19 0.838911
18 20 0.993077
18 21 0.029925
18 22 0.983668
18 23 0.993844
18 24 0.999421
18 25 0.985469
18 26 0.138922
18 27 0.961718
18 28 0.999968
18 29 0.972594
18 30 0.998971
18 31 0.989082
18 32 0.971149
18 33 0.029925
18 34 0.996347
18 35 0.999486
18 36 0.999187
18 37 0.967602
18 38 0.641071
18 39 0.998843
18 40 0.812061
18 41 0.138922
18 42 0.996917
18 43 0.999829
18 44 0.227550
18 45 0.993515
18 46 0.961718
18 47 0.023583
18 48 0.121504
18 49 0.999996
18 50 0.999086
18 51 0.372722
18 52 0.981645
18 53 0.997433
18 54 0.914824
18 55 0.517913
18 56 0.999458
18 57 0.999783
18 58 0.791203
18 59 0.997259
18 60 0.999886
18 61 0.051779
18 62 0.757621
18 63 0.994803
18 64 0.999037
18 65 0.975602
18 66 0.997563
18 67 0.029925
18 68 0.998629
18 69 0.894801
18 70 0.071949
18 71 0.268234
18 72 0.943131
18 73 0.071949
18 74 0.096388
18 75 0.999187
18 76 0.659444
18 77 0.002681
18 78 0.517913
18 79 0.971149
18 80 0.138922
18 81 0.982801
18 82 0.995379
18 83 0.108547
18 84 0.071949
18 85 0.071949
18 86 0.945939
18 87 0.932960
18 88 0.994526
18 89 0.971149
18 90 0.993844
18 91 0.029925
18 92 0.978283
18 93 0.998457
18 94 0.019299
18 95 0.051779
18 96 0.998916
18 97 0.138922
18 98 0.999807
18 99 0.882454
19 0 0.372722
19 1 0.943131
19 2 0.978283
19 3 0.996533
19 4 0.995133
19 5 0.999024
19 6 0.108547
19 7 0.990289
19 8 0.082237
19 9 0.743482
19 10 0.989082
19 11 0.153568
19 12 0.999228
19 13 0.979374
19 14 0.372722
19 15 0.999543
19 16 0.019299
19 17 0.029925
19 18 0.838911
19 19 0.000000
19 20 0.995379
19 21 0.997563
19 22 0.831064
19 23 0.999358
19 24 0.989634
19 25 0.999828
19 26 0.029925
19 27 0.999998
19 28 0.943131
19 29 0.035762
19 30 0.999485
19 31 0.996753
19 32 0.781351
19 33 0.974313
19 34 0.029925
19 35 0.535509
19 36 0.138922
19 37 0.051779
19 38 0.703771
19 39 0.977135
19 40 0.971149
19 41 0.641070
19 42 0.791202
19 43 0.936253
19 44 0.071949
19 45 0.138922
19 46 0.999593
19 47 0.998698
19 48 0.992215
19 49 0.999962
19 50 0.999268
19 51 0.029925
19 52 0.995133
19 53 0.096388
19 54 0.029925
19 55 0.310464
19 56 0.928576
19 57 0.983446
19 58 0.189109
19 59 0.999939
19 60 0.029925
19 61 0.019299
19 62 0.987725
19 63 0.993844
19 64 0.999797
19 65 0.983667
19 66 0.969222
19 67 0.999743
19 68 0.999657
19 69 0.994526
19 70 0.019299
19 71 0.051779
19 72 0.310464
19 73 0.998048
19 74 0.223001
19 75 0.997563
19 76 0.993427
19 77 0.999996
19 78 0.019299
19 79 0.975602
19 80 0.029925
19 81 0.731785
19 82 0.096388
19 83 0.997259
19 84 0.019299
19 85 0.286770
19 86 0.998971
19 87 0.477022
19 88 0.138922
19 89 0.987073
19 90 0.071949
19 91 0.172989
19 92 0.719662
19 93 0.978283
19 94 0.972594
19 95 0.992319
19 96 0.999458
19 97 0.268234
19 98 0.949286
19 99 0.999977
20 0 0.999228
20 1 0.999968
20 2 0.005177
20 3 0.495294
20 4 0.019299
20 5 0.189109
20 6 0.019299
20 7 0.965899
20 8 0.988345
20 9 0.999695
20 10 0.990780
20 11 0.434867
20 12 0.975602
20 13 0.838911
20 14 0.838911
20 15 0.690668
20 16 0.982568
20 17 0.172989
20 18 0.993077
20 19 0.995379
20 20 0.000000
20 21 0.329464
20 22 0.719662
20 23 0.991800
20 24 0.936253
20 25 0.791203
20 26 0.999968
20 27 0.989633
20 28 0.999771
20 29 0.961719
20 30 0.035762
20 31 0.477022
20 32 0.019299
20 33 0.812062
20 34 0.986898
20 35 0.921048
20 36 0.999797
20 37 0.168897
20 38 0.862254
20 39 0.719662
20 40 0.138922
20 41 0.535509
20 42 0.990289
20 43 0.999886
20 44 0.610510
20 45 0.985469
20 46 0.889496
20 47 0.957038
20 48 0.999891
20 49 0.703771
20 50 0.987725
20 51 0.988345
20 52 0.626001
20 53 0.391878
20 54 0.348574
20 55 0.781351
20 56 0.002681
20 57 0.999864
20 58 0.791203
20 59 0.995891
20 60 0.999771
20 61 0.915921
20 62 0.268234
20 63 0.999759
20 64 0.999639
20 65 0.029925
20 66 0.961718
20 67 0.999999
20 68 0.189109
20 69 0.082237
20 70 0.999829
20 71 0.071949
20 72 0.942378
20 73 0.108547
20 74 0.997113
20 75 0.644918
20 76 0.998843
20 77 0.029925
20 78 0.998457
20 79 0.998843
20 80 0.999946
20 81 0.071949
20 82 0.999086
20 83 0.999277
20 84 0.838911
20 85 0.138922
20 86 0.981645
20 87 0.905921
20 88 0.434867
20 89 0.329464
20 90 0.329464
20 91 0.005177
20 92 0.453650
20 93 0.882454
20 94 0.998971
20 95 0.999349
20 96 0.999878
20 97 0.268234
20 98 0.268234
20 99 0.965899
21 0 0.876570
21 1 0.972594
21 2 0.998536
21 3 0.870414
21 4 0.998916
21 5 0.703771
21 6 0.082237
21 7 0.991800
21 8 0.936253
21 9 0.999729
21 10 0.999914
21 11 0.997073
21 12 0.812062
21 13 0.999277
21 14 0.138922
21 15 0.999314
21 16 0.189109
21 17 0.995133
21 18 0.029925
21 19 0.997563
21 20 0.329464
21 21 0.000000
21 22 0.975602
21 23 0.998555
21 24 0.108547
21 25 0.957038
21 26 0.999657
21 27 0.781351
21 28 0.791203
21 29 0.268234
21 30 0.996917
21 31 0.954189
21 32 0.971149
21 33 0.005177
21 34 0.928576
21 35 0.975602
21 36 0.096388
21 37 0.999936
21 38 0.876571
21 39 0.517913
21 40 0.997834
21 41 0.954792
21 42 0.999229
21 43 0.051779
21 44 0.967602
21 45 0.995672
21 46 0.901145
21 47 0.999886
21 48 0.971149
21 49 0.996753
21 50 0.999966
21 51 0.019299
21 52 0.990780
21 53 0.659444
21 54 0.915921
21 55 0.071949
21 56 0.963627
21 57 0.731785
21 58 0.994526
21 59 0.997944
21 60 0.999743
21 61 0.029925
21 62 0.082237
21 63 0.998843
21 64 0.757621
21 65 0.245316
21 66 0.999994
21 67 0.981645
21 68 0.896141
21 69 0.019299
21 70 0.227550
21 71 0.999988
21 72 0.659444
21 73 0.999614
21 74 0.673536
21 75 0.535509
21 76 0.189109
21 77 0.999314
21 78 0.999486
21 79 0.731785
21 80 0.019299
21 81 0.967602
21 82 0.989633
21 83 0.716440
21 84 0.552765
21 85 0.172989
21 86 0.172989
21 87 0.949286
21 88 0.227550
21 89 0.029925
21 90 0.981645
21 91 0.108547
21 92 0.372722
21 93 0.995067
21 94 0.998916
21 95 0.979374
21 96 0.957037
21 97 0.372722
21 98 0.791203
21 99 0.967602
22 0 0.999886
22 1 0.999187
22 2 0.894801
22 3 0.029925
22 4 0.060180
22 5 0.245316
22 6 0.172989
22 7 0.791203
22 8 0.138922
22 9 1.000000
22 10 0.978283
22 11 0.974313
22 12 0.590401
22 13 0.998971
22 14 0.999358
22 15 0.999614
22 16 0.959174
22 17 0.800669
22 18 0.983668
22 19 0.831064
22 20 0.719662
22 21 0.975602
22 22 0.000000
22 23 0.994526
22 24 0.434867
22 25 0.029925
22 26 0.029925
22 27 0.035762
22 28 0.965899
22 29 0.915921
22 30 0.768376
22 31 0.911627
22 32 0.996917
22 33 0.959174
22 34 0.998172
22 35 0.951799
22 36 0.910477
22 37 0.999807
22 38 0.838911
22 39 0.731785
22 40 0.002681
22 41 0.991800
22 42 0.071949
22 43 0.999996
22 44 0.995892
22 45 0.995133
22 46 0.606413
22 47 0.982801
22 48 0.928576
22 49 0.965899
22 50 0.999943
22 51 0.992708
22 52 0.999898
22 53 0.434867
22 54 0.999957
22 55 0.023583
22 56 0.329464
22 57 0.071949
22 58 0.999993
22 59 0.673535
22 60 0.997944
22 61 0.991363
22 62 0.019299
22 63 0.989633
22 64 0.990289
22 65 0.172989
22 66 0.992708
22 67 0.029925
22 68 0.987725
22 69 0.961205
22 70 0.999989
22 71 0.172989
22 72 0.838911
22 73 0.138922
22 74 0.069412
22 75 0.286770
22 76 0.996917
22 77 0.999797
22 78 0.928576
22 79 0.972958
22 80 0.999920
22 81 0.410972
22 82 0.981645
22 83 0.535510
22 84 0.108547
22 85 0.245316
22 86 0.286770
22 87 0.999176
22 88 0.998916
22 89 0.372722
22 90 0.992319
22 91 0.996917
22 92 0.610510
22 93 0.999593
22 94 0.992708
22 95 0.019299
22 96 0.954792
22 97 0.999998
22 98 0.005177
22 99 0.573990
23 0 0.987073
23 1 0.800669
23 2 0.029925
23 3 0.495294
23 4 0.989082
23 5 0.981645
23 6 0.999817
23 7 0.029925
23 8 0.972594
23 9 0.989633
23 10 0.999725
23 11 0.029925
23 12 0.999986
23 13 0.286770
23 14 0.999743
23 15 0.999743
23 16 0.998629
23 17 0.372722
23 18 0.993844
23 19 0.999358
23 20 0.991800
23 21 0.998555
23 22 0.994526
23 23 0.000000
23 24 0.993516
23 25 0.029925
23 26 0.969629
23 27 0.626001
23 28 0.838911
23 29 0.754757
23 30 0.993077
23 31 0.983668
23 32 0.071949
23 33 0.029925
23 34 0.172989
23 35 0.998265
23 36 0.993515
23 37 0.974313
23 38 0.992708
23 39 0.876570
23 40 0.999657
23 41 0.999543
23 42 0.071949
23 43 0.434867
23 44 0.991363
23 45 0.812062
23 46 0.096388
23 47 0.998629
23 48 0.989633
23 49 0.978283
23 50 0.980672
23 51 0.999228
23 52 0.999390
23 53 0.855444
23 54 0.703771
23 55 0.993844
23 56 0.998375
23 57 0.957038
23 58 0.029925
23 59 0.997563
23 60 0.626002
23 61 0.997563
23 62 0.996100
23 63 0.011782
23 64 0.838911
23 65 0.980672
23 66 0.227550
23 67 0.781351
23 68 0.517913
23 69 0.096388
23 70 0.999639
23 71 0.996347
23 72 0.954792
23 73 0.035762
23 74 0.138922
23 75 0.983667
23 76 0.889495
23 77 0.951799
23 78 0.990780
23 79 0.999837
23 80 0.096388
23 81 0.991246
23 82 0.552765
23 83 0.991363
23 84 0.999807
23 85 0.993427
23 86 0.082237
23 87 0.082237
23 88 0.997563
23 89 0.999976
23 90 0.848329
23 91 0.999829
23 92 0.626001
23 93 0.961718
23 94 0.939390
23 95 0.982801
23 96 0.983667
23 97 0.029925
23 98 0.994234
23 99 0.029925
24 0 0.995133
24 1 0.227550
24 2 0.999993
24 3 0.997563
24 4 0.983668
24 5 0.838911
24 6 0.757621
24 7 0.999024
24 8 0.978283
24 9 0.999743
24 10 0.981645
24 11 0.994234
24 12 0.019299
24 13 0.994526
24 14 0.963626
24 15 0.999924
24 16 0.023583
24 17 0.690668
24 18 0.999421
24 19 0.989634
24 20 0.936253
24 21 0.108547
24 22 0.434867
24 23 0.993516
24 24 0.000000
24 25 0.029925
24 26 0.994155
24 27 0.673535
24 28 0.690668
24 29 0.998536
24 30 0.994526
24 31 0.268234
24 32 0.951799
24 33 0.911627
24 34 0.973967
24 35 0.965441
24 36 0.051779
24 37 0.138922
24 38 0.999657
24 39 0.999886
24 40 0.644918
24 41 0.172989
24 42 0.957038
24 43 0.928576
24 44 0.019299
24 45 0.993516
24 46 0.996917
24 47 0.719662
24 48 0.268234
24 49 0.991246
24 50 0.999421
24 51 0.998536
24 52 0.019299
24 53 0.999936
24 54 0.517913
24 55 0.965441
24 56 0.984491
24 57 0.019299
24 58 0.410971
24 59 0.883941
24 60 0.963627
24 61 0.999952
24 62 0.060180
24 63 0.035762
24 64 0.995379
24 65 0.517913
24 66 0.943131
24 67 0.757621
24 68 0.820692
24 69 0.590401
24 70 0.082237
24 71 0.172989
24 72 0.812062
24 73 0.999711
24 74 0.051779
24 75 0.997944
24 76 0.005177
24 77 0.205798
24 78 0.911627
24 79 0.610510
24 80 0.996532
24 81 0.967602
24 82 0.329464
24 83 0.029925
24 84 0.999228
24 85 0.870414
24 86 0.434867
24 87 0.999390
24 88 0.757621
24 89 0.495294
24 90 0.659444
24 91 0.029925
24 92 0.495294
24 93 0.999975
24 94 0.138922
24 95 0.996753
24 96 0.019299
24 97 0.983668
24 98 0.999639
24 99 0.997259
25 0 0.987725
25 1 0.305549
25 2 0.071949
25 3 0.029925
25 4 0.998265
25 5 0.999955
25 6 0.391878
25 7 0.096388
25 8 0.138922
25 9 0.172989
25 10 0.999314
25 11 0.997113
25 12 0.071949
25 13 0.791203
25 14 0.951799
25 15 0.610510
25 16 0.998843
25 17 0.690668
25 18 0.985469
25 19 0.999828
25 20 0.791203
25 21 0.957038
25 22 0.029925
25 23 0.029925
25 24 0.029925
25 25 0.000000
25 26 0.999904
25 27 0.029925
25 28 0.996347
25 29 0.996917
25 30 0.995672
25 31 0.920015
25 32 0.999992
25 33 0.999949
25 34 0.978283
25 35 0.310464
25 36 0.957037
25 37 0.994803
25 38 0.372722
25 39 0.999132
25 40 0.991363
25 41 0.984698
25 42 0.060180
25 43 0.096388
25 44 0.967602
25 45 0.985469
25 46 0.974313
25 47 0.998172
25 48 0.108547
25 49 0.573990
25 50 0.189109
25 51 0.985469
25 52 0.848329
25 53 0.862254
25 54 0.983668
25 55 0.268234
25 56 0.999908
25 57 0.227550
25 58 0.999771
25 59 0.245316
25 60 0.791202
25 61 0.994526
25 62 0.029925
25 63 0.999807
25 64 0.965899
25 65 0.673535
25 66 0.999979
25 67 0.071949
25 68 0.996532
25 69 0.998375
25 70 0.993516
25 71 0.901145
25 72 0.932960
25 73 0.991800
25 74 0.998172
25 75 0.999973
25 76 0.999871
25 77 0.286770
25 78 0.996347
25 79 0.980672
25 80 0.862254
25 81 0.310464
25 82 0.719662
25 83 0.999886
25 84 0.029925
25 85 0.996347
25 86 0.005177
25 87 0.535509
25 88 0.959173
25 89 0.999976
25 90 0.999614
25 91 0.980672
25 92 0.973967
25 93 0.989082
25 94 0.477022
25 95 0.029925
25 96 0.005177
25 97 0.971149
25 98 0.999969
25 99 0.999962
26 0 0.996347
26 1 0.999187
26 2 0.905921
26 3 0.984698
26 4 0.035762
26 5 0.757621
26 6 0.961718
26 7 0.227550
26 8 0.138922
26 9 0.172989
26 10 0.071949
26 11 0.939390
26 12 0.999997
26 13 0.965899
26 14 0.932960
26 15 0.991363
26 16 0.791203
26 17 0.993844
26 18 0.138922
26 19 0.029925
26 20 0.999968
26 21 0.999657
26 22 0.029925
26 23 0.969629
26 24 0.994155
26 25 0.999904
26 26 0.000000
26 27 0.905921
26 28 0.999421
26 29 0.999871
26 30 0.999999
26 31 0.997687
26 32 0.014763
26 33 0.924902
26 34 0.910477
26 35 0.999593
26 36 0.853624
26 37 0.983668
26 38 0.791203
26 39 0.997563
26 40 0.961718
26 41 0.999968
26 42 0.996347
26 43 0.977134
26 44 0.999657
26 45 0.992708
26 46 0.876570
26 47 0.535509
26 48 0.998971
26 49 0.822878
26 50 0.517913
26 51 0.189109
26 52 0.019299
26 53 0.997563
26 54 0.999987
26 55 0.998843
26 56 0.995379
26 57 0.138922
26 58 0.924902
26 59 0.477022
26 60 0.998916
26 61 0.019299
26 62 0.997834
26 63 0.924902
26 64 0.121504
26 65 0.791203
26 66 0.993077
26 67 0.071949
26 68 0.997398
26 69 0.227550
26 70 0.915921
26 71 0.644918
26 72 0.999485
26 73 0.415919
26 74 0.189109
26 75 0.992708
26 76 0.573990
26 77 0.005177
26 78 0.477022
26 79 0.781351
26 80 0.855444
26 81 0.716439
26 82 0.477022
26 83 0.965899
26 84 0.963627
26 85 0.957038
26 86 0.959712
26 87 0.999512
26 88 0.982801
26 89 0.995133
26 90 0.189109
26 91 0.029925
26 92 0.999518
26 93 0.980672
26 94 0.949286
26 95 0.820692
26 96 0.997563
26 97 0.998781
26 98 0.138922
26 99 0.987725
27 0 0.071949
27 1 0.998536
27 2 0.434867
27 3 0.019299
27 4 0.999898
27 5 0.901145
27 6 0.189109
27 7 0.995892
27 8 0.995892
27 9 0.999891
27 10 0.999759
27 11 0.517913
27 12 0.995892
27 13 0.991800
27 14 0.954792
27 15 0.999486
27 16 0.853624
27 17 0.936253
27 18 0.961718
27 19 0.999998
27 20 0.989633
27 21 0.781351
27 22 0.035762
27 23 0.626001
27 24 0.673535
27 25 0.029925
27 26 0.905921
27 27 0.000000
27 28 0.994526
27 29 0.986202
27 30 0.071949
27 31 0.963626
27 32 0.974313
27 33 0.999863
27 34 0.901145
27 35 0.999421
27 36 0.988501
27 37 0.998375
27 38 0.011782
27 39 0.999932
27 40 0.987726
27 41 0.999949
27 42 0.974313
27 43 0.673535
27 44 0.994526
27 45 0.019299
27 46 0.957037
27 47 0.999695
27 48 0.477022
27 49 0.812062
27 50 0.999228
27 51 0.985469
