0 0 0.000000
0 1 0.001953
0 2 0.000002
0 3 0.003110
0 4 0.001953
0 5 0.001953
0 6 0.009291
0 7 0.000027
0 8 0.999023
0 9 0.000372
0 10 0.001953
0 11 0.000002
0 12 0.001953
0 13 0.999995
0 14 0.000003
0 15 0.040915
0 16 0.001953
0 17 0.001953
0 18 0.002681
0 19 0.999994
0 20 0.000027
0 21 0.001953
0 22 0.001953
0 23 0.001953
0 24 0.000003
0 25 0.999390
0 26 0.000194
0 27 0.998432
0 28 0.009291
0 29 0.999957
0 30 0.000372
0 31 0.000002
0 32 0.907126
0 33 0.000027
0 34 0.000002
0 35 0.070283
0 36 0.999286
0 37 0.001953
0 38 0.001953
0 39 0.999869
0 40 0.999999
0 41 0.001953
0 42 0.000027
0 43 0.999969
0 44 0.899867
0 45 0.999967
0 46 0.000002
0 47 0.001953
0 48 0.001953
0 49 0.002681
0 50 0.002280
0 51 0.998315
0 52 0.000123
0 53 0.000123
0 54 0.999905
0 55 0.001953
0 56 0.001953
0 57 0.999993
0 58 0.009291
0 59 0.000027
0 60 0.000027
0 61 0.999713
0 62 0.011782
0 63 0.000046
0 64 0.999991
0 65 0.999989
0 66 0.014763
0 67 0.001953
0 68 0.000556
0 69 0.014763
0 70 0.001953
0 71 0.001953
0 72 0.001953
0 73 0.001953
0 74 0.000494
0 75 0.991866
0 76 0.000194
0 77 0.999802
0 78 0.000001
0 79 0.001953
0 80 0.001953
0 81 0.001953
0 82 0.001953
0 83 0.999996
0 84 0.997698
0 85 0.000001
0 86 0.999220
0 87 0.000002
0 88 0.999998
0 89 0.986386
0 90 0.999999
0 91 0.000027
0 92 0.001953
0 93 0.009291
0 94 0.001953
0 95 0.210224
0 96 0.999998
0 97 0.004819
0 98 0.000142
0 99 0.999754
1 0 0.001953
1 1 0.000000
1 2 0.001168
1 3 0.999997
1 4 0.001953
1 5 0.000372
1 6 0.000556
1 7 0.999995
1 8 0.001953
1 9 0.011782
1 10 0.001953
1 11 0.001953
1 12 0.001953
1 13 0.999996
1 14 0.999938
1 15 0.976891
1 16 0.000046
1 17 0.009291
1 18 0.000372
1 19 0.999996
1 20 0.032668
1 21 0.000027
1 22 0.999997
1 23 0.999938
1 24 0.999998
1 25 0.997681
1 26 0.001953
1 27 0.000556
1 28 0.025018
1 29 0.000002
1 30 0.002681
1 31 0.001645
1 32 0.001953
1 33 0.000027
1 34 0.001953
1 35 0.008169
1 36 0.969629
1 37 0.000372
1 38 0.001953
1 39 0.994243
1 40 0.000002
1 41 0.000001
1 42 0.013149
1 43 0.001953
1 44 0.000002
1 45 0.995761
1 46 0.000001
1 47 0.999979
1 48 0.001953
1 49 0.999997
1 50 0.001953
1 51 0.999978
1 52 0.000372
1 53 0.001953
1 54 0.001953
1 55 0.999992
1 56 0.001953
1 57 0.999393
1 58 0.001953
1 59 0.001953
1 60 0.999989
1 61 0.968440
1 62 0.002681
1 63 0.000001
1 64 0.021307
1 65 0.001953
1 66 0.999829
1 67 0.000076
1 68 0.001168
1 69 0.009291
1 70 0.009291
1 71 0.245315
1 72 0.999998
1 73 0.999997
1 74 0.999999
1 75 0.982149
1 76 0.000046
1 77 0.001168
1 78 0.000814
1 79 0.989292
1 80 0.999979
1 81 0.999999
1 82 0.000372
1 83 0.001953
1 84 0.999998
1 85 0.999979
1 86 0.999999
1 87 0.999996
1 88 0.022408
1 89 0.000372
1 90 0.998913
1 91 0.999999
1 92 0.999999
1 93 0.999988
1 94 0.999999
1 95 0.000372
1 96 0.995495
1 97 0.003622
1 98 0.999975
1 99 0.959712
2 0 0.000002
2 1 0.001168
2 2 0.000000
2 3 0.999998
2 4 0.999609
2 5 0.225749
2 6 0.029925
2 7 0.999980
2 8 0.999999
2 9 0.988025
2 10 0.000372
2 11 0.000027
2 12 0.000001
2 13 0.999860
2 14 0.001953
2 15 0.999999
2 16 0.999999
2 17 0.999986
2 18 0.000556
2 19 0.001169
2 20 0.999988
2 21 0.999999
2 22 0.000372
2 23 0.999712
2 24 0.996131
2 25 0.001953
2 26 0.000002
2 27 0.998877
2 28 0.999790
2 29 0.997821
2 30 0.000372
2 31 0.950508
2 32 0.999900
2 33 0.999194
2 34 0.000416
2 35 0.999998
2 36 0.001953
2 37 0.999846
2 38 0.000027
2 39 0.999997
2 40 0.999999
2 41 0.000002
2 42 0.009291
2 43 0.001953
2 44 0.000372
2 45 0.000076
2 46 0.001953
2 47 0.999980
2 48 0.999667
2 49 0.001953
2 50 0.009291
2 51 0.004818
2 52 0.000372
2 53 0.000001
2 54 0.986398
2 55 0.000372
2 56 0.003622
2 57 0.999963
2 58 0.001953
2 59 0.009291
2 60 0.000002
2 61 0.998389
2 62 0.006664
2 63 0.993409
2 64 0.001953
2 65 0.999963
2 66 0.001953
2 67 0.728675
2 68 0.071949
2 69 0.999996
2 70 0.999964
2 71 0.001953
2 72 0.000194
2 73 0.999999
2 74 0.985587
2 75 0.999860
2 76 0.009291
2 77 0.999953
2 78 0.001953
2 79 0.999982
2 80 0.001953
2 81 0.999884
2 82 0.999867
2 83 0.000007
2 84 0.001953
2 85 0.057895
2 86 0.999999
2 87 0.999981
2 88 0.000020
2 89 0.000027
2 90 0.000001
2 91 0.999988
2 92 0.000372
2 93 0.001953
2 94 0.004819
2 95 0.000001
2 96 0.993891
2 97 0.999596
2 98 0.009291
2 99 0.999988
3 0 0.003110
3 1 0.999997
3 2 0.999998
3 3 0.000000
3 4 0.001953
3 5 0.001953
3 6 0.003622
3 7 0.999812
3 8 0.999751
3 9 0.001953
3 10 0.009291
3 11 0.000002
3 12 0.000002
3 13 0.009291
3 14 0.000011
3 15 0.992103
3 16 0.999998
3 17 0.018287
3 18 0.000300
3 19 0.000001
3 20 0.999915
3 21 0.000003
3 22 0.001953
3 23 0.000025
3 24 0.999999
3 25 0.999988
3 26 0.001953
3 27 0.999940
3 28 0.000003
3 29 0.987725
3 30 0.999729
3 31 0.029925
3 32 0.999749
3 33 0.999988
3 34 0.995252
3 35 0.999999
3 36 0.000002
3 37 0.000556
3 38 0.001953
3 39 0.036049
3 40 0.999999
3 41 0.000002
3 42 0.999935
3 43 0.001953
3 44 0.000002
3 45 0.000357
3 46 0.999228
3 47 0.003622
3 48 0.999393
3 49 0.000372
3 50 0.001953
3 51 0.001953
3 52 0.999999
3 53 0.008171
3 54 0.999991
3 55 0.009291
3 56 0.000027
3 57 0.000046
3 58 0.812339
3 59 0.999889
3 60 0.999999
3 61 0.000372
3 62 0.001953
3 63 0.999345
3 64 0.009472
3 65 0.009291
3 66 0.001953
3 67 0.001953
3 68 0.000034
3 69 0.610149
3 70 0.000372
3 71 0.999862
3 72 0.999996
3 73 0.999999
3 74 0.000372
3 75 0.000300
3 76 0.001953
3 77 0.000002
3 78 0.001953
3 79 0.001953
3 80 0.994735
3 81 0.367737
3 82 0.999944
3 83 0.011782
3 84 0.000001
3 85 0.000001
3 86 0.000027
3 87 0.000372
3 88 0.999991
3 89 0.009291
3 90 0.009291
3 91 0.999999
3 92 0.415919
3 93 0.999993
3 94 0.000046
3 95 0.001953
3 96 0.000002
3 97 0.021195
3 98 0.000027
3 99 0.003622
4 0 0.001953
4 1 0.001953
4 2 0.999609
4 3 0.001953
4 4 0.000000
4 5 0.001953
4 6 0.000002
4 7 0.999937
4 8 0.000123
4 9 0.009291
4 10 0.000556
4 11 0.995457
4 12 0.008271
4 13 0.001953
4 14 0.001168
4 15 0.003622
4 16 0.000076
4 17 0.844289
4 18 0.000027
4 19 0.348573
4 20 0.001953
4 21 0.001953
4 22 0.000814
4 23 0.009291
4 24 0.000556
4 25 0.999442
4 26 0.002681
4 27 0.999965
4 28 0.002681
4 29 0.029925
4 30 0.783585
4 31 0.000027
4 32 0.999983
4 33 0.998771
4 34 0.009291
4 35 0.002681
4 36 0.000002
4 37 0.009291
4 38 0.000556
4 39 0.000002
4 40 0.999998
4 41 0.999390
4 42 0.999997
4 43 0.002681
4 44 0.001953
4 45 0.000372
4 46 0.999998
4 47 0.001953
4 48 0.003622
4 49 0.999996
4 50 0.999993
4 51 0.000002
4 52 0.994805
4 53 0.001953
4 54 0.000006
4 55 0.000372
4 56 0.999743
4 57 0.064531
4 58 0.999966
4 59 0.995172
4 60 0.000372
4 61 0.975798
4 62 0.000280
4 63 0.000027
4 64 0.009291
4 65 0.999615
4 66 0.000002
4 67 0.000372
4 68 0.153568
4 69 0.001953
4 70 0.999999
4 71 0.996660
4 72 0.999996
4 73 0.000046
4 74 0.000372
4 75 0.000001
4 76 0.367052
4 77 0.999963
4 78 0.000372
4 79 0.000027
4 80 0.000027
4 81 0.000002
4 82 0.999889
4 83 0.009291
4 84 0.999998
4 85 0.999999
4 86 0.000001
4 87 0.000002
4 88 0.999983
4 89 0.999984
4 90 0.000813
4 91 0.001953
4 92 0.883709
4 93 0.000027
4 94 0.999988
4 95 0.001953
4 96 0.001646
4 97 0.999953
4 98 0.001953
4 99 0.001953
5 0 0.001953
5 1 0.000372
5 2 0.225749
5 3 0.001953
5 4 0.001953
5 5 0.000000
5 6 0.001953
5 7 0.999996
5 8 0.000001
5 9 0.001953
5 10 0.998632
5 11 0.001953
5 12 0.000027
5 13 0.009291
5 14 0.027181
5 15 0.000046
5 16 0.999891
5 17 0.000006
5 18 0.000027
5 19 0.999991
5 20 0.001953
5 21 0.002681
5 22 0.000027
5 23 0.999997
5 24 0.001953
5 25 0.000814
5 26 0.999997
5 27 0.975561
5 28 0.001953
5 29 0.999996
5 30 0.999995
5 31 0.011782
5 32 0.999981
5 33 0.991620
5 34 0.999998
5 35 0.999988
5 36 0.000006
5 37 0.001953
5 38 0.001953
5 39 0.000046
5 40 0.999996
5 41 0.999999
5 42 0.415919
5 43 0.001953
5 44 0.999992
5 45 0.000076
5 46 0.000372
5 47 0.000001
5 48 0.002681
5 49 0.001953
5 50 0.001953
5 51 0.000556
5 52 0.000027
5 53 0.001645
5 54 0.999363
5 55 0.001953
5 56 0.000556
5 57 0.999996
5 58 0.001953
5 59 0.999989
5 60 0.000556
5 61 0.003076
5 62 0.000002
5 63 0.011782
5 64 0.001953
5 65 0.999998
5 66 0.000123
5 67 0.210224
5 68 0.999997
5 69 0.008170
5 70 0.999991
5 71 0.001953
5 72 0.001953
5 73 0.001953
5 74 0.003622
5 75 0.001953
5 76 0.999954
5 77 0.000001
5 78 0.000006
5 79 0.000194
5 80 0.000814
5 81 0.001953
5 82 0.959451
5 83 0.000002
5 84 0.998046
5 85 0.000372
5 86 0.999989
5 87 0.999985
5 88 0.969010
5 89 0.997201
5 90 0.002681
5 91 0.001953
5 92 0.999700
5 93 0.001953
5 94 0.999960
5 95 0.001953
5 96 0.998583
5 97 0.009291
5 98 0.001953
5 99 0.999995
6 0 0.009291
6 1 0.000556
6 2 0.029925
6 3 0.003622
6 4 0.000002
6 5 0.001953
6 6 0.000000
6 7 0.087495
6 8 0.999936
6 9 0.999999
6 10 0.000001
6 11 0.001953
6 12 0.002681
6 13 0.001953
6 14 0.000027
6 15 0.999972
6 16 0.009291
6 17 0.999999
6 18 0.000002
6 19 0.999993
6 20 0.999998
6 21 0.013202
6 22 0.000372
6 23 0.999997
6 24 0.999999
6 25 0.009291
6 26 0.006318
6 27 0.001953
6 28 0.001953
6 29 0.009291
6 30 0.999994
6 31 0.001953
6 32 0.001953
6 33 0.001953
6 34 0.011782
6 35 0.000027
6 36 0.000001
6 37 0.999985
6 38 0.999995
6 39 0.000002
6 40 0.001643
6 41 0.000002
6 42 0.999999
6 43 0.997006
6 44 0.999989
6 45 0.093361
6 46 0.999682
6 47 0.998695
6 48 0.999988
6 49 0.999986
6 50 0.999995
6 51 0.999996
6 52 0.009291
6 53 0.999980
6 54 0.001953
6 55 0.000002
6 56 0.010388
6 57 0.001953
6 58 0.999996
6 59 0.999998
6 60 0.999996
6 61 0.000027
6 62 0.000123
6 63 0.002681
6 64 0.001672
6 65 0.999958
6 66 0.000814
6 67 0.000027
6 68 0.999974
6 69 0.001953
6 70 0.001953
6 71 0.001953
6 72 0.999997
6 73 0.000002
6 74 0.000372
6 75 0.001953
6 76 0.001953
6 77 0.000001
6 78 0.001953
6 79 0.999998
6 80 0.999889
6 81 0.999997
6 82 0.001953
6 83 0.124306
6 84 0.000027
6 85 0.999997
6 86 0.999994
6 87 0.999999
6 88 0.999175
6 89 0.001953
6 90 0.999983
6 91 0.006317
6 92 0.999163
6 93 0.000002
6 94 0.245316
6 95 0.999996
6 96 0.000556
6 97 0.001953
6 98 0.999938
6 99 0.996387
7 0 0.000027
7 1 0.999995
7 2 0.999980
7 3 0.999812
7 4 0.999937
7 5 0.999996
7 6 0.087495
7 7 0.000000
7 8 0.812062
7 9 0.001953
7 10 0.986386
7 11 0.999999
7 12 0.999995
7 13 0.989735
7 14 0.999999
7 15 0.011782
7 16 0.974718
7 17 0.999962
7 18 0.999998
7 19 0.001646
7 20 0.011782
7 21 0.999964
7 22 0.000001
7 23 0.995536
7 24 0.999992
7 25 0.001953
7 26 0.999988
7 27 0.000002
7 28 0.014763
7 29 0.000814
7 30 0.000027
7 31 0.975878
7 32 0.999996
7 33 0.000002
7 34 0.001953
7 35 0.999999
7 36 0.999916
7 37 0.002681
7 38 0.000027
7 39 0.001953
7 40 0.000002
7 41 0.000372
7 42 0.999985
7 43 0.997304
7 44 0.999994
7 45 0.001953
7 46 0.999994
7 47 0.001953
7 48 0.999770
7 49 0.999999
7 50 0.000556
7 51 0.008174
7 52 0.002681
7 53 0.310465
7 54 0.002681
7 55 0.000372
7 56 0.999987
7 57 0.001953
7 58 0.300637
7 59 0.009291
7 60 0.000002
7 61 0.999997
7 62 0.001953
7 63 0.000076
7 64 0.000372
7 65 0.000003
7 66 0.999968
7 67 0.001953
7 68 0.746093
7 69 0.000224
7 70 0.006317
7 71 0.009291
7 72 0.001953
7 73 0.911627
7 74 0.001953
7 75 0.999991
7 76 0.000027
7 77 0.001953
7 78 0.000002
7 79 0.996218
7 80 0.999951
7 81 0.920014
7 82 0.976884
7 83 0.999996
7 84 0.999997
7 85 0.999860
7 86 0.999995
7 87 0.009291
7 88 0.000372
7 89 0.000002
7 90 0.000006
7 91 0.001953
7 92 0.985258
7 93 0.999603
7 94 0.006316
7 95 0.001953
7 96 0.999667
7 97 0.009291
7 98 0.001953
7 99 0.000372
8 0 0.999023
8 1 0.001953
8 2 0.999999
8 3 0.999751
8 4 0.000123
8 5 0.000001
8 6 0.999936
8 7 0.812062
8 8 0.000000
8 9 0.001953
8 10 0.018288
8 11 0.001953
8 12 0.001953
8 13 0.999938
8 14 0.009291
8 15 0.999996
8 16 0.000027
8 17 0.999985
8 18 0.000001
8 19 0.003112
8 20 0.009291
8 21 0.000001
8 22 0.999996
8 23 0.969986
8 24 0.001953
8 25 0.999730
8 26 0.999328
8 27 0.001953
8 28 0.000046
8 29 0.000123
8 30 0.995677
8 31 0.009291
8 32 0.000372
8 33 0.000027
8 34 0.999997
8 35 0.004498
8 36 0.001953
8 37 0.138922
8 38 0.000556
8 39 0.999997
8 40 0.000002
8 41 0.000002
8 42 0.999940
8 43 0.999859
8 44 0.001953
8 45 0.001953
8 46 0.000814
8 47 0.966893
8 48 0.002681
8 49 0.920002
8 50 0.001953
8 51 0.999317
8 52 0.001953
8 53 0.001953
8 54 0.009291
8 55 0.999993
8 56 0.999889
8 57 0.001953
8 58 0.999996
8 59 0.010429
8 60 0.000372
8 61 0.999910
8 62 0.218479
8 63 0.999953
8 64 0.999998
8 65 0.001953
8 66 0.000372
8 67 0.001953
8 68 0.001953
8 69 0.000002
8 70 0.999999
8 71 0.000002
8 72 0.000372
8 73 0.999973
8 74 0.999998
8 75 0.999761
8 76 0.000372
8 77 0.001953
8 78 0.001953
8 79 0.000002
8 80 0.009291
8 81 0.003103
8 82 0.001953
8 83 0.999982
8 84 0.999997
8 85 0.022408
8 86 0.999999
8 87 0.000046
8 88 0.999990
8 89 0.000001
8 90 0.001953
8 91 0.001953
8 92 0.999983
8 93 0.038865
8 94 0.001953
8 95 0.009291
8 96 0.000372
8 97 0.978497
8 98 0.011782
8 99 0.001953
9 0 0.000372
9 1 0.011782
9 2 0.988025
9 3 0.001953
9 4 0.009291
9 5 0.001953
9 6 0.999999
9 7 0.001953
9 8 0.001953
9 9 0.000000
9 10 0.000006
9 11 0.000027
9 12 0.009291
9 13 0.001953
9 14 0.996917
9 15 0.001953
9 16 0.001953
9 17 0.000556
9 18 0.000002
9 19 0.927668
9 20 0.000194
9 21 0.001953
9 22 0.001953
9 23 0.999674
9 24 0.009291
9 25 0.000556
9 26 0.999998
9 27 0.001953
9 28 0.000027
9 29 0.907346
9 30 0.000001
9 31 0.001953
9 32 0.999938
9 33 0.000372
9 34 0.000300
9 35 0.009291
9 36 0.832650
9 37 0.018287
9 38 0.001953
9 39 0.002906
9 40 0.001953
9 41 0.000027
9 42 0.999999
9 43 0.999903
9 44 0.009291
9 45 0.999965
9 46 0.001953
9 47 0.999996
9 48 0.000002
9 49 0.000372
9 50 0.999099
9 51 0.082237
9 52 0.000046
9 53 0.000002
9 54 0.999976
9 55 0.000027
9 56 0.997473
9 57 0.999999
9 58 0.000028
9 59 0.999999
9 60 0.001953
9 61 0.001953
9 62 0.999991
9 63 0.000027
9 64 0.001953
9 65 0.000046
9 66 0.999840
9 67 0.001953
9 68 0.999998
9 69 0.000027
9 70 0.999826
9 71 0.999996
9 72 0.000027
9 73 0.002681
9 74 0.001953
9 75 0.999999
9 76 0.009291
9 77 0.001953
9 78 0.001953
9 79 0.001953
9 80 0.999940
9 81 0.997679
9 82 0.999925
9 83 0.999999
9 84 0.999996
9 85 0.009291
9 86 0.009392
9 87 0.999963
9 88 0.000372
9 89 0.001953
9 90 0.999992
9 91 0.000372
9 92 0.999997
9 93 0.001953
9 94 0.999943
9 95 0.999999
9 96 0.000372
9 97 0.999993
9 98 0.002681
9 99 0.000006
10 0 0.001953
10 1 0.001953
10 2 0.000372
10 3 0.009291
10 4 0.000556
10 5 0.998632
10 6 0.000001
10 7 0.986386
10 8 0.018288
10 9 0.000006
10 10 0.000000
10 11 0.999988
10 12 0.999736
10 13 0.998960
10 14 0.999985
10 15 0.001953
10 16 0.000027
10 17 0.002681
10 18 0.999998
10 19 0.000027
10 20 0.000372
10 21 0.001953
10 22 0.993373
10 23 0.000046
10 24 0.999997
10 25 0.000002
10 26 0.000814
10 27 0.999980
10 28 0.999997
10 29 0.009291
10 30 0.000027
10 31 0.000002
10 32 0.999990
10 33 0.999996
10 34 0.003622
10 35 0.000002
10 36 0.001953
10 37 0.001953
10 38 0.998774
10 39 0.009291
10 40 0.009291
10 41 0.999916
10 42 0.001953
10 43 0.999629
10 44 0.889496
10 45 0.999992
10 46 0.999479
10 47 0.000001
10 48 0.009291
10 49 0.008162
10 50 0.999933
10 51 0.011782
10 52 0.999998
10 53 0.999588
10 54 0.999997
10 55 0.001953
10 56 0.999999
10 57 0.009291
10 58 0.999996
10 59 0.002681
10 60 0.999999
10 61 0.001953
10 62 0.001953
10 63 0.981853
10 64 0.001953
10 65 0.999996
10 66 0.000002
10 67 0.001953
10 68 0.995301
10 69 0.999991
10 70 0.991620
10 71 0.001953
10 72 0.000027
10 73 0.001953
10 74 0.999984
10 75 0.999700
10 76 0.999982
10 77 0.000001
10 78 0.999175
10 79 0.001953
10 80 0.003622
10 81 0.999980
10 82 0.000372
10 83 0.032581
10 84 0.998697
10 85 0.000027
10 86 0.554051
10 87 0.001953
10 88 0.011782
10 89 0.001168
10 90 0.999991
10 91 0.000372
10 92 0.999850
10 93 0.269521
10 94 0.004817
10 95 0.000002
10 96 0.999963
10 97 0.000001
10 98 0.926711
10 99 0.009291
11 0 0.000002
11 1 0.001953
11 2 0.000027
11 3 0.000002
11 4 0.995457
11 5 0.001953
11 6 0.001953
11 7 0.999999
11 8 0.001953
11 9 0.000027
11 10 0.999988
11 11 0.000000
11 12 0.000556
11 13 0.000556
11 14 0.000556
11 15 0.634721
11 16 0.999895
11 17 0.001953
11 18 0.000027
11 19 0.000372
11 20 0.999998
11 21 0.000002
11 22 0.000002
11 23 0.001953
11 24 0.999998
11 25 0.000556
11 26 0.001953
11 27 0.000002
11 28 0.999608
11 29 0.003622
11 30 0.998971
11 31 0.000076
11 32 0.001953
11 33 0.999957
11 34 0.999950
11 35 0.001953
11 36 0.999997
11 37 0.001167
11 38 0.985330
11 39 0.000002
11 40 0.010047
11 41 0.002681
11 42 0.999433
11 43 0.014763
11 44 0.000027
11 45 0.001953
11 46 0.009291
11 47 0.035762
11 48 0.000027
11 49 0.999999
11 50 0.009291
11 51 0.999765
11 52 0.999999
11 53 0.009291
11 54 0.000372
11 55 0.000076
11 56 0.999996
11 57 0.269104
11 58 0.999994
11 59 0.002312
11 60 0.000002
11 61 0.517913
11 62 0.000002
11 63 0.035762
11 64 0.001953
11 65 0.999991
11 66 0.999992
11 67 0.009291
11 68 0.894231
11 69 0.093359
11 70 0.000002
11 71 0.000671
11 72 0.999435
11 73 0.999669
11 74 0.838418
11 75 0.999979
11 76 0.999999
11 77 0.999962
11 78 0.009291
11 79 0.998925
11 80 0.999996
11 81 0.999999
11 82 0.999996
11 83 0.000001
11 84 0.001953
11 85 0.999999
11 86 0.999228
11 87 0.001953
11 88 0.154358
11 89 0.999989
11 90 0.001953
11 91 0.009291
11 92 0.001953
11 93 0.001953
11 94 0.002681
11 95 0.999999
11 96 0.001953
11 97 0.000001
11 98 0.001953
11 99 0.001953
12 0 0.001953
12 1 0.001953
12 2 0.000001
12 3 0.000002
12 4 0.008271
12 5 0.000027
12 6 0.002681
12 7 0.999995
12 8 0.001953
12 9 0.009291
12 10 0.999736
12 11 0.000556
12 12 0.000000
12 13 0.000372
12 14 0.003622
12 15 0.009291
12 16 0.000002
12 17 0.003622
12 18 0.001953
12 19 0.009291
12 20 0.001953
12 21 0.997497
12 22 0.014763
12 23 0.995837
12 24 0.000027
12 25 0.999984
12 26 0.013197
12 27 0.000002
12 28 0.000027
12 29 0.310465
12 30 0.001168
12 31 0.999761
12 32 0.999988
12 33 0.999896
12 34 0.000027
12 35 0.999937
12 36 0.983621
12 37 0.001953
12 38 0.000076
12 39 0.999999
12 40 0.003622
12 41 0.000783
12 42 0.038984
12 43 0.999988
12 44 0.000027
12 45 0.001471
12 46 0.999652
12 47 0.000123
12 48 0.000372
12 49 0.000123
12 50 0.803068
12 51 0.999999
12 52 0.999996
12 53 0.001953
12 54 0.000027
12 55 0.001953
12 56 0.000001
12 57 0.999996
12 58 0.003621
12 59 0.000027
12 60 0.000046
12 61 0.999999
12 62 0.001953
12 63 0.999960
12 64 0.999996
12 65 0.999983
12 66 0.999999
12 67 0.000556
12 68 0.999996
12 69 0.967775
12 70 0.985732
12 71 0.999999
12 72 0.003398
12 73 0.000002
12 74 0.001953
12 75 0.001168
12 76 0.029925
12 77 0.002681
12 78 0.999406
12 79 0.000002
12 80 0.003110
12 81 0.000047
12 82 0.009291
12 83 0.995781
12 84 0.000002
12 85 0.999983
12 86 0.009291
12 87 0.999995
12 88 0.999998
12 89 0.001953
12 90 0.746454
12 91 0.999982
12 92 0.001953
12 93 0.958560
12 94 0.029925
12 95 0.001953
12 96 0.000194
12 97 0.999998
12 98 0.999997
12 99 0.999994
13 0 0.999995
13 1 0.999996
13 2 0.999860
13 3 0.009291
13 4 0.001953
13 5 0.009291
13 6 0.001953
13 7 0.989735
13 8 0.999938
13 9 0.001953
13 10 0.998960
13 11 0.000556
13 12 0.000372
13 13 0.000000
13 14 0.093361
13 15 0.000556
13 16 0.999923
13 17 0.001953
13 18 0.000046
13 19 0.000046
13 20 0.084945
13 21 0.999997
13 22 0.001953
13 23 0.007159
13 24 0.011782
13 25 0.001953
13 26 0.001953
13 27 0.000027
13 28 0.001953
13 29 0.001953
13 30 0.000001
13 31 0.874996
13 32 0.000038
13 33 0.009291
13 34 0.962586
13 35 0.999997
13 36 0.009291
13 37 0.000814
13 38 0.014763
13 39 0.993250
13 40 0.011782
13 41 0.999993
13 42 0.999891
13 43 0.000035
13 44 0.999979
13 45 0.902609
13 46 0.000002
13 47 0.001953
13 48 0.022411
13 49 0.131612
13 50 0.999996
13 51 0.999999
13 52 0.009291
13 53 0.000002
13 54 0.000814
13 55 0.996664
13 56 0.009291
13 57 0.915770
13 58 0.329464
13 59 0.999872
13 60 0.999855
13 61 0.009291
13 62 0.009291
13 63 0.000001
13 64 0.999999
13 65 0.001953
13 66 0.001953
13 67 0.999993
13 68 0.002640
13 69 0.999999
13 70 0.999999
13 71 0.066936
13 72 0.000002
13 73 0.999918
13 74 0.001953
13 75 0.001953
13 76 0.009291
13 77 0.001953
13 78 0.703771
13 79 0.990311
13 80 0.000372
13 81 0.999979
13 82 0.000001
13 83 0.999999
13 84 0.000046
13 85 0.000011
13 86 0.000556
13 87 0.011782
13 88 0.999286
13 89 0.991749
13 90 0.999692
13 91 0.999999
13 92 0.998238
13 93 0.999999
13 94 0.999999
13 95 0.003622
13 96 0.008985
13 97 0.001953
13 98 0.999999
13 99 0.999999
14 0 0.000003
14 1 0.999938
14 2 0.001953
14 3 0.000011
14 4 0.001168
14 5 0.027181
14 6 0.000027
14 7 0.999999
14 8 0.009291
14 9 0.996917
14 10 0.999985
14 11 0.000556
14 12 0.003622
14 13 0.093361
14 14 0.000000
14 15 0.999999
14 16 0.348574
14 17 0.000152
14 18 0.000001
14 19 0.001953
14 20 0.997967
14 21 0.000002
14 22 0.997185
14 23 0.999560
14 24 0.001953
14 25 0.999391
14 26 0.002000
14 27 0.000027
14 28 0.001953
14 29 0.014763
14 30 0.999996
14 31 0.999993
14 32 0.999940
14 33 0.001953
14 34 0.999185
14 35 0.000016
14 36 0.999999
14 37 0.000046
14 38 0.999954
14 39 0.000004
14 40 0.000027
14 41 0.999985
14 42 0.000020
14 43 0.001953
14 44 0.002681
14 45 0.013152
14 46 0.009291
14 47 0.001953
14 48 0.001953
14 49 0.029925
14 50 0.999998
14 51 0.999988
14 52 0.000027
14 53 0.999999
14 54 0.000194
14 55 0.001953
14 56 0.999999
14 57 0.999996
14 58 0.002280
14 59 0.001953
14 60 0.999999
14 61 0.001953
14 62 0.000390
14 63 0.001953
14 64 0.000027
14 65 0.000046
14 66 0.001953
14 67 0.000002
14 68 0.009291
14 69 0.030172
14 70 0.999989
14 71 0.999988
14 72 0.999979
14 73 0.999996
14 74 0.999918
14 75 0.900081
14 76 0.001953
14 77 0.261582
14 78 0.999164
14 79 0.001953
14 80 0.001953
14 81 0.001953
14 82 0.001953
14 83 0.000372
14 84 0.000076
14 85 0.029652
14 86 0.002681
14 87 0.000027
14 88 0.000002
14 89 0.001953
14 90 0.000046
14 91 0.999998
14 92 0.000002
14 93 0.000002
14 94 0.000001
14 95 0.153568
14 96 0.999998
14 97 0.000002
14 98 0.014763
14 99 0.871844
15 0 0.040915
15 1 0.976891
15 2 0.999999
15 3 0.992103
15 4 0.003622
15 5 0.000046
15 6 0.999972
15 7 0.011782
15 8 0.999996
15 9 0.001953
15 10 0.001953
15 11 0.634721
15 12 0.009291
15 13 0.000556
15 14 0.999999
15 15 0.000000
15 16 0.001953
15 17 0.001953
15 18 0.999783
15 19 0.819810
15 20 0.999700
15 21 0.000372
15 22 0.999989
15 23 0.001953
15 24 0.999998
15 25 0.001953
15 26 0.002681
15 27 0.999999
15 28 0.999995
15 29 0.000372
15 30 0.000001
15 31 0.009291
15 32 0.998675
15 33 0.000001
15 34 0.000372
15 35 0.001953
15 36 0.490596
15 37 0.001953
15 38 0.999863
15 39 0.011782
15 40 0.683680
15 41 0.009291
15 42 0.999988
15 43 0.999993
15 44 0.722366
15 45 0.997536
15 46 0.008169
15 47 0.999980
15 48 0.994926
15 49 0.993871
15 50 0.999996
15 51 0.999988
15 52 0.000671
15 53 0.000027
15 54 0.009291
15 55 0.526106
15 56 0.367739
15 57 0.996172
15 58 0.992587
15 59 0.999999
15 60 0.001953
15 61 0.999997
15 62 0.999047
15 63 0.000002
15 64 0.999999
15 65 0.001953
15 66 0.000034
15 67 0.000372
15 68 0.022404
15 69 0.001953
15 70 0.142140
15 71 0.002681
15 72 0.001953
15 73 0.000556
15 74 0.001953
15 75 0.001953
15 76 0.001953
15 77 0.001953
15 78 0.001953
15 79 0.999996
15 80 0.999994
15 81 0.999979
15 82 0.000002
15 83 0.999996
15 84 0.001953
15 85 0.995309
15 86 0.003622
15 87 0.999999
15 88 0.999439
15 89 0.001168
15 90 0.001953
15 91 0.000970
15 92 0.000027
15 93 0.248940
15 94 0.999998
15 95 0.999705
15 96 0.009291
15 97 0.001953
15 98 0.001953
15 99 0.999991
16 0 0.001953
16 1 0.000046
16 2 0.999999
16 3 0.999998
16 4 0.000076
16 5 0.999891
16 6 0.009291
16 7 0.974718
16 8 0.000027
16 9 0.001953
16 10 0.000027
16 11 0.999895
16 12 0.000002
16 13 0.999923
16 14 0.348574
16 15 0.001953
16 16 0.000000
16 17 0.999991
16 18 0.999178
16 19 0.999980
16 20 0.001953
16 21 0.001953
16 22 0.000001
16 23 0.001953
16 24 0.004818
16 25 0.002681
16 26 0.035762
16 27 0.018287
16 28 0.999997
16 29 0.000814
16 30 0.000046
16 31 0.999984
16 32 0.000372
16 33 0.001953
16 34 0.999997
16 35 0.999833
16 36 0.999999
16 37 0.029925
16 38 0.000372
16 39 0.000020
16 40 0.011782
16 41 0.000372
16 42 0.057922
16 43 0.000027
16 44 0.000372
16 45 0.001953
16 46 0.999988
16 47 0.000027
16 48 0.000300
16 49 0.000076
16 50 0.000372
16 51 0.975876
16 52 0.001953
16 53 0.999751
16 54 0.283591
16 55 0.001953
16 56 0.959806
16 57 0.999999
16 58 0.999999
16 59 0.281926
16 60 0.999755
16 61 0.999999
16 62 0.000027
16 63 0.000002
16 64 0.999998
16 65 0.000027
16 66 0.000001
16 67 0.999935
16 68 0.000372
16 69 0.001953
16 70 0.001953
16 71 0.999958
16 72 0.000046
16 73 0.999973
16 74 0.009291
16 75 0.000027
16 76 0.999970
16 77 0.001646
16 78 0.999999
16 79 0.001953
16 80 0.000027
16 81 0.000027
16 82 0.009291
16 83 0.000001
16 84 0.999996
16 85 0.999749
16 86 0.001953
16 87 0.999642
16 88 0.001953
16 89 0.018283
16 90 0.035762
16 91 0.075199
16 92 0.001953
16 93 0.001953
16 94 0.999980
16 95 0.029925
16 96 0.000002
16 97 0.999962
16 98 0.999993
16 99 0.957700
17 0 0.001953
17 1 0.009291
17 2 0.999986
17 3 0.018287
17 4 0.844289
17 5 0.000006
17 6 0.999999
17 7 0.999962
17 8 0.999985
17 9 0.000556
17 10 0.002681
17 11 0.001953
17 12 0.003622
17 13 0.001953
17 14 0.000152
17 15 0.001953
17 16 0.999991
17 17 0.000000
17 18 0.000372
17 19 0.999997
17 20 0.000372
17 21 0.999983
17 22 0.001953
17 23 0.138192
17 24 0.071448
17 25 0.011782
17 26 0.000813
17 27 0.000295
17 28 0.004988
17 29 0.001953
17 30 0.001647
17 31 0.000006
17 32 0.000001
17 33 0.757621
17 34 0.000046
17 35 0.040251
17 36 0.009291
17 37 0.001953
17 38 0.999996
17 39 0.999993
17 40 0.999954
17 41 0.002681
17 42 0.035762
17 43 0.001703
17 44 0.999303
17 45 0.000027
17 46 0.001953
17 47 0.999251
17 48 0.000001
17 49 0.000002
17 50 0.999987
17 51 0.543825
17 52 0.001953
17 53 0.313924
17 54 0.999996
17 55 0.000046
17 56 0.999697
17 57 0.006318
17 58 0.009291
17 59 0.001369
17 60 0.969298
17 61 0.000002
17 62 0.999114
17 63 0.999996
17 64 0.001953
17 65 0.001953
17 66 0.009291
17 67 0.000046
17 68 0.999996
17 69 0.009291
17 70 0.002681
17 71 0.011782
17 72 0.009291
17 73 0.001953
17 74 0.996189
17 75 0.000001
17 76 0.999998
17 77 0.000002
17 78 0.996765
17 79 0.001953
17 80 0.000556
17 81 0.000556
17 82 0.000372
17 83 0.000027
17 84 0.001953
17 85 0.000002
17 86 0.998137
17 87 0.009291
17 88 0.000001
17 89 0.995208
17 90 0.999975
17 91 0.000001
17 92 0.000002
17 93 0.998239
17 94 0.999970
17 95 0.000001
17 96 0.999807
17 97 0.311339
17 98 0.002298
17 99 0.999996
18 0 0.002681
18 1 0.000372
18 2 0.000556
18 3 0.000300
18 4 0.000027
18 5 0.000027
18 6 0.000002
18 7 0.999998
18 8 0.000001
18 9 0.000002
18 10 0.999998
18 11 0.000027
18 12 0.001953
18 13 0.000046
18 14 0.000001
18 15 0.999783
18 16 0.999178
18 17 0.000372
18 18 0.000000
18 19 0.001953
18 20 0.009291
18 21 0.004818
18 22 0.084669
18 23 0.999821
18 24 0.000372
18 25 0.011782
18 26 0.022407
18 27 0.000372
18 28 0.001953
18 29 0.999894
18 30 0.000027
18 31 0.999984
18 32 0.001953
18 33 0.999932
18 34 0.001953
18 35 0.434080
18 36 0.000240
18 37 0.009291
18 38 0.998539
18 39 0.011782
18 40 0.001953
18 41 0.999963
18 42 0.999981
18 43 0.010436
18 44 0.004641
18 45 0.999995
18 46 0.000193
18 47 0.999957
18 48 0.999998
18 49 0.999519
18 50 0.690668
18 51 0.001953
18 52 0.000046
18 53 0.999998
18 54 0.002279
18 55 0.999628
18 56 0.000027
18 57 0.999681
18 58 0.002681
18 59 0.002681
18 60 0.002681
18 61 0.999835
18 62 0.999996
18 63 0.001953
18 64 0.000372
18 65 0.999988
18 66 0.000449
18 67 0.000027
18 68 0.001953
18 69 0.999988
18 70 0.987762
18 71 0.001953
18 72 0.000011
18 73 0.000372
18 74 0.029925
18 75 0.001953
18 76 0.906043
18 77 0.001953
18 78 0.000027
18 79 0.009291
18 80 0.001953
18 81 0.000002
18 82 0.999999
18 83 0.000027
18 84 0.009291
18 85 0.001953
18 86 0.999922
18 87 0.997945
18 88 0.001953
18 89 0.001953
18 90 0.999996
18 91 0.000372
18 92 0.001953
18 93 0.999999
18 94 0.999998
18 95 0.018287
18 96 0.001953
18 97 0.001953
18 98 0.000027
18 99 0.001953
19 0 0.999994
19 1 0.999996
19 2 0.001169
19 3 0.000001
19 4 0.348573
19 5 0.999991
19 6 0.999993
19 7 0.001646
19 8 0.003112
19 9 0.927668
19 10 0.000027
19 11 0.000372
19 12 0.009291
19 13 0.000046
19 14 0.001953
19 15 0.819810
19 16 0.999980
19 17 0.999997
19 18 0.001953
19 19 0.000000
19 20 0.011782
19 21 0.011782
19 22 0.997363
19 23 0.000372
19 24 0.002681
19 25 0.000002
19 26 0.001953
19 27 0.000300
19 28 0.001953
19 29 0.999995
19 30 0.999982
19 31 0.000003
19 32 0.000027
19 33 0.001953
19 34 0.001953
19 35 0.993586
19 36 0.994994
19 37 0.001953
19 38 0.009291
19 39 0.000372
19 40 0.001953
19 41 0.999963
19 42 0.001953
19 43 0.999999
19 44 0.999629
19 45 0.000001
19 46 0.281924
19 47 0.999217
19 48 0.000001
19 49 0.001953
19 50 0.009291
19 51 0.843995
19 52 0.000027
19 53 0.000194
19 54 0.001953
19 55 0.001953
19 56 0.000027
19 57 0.001953
19 58 0.000769
19 59 0.001953
19 60 0.000372
19 61 0.000372
19 62 0.001953
19 63 0.029925
19 64 0.999251
19 65 0.000372
19 66 0.999973
19 67 0.000814
19 68 0.001953
19 69 0.001953
19 70 0.999958
19 71 0.000027
19 72 0.999714
19 73 0.931885
19 74 0.003103
19 75 0.000814
19 76 0.929661
19 77 0.003622
19 78 0.002681
19 79 0.415919
19 80 0.999998
19 81 0.009291
19 82 0.001953
19 83 0.999993
19 84 0.999972
19 85 0.961718
19 86 0.000002
19 87 0.999973
19 88 0.000027
19 89 0.001953
19 90 0.001953
19 91 0.999963
19 92 0.001953
19 93 0.000372
19 94 0.000556
19 95 0.071426
19 96 0.999999
19 97 0.000814
19 98 0.945567
19 99 0.000556
20 0 0.000027
20 1 0.032668
20 2 0.999988
20 3 0.999915
20 4 0.001953
20 5 0.001953
20 6 0.999998
20 7 0.011782
20 8 0.009291
20 9 0.000194
20 10 0.000372
20 11 0.999998
20 12 0.001953
20 13 0.084945
20 14 0.997967
20 15 0.999700
20 16 0.001953
20 17 0.000372
20 18 0.009291
20 19 0.011782
20 20 0.000000
20 21 0.001953
20 22 0.000001
20 23 0.999975
20 24 0.999936
20 25 0.001953
20 26 0.001953
20 27 0.000001
20 28 0.626690
20 29 0.999817
20 30 0.000002
20 31 0.011782
20 32 0.000001
20 33 0.001953
20 34 0.000010
20 35 0.000002
20 36 0.000002
20 37 0.000002
20 38 0.001953
20 39 0.000027
20 40 0.001953
20 41 0.010429
20 42 0.001953
20 43 0.999959
20 44 0.009362
20 45 0.001953
20 46 0.000076
20 47 0.999848
20 48 0.999983
20 49 0.000123
20 50 0.999986
20 51 0.000027
20 52 0.001953
20 53 0.999998
20 54 0.001953
20 55 0.001953
20 56 0.001953
20 57 0.999985
20 58 0.000027
20 59 0.000556
20 60 0.999993
20 61 0.999965
20 62 0.999998
20 63 0.999999
20 64 0.999751
20 65 0.000002
20 66 0.999996
20 67 0.992087
20 68 0.003622
20 69 0.999979
20 70 0.009291
20 71 0.018287
20 72 0.999999
20 73 0.932960
20 74 0.999996
20 75 0.000556
20 76 0.000002
20 77 0.999775
20 78 0.999993
20 79 0.001953
20 80 0.014763
20 81 0.999999
20 82 0.001953
20 83 0.049730
20 84 0.999999
20 85 0.999987
20 86 0.999974
20 87 0.980838
20 88 0.974601
20 89 0.001953
20 90 0.999940
20 91 0.999996
20 92 0.001953
20 93 0.005217
20 94 0.999976
20 95 0.001953
20 96 0.999998
20 97 0.999358
20 98 0.001953
20 99 0.002681
21 0 0.001953
21 1 0.000027
21 2 0.999999
21 3 0.000003
21 4 0.001953
21 5 0.002681
21 6 0.013202
21 7 0.999964
21 8 0.000001
21 9 0.001953
21 10 0.001953
21 11 0.000002
21 12 0.997497
21 13 0.999997
21 14 0.000002
21 15 0.000372
21 16 0.001953
21 17 0.999983
21 18 0.004818
21 19 0.011782
21 20 0.001953
21 21 0.000000
21 22 0.001953
21 23 0.005516
21 24 0.000556
21 25 0.001953
21 26 0.001953
21 27 0.001953
21 28 0.999994
21 29 0.001953
21 30 0.001953
21 31 0.001953
21 32 0.000556
21 33 0.001953
21 34 0.999998
21 35 0.001953
21 36 0.001953
21 37 0.118061
21 38 0.999998
21 39 0.999340
21 40 0.999997
21 41 0.001953
21 42 0.000027
21 43 0.001953
21 44 0.999999
21 45 0.999996
21 46 0.001953
21 47 0.999999
21 48 0.999999
21 49 0.999998
21 50 0.999997
21 51 0.999247
21 52 0.000372
21 53 0.999586
21 54 0.009291
21 55 0.981693
21 56 0.000372
21 57 0.001953
21 58 0.001953
21 59 0.999940
21 60 0.001953
21 61 0.009291
21 62 0.009291
21 63 0.002681
21 64 0.014763
21 65 0.001953
21 66 0.999899
21 67 0.004819
21 68 0.000001
21 69 0.000372
21 70 0.003622
21 71 0.001953
21 72 0.999996
21 73 0.011782
21 74 0.000372
21 75 0.999609
21 76 0.999972
21 77 0.999989
21 78 0.999681
21 79 0.991926
21 80 0.999998
21 81 0.000046
21 82 0.000027
21 83 0.001953
21 84 0.000372
21 85 0.001953
21 86 0.999962
21 87 0.999924
21 88 0.001953
21 89 0.000027
21 90 0.999996
21 91 0.001953
21 92 0.953947
21 93 0.999999
21 94 0.001953
21 95 0.001953
21 96 0.000002
21 97 0.932960
21 98 0.997957
21 99 0.000027
22 0 0.001953
22 1 0.999997
22 2 0.000372
22 3 0.001953
22 4 0.000814
22 5 0.000027
22 6 0.000372
22 7 0.000001
22 8 0.999996
22 9 0.001953
22 10 0.993373
22 11 0.000002
22 12 0.014763
22 13 0.001953
22 14 0.997185
22 15 0.999989
22 16 0.000001
22 17 0.001953
22 18 0.084669
22 19 0.997363
22 20 0.000001
22 21 0.001953
22 22 0.000000
22 23 0.999998
22 24 0.000001
22 25 0.009291
22 26 0.999974
22 27 0.999998
22 28 0.000027
22 29 0.999991
22 30 0.999913
22 31 0.001047
22 32 0.999908
22 33 0.999990
22 34 0.002681
22 35 0.001953
22 36 0.004818
22 37 0.001953
22 38 0.001953
22 39 0.999796
22 40 0.000002
22 41 0.999987
22 42 0.001953
22 43 0.001953
22 44 0.001953
22 45 0.999397
22 46 0.004818
22 47 0.000001
22 48 0.999139
22 49 0.002794
22 50 0.001953
22 51 0.000002
22 52 0.999955
22 53 0.999940
22 54 0.999999
22 55 0.001953
22 56 0.999284
22 57 0.006318
22 58 0.001953
22 59 0.999995
22 60 0.001953
22 61 0.999989
22 62 0.147894
22 63 0.009291
22 64 0.138922
22 65 0.878811
22 66 0.999578
22 67 0.999669
22 68 0.000372
22 69 0.000548
22 70 0.000002
22 71 0.000002
22 72 0.001953
22 73 0.002681
22 74 0.999996
22 75 0.999291
22 76 0.000194
22 77 0.001168
22 78 0.999999
22 79 0.000123
22 80 0.997558
22 81 0.009291
22 82 0.011782
22 83 0.009291
22 84 0.071949
22 85 0.987673
22 86 0.000076
22 87 0.009291
22 88 0.890330
22 89 0.011782
22 90 0.001953
22 91 0.999045
22 92 0.999999
22 93 0.009823
22 94 0.999999
22 95 0.003622
22 96 0.000269
22 97 0.999995
22 98 0.003619
22 99 0.000027
23 0 0.001953
23 1 0.999938
23 2 0.999712
23 3 0.000025
23 4 0.009291
23 5 0.999997
23 6 0.999997
23 7 0.995536
23 8 0.969986
23 9 0.999674
23 10 0.000046
23 11 0.001953
23 12 0.995837
23 13 0.007159
23 14 0.999560
23 15 0.001953
23 16 0.001953
23 17 0.138192
23 18 0.999821
23 19 0.000372
23 20 0.999975
23 21 0.005516
23 22 0.999998
23 23 0.000000
23 24 0.999879
23 25 0.001953
23 26 0.004830
23 27 0.000002
23 28 0.999008
23 29 0.000046
23 30 0.001953
23 31 0.000027
23 32 0.002139
23 33 0.001953
23 34 0.001953
23 35 0.999999
23 36 0.997982
23 37 0.999999
23 38 0.998803
23 39 0.000027
23 40 0.001953
23 41 0.999998
23 42 0.999999
23 43 0.001953
23 44 0.001953
23 45 0.000372
23 46 0.000372
23 47 0.000556
23 48 0.999856
23 49 0.000001
23 50 0.002077
23 51 0.000027
23 52 0.001953
23 53 0.001953
23 54 0.000556
23 55 0.999988
23 56 0.000372
23 57 0.000556
23 58 0.000002
23 59 0.000076
23 60 0.035762
23 61 0.000002
23 62 0.001953
23 63 0.105306
23 64 0.001953
23 65 0.009291
23 66 0.009291
23 67 0.001953
23 68 0.999996
23 69 0.001953
23 70 0.000001
23 71 0.999996
23 72 0.999997
23 73 0.000027
23 74 0.999989
23 75 0.999684
23 76 0.001953
23 77 0.999966
23 78 0.071949
23 79 0.999989
23 80 0.001953
23 81 0.999997
23 82 0.009291
23 83 0.000027
23 84 0.999994
23 85 0.001953
23 86 0.000027
23 87 0.996491
23 88 0.002681
23 89 0.999999
23 90 0.972538
23 91 0.999993
23 92 0.999998
23 93 0.011782
23 94 0.009291
23 95 0.001953
23 96 0.999541
23 97 0.999771
23 98 0.001953
23 99 0.999985
24 0 0.000003
24 1 0.999998
24 2 0.996131
24 3 0.999999
24 4 0.000556
24 5 0.001953
24 6 0.999999
24 7 0.999992
24 8 0.001953
24 9 0.009291
24 10 0.999997
24 11 0.999998
24 12 0.000027
24 13 0.011782
24 14 0.001953
24 15 0.999998
24 16 0.004818
24 17 0.071448
24 18 0.000372
24 19 0.002681
24 20 0.999936
24 21 0.000556
24 22 0.000001
24 23 0.999879
24 24 0.000000
24 25 0.999994
24 26 0.999988
24 27 0.001953
24 28 0.002681
24 29 0.001953
24 30 0.001953
24 31 0.001953
24 32 0.000002
24 33 0.001953
24 34 0.004818
24 35 0.000011
24 36 0.999996
24 37 0.003622
24 38 0.000372
24 39 0.999761
24 40 0.000002
24 41 0.000002
24 42 0.011782
24 43 0.999988
24 44 0.000002
24 45 0.000027
24 46 0.999998
24 47 0.001953
24 48 0.999991
24 49 0.011782
24 50 0.000372
24 51 0.999899
24 52 0.999977
24 53 0.999998
24 54 0.999935
24 55 0.007663
24 56 0.974040
24 57 0.001953
24 58 0.001953
24 59 0.002681
24 60 0.001953
24 61 0.009291
24 62 0.015842
24 63 0.999453
24 64 0.049729
24 65 0.999710
24 66 0.000001
24 67 0.999996
24 68 0.999999
24 69 0.000372
24 70 0.999987
24 71 0.000027
24 72 0.000002
24 73 0.001953
24 74 0.009291
24 75 0.001953
24 76 0.001953
24 77 0.001953
24 78 0.000002
24 79 0.009291
24 80 0.999855
24 81 0.000002
24 82 0.000556
24 83 0.000046
24 84 0.009291
24 85 0.000372
24 86 0.011782
24 87 0.009291
24 88 0.999761
24 89 0.000002
24 90 0.009291
24 91 0.000556
24 92 0.000027
24 93 0.999974
24 94 0.517331
24 95 0.009291
24 96 0.001953
24 97 0.001953
24 98 0.984430
24 99 0.001953
25 0 0.999390
25 1 0.997681
25 2 0.001953
25 3 0.999988
25 4 0.999442
25 5 0.000814
25 6 0.009291
25 7 0.001953
25 8 0.999730
25 9 0.000556
25 10 0.000002
25 11 0.000556
25 12 0.999984
25 13 0.001953
25 14 0.999391
25 15 0.001953
25 16 0.002681
25 17 0.011782
25 18 0.011782
25 19 0.000002
25 20 0.001953
25 21 0.001953
25 22 0.009291
25 23 0.001953
25 24 0.999994
25 25 0.000000
25 26 0.593956
25 27 0.009291
25 28 0.009291
25 29 0.999937
25 30 0.003514
25 31 0.001953
25 32 0.001953
25 33 0.001953
25 34 0.001953
25 35 0.011782
25 36 0.000372
25 37 0.999995
25 38 0.966731
25 39 0.001953
25 40 0.009291
25 41 0.000027
25 42 0.999773
25 43 0.003622
25 44 0.999989
25 45 0.000046
25 46 0.009291
25 47 0.989750
25 48 0.002681
25 49 0.999928
25 50 0.017914
25 51 0.001953
25 52 0.999996
25 53 0.009291
25 54 0.999989
25 55 0.000002
25 56 0.998315
25 57 0.009291
25 58 0.018752
25 59 0.001168
25 60 0.000002
25 61 0.009291
25 62 0.001953
25 63 0.999943
25 64 0.999995
25 65 0.002681
25 66 0.001953
25 67 0.001953
25 68 0.000027
25 69 0.001953
25 70 0.000001
25 71 0.999212
25 72 0.002681
25 73 0.885738
25 74 0.001953
25 75 0.001953
25 76 0.001953
25 77 0.001953
25 78 0.014763
25 79 0.000027
25 80 0.998454
25 81 0.000006
25 82 0.999950
25 83 0.002681
25 84 0.677128
25 85 0.999987
25 86 0.001645
25 87 0.000046
25 88 0.000002
25 89 0.999021
25 90 0.485511
25 91 0.999988
25 92 0.993963
25 93 0.999895
25 94 0.999962
25 95 0.999913
25 96 0.999995
25 97 0.993536
25 98 0.999999
25 99 0.000814
26 0 0.000194
26 1 0.001953
26 2 0.000002
26 3 0.001953
26 4 0.002681
26 5 0.999997
26 6 0.006318
26 7 0.999988
26 8 0.999328
26 9 0.999998
26 10 0.000814
26 11 0.001953
26 12 0.013197
26 13 0.001953
26 14 0.002000
26 15 0.002681
26 16 0.035762
26 17 0.000813
26 18 0.022407
26 19 0.001953
26 20 0.001953
26 21 0.001953
26 22 0.999974
26 23 0.004830
26 24 0.999988
26 25 0.593956
26 26 0.000000
26 27 0.009291
26 28 0.001953
26 29 0.002240
26 30 0.999950
26 31 0.999999
26 32 0.001953
26 33 0.472230
26 34 0.999993
26 35 0.001953
26 36 0.001953
26 37 0.998350
26 38 0.999288
26 39 0.000814
26 40 0.001953
26 41 0.009291
26 42 0.001953
26 43 0.001953
26 44 0.997804
26 45 0.000814
26 46 0.000814
26 47 0.001973
26 48 0.001953
26 49 0.001953
26 50 0.995779
26 51 0.962601
26 52 0.999996
26 53 0.001953
26 54 0.999999
26 55 0.009291
26 56 0.001953
26 57 0.999890
26 58 0.999804
26 59 0.001953
26 60 0.000046
26 61 0.001953
26 62 0.009428
26 63 0.999973
26 64 0.001953
26 65 0.999999
26 66 0.009291
26 67 0.160847
26 68 0.999754
26 69 0.002681
26 70 0.999988
26 71 0.999134
26 72 0.009291
26 73 0.001953
26 74 0.999971
26 75 0.001068
26 76 0.999983
26 77 0.001953
26 78 0.003622
26 79 0.999999
26 80 0.999983
26 81 0.999988
26 82 0.013158
26 83 0.999999
26 84 0.999986
26 85 0.999422
26 86 0.773140
26 87 0.000027
26 88 0.002681
26 89 0.000002
26 90 0.999999
26 91 0.999815
26 92 0.865118
26 93 0.022250
26 94 0.018287
26 95 0.010429
26 96 0.999885
26 97 0.001953
26 98 0.431685
26 99 0.000027
27 0 0.998432
27 1 0.000556
27 2 0.998877
27 3 0.999940
27 4 0.999965
27 5 0.975561
27 6 0.001953
27 7 0.000002
27 8 0.001953
27 9 0.001953
27 10 0.999980
27 11 0.000002
27 12 0.000002
27 13 0.000027
27 14 0.000027
27 15 0.999999
27 16 0.018287
27 17 0.000295
27 18 0.000372
27 19 0.000300
27 20 0.000001
27 21 0.001953
27 22 0.999998
27 23 0.000002
27 24 0.001953
27 25 0.009291
27 26 0.009291
27 27 0.000000
27 28 0.000372
27 29 0.999996
27 30 0.009291
27 31 0.000001
27 32 0.999991
27 33 0.001953
27 34 0.999997
27 35 0.001168
27 36 0.000027
27 37 0.001953
27 38 0.000001
27 39 0.000001
27 40 0.999995
27 41 0.001953
27 42 0.000046
27 43 0.999999
27 44 0.009291
27 45 0.000001
27 46 0.000001
27 47 0.001953
27 48 0.999998
27 49 0.999992
27 50 0.001953
27 51 0.000002
