0 0 0.000000
0 1 0.348574
0 2 0.990780
0 3 0.172989
0 4 0.996753
0 5 0.998781
0 6 0.999187
0 7 0.975602
0 8 0.986202
0 9 0.108547
0 10 0.932960
0 11 0.994526
0 12 0.719662
0 13 0.932077
0 14 0.999986
0 15 0.108547
0 16 0.998457
0 17 0.820692
0 18 0.997687
0 19 0.434867
0 20 0.372722
0 21 0.978283
0 22 0.997073
0 23 0.999711
0 24 0.999936
0 25 0.781351
0 26 0.987073
0 27 0.035762
0 28 0.820692
0 29 0.997834
0 30 0.573990
0 31 0.082237
0 32 0.848329
0 33 0.999743
0 34 0.310464
0 35 0.999797
0 36 0.999674
0 37 0.329464
0 38 0.999797
0 39 0.999998
0 40 0.800668
0 41 0.998536
0 42 0.965441
0 43 0.372722
0 44 0.977134
0 45 0.981645
0 46 0.996347
0 47 0.991800
0 48 0.999997
0 49 0.999855
0 50 0.999936
0 51 0.082237
0 52 0.957037
0 53 0.999973
0 54 0.108547
0 55 0.108547
0 56 0.981645
0 57 0.005177
0 58 0.108547
0 59 0.716439
0 60 0.998172
0 61 0.894801
0 62 0.517913
0 63 0.005177
0 64 0.993077
0 65 0.981645
0 66 0.268234
0 67 0.626001
0 68 0.999848
0 69 0.000372
0 70 0.876570
0 71 0.999657
0 72 0.999904
0 73 0.999848
0 74 0.999981
0 75 0.999674
0 76 0.051779
0 77 0.029925
0 78 0.999904
0 79 0.995379
0 80 0.999024
0 81 0.495294
0 82 0.957038
0 83 0.932960
0 84 0.928576
0 85 0.071949
0 86 0.987725
0 87 0.227550
0 88 0.974313
0 89 0.993844
0 90 0.988345
0 91 0.999971
0 92 0.998457
0 93 0.477022
0 94 0.019299
0 95 0.876570
0 96 0.999771
0 97 0.998781
0 98 0.972594
0 99 0.946647
1 0 0.348574
1 1 0.000000
1 2 0.996708
1 3 0.999943
1 4 0.999994
1 5 0.108547
1 6 0.172989
1 7 0.703771
1 8 0.820692
1 9 0.329464
1 10 0.999588
1 11 0.999218
1 12 0.641070
1 13 0.999543
1 14 0.690668
1 15 0.997563
1 16 0.984491
1 17 0.943131
1 18 0.997398
1 19 0.999314
1 20 0.227550
1 21 0.999992
1 22 0.135231
1 23 0.781351
1 24 0.998457
1 25 0.999797
1 26 0.999657
1 27 0.019299
1 28 0.965899
1 29 0.268234
1 30 0.999993
1 31 0.973967
1 32 0.932077
1 33 0.495294
1 34 0.372722
1 35 0.995892
1 36 0.945939
1 37 0.992609
1 38 0.998172
1 39 0.998457
1 40 0.999871
1 41 0.967602
1 42 0.495294
1 43 0.138922
1 44 0.703771
1 45 0.329464
1 46 0.996753
1 47 0.987073
1 48 0.957037
1 49 0.999458
1 50 0.573990
1 51 0.023583
1 52 0.996753
1 53 0.019299
1 54 0.987725
1 55 0.924902
1 56 0.996347
1 57 0.415919
1 58 0.999995
1 59 0.999992
1 60 0.189109
1 61 0.791203
1 62 0.999187
1 63 0.189109
1 64 0.310464
1 65 0.788679
1 66 0.996347
1 67 0.999695
1 68 0.831065
1 69 0.920015
1 70 0.999871
1 71 0.943131
1 72 0.227550
1 73 0.943131
1 74 0.029925
1 75 0.029925
1 76 0.029925
1 77 0.967602
1 78 0.976826
1 79 0.071949
1 80 0.268234
1 81 0.071949
1 82 0.996752
1 83 0.999771
1 84 0.606413
1 85 0.999973
1 86 0.029925
1 87 0.999936
1 88 0.996917
1 89 0.894801
1 90 0.940181
1 91 0.019299
1 92 0.268234
1 93 0.999421
1 94 0.005177
1 95 0.998074
1 96 0.957038
1 97 0.954190
1 98 0.019299
1 99 0.949286
2 0 0.990780
2 1 0.996708
2 2 0.000000
2 3 0.998555
2 4 0.999855
2 5 0.984491
2 6 0.035762
2 7 0.862254
2 8 0.999349
2 9 0.051779
2 10 0.997398
2 11 0.999949
2 12 0.972594
2 13 0.189109
2 14 0.999614
2 15 0.999996
2 16 0.995379
2 17 0.954792
2 18 0.986202
2 19 0.189109
2 20 0.999817
2 21 0.999566
2 22 0.997259
2 23 0.977134
2 24 0.994526
2 25 0.965441
2 26 0.976826
2 27 0.348574
2 28 0.996532
2 29 0.268234
2 30 0.019299
2 31 0.998048
2 32 0.005177
2 33 0.999924
2 34 0.034173
2 35 0.999966
2 36 0.894801
2 37 0.108547
2 38 0.535509
2 39 0.310464
2 40 0.993516
2 41 0.998629
2 42 0.071949
2 43 0.673535
2 44 0.997944
2 45 0.019299
2 46 0.999914
2 47 0.990289
2 48 0.972594
2 49 0.999940
2 50 0.993077
2 51 0.071949
2 52 0.019299
2 53 0.983668
2 54 0.263461
2 55 0.999946
2 56 0.984491
2 57 0.490568
2 58 0.082237
2 59 0.985469
2 60 0.986202
2 61 0.995379
2 62 0.071949
2 63 0.994234
2 64 0.992708
2 65 0.972594
2 66 0.997687
2 67 0.071949
2 68 0.719662
2 69 0.999711
2 70 0.985469
2 71 0.943131
2 72 0.415919
2 73 0.936253
2 74 0.999848
2 75 0.998698
2 76 0.035762
2 77 0.992708
2 78 0.998629
2 79 0.998265
2 80 0.227550
2 81 0.999998
2 82 0.967602
2 83 0.286770
2 84 0.189109
2 85 0.993516
2 86 0.000372
2 87 0.920015
2 88 0.060180
2 89 0.995379
2 90 0.999966
2 91 0.999268
2 92 0.986202
2 93 0.019299
2 94 0.268234
2 95 0.993516
2 96 0.976826
2 97 0.980672
2 98 0.855444
2 99 0.998375
3 0 0.172989
3 1 0.999943
3 2 0.998555
3 3 0.000000
3 4 0.936253
3 5 0.999458
3 6 0.928576
3 7 0.959174
3 8 0.227550
3 9 0.626001
3 10 0.626001
3 11 0.999998
3 12 0.019299
3 13 0.060180
3 14 0.453650
3 15 0.011782
3 16 0.979374
3 17 0.138922
3 18 0.997944
3 19 0.138922
3 20 0.108547
3 21 0.071949
3 22 0.970761
3 23 0.268234
3 24 0.994156
3 25 0.005177
3 26 0.011782
3 27 0.905920
3 28 0.268234
3 29 0.986202
3 30 0.517913
3 31 0.029925
3 32 0.882454
3 33 0.998457
3 34 0.828968
3 35 0.997944
3 36 0.999725
3 37 0.993844
3 38 0.986202
3 39 0.978283
3 40 0.172989
3 41 0.928576
3 42 0.096388
3 43 0.998536
3 44 0.227550
3 45 0.999268
3 46 0.999132
3 47 0.999924
3 48 0.992708
3 49 0.999743
3 50 0.981645
3 51 0.999743
3 52 0.992709
3 53 0.921048
3 54 0.071949
3 55 0.951799
3 56 0.983668
3 57 0.990289
3 58 0.005177
3 59 0.071949
3 60 0.975602
3 61 0.961718
3 62 0.999975
3 63 0.995379
3 64 0.019299
3 65 0.019299
3 66 0.901145
3 67 0.999961
3 68 0.838911
3 69 0.029925
3 70 0.999989
3 71 0.999957
3 72 0.999794
3 73 0.924902
3 74 0.997259
3 75 0.069412
3 76 0.999674
3 77 0.138922
3 78 0.138922
3 79 0.310464
3 80 0.969222
3 81 0.999992
3 82 0.096388
3 83 0.999928
3 84 0.999674
3 85 0.082237
3 86 0.997944
3 87 0.855444
3 88 0.513285
3 89 0.999946
3 90 0.905921
3 91 0.029925
3 92 0.029925
3 93 0.372722
3 94 0.096388
3 95 0.928576
3 96 0.060180
3 97 0.998971
3 98 0.096388
3 99 0.590401
4 0 0.996753
4 1 0.999994
4 2 0.999855
4 3 0.936253
4 4 0.000000
4 5 0.995379
4 6 0.985469
4 7 0.999783
4 8 0.995892
4 9 0.998457
4 10 0.945939
4 11 0.348574
4 12 0.980672
4 13 0.716439
4 14 0.245316
4 15 0.991800
4 16 0.105308
4 17 0.994526
4 18 0.472230
4 19 0.894801
4 20 0.999914
4 21 0.995379
4 22 0.071949
4 23 0.071949
4 24 0.535509
4 25 0.108547
4 26 0.051779
4 27 0.999998
4 28 0.994526
4 29 0.096388
4 30 0.391878
4 31 0.108547
4 32 0.998916
4 33 0.999943
4 34 0.999855
4 35 0.996347
4 36 0.963627
4 37 0.626001
4 38 0.286770
4 39 0.978283
4 40 0.905921
4 41 0.014763
4 42 0.976826
4 43 0.029925
4 44 0.882454
4 45 0.071949
4 46 0.959712
4 47 0.915921
4 48 0.991800
4 49 0.969629
4 50 0.999543
4 51 0.995892
4 52 0.005177
4 53 0.999952
4 54 0.999989
4 55 0.029925
4 56 0.434867
4 57 0.963627
4 58 0.042353
4 59 0.994156
4 60 0.993515
4 61 0.019299
4 62 0.981645
4 63 0.999566
4 64 0.999998
4 65 0.268234
4 66 0.972958
4 67 0.831064
4 68 0.029925
4 69 0.976826
4 70 0.415919
4 71 0.172989
4 72 0.999980
4 73 0.957038
4 74 0.999998
4 75 0.973967
4 76 0.051779
4 77 0.993077
4 78 0.227550
4 79 0.984490
4 80 0.997687
4 81 0.997687
4 82 0.999390
4 83 0.994234
4 84 0.477022
4 85 0.227550
4 86 0.855444
4 87 0.996347
4 88 0.997398
4 89 0.372722
4 90 0.999992
4 91 0.998536
4 92 0.911627
4 93 0.999086
4 94 0.987725
4 95 0.995379
4 96 0.999037
4 97 0.838911
4 98 0.920015
4 99 0.971149
5 0 0.998781
5 1 0.108547
5 2 0.984491
5 3 0.999458
5 4 0.995379
5 5 0.000000
5 6 0.999349
5 7 0.999914
5 8 0.978282
5 9 0.999828
5 10 0.071949
5 11 0.987073
5 12 0.901145
5 13 0.138922
5 14 0.999848
5 15 0.996152
5 16 0.998629
5 17 0.967602
5 18 0.971149
5 19 0.781351
5 20 0.812062
5 21 0.042353
5 22 0.999614
5 23 0.268234
5 24 0.924902
5 25 0.517913
5 26 0.060180
5 27 0.990289
5 28 0.982801
5 29 0.029925
5 30 0.999458
5 31 0.985469
5 32 0.998048
5 33 0.991363
5 34 0.876570
5 35 0.011782
5 36 0.172989
5 37 0.719662
5 38 0.029925
5 39 0.999657
5 40 0.096388
5 41 0.996753
5 42 0.719662
5 43 0.305549
5 44 0.999952
5 45 0.227550
5 46 0.999639
5 47 0.999421
5 48 0.746454
5 49 0.019299
5 50 0.995379
5 51 0.800669
5 52 0.029925
5 53 0.998048
5 54 0.999349
5 55 0.969222
5 56 0.071949
5 57 0.051779
5 58 0.985469
5 59 0.999981
5 60 0.990780
5 61 0.999968
5 62 0.996917
5 63 0.986202
5 64 0.071949
5 65 0.993077
5 66 0.999086
5 67 0.999711
5 68 0.999228
5 69 0.975602
5 70 0.999132
5 71 0.096388
5 72 0.999485
5 73 0.999783
5 74 0.998172
5 75 0.932960
5 76 0.990156
5 77 0.980672
5 78 0.999743
5 79 0.936253
5 80 0.981645
5 81 0.957038
5 82 0.963627
5 83 0.820692
5 84 0.831064
5 85 0.998172
5 86 0.894801
5 87 0.952432
5 88 0.096388
5 89 0.994803
5 90 0.936253
5 91 0.896141
5 92 0.855444
5 93 0.998698
5 94 0.991246
5 95 0.999928
5 96 0.943131
5 97 0.965899
5 98 0.372722
5 99 0.989633
6 0 0.999187
6 1 0.172989
6 2 0.035762
6 3 0.928576
6 4 0.985469
6 5 0.999349
6 6 0.000000
6 7 0.788679
6 8 0.998555
6 9 0.029925
6 10 0.993516
6 11 0.999989
6 12 0.626002
6 13 0.999756
6 14 0.019299
6 15 0.969222
6 16 0.967602
6 17 0.986898
6 18 0.999892
6 19 0.997944
6 20 0.987726
6 21 0.972594
6 22 0.997398
6 23 0.757621
6 24 0.999924
6 25 0.996532
6 26 0.051779
6 27 0.028526
6 28 0.019299
6 29 0.999771
6 30 0.189109
6 31 0.610510
6 32 0.994526
6 33 0.999711
6 34 0.999946
6 35 0.659444
6 36 0.673535
6 37 0.961718
6 38 0.940181
6 39 0.862254
6 40 0.901145
6 41 0.993077
6 42 0.372722
6 43 0.987725
6 44 0.995379
6 45 0.245316
6 46 0.189109
6 47 0.999695
6 48 0.995379
6 49 0.071949
6 50 0.453650
6 51 0.951798
6 52 0.993844
6 53 0.999957
6 54 0.227550
6 55 0.999421
6 56 0.992708
6 57 0.029925
6 58 0.997113
6 59 0.071949
6 60 0.002681
6 61 0.626001
6 62 0.189109
6 63 0.999695
6 64 0.978283
6 65 0.800669
6 66 0.108547
6 67 0.268234
6 68 0.999512
6 69 0.982569
6 70 0.071949
6 71 0.990289
6 72 0.980672
6 73 0.716439
6 74 0.096388
6 75 0.999952
6 76 0.172989
6 77 0.673535
6 78 0.995379
6 79 0.870414
6 80 0.999999
6 81 0.957037
6 82 0.999970
6 83 0.690668
6 84 0.999979
6 85 0.945939
6 86 0.329464
6 87 0.972594
6 88 0.019299
6 89 0.071949
6 90 0.690668
6 91 0.997563
6 92 0.096388
6 93 0.999421
6 94 0.999228
6 95 0.889496
6 96 0.995379
6 97 0.029925
6 98 0.994803
6 99 0.999994
7 0 0.975602
7 1 0.703771
7 2 0.862254
7 3 0.959174
7 4 0.999783
7 5 0.999914
7 6 0.788679
7 7 0.000000
7 8 0.980411
7 9 0.999984
7 10 0.227550
7 11 0.803068
7 12 0.791203
7 13 0.932077
7 14 0.781351
7 15 0.590401
7 16 0.719662
7 17 0.071949
7 18 0.911627
7 19 0.453650
7 20 0.153568
7 21 0.029925
7 22 0.348574
7 23 0.971149
7 24 0.988345
7 25 0.972594
7 26 0.029925
7 27 0.959174
7 28 0.999593
7 29 0.610510
7 30 0.071949
7 31 0.051779
7 32 0.994526
7 33 0.138922
7 34 0.999819
7 35 0.996347
7 36 0.990289
7 37 0.992609
7 38 0.999924
7 39 0.781351
7 40 0.999914
7 41 0.019299
7 42 0.996753
7 43 0.981645
7 44 0.096388
7 45 0.002681
7 46 0.974313
7 47 0.959174
7 48 0.999486
7 49 0.029925
7 50 0.997398
7 51 0.940181
7 52 0.268234
7 53 0.999997
7 54 0.999187
7 55 0.305549
7 56 0.998629
7 57 0.997259
7 58 0.996347
7 59 0.894801
7 60 0.961718
7 61 0.999997
7 62 0.993516
7 63 0.023583
7 64 0.972593
7 65 0.951799
7 66 0.999997
7 67 0.997944
7 68 0.972594
7 69 0.928576
7 70 0.988934
7 71 0.051779
7 72 0.372722
7 73 0.996532
7 74 0.999997
7 75 0.029925
7 76 0.999024
7 77 0.999971
7 78 0.051779
7 79 0.995613
7 80 0.994526
7 81 0.978283
7 82 0.967602
7 83 0.329464
7 84 0.999807
7 85 0.975602
7 86 0.731785
7 87 0.987725
7 88 0.006763
7 89 0.993844
7 90 0.999961
7 91 0.999936
7 92 0.971149
7 93 0.995133
7 94 0.998048
7 95 0.998074
7 96 0.415919
7 97 0.998172
7 98 0.999228
7 99 0.999485
8 0 0.986202
8 1 0.820692
8 2 0.999349
8 3 0.227550
8 4 0.995892
8 5 0.978282
8 6 0.998555
8 7 0.980411
8 8 0.000000
8 9 0.006763
8 10 0.999086
8 11 0.999886
8 12 0.986202
8 13 0.990289
8 14 0.029925
8 15 0.391878
8 16 0.415919
8 17 0.983668
8 18 0.995379
8 19 0.889496
8 20 0.513285
8 21 0.992708
8 22 0.999904
8 23 0.999891
8 24 0.969629
8 25 0.703771
8 26 0.051779
8 27 0.997259
8 28 0.855444
8 29 0.096388
8 30 0.999711
8 31 0.999614
8 32 0.999771
8 33 0.716439
8 34 0.999349
8 35 0.876570
8 36 0.205798
8 37 0.995892
8 38 0.138922
8 39 0.999085
8 40 0.999998
8 41 0.943131
8 42 0.690668
8 43 0.971149
8 44 0.999486
8 45 0.999268
8 46 0.999132
8 47 0.999936
8 48 0.310464
8 49 0.889496
8 50 0.999924
8 51 0.999943
8 52 0.029925
8 53 0.943131
8 54 0.495294
8 55 0.996347
8 56 0.189109
8 57 0.019299
8 58 0.999543
8 59 0.006763
8 60 0.019299
8 61 0.992708
8 62 0.838911
8 63 0.434867
8 64 0.975602
8 65 0.986202
8 66 0.999695
8 67 0.138922
8 68 0.019299
8 69 0.268234
8 70 0.945939
8 71 0.862254
8 72 0.999995
8 73 0.999390
8 74 0.573990
8 75 0.011782
8 76 0.477022
8 77 0.998698
8 78 0.535509
8 79 0.989082
8 80 0.999771
8 81 0.096388
8 82 0.997433
8 83 0.005177
8 84 0.992708
8 85 0.995133
8 86 0.991363
8 87 0.999871
8 88 0.995672
8 89 0.778726
8 90 0.093361
8 91 0.051779
8 92 0.998172
8 93 0.993077
8 94 0.999451
8 95 0.997687
8 96 0.434867
8 97 0.999969
8 98 0.978283
8 99 0.998172
9 0 0.108547
9 1 0.329464
9 2 0.051779
9 3 0.626001
9 4 0.998457
9 5 0.999828
9 6 0.029925
9 7 0.999984
9 8 0.006763
9 9 0.000000
9 10 0.957037
9 11 0.993844
9 12 0.029925
9 13 0.932960
9 14 0.979374
9 15 0.943131
9 16 0.189109
9 17 0.071949
9 18 0.978283
9 19 0.971149
9 20 0.535509
9 21 0.999964
9 22 0.999349
9 23 0.997687
9 24 0.901145
9 25 0.999729
9 26 0.979374
9 27 0.153568
9 28 0.981645
9 29 0.924902
9 30 0.998048
9 31 0.517913
9 32 0.703771
9 33 0.996753
9 34 0.991689
9 35 0.019299
9 36 0.329464
9 37 0.999931
9 38 0.590401
9 39 0.999991
9 40 0.477022
9 41 0.029925
9 42 0.096388
9 43 0.971149
9 44 0.999924
9 45 0.910477
9 46 0.997563
9 47 0.999986
9 48 0.610510
9 49 0.999829
9 50 0.999512
9 51 0.951799
9 52 0.998902
9 53 0.999229
9 54 0.069412
9 55 0.943131
9 56 0.996100
9 57 0.153568
9 58 0.998629
9 59 0.978283
9 60 0.993844
9 61 0.029925
9 62 0.268234
9 63 0.310464
9 64 0.286771
9 65 0.975602
9 66 0.998536
9 67 0.969222
9 68 0.999543
9 69 0.453650
9 70 0.703771
9 71 0.999976
9 72 0.028526
9 73 0.268234
9 74 0.999024
9 75 0.998781
9 76 0.901145
9 77 0.998172
9 78 0.998843
9 79 0.993077
9 80 0.989082
9 81 0.310464
9 82 0.943131
9 83 0.894801
9 84 0.999086
9 85 0.993516
9 86 0.999314
9 87 0.998781
9 88 0.992215
9 89 0.998265
9 90 0.172989
9 91 0.999797
9 92 0.477022
9 93 0.999989
9 94 0.999957
9 95 0.999993
9 96 0.189109
9 97 0.915921
9 98 0.994803
9 99 0.998457
10 0 0.932960
10 1 0.999588
10 2 0.997398
10 3 0.626001
10 4 0.945939
10 5 0.071949
10 6 0.993516
10 7 0.227550
10 8 0.999086
10 9 0.957037
10 10 0.000000
10 11 0.051779
10 12 0.972594
10 13 0.999695
10 14 0.991246
10 15 0.928576
10 16 0.391878
10 17 0.517913
10 18 0.998048
10 19 0.894800
10 20 0.928576
10 21 0.999390
10 22 0.029925
10 23 0.959174
10 24 0.995613
10 25 0.573990
10 26 0.959174
10 27 0.768376
10 28 0.626001
10 29 0.999358
10 30 0.415919
10 31 0.943131
10 32 0.999949
10 33 0.999176
10 34 0.051779
10 35 0.019299
10 36 0.372722
10 37 0.992609
10 38 0.997259
10 39 0.999957
10 40 0.071949
10 41 0.862254
10 42 0.999743
10 43 0.975602
10 44 0.268234
10 45 0.743482
10 46 0.268234
10 47 0.999024
10 48 0.999943
10 49 0.996917
10 50 0.096388
10 51 0.995613
10 52 0.998629
10 53 0.040565
10 54 0.951799
10 55 0.999998
10 56 0.994803
10 57 0.999959
10 58 0.096388
10 59 0.977990
10 60 0.415919
10 61 0.996532
10 62 0.999314
10 63 0.610510
10 64 0.998901
10 65 0.915921
10 66 0.172989
10 67 0.999797
10 68 0.996532
10 69 0.999024
10 70 0.757621
10 71 0.042353
10 72 0.060180
10 73 0.391878
10 74 0.999807
10 75 0.011782
10 76 0.757621
10 77 0.999979
10 78 0.999349
10 79 0.997687
10 80 0.999897
10 81 0.035762
10 82 0.999968
10 83 0.659444
10 84 0.999878
10 85 0.998265
10 86 0.979374
10 87 0.227550
10 88 0.994803
10 89 0.985469
10 90 0.690668
10 91 0.831064
10 92 0.641070
10 93 0.831065
10 94 0.997687
10 95 0.991363
10 96 0.985469
10 97 0.286770
10 98 0.011782
10 99 0.108547
11 0 0.994526
11 1 0.999218
11 2 0.999949
11 3 0.999998
11 4 0.348574
11 5 0.987073
11 6 0.999989
11 7 0.803068
11 8 0.999886
11 9 0.993844
11 10 0.051779
11 11 0.000000
11 12 0.051779
11 13 0.961718
11 14 0.060180
11 15 0.994803
11 16 0.999421
11 17 0.768376
11 18 0.949286
11 19 0.999932
11 20 0.977134
11 21 0.985469
11 22 0.990780
11 23 0.731785
11 24 0.996917
11 25 0.997944
11 26 0.071949
11 27 0.996100
11 28 0.998971
11 29 0.999277
11 30 0.987725
11 31 0.768376
11 32 0.982801
11 33 0.991363
11 34 0.477022
11 35 0.029925
11 36 0.082237
11 37 0.005177
11 38 0.996531
11 39 0.936253
11 40 0.924902
11 41 0.994234
11 42 0.060180
11 43 0.995379
11 44 0.936253
11 45 0.626001
11 46 0.883941
11 47 0.939390
11 48 0.999987
11 49 0.703771
11 50 0.999743
11 51 0.951799
11 52 0.227550
11 53 0.999132
11 54 0.963627
11 55 0.998172
11 56 0.999980
11 57 0.999928
11 58 0.310464
11 59 0.999711
11 60 0.999421
11 61 0.989082
11 62 0.029925
11 63 0.979374
11 64 0.391878
11 65 0.999936
11 66 0.999743
11 67 0.915921
11 68 0.372722
11 69 0.999228
11 70 0.153568
11 71 0.626001
11 72 0.999614
11 73 0.093361
11 74 0.071949
11 75 0.996532
11 76 0.998265
11 77 0.939390
11 78 0.999904
11 79 0.791203
11 80 0.993077
11 81 0.999995
11 82 0.998902
11 83 0.999914
11 84 0.942378
11 85 0.731785
11 86 0.999743
11 87 0.910477
11 88 0.999771
11 89 0.999878
11 90 0.998265
11 91 0.999657
11 92 0.999187
11 93 0.626001
11 94 0.138922
11 95 0.999314
11 96 0.659444
11 97 0.096388
11 98 0.348574
11 99 0.035762
12 0 0.719662
12 1 0.641070
12 2 0.972594
12 3 0.019299
12 4 0.980672
12 5 0.901145
12 6 0.626002
12 7 0.791203
12 8 0.986202
12 9 0.029925
12 10 0.972594
12 11 0.051779
12 12 0.000000
12 13 0.991363
12 14 0.659444
12 15 0.876570
12 16 0.035762
12 17 0.984490
12 18 0.978283
12 19 0.999998
12 20 0.552765
12 21 0.989633
12 22 0.998375
12 23 0.029925
12 24 0.019299
12 25 0.995379
12 26 0.996917
12 27 0.812062
12 28 0.019299
12 29 0.495294
12 30 0.981645
12 31 0.517913
12 32 0.996917
12 33 0.901145
12 34 0.951799
12 35 0.999073
12 36 0.999674
12 37 0.051779
12 38 0.998265
12 39 0.557193
12 40 0.535509
12 41 0.999968
12 42 0.995892
12 43 0.855444
12 44 0.999086
12 45 0.965899
12 46 0.998172
12 47 0.994526
12 48 0.957038
12 49 0.999771
12 50 0.997259
12 51 0.535509
12 52 0.975273
12 53 0.932078
12 54 0.982569
12 55 0.997074
12 56 0.434867
12 57 0.082237
12 58 0.051779
12 59 0.716438
12 60 0.019299
12 61 0.997687
12 62 0.999932
12 63 0.972593
12 64 0.719662
12 65 0.310464
12 66 0.999855
12 67 0.997259
12 68 0.999132
12 69 0.019299
12 70 0.998916
12 71 0.999886
12 72 0.838911
12 73 0.838911
12 74 0.998698
12 75 0.477022
12 76 0.035762
12 77 0.227550
12 78 0.995892
12 79 0.535509
12 80 0.812062
12 81 0.999390
12 82 0.945939
12 83 0.999952
12 84 0.005177
12 85 0.121504
12 86 0.963626
12 87 0.999976
12 88 0.999967
12 89 0.051779
12 90 0.994803
12 91 0.999855
12 92 0.999450
12 93 0.874996
12 94 0.998457
12 95 0.999536
12 96 0.999982
12 97 0.992708
12 98 0.999898
12 99 0.372722
13 0 0.932077
13 1 0.999543
13 2 0.189109
13 3 0.060180
13 4 0.716439
13 5 0.138922
13 6 0.999756
13 7 0.932077
13 8 0.990289
13 9 0.932960
13 10 0.999695
13 11 0.961718
13 12 0.991363
13 13 0.000000
13 14 0.999959
13 15 0.915921
13 16 0.994526
13 17 0.626001
13 18 0.882454
13 19 0.998902
13 20 0.889496
13 21 0.153568
13 22 0.329464
13 23 0.987725
13 24 0.997398
13 25 0.997687
13 26 0.978283
13 27 0.999943
13 28 0.348574
13 29 0.999864
13 30 0.954792
13 31 0.999695
13 32 0.838911
13 33 0.453650
13 34 0.999485
13 35 0.961718
13 36 0.972958
13 37 0.781351
13 38 0.979374
13 39 0.945939
13 40 0.896141
13 41 0.268234
13 42 0.108547
13 43 0.372722
13 44 0.999864
13 45 0.992215
13 46 0.999976
13 47 0.999132
13 48 0.951799
13 49 0.998781
13 50 0.986386
13 51 0.992215
13 52 0.979374
13 53 0.993844
13 54 0.997530
13 55 0.996917
13 56 0.999674
13 57 0.005177
13 58 0.329464
13 59 0.781351
13 60 0.991800
13 61 0.998265
13 62 0.985469
13 63 0.573990
13 64 0.690668
13 65 0.035762
13 66 0.863976
13 67 0.999349
13 68 0.905921
13 69 0.999932
13 70 0.999187
13 71 0.189109
13 72 0.391878
13 73 0.997944
13 74 0.998698
13 75 0.513285
13 76 0.415919
13 77 0.268234
13 78 0.998843
13 79 0.984491
13 80 0.999657
13 81 0.999984
13 82 0.791203
13 83 0.305549
13 84 0.986202
13 85 0.990289
13 86 0.999946
13 87 0.999968
13 88 0.051779
13 89 0.071949
13 90 0.993427
13 91 0.995892
13 92 0.998265
13 93 0.987073
13 94 0.019299
13 95 0.999305
13 96 0.999943
13 97 0.513285
13 98 0.915921
13 99 0.998843
14 0 0.999986
14 1 0.690668
14 2 0.999614
14 3 0.453650
14 4 0.245316
14 5 0.999848
14 6 0.019299
14 7 0.781351
14 8 0.029925
14 9 0.979374
14 10 0.991246
14 11 0.060180
14 12 0.659444
14 13 0.999959
14 14 0.000000
14 15 0.989633
14 16 0.029925
14 17 0.993844
14 18 0.996347
14 19 0.999390
14 20 0.999914
14 21 0.071949
14 22 0.999871
14 23 0.189109
14 24 0.096388
14 25 0.172989
14 26 0.687190
14 27 0.996753
14 28 0.999904
14 29 0.820692
14 30 0.995836
14 31 0.153568
14 32 0.006763
14 33 0.973968
14 34 0.936253
14 35 0.477022
14 36 0.995379
14 37 0.731785
14 38 0.999897
14 39 0.268234
14 40 0.998916
14 41 0.911627
14 42 0.051779
14 43 0.961718
14 44 0.495294
14 45 0.999992
14 46 0.189109
14 47 0.995379
14 48 0.999990
14 49 0.644918
14 50 0.999634
14 51 0.963627
14 52 0.019299
14 53 0.993844
14 54 0.959174
14 55 0.981645
14 56 0.286770
14 57 0.573990
14 58 0.957038
14 59 0.999995
14 60 0.999390
14 61 0.673535
14 62 0.969221
14 63 0.998265
14 64 0.999349
14 65 0.626001
14 66 0.999268
14 67 0.305549
14 68 0.846427
14 69 0.883941
14 70 0.998375
14 71 0.990289
14 72 0.999593
14 73 0.999176
14 74 0.716439
14 75 0.999998
14 76 0.963627
14 77 0.957038
14 78 0.999314
14 79 0.999987
14 80 0.029925
14 81 0.999995
14 82 0.227550
14 83 0.071949
14 84 0.957037
14 85 0.791203
14 86 0.990780
14 87 0.778725
14 88 0.286770
14 89 0.121504
14 90 0.982569
14 91 0.082237
14 92 0.943131
14 93 0.997687
14 94 0.746454
14 95 0.846427
14 96 0.954792
14 97 0.999037
14 98 0.153568
14 99 0.967602
15 0 0.108547
15 1 0.997563
15 2 0.999996
15 3 0.011782
15 4 0.991800
15 5 0.996152
15 6 0.969222
15 7 0.590401
15 8 0.391878
15 9 0.943131
15 10 0.928576
15 11 0.994803
15 12 0.876570
15 13 0.915921
15 14 0.989633
15 15 0.000000
15 16 0.855444
15 17 0.999904
15 18 0.610510
15 19 0.999995
15 20 0.999228
15 21 0.999711
15 22 0.999959
15 23 0.999228
15 24 0.977134
15 25 0.995892
15 26 0.019299
15 27 0.932960
15 28 0.051779
15 29 0.998698
15 30 0.999132
15 31 0.999349
15 32 0.999421
15 33 0.999657
15 34 0.495294
15 35 0.535509
15 36 0.932077
15 37 0.071949
15 38 0.998781
15 39 0.997259
15 40 0.610510
15 41 0.905921
15 42 0.998698
15 43 0.995613
15 44 0.855444
15 45 0.029925
15 46 0.999936
15 47 0.999871
15 48 0.517913
15 49 0.928576
15 50 0.153568
15 51 0.983668
15 52 0.999971
15 53 0.227550
15 54 0.071949
15 55 0.951798
15 56 0.573990
15 57 0.999966
15 58 0.999674
15 59 0.108547
15 60 0.967602
15 61 0.943131
15 62 0.812062
15 63 0.914824
15 64 0.999908
15 65 0.993077
15 66 0.096388
15 67 0.997259
15 68 0.245316
15 69 0.005177
15 70 0.990289
15 71 0.993516
15 72 0.626001
15 73 0.991800
15 74 0.999979
15 75 0.372722
15 76 0.002681
15 77 0.005177
15 78 0.005177
15 79 0.999024
15 80 0.973967
15 81 0.986202
15 82 0.995892
15 83 0.019299
15 84 0.999914
15 85 0.051779
15 86 0.995379
15 87 0.434867
15 88 0.999943
15 89 0.991363
15 90 0.996917
15 91 0.999891
15 92 0.999891
15 93 0.957038
15 94 0.999695
15 95 0.978283
15 96 0.082237
15 97 0.998781
15 98 0.372722
15 99 0.999999
16 0 0.998457
16 1 0.984491
16 2 0.995379
16 3 0.979374
16 4 0.105308
16 5 0.998629
16 6 0.967602
16 7 0.719662
16 8 0.415919
16 9 0.189109
16 10 0.391878
16 11 0.999421
16 12 0.035762
16 13 0.994526
16 14 0.029925
16 15 0.855444
16 16 0.000000
16 17 0.975272
16 18 0.899870
16 19 0.999968
16 20 0.019299
16 21 0.901145
16 22 0.989772
16 23 0.999421
16 24 0.838911
16 25 0.999132
16 26 0.138922
16 27 0.372722
16 28 0.003622
16 29 0.990289
16 30 0.978283
16 31 0.477022
16 32 0.071949
16 33 0.999996
16 34 0.096388
16 35 0.932960
16 36 0.999711
16 37 0.999946
16 38 0.996753
16 39 0.999657
16 40 0.982801
16 41 0.999829
16 42 0.999518
16 43 0.051779
16 44 0.999743
16 45 0.716439
16 46 0.998048
16 47 0.535509
16 48 0.999566
16 49 0.999998
16 50 0.945939
16 51 0.987725
16 52 0.999725
16 53 0.999711
16 54 0.329464
16 55 0.992215
16 56 0.999743
16 57 0.961718
16 58 0.029925
16 59 0.979374
16 60 0.982801
16 61 0.999187
16 62 0.986202
16 63 0.997944
16 64 0.977134
16 65 0.990780
16 66 0.626001
16 67 0.957037
16 68 0.434867
16 69 0.995892
16 70 0.005177
16 71 0.029925
16 72 0.999314
16 73 0.936253
16 74 0.227550
16 75 0.999864
16 76 0.719662
16 77 0.999024
16 78 0.477022
16 79 0.610510
16 80 0.573990
16 81 0.999085
16 82 0.121504
16 83 0.999829
16 84 0.998265
16 85 0.995379
16 86 0.029925
16 87 0.961718
16 88 0.999512
16 89 0.999543
16 90 0.998265
16 91 0.051779
16 92 0.731785
16 93 0.999543
16 94 0.626001
16 95 0.999928
16 96 0.999886
16 97 0.019299
16 98 0.936254
16 99 0.023583
17 0 0.820692
17 1 0.943131
17 2 0.954792
17 3 0.138922
17 4 0.994526
17 5 0.967602
17 6 0.986898
17 7 0.071949
17 8 0.983668
17 9 0.071949
17 10 0.517913
17 11 0.768376
17 12 0.984490
17 13 0.626001
17 14 0.993844
17 15 0.999904
17 16 0.975272
17 17 0.000000
17 18 0.029925
17 19 0.999614
17 20 0.997398
17 21 0.896141
17 22 0.999421
17 23 0.999975
17 24 0.978283
17 25 0.552765
17 26 0.108547
17 27 0.999314
17 28 0.870414
17 29 0.999458
17 30 0.029925
17 31 0.189109
17 32 0.415919
17 33 0.168897
17 34 0.998902
17 35 0.997944
17 36 0.513285
17 37 0.999904
17 38 0.971149
17 39 0.189109
17 40 0.999990
17 41 0.978283
17 42 0.999817
17 43 0.071949
17 44 0.372722
17 45 0.557193
17 46 0.286770
17 47 0.812062
17 48 0.998629
17 49 0.788679
17 50 0.995892
17 51 0.019299
17 52 0.993844
17 53 0.983668
17 54 0.945939
17 55 0.991800
17 56 0.997687
17 57 0.996100
17 58 0.975602
17 59 0.372722
17 60 0.981645
17 61 0.677128
17 62 0.993515
17 63 0.992319
17 64 0.189109
17 65 0.999314
17 66 0.855444
17 67 0.999973
17 68 0.990780
17 69 0.606414
17 70 0.495294
17 71 0.996708
17 72 0.945939
17 73 0.348574
17 74 0.999593
17 75 0.910477
17 76 0.981645
17 77 0.121504
17 78 0.838911
17 79 0.992215
17 80 0.989082
17 81 0.999485
17 82 0.979374
17 83 0.883941
17 84 0.911627
17 85 0.999797
17 86 0.329464
17 87 0.967602
17 88 0.071949
17 89 0.945939
17 90 0.781351
17 91 0.998698
17 92 0.415919
17 93 0.268234
17 94 0.999783
17 95 0.838911
17 96 0.999982
17 97 0.964107
17 98 0.967602
17 99 0.998264
18 0 0.997687
18 1 0.997398
18 2 0.986202
18 3 0.997944
18 4 0.472230
18 5 0.971149
18 6 0.999892
18 7 0.911627
18 8 0.995379
18 9 0.978283
18 10 0.998048
18 11 0.949286
18 12 0.978283
18 13 0.882454
18 14 0.996347
18 15 0.610510
18 16 0.899870
18 17 0.029925
18 18 0.000000
18 19 0.905921
18 20 0.989082
18 21 0.626001
18 22 0.979375
18 23 0.972594
18 24 0.978283
18 25 0.029925
18 26 0.999898
18 27 0.999593
18 28 0.993844
18 29 0.995892
18 30 0.005177
18 31 0.999807
18 32 0.981645
18 33 0.987073
18 34 0.894801
18 35 0.029925
18 36 0.905921
18 37 0.943131
18 38 0.019299
18 39 0.626001
18 40 0.999566
18 41 0.870414
18 42 0.999674
18 43 0.268234
18 44 0.999972
18 45 0.928576
18 46 0.263461
18 47 0.894801
18 48 0.019299
18 49 0.963627
18 50 0.969629
18 51 0.972594
18 52 0.999277
18 53 0.999085
18 54 0.994803
18 55 0.029925
18 56 0.999986
18 57 0.999421
18 58 0.942377
18 59 0.961718
18 60 0.999771
18 61 0.996752
18 62 0.995613
18 63 0.998698
18 64 0.108547
18 65 0.552765
18 66 0.986202
18 67 0.951798
18 68 0.999593
18 69 0.410971
18 70 0.997398
18 71 0.999984
18 72 0.999948
18 73 0.984698
18 74 0.999566
18 75 0.268234
18 76 0.071949
18 77 0.911627
18 78 0.939391
18 79 0.965441
18 80 0.999886
18 81 0.999228
18 82 0.959174
18 83 0.978283
18 84 0.268234
18 85 0.268234
18 86 0.415919
18 87 0.948613
18 88 0.071949
18 89 0.969629
18 90 0.071949
18 91 0.939390
18 92 0.535509
18 93 0.999855
18 94 0.626002
18 95 0.517913
18 96 0.999940
18 97 0.812062
18 98 0.495294
18 99 0.883941
19 0 0.434867
19 1 0.999314
19 2 0.189109
19 3 0.138922
19 4 0.894801
19 5 0.781351
19 6 0.997944
19 7 0.453650
19 8 0.889496
19 9 0.971149
19 10 0.894800
19 11 0.999932
19 12 0.999998
19 13 0.998902
19 14 0.999390
19 15 0.999995
19 16 0.999968
19 17 0.999614
19 18 0.905921
19 19 0.000000
19 20 0.977134
19 21 0.999910
19 22 0.035762
19 23 0.051779
19 24 0.071949
19 25 0.901145
19 26 0.731785
19 27 0.876570
19 28 0.999981
19 29 0.936253
19 30 0.372722
19 31 0.757621
19 32 0.999228
19 33 0.969629
19 34 0.138922
19 35 0.853624
19 36 0.051779
19 37 0.932960
19 38 0.999743
19 39 0.999228
19 40 0.992708
19 41 0.999566
19 42 0.999884
19 43 0.999771
19 44 0.992609
19 45 0.535509
19 46 0.994526
19 47 0.979649
19 48 0.972594
19 49 0.999971
19 50 0.963627
19 51 0.999871
19 52 0.838911
19 53 0.999891
19 54 0.610510
19 55 0.999695
19 56 0.329464
19 57 0.954792
19 58 0.997259
19 59 0.980672
19 60 0.939390
19 61 0.999132
19 62 0.967602
19 63 0.993844
19 64 0.982801
19 65 0.743482
19 66 0.901145
19 67 0.996347
19 68 0.957038
19 69 0.999593
19 70 0.757621
19 71 0.936253
19 72 0.963627
19 73 0.985469
19 74 0.005177
19 75 0.999973
19 76 0.227550
19 77 0.071949
19 78 0.268234
19 79 0.999982
19 80 0.029925
19 81 0.268234
19 82 0.945939
19 83 0.997398
19 84 0.029925
19 85 0.082237
19 86 0.999593
19 87 0.999988
19 88 0.999657
19 89 0.996532
19 90 0.983668
19 91 0.980411
19 92 0.999990
19 93 0.894801
19 94 0.029925
19 95 0.980672
19 96 0.096388
19 97 0.019299
19 98 0.999949
19 99 0.951799
20 0 0.372722
20 1 0.227550
20 2 0.999817
20 3 0.108547
20 4 0.999914
20 5 0.812062
20 6 0.987726
20 7 0.153568
20 8 0.513285
20 9 0.535509
20 10 0.928576
20 11 0.977134
20 12 0.552765
20 13 0.889496
20 14 0.999914
20 15 0.999228
20 16 0.019299
20 17 0.997398
20 18 0.989082
20 19 0.977134
20 20 0.000000
20 21 0.205798
20 22 0.029925
20 23 0.959174
20 24 0.971149
20 25 0.999992
20 26 0.967602
20 27 0.138922
20 28 0.999899
20 29 0.999936
20 30 0.172989
20 31 0.999964
20 32 0.731785
20 33 0.999957
20 34 0.644918
20 35 0.997944
20 36 0.997944
20 37 0.978283
20 38 0.754758
20 39 0.997259
20 40 0.999919
20 41 0.993844
20 42 0.108547
20 43 0.286771
20 44 0.023583
20 45 0.992708
20 46 0.999390
20 47 0.011782
20 48 0.995066
20 49 0.227550
20 50 0.999837
20 51 0.957037
20 52 0.998971
20 53 0.189109
20 54 0.820692
20 55 0.019299
20 56 0.999421
20 57 0.997687
20 58 0.348574
20 59 0.999949
20 60 0.999277
20 61 0.029925
20 62 0.800669
20 63 0.029925
20 64 0.042353
20 65 0.138922
20 66 0.943131
20 67 0.977134
20 68 0.999711
20 69 0.993516
20 70 0.999871
20 71 0.071949
20 72 0.999971
20 73 0.999904
20 74 0.189109
20 75 0.329464
20 76 0.999086
20 77 0.967602
20 78 0.812062
20 79 0.391878
20 80 0.029925
20 81 0.838911
20 82 0.746454
20 83 0.477022
20 84 0.984490
20 85 0.245316
20 86 0.995892
20 87 0.965899
20 88 0.883941
20 89 0.985469
20 90 0.153568
20 91 0.019299
20 92 0.999614
20 93 0.876570
20 94 0.108547
20 95 0.949286
20 96 0.768376
20 97 0.716439
20 98 0.019299
20 99 0.997944
21 0 0.978283
21 1 0.999992
21 2 0.999566
21 3 0.071949
21 4 0.995379
21 5 0.042353
21 6 0.972594
21 7 0.029925
21 8 0.992708
21 9 0.999964
21 10 0.999390
21 11 0.985469
21 12 0.989633
21 13 0.153568
21 14 0.071949
21 15 0.999711
21 16 0.901145
21 17 0.896141
21 18 0.626001
21 19 0.999910
21 20 0.205798
21 21 0.000000
21 22 0.227550
21 23 0.999959
21 24 0.999228
21 25 0.997944
21 26 0.993844
21 27 0.974313
21 28 0.983668
21 29 0.996917
21 30 0.989633
21 31 0.998074
21 32 0.996708
21 33 0.998629
21 34 0.138922
21 35 0.998698
21 36 0.029925
21 37 0.999277
21 38 0.999837
21 39 0.268234
21 40 0.999957
21 41 0.999995
21 42 0.626001
21 43 0.999228
21 44 0.999132
21 45 0.996347
21 46 0.996532
21 47 0.391878
21 48 0.999987
21 49 0.626001
21 50 0.998535
21 51 0.940181
21 52 0.975602
21 53 0.959174
21 54 0.495294
21 55 0.967602
21 56 0.029925
21 57 0.999928
21 58 0.999828
21 59 0.517913
21 60 0.961718
21 61 0.996347
21 62 0.999903
21 63 0.999886
21 64 0.876570
21 65 0.977991
21 66 0.778726
21 67 0.986202
21 68 0.172989
21 69 0.901145
21 70 0.731785
21 71 0.967602
21 72 0.023583
21 73 0.995892
21 74 0.999695
21 75 0.005177
21 76 0.138922
21 77 0.978283
21 78 0.999994
21 79 0.005177
21 80 0.993427
21 81 0.911627
21 82 0.991363
21 83 0.108547
21 84 0.999999
21 85 0.999957
21 86 0.995379
21 87 0.997687
21 88 0.998265
21 89 0.999486
21 90 0.453650
21 91 0.060180
21 92 0.999349
21 93 0.999771
21 94 0.172989
21 95 0.035762
21 96 0.876570
21 97 0.994234
21 98 0.035762
21 99 0.954189
22 0 0.997073
22 1 0.135231
22 2 0.997259
22 3 0.970761
22 4 0.071949
22 5 0.999614
22 6 0.997398
22 7 0.348574
22 8 0.999904
22 9 0.999349
22 10 0.029925
22 11 0.990780
22 12 0.998375
22 13 0.329464
22 14 0.999871
22 15 0.999959
22 16 0.989772
22 17 0.999421
22 18 0.979375
22 19 0.035762
22 20 0.029925
22 21 0.227550
22 22 0.000000
22 23 0.999486
22 24 0.029925
22 25 0.999969
22 26 0.979374
22 27 0.989082
22 28 0.923918
22 29 0.138922
22 30 0.329464
22 31 0.999695
22 32 0.286770
22 33 0.999999
22 34 0.981645
22 35 0.005177
22 36 0.896141
22 37 0.963626
22 38 0.999998
22 39 0.019299
22 40 0.138922
22 41 0.999566
22 42 0.994803
22 43 0.963627
22 44 0.410971
22 45 0.993077
22 46 0.453650
22 47 0.998536
22 48 0.998457
22 49 0.121504
22 50 0.994526
22 51 0.993844
22 52 0.943131
22 53 0.999639
22 54 0.939390
22 55 0.996917
22 56 0.996753
22 57 0.983667
22 58 0.999614
22 59 0.991800
22 60 0.999904
22 61 0.999725
22 62 0.168897
22 63 0.138922
22 64 0.997687
22 65 0.029925
22 66 0.996917
22 67 0.831064
22 68 0.999771
22 69 0.998629
22 70 0.999998
22 71 0.998172
22 72 0.998629
22 73 0.928576
22 74 0.905921
22 75 0.108547
22 76 0.978283
22 77 0.999543
22 78 0.999086
22 79 0.999187
22 80 0.828969
22 81 0.959174
22 82 0.997834
22 83 0.999349
22 84 0.372722
22 85 0.999952
22 86 0.987073
22 87 0.096388
22 88 0.995379
22 89 0.993844
22 90 0.969222
22 91 0.999855
22 92 0.172989
22 93 0.936254
22 94 0.999964
22 95 0.812062
22 96 0.995379
22 97 0.999979
22 98 0.999729
22 99 0.987073
23 0 0.999711
23 1 0.781351
23 2 0.977134
23 3 0.268234
23 4 0.071949
23 5 0.268234
23 6 0.757621
23 7 0.971149
23 8 0.999891
23 9 0.997687
23 10 0.959174
23 11 0.731785
23 12 0.029925
23 13 0.987725
23 14 0.189109
23 15 0.999228
23 16 0.999421
23 17 0.999975
23 18 0.972594
23 19 0.051779
23 20 0.959174
23 21 0.999959
23 22 0.999486
23 23 0.000000
23 24 0.138922
23 25 0.757621
23 26 0.996917
23 27 0.924902
23 28 0.957038
23 29 0.998172
23 30 0.999981
23 31 0.961718
23 32 0.477022
23 33 0.999783
23 34 0.991800
23 35 0.954189
23 36 0.999771
23 37 0.999771
23 38 0.019299
23 39 0.928576
23 40 0.999976
23 41 0.029925
23 42 0.882454
23 43 0.914824
23 44 0.051779
23 45 0.999593
23 46 0.434867
23 47 0.172989
23 48 0.862254
23 49 0.978283
23 50 0.096388
23 51 0.997687
23 52 0.999997
23 53 0.992609
23 54 0.882454
23 55 0.932960
23 56 0.011782
23 57 0.372722
23 58 0.994803
23 59 0.002681
23 60 0.862254
23 61 0.981645
23 62 0.071949
23 63 0.996917
23 64 0.985469
23 65 0.862254
23 66 0.998457
23 67 0.998457
23 68 0.870414
23 69 0.999794
23 70 0.310464
23 71 0.994526
23 72 0.060180
23 73 0.998375
23 74 0.982801
23 75 0.268234
23 76 0.983668
23 77 0.976826
23 78 0.019299
23 79 0.535509
23 80 0.071949
23 81 0.999994
23 82 0.477022
23 83 0.862254
23 84 0.690668
23 85 0.997398
23 86 0.999390
23 87 0.999566
23 88 0.943131
23 89 0.999807
23 90 0.189109
23 91 0.268234
23 92 0.985469
23 93 0.153568
23 94 0.995379
23 95 0.573990
23 96 0.901145
23 97 0.954189
23 98 0.569660
23 99 0.781351
24 0 0.999936
24 1 0.998457
24 2 0.994526
24 3 0.994156
24 4 0.535509
24 5 0.924902
24 6 0.999924
24 7 0.988345
24 8 0.969629
24 9 0.901145
24 10 0.995613
24 11 0.996917
24 12 0.019299
24 13 0.997398
24 14 0.096388
24 15 0.977134
24 16 0.838911
24 17 0.978283
24 18 0.978283
24 19 0.071949
24 20 0.971149
24 21 0.999228
24 22 0.029925
24 23 0.138922
24 24 0.000000
24 25 0.981645
24 26 0.915921
24 27 0.999997
24 28 0.495294
24 29 0.961206
24 30 0.996100
24 31 0.495294
24 32 0.641070
24 33 0.998457
24 34 0.991800
24 35 0.011782
24 36 0.993516
24 37 0.982801
24 38 0.974313
24 39 0.999349
24 40 0.999855
24 41 0.096388
24 42 0.610510
24 43 0.876570
24 44 0.915921
24 45 0.999998
24 46 0.883941
24 47 0.644918
24 48 0.996917
24 49 0.999998
24 50 0.999897
24 51 0.641070
24 52 0.138922
24 53 0.011782
24 54 0.959174
24 55 0.005177
24 56 0.781351
24 57 0.019299
24 58 0.227550
24 59 0.051779
24 60 0.929503
24 61 0.965899
24 62 0.573990
24 63 0.999807
24 64 0.994526
24 65 0.932077
24 66 0.983668
24 67 0.996533
24 68 0.975602
24 69 0.029925
24 70 0.998843
24 71 0.978283
24 72 0.189109
24 73 0.791203
24 74 0.987073
24 75 0.071949
24 76 0.051779
24 77 0.391878
24 78 0.939390
24 79 0.997530
24 80 0.999991
24 81 0.989633
24 82 0.348574
24 83 0.999228
24 84 0.992215
24 85 0.513285
24 86 0.996917
24 87 0.168897
24 88 0.535509
24 89 0.967602
24 90 0.227550
24 91 0.703771
24 92 0.573990
24 93 0.153568
24 94 0.999268
24 95 0.990780
24 96 0.268234
24 97 0.951799
24 98 0.995672
24 99 0.999743
25 0 0.781351
25 1 0.999797
25 2 0.965441
25 3 0.005177
25 4 0.108547
25 5 0.517913
25 6 0.996532
25 7 0.972594
25 8 0.703771
25 9 0.999729
25 10 0.573990
25 11 0.997944
25 12 0.995379
25 13 0.997687
25 14 0.172989
25 15 0.995892
25 16 0.999132
25 17 0.552765
25 18 0.029925
25 19 0.901145
25 20 0.999992
25 21 0.997944
25 22 0.999969
25 23 0.757621
25 24 0.981645
25 25 0.000000
25 26 0.535509
25 27 0.999984
25 28 0.999898
25 29 0.999349
25 30 0.820692
25 31 0.963627
25 32 0.911627
25 33 0.189109
25 34 0.997530
25 35 0.517913
25 36 0.029925
25 37 0.189109
25 38 0.936254
25 39 0.928576
25 40 0.051779
25 41 0.943131
25 42 0.386901
25 43 0.977989
25 44 0.051779
25 45 0.367738
25 46 0.245316
25 47 0.434867
25 48 0.227550
25 49 0.870414
25 50 0.138922
25 51 0.951799
25 52 0.999980
25 53 0.965899
25 54 0.997073
25 55 0.990780
25 56 0.999132
25 57 0.998781
25 58 0.868768
25 59 0.985272
25 60 0.305549
25 61 0.168897
25 62 0.999729
25 63 0.999797
25 64 0.996347
25 65 0.928576
25 66 0.071949
25 67 0.245316
25 68 0.023583
25 69 0.984490
25 70 0.996347
25 71 0.263461
25 72 0.855444
25 73 0.329464
25 74 0.573990
25 75 0.011782
25 76 0.690668
25 77 0.268234
25 78 0.954189
25 79 0.882454
25 80 0.329464
25 81 0.268234
25 82 0.071949
25 83 0.995892
25 84 0.999543
25 85 0.998457
25 86 0.096388
25 87 0.971149
25 88 0.936253
25 89 0.889496
25 90 0.035762
25 91 0.979374
25 92 0.998902
25 93 0.999176
25 94 0.069412
25 95 0.011782
25 96 0.227550
25 97 0.975601
25 98 0.768376
25 99 0.999904
26 0 0.987073
26 1 0.999657
26 2 0.976826
26 3 0.011782
26 4 0.051779
26 5 0.060180
26 6 0.051779
26 7 0.029925
26 8 0.051779
26 9 0.979374
26 10 0.959174
26 11 0.071949
26 12 0.996917
26 13 0.978283
26 14 0.687190
26 15 0.019299
26 16 0.138922
26 17 0.108547
26 18 0.999898
26 19 0.731785
26 20 0.967602
26 21 0.993844
26 22 0.979374
26 23 0.996917
26 24 0.915921
26 25 0.535509
26 26 0.000000
26 27 0.998971
26 28 0.998629
26 29 0.993428
26 30 0.495294
26 31 0.949286
26 32 0.889496
26 33 0.990289
26 34 0.988345
26 35 0.932077
26 36 0.988345
26 37 0.999999
26 38 0.637192
26 39 0.029925
26 40 0.990289
26 41 0.910477
26 42 0.999486
26 43 0.876570
26 44 0.999512
26 45 0.889496
26 46 0.071949
26 47 0.999839
26 48 0.121504
26 49 0.943131
26 50 0.029925
26 51 0.998457
26 52 0.517913
26 53 0.981645
26 54 0.548312
26 55 0.138922
26 56 0.990780
26 57 0.286770
26 58 0.889496
26 59 0.948613
26 60 0.029925
26 61 0.928576
26 62 0.999848
26 63 0.999771
26 64 0.800669
26 65 0.999943
26 66 0.915921
26 67 0.731785
26 68 0.999931
26 69 0.999949
26 70 0.999593
26 71 0.096388
26 72 0.996347
26 73 0.999314
26 74 0.995892
26 75 0.868768
26 76 0.286770
26 77 0.972594
26 78 0.513285
26 79 0.029925
26 80 0.987073
26 81 0.029925
26 82 0.029925
26 83 0.029925
26 84 0.999828
26 85 0.905921
26 86 0.999711
26 87 0.910477
26 88 0.993077
26 89 0.994526
26 90 0.999756
26 91 0.019299
26 92 0.999314
26 93 0.659444
26 94 0.997530
26 95 0.969222
26 96 0.996917
26 97 0.227550
26 98 0.757621
26 99 0.781351
27 0 0.035762
27 1 0.019299
27 2 0.348574
27 3 0.905920
27 4 0.999998
27 5 0.990289
27 6 0.028526
27 7 0.959174
27 8 0.997259
27 9 0.153568
27 10 0.768376
27 11 0.996100
27 12 0.812062
27 13 0.999943
27 14 0.996753
27 15 0.932960
27 16 0.372722
27 17 0.999314
27 18 0.999593
27 19 0.876570
27 20 0.138922
27 21 0.974313
27 22 0.989082
27 23 0.924902
27 24 0.999997
27 25 0.999984
27 26 0.998971
27 27 0.000000
27 28 0.372722
27 29 0.268234
27 30 0.976826
27 31 0.690668
27 32 0.986898
27 33 0.998629
27 34 0.990780
27 35 0.999939
27 36 0.754758
27 37 0.205798
27 38 0.959174
27 39 0.868768
27 40 0.434867
27 41 0.999982
27 42 0.989633
27 43 0.673535
27 44 0.019299
27 45 0.999024
27 46 0.985469
27 47 0.029925
27 48 0.999886
27 49 0.975602
27 50 0.999421
27 51 0.096388
