0 0 0.000000
0 1 0.453650
0 2 0.999132
0 3 0.071949
0 4 0.994526
0 5 0.998172
0 6 0.999898
0 7 0.963627
0 8 0.979374
0 9 0.108547
0 10 0.855444
0 11 0.996917
0 12 0.831064
0 13 0.788679
0 14 0.999997
0 15 0.108547
0 16 0.996100
0 17 0.981645
0 18 0.996100
0 19 0.434867
0 20 0.610510
0 21 0.995892
0 22 0.996708
0 23 0.999512
0 24 0.999928
0 25 0.883941
0 26 0.980672
0 27 0.035762
0 28 0.905921
0 29 0.998781
0 30 0.153568
0 31 0.082237
0 32 0.940181
0 33 0.999711
0 34 0.557193
0 35 0.999898
0 36 0.999756
0 37 0.189109
0 38 0.999962
0 39 0.999998
0 40 0.894801
0 41 0.999451
0 42 0.888076
0 43 0.372722
0 44 0.982801
0 45 0.939390
0 46 0.997944
0 47 0.989633
0 48 0.999998
0 49 0.999634
0 50 0.999991
0 51 0.082237
0 52 0.920014
0 53 0.999959
0 54 0.035762
0 55 0.108547
0 56 0.972594
0 57 0.005177
0 58 0.108547
0 59 0.778725
0 60 0.999486
0 61 0.969222
0 62 0.719662
0 63 0.005177
0 64 0.976826
0 65 0.972594
0 66 0.268234
0 67 0.348574
0 68 0.999990
0 69 0.000372
0 70 0.876570
0 71 0.999486
0 72 0.999855
0 73 0.999657
0 74 0.999986
0 75 0.999919
0 76 0.051779
0 77 0.029925
0 78 0.999946
0 79 0.989633
0 80 0.999268
0 81 0.495294
0 82 0.894801
0 83 0.932960
0 84 0.945939
0 85 0.019299
0 86 0.979374
0 87 0.227550
0 88 0.992708
0 89 0.993844
0 90 0.995066
0 91 0.999986
0 92 0.998843
0 93 0.477022
0 94 0.019299
0 95 0.876570
0 96 0.999657
0 97 0.998629
0 98 0.979374
0 99 0.989772
1 0 0.453650
1 1 0.000000
1 2 0.999176
1 3 0.999957
1 4 0.999986
1 5 0.035762
1 6 0.415919
1 7 0.673535
1 8 0.641070
1 9 0.329464
1 10 0.999691
1 11 0.998021
1 12 0.367737
1 13 0.997687
1 14 0.659444
1 15 0.995892
1 16 0.994156
1 17 0.641070
1 18 0.990158
1 19 0.999828
1 20 0.189109
1 21 0.999988
1 22 0.135231
1 23 0.812062
1 24 0.999566
1 25 0.999695
1 26 0.999674
1 27 0.019299
1 28 0.965899
1 29 0.138922
1 30 0.999997
1 31 0.951157
1 32 0.899866
1 33 0.838911
1 34 0.227550
1 35 0.990780
1 36 0.979374
1 37 0.994452
1 38 0.999543
1 39 0.994803
1 40 0.999998
1 41 0.995892
1 42 0.495294
1 43 0.138922
1 44 0.876570
1 45 0.082237
1 46 0.995133
1 47 0.993516
1 48 0.951798
1 49 0.999695
1 50 0.434867
1 51 0.003622
1 52 0.994526
1 53 0.019299
1 54 0.987725
1 55 0.985469
1 56 0.991800
1 57 0.781351
1 58 0.999997
1 59 0.999991
1 60 0.434867
1 61 0.453650
1 62 0.999886
1 63 0.082237
1 64 0.415919
1 65 0.700406
1 66 0.999657
1 67 0.999943
1 68 0.535510
1 69 0.809759
1 70 0.999936
1 71 0.989082
1 72 0.108547
1 73 0.905921
1 74 0.029925
1 75 0.029925
1 76 0.029925
1 77 0.991800
1 78 0.976826
1 79 0.071949
1 80 0.268234
1 81 0.071949
1 82 0.999593
1 83 0.999828
1 84 0.606413
1 85 0.999977
1 86 0.029925
1 87 0.999988
1 88 0.999421
1 89 0.969222
1 90 0.932960
1 91 0.019299
1 92 0.138922
1 93 0.998698
1 94 0.005177
1 95 0.999880
1 96 0.936253
1 97 0.932077
1 98 0.019299
1 99 0.943131
2 0 0.999132
2 1 0.999176
2 2 0.000000
2 3 0.999729
2 4 0.999633
2 5 0.965441
2 6 0.006763
2 7 0.972594
2 8 0.998902
2 9 0.051779
2 10 0.994155
2 11 0.999871
2 12 0.992215
2 13 0.189109
2 14 0.999711
2 15 0.999998
2 16 0.996532
2 17 0.988501
2 18 0.984490
2 19 0.082237
2 20 0.999863
2 21 0.999512
2 22 0.997944
2 23 0.980672
2 24 0.991800
2 25 0.965441
2 26 0.995613
2 27 0.768376
2 28 0.997398
2 29 0.138922
2 30 0.019299
2 31 0.990157
2 32 0.005177
2 33 0.999957
2 34 0.034173
2 35 0.999990
2 36 0.894801
2 37 0.329464
2 38 0.626001
2 39 0.172989
2 40 0.992708
2 41 0.999829
2 42 0.071949
2 43 0.673535
2 44 0.998843
2 45 0.019299
2 46 0.999976
2 47 0.991800
2 48 0.997398
2 49 0.999864
2 50 0.965441
2 51 0.268234
2 52 0.019299
2 53 0.959174
2 54 0.513285
2 55 0.999919
2 56 0.994156
2 57 0.490568
2 58 0.082237
2 59 0.975602
2 60 0.993077
2 61 0.976826
2 62 0.138922
2 63 0.991363
2 64 0.989082
2 65 0.939390
2 66 0.999132
2 67 0.071949
2 68 0.719662
2 69 0.999878
2 70 0.985469
2 71 0.905921
2 72 0.415919
2 73 0.951798
2 74 0.999914
2 75 0.998536
2 76 0.035762
2 77 0.975602
2 78 0.999657
2 79 0.998048
2 80 0.227550
2 81 0.999999
2 82 0.991800
2 83 0.535509
2 84 0.659444
2 85 0.995133
2 86 0.000372
2 87 0.969221
2 88 0.060180
2 89 0.998265
2 90 0.999993
2 91 0.999931
2 92 0.992215
2 93 0.019299
2 94 0.138922
2 95 0.998781
2 96 0.973967
2 97 0.992708
2 98 0.943131
2 99 0.997563
3 0 0.071949
3 1 0.999957
3 2 0.999729
3 3 0.000000
3 4 0.997944
3 5 0.999458
3 6 0.972594
3 7 0.982569
3 8 0.227550
3 9 0.838911
3 10 0.791202
3 11 0.999998
3 12 0.019299
3 13 0.060180
3 14 0.168897
3 15 0.011782
3 16 0.965441
3 17 0.108547
3 18 0.998265
3 19 0.138922
3 20 0.573990
3 21 0.071949
3 22 0.951157
3 23 0.719662
3 24 0.998902
3 25 0.005177
3 26 0.011782
3 27 0.987725
3 28 0.268234
3 29 0.954189
3 30 0.372722
3 31 0.029925
3 32 0.954189
3 33 0.997687
3 34 0.868767
3 35 0.999132
3 36 0.999794
3 37 0.998265
3 38 0.992215
3 39 0.967602
3 40 0.172989
3 41 0.969222
3 42 0.310464
3 43 0.996297
3 44 0.477022
3 45 0.998353
3 46 0.999783
3 47 0.999990
3 48 0.998629
3 49 0.999807
3 50 0.993077
3 51 0.999919
3 52 0.997260
3 53 0.989772
3 54 0.071949
3 55 0.959174
3 56 0.959174
3 57 0.975601
3 58 0.005177
3 59 0.071949
3 60 0.945939
3 61 0.971149
3 62 0.999936
3 63 0.996532
3 64 0.019299
3 65 0.019299
3 66 0.838911
3 67 0.999913
3 68 0.768376
3 69 0.172989
3 70 0.999998
3 71 0.999979
3 72 0.999739
3 73 0.971149
3 74 0.999743
3 75 0.069412
3 76 0.999954
3 77 0.138922
3 78 0.051779
3 79 0.172989
3 80 0.999268
3 81 0.999999
3 82 0.096388
3 83 0.999176
3 84 0.999878
3 85 0.082237
3 86 0.999228
3 87 0.889496
3 88 0.778725
3 89 0.999969
3 90 0.920015
3 91 0.029925
3 92 0.029925
3 93 0.610510
3 94 0.029925
3 95 0.981645
3 96 0.060180
3 97 0.999743
3 98 0.096388
3 99 0.876570
4 0 0.994526
4 1 0.999986
4 2 0.999633
4 3 0.997944
4 4 0.000000
4 5 0.995379
4 6 0.978283
4 7 0.999973
4 8 0.998457
4 9 0.998843
4 10 0.969222
4 11 0.590401
4 12 0.990289
4 13 0.472229
4 14 0.245316
4 15 0.991800
4 16 0.105308
4 17 0.993844
4 18 0.472230
4 19 0.939390
4 20 0.999903
4 21 0.996532
4 22 0.071949
4 23 0.071949
4 24 0.245316
4 25 0.108547
4 26 0.051779
4 27 0.999996
4 28 0.959174
4 29 0.029925
4 30 0.791202
4 31 0.108547
4 32 0.999898
4 33 0.999903
4 34 0.999928
4 35 0.999314
4 36 0.959174
4 37 0.495294
4 38 0.286770
4 39 0.983668
4 40 0.894801
4 41 0.014763
4 42 0.988345
4 43 0.029925
4 44 0.939390
4 45 0.019299
4 46 0.959712
4 47 0.367737
4 48 0.993844
4 49 0.969629
4 50 0.998457
4 51 0.994803
4 52 0.005177
4 53 0.999973
4 54 0.999994
4 55 0.029925
4 56 0.434867
4 57 0.969222
4 58 0.042353
4 59 0.997530
4 60 0.989082
4 61 0.019299
4 62 0.986202
4 63 0.999512
4 64 0.999996
4 65 0.268234
4 66 0.949286
4 67 0.932960
4 68 0.029925
4 69 0.961206
4 70 0.896141
4 71 0.172989
4 72 0.999995
4 73 0.963627
4 74 0.999998
4 75 0.980411
4 76 0.051779
4 77 0.996532
4 78 0.227550
4 79 0.976826
4 80 0.999349
4 81 0.996532
4 82 0.998629
4 83 0.998172
4 84 0.434867
4 85 0.227550
4 86 0.889496
4 87 0.990780
4 88 0.999512
4 89 0.372722
4 90 0.999992
4 91 0.998536
4 92 0.870414
4 93 0.999543
4 94 0.990780
4 95 0.999674
4 96 0.999458
4 97 0.876571
4 98 0.809758
4 99 0.971149
5 0 0.998172
5 1 0.035762
5 2 0.965441
5 3 0.999458
5 4 0.995379
5 5 0.000000
5 6 0.999451
5 7 0.999936
5 8 0.991800
5 9 0.999904
5 10 0.071949
5 11 0.993516
5 12 0.924902
5 13 0.138922
5 14 0.999828
5 15 0.991363
5 16 0.997687
5 17 0.928577
5 18 0.995892
5 19 0.659444
5 20 0.703771
5 21 0.042353
5 22 0.999855
5 23 0.372722
5 24 0.889496
5 25 0.954792
5 26 0.060180
5 27 0.992708
5 28 0.996753
5 29 0.029925
5 30 0.998172
5 31 0.998172
5 32 0.999634
5 33 0.997834
5 34 0.876570
5 35 0.011782
5 36 0.172989
5 37 0.848329
5 38 0.005177
5 39 0.999952
5 40 0.096388
5 41 0.998172
5 42 0.921048
5 43 0.305549
5 44 0.999946
5 45 0.108547
5 46 0.999819
5 47 0.999566
5 48 0.803068
5 49 0.019299
5 50 0.996100
5 51 0.716439
5 52 0.029925
5 53 0.999756
5 54 0.999878
5 55 0.965442
5 56 0.071949
5 57 0.227550
5 58 0.992708
5 59 0.999996
5 60 0.990780
5 61 0.999986
5 62 0.999756
5 63 0.923918
5 64 0.268234
5 65 0.980411
5 66 0.998971
5 67 0.998901
5 68 0.999711
5 69 0.972594
5 70 0.999919
5 71 0.310464
5 72 0.999711
5 73 0.999959
5 74 0.997259
5 75 0.961718
5 76 0.988933
5 77 0.980672
5 78 0.999566
5 79 0.975602
5 80 0.995379
5 81 0.951799
5 82 0.939390
5 83 0.800668
5 84 0.831064
5 85 0.999614
5 86 0.846428
5 87 0.952432
5 88 0.096388
5 89 0.997398
5 90 0.716439
5 91 0.979649
5 92 0.703771
5 93 0.999837
5 94 0.956464
5 95 0.999946
5 96 0.936253
5 97 0.991363
5 98 0.690668
5 99 0.994803
6 0 0.999898
6 1 0.415919
6 2 0.006763
6 3 0.972594
6 4 0.978283
6 5 0.999451
6 6 0.000000
6 7 0.765619
6 8 0.998916
6 9 0.029925
6 10 0.996753
6 11 0.999988
6 12 0.703771
6 13 0.999908
6 14 0.138922
6 15 0.999024
6 16 0.991800
6 17 0.985272
6 18 0.999878
6 19 0.998457
6 20 0.976826
6 21 0.993077
6 22 0.996100
6 23 0.812062
6 24 0.999943
6 25 0.999132
6 26 0.051779
6 27 0.028526
6 28 0.019299
6 29 0.999485
6 30 0.189109
6 31 0.940181
6 32 0.995892
6 33 0.999566
6 34 0.999995
6 35 0.659444
6 36 0.820692
6 37 0.971149
6 38 0.954792
6 39 0.928576
6 40 0.901145
6 41 0.965443
6 42 0.372722
6 43 0.993077
6 44 0.997398
6 45 0.245316
6 46 0.189109
6 47 0.999543
6 48 0.993077
6 49 0.071949
6 50 0.453650
6 51 0.778724
6 52 0.997687
6 53 0.999957
6 54 0.227550
6 55 0.998698
6 56 0.999543
6 57 0.029925
6 58 0.997834
6 59 0.071949
6 60 0.002681
6 61 0.838911
6 62 0.189109
6 63 0.999924
6 64 0.983668
6 65 0.945939
6 66 0.108547
6 67 0.268234
6 68 0.999634
6 69 0.999451
6 70 0.071949
6 71 0.991800
6 72 0.971149
6 73 0.828969
6 74 0.096388
6 75 0.999998
6 76 0.071949
6 77 0.894801
6 78 0.999421
6 79 0.901145
6 80 0.999997
6 81 0.983668
6 82 0.999996
6 83 0.812062
6 84 0.999952
6 85 0.920015
6 86 0.329464
6 87 0.994803
6 88 0.019299
6 89 0.071949
6 90 0.757621
6 91 0.997259
6 92 0.096388
6 93 0.999024
6 94 0.999566
6 95 0.971149
6 96 0.996532
6 97 0.029925
6 98 0.994803
6 99 0.999984
7 0 0.963627
7 1 0.673535
7 2 0.972594
7 3 0.982569
7 4 0.999973
7 5 0.999936
7 6 0.765619
7 7 0.000000
7 8 0.995066
7 9 0.999999
7 10 0.329464
7 11 0.610510
7 12 0.703771
7 13 0.965441
7 14 0.911627
7 15 0.983668
7 16 0.883941
7 17 0.517913
7 18 0.901145
7 19 0.513285
7 20 0.153568
7 21 0.029925
7 22 0.305549
7 23 0.989082
7 24 0.993427
7 25 0.932077
7 26 0.029925
7 27 0.959174
7 28 0.999695
7 29 0.969629
7 30 0.071949
7 31 0.051779
7 32 0.995892
7 33 0.051779
7 34 0.999695
7 35 0.998629
7 36 0.998629
7 37 0.997222
7 38 0.999971
7 39 0.434867
7 40 0.999968
7 41 0.019299
7 42 0.999187
7 43 0.996532
7 44 0.096388
7 45 0.002681
7 46 0.943131
7 47 0.969222
7 48 0.999614
7 49 0.029925
7 50 0.998536
7 51 0.924902
7 52 0.372722
7 53 0.999996
7 54 0.999543
7 55 0.305549
7 56 0.999743
7 57 0.997944
7 58 0.991800
7 59 0.920015
7 60 0.998781
7 61 0.999998
7 62 0.978283
7 63 0.023583
7 64 0.976826
7 65 0.963627
7 66 0.999996
7 67 0.998457
7 68 0.910477
7 69 0.963627
7 70 0.979096
7 71 0.051779
7 72 0.477022
7 73 0.999674
7 74 0.999998
7 75 0.029925
7 76 0.999878
7 77 0.999968
7 78 0.051779
7 79 0.990157
7 80 0.995379
7 81 0.996917
7 82 0.975602
7 83 0.189109
7 84 0.999268
7 85 0.996917
7 86 0.626002
7 87 0.993077
7 88 0.006763
7 89 0.997398
7 90 0.999978
7 91 0.999928
7 92 0.991800
7 93 0.992708
7 94 0.999634
7 95 0.999898
7 96 0.415919
7 97 0.996917
7 98 0.999904
7 99 0.998843
8 0 0.979374
8 1 0.641070
8 2 0.998902
8 3 0.227550
8 4 0.998457
8 5 0.991800
8 6 0.998916
8 7 0.995066
8 8 0.000000
8 9 0.006763
8 10 0.999807
8 11 0.999743
8 12 0.984491
8 13 0.978283
8 14 0.029925
8 15 0.121503
8 16 0.517913
8 17 0.990780
8 18 0.999349
8 19 0.838911
8 20 0.778725
8 21 0.998971
8 22 0.999783
8 23 0.999986
8 24 0.988501
8 25 0.915921
8 26 0.051779
8 27 0.999657
8 28 0.990289
8 29 0.029925
8 30 0.999674
8 31 0.999614
8 32 0.999871
8 33 0.882454
8 34 0.999268
8 35 0.928576
8 36 0.205798
8 37 0.995379
8 38 0.138922
8 39 0.999314
8 40 0.999999
8 41 0.876570
8 42 0.757621
8 43 0.985469
8 44 0.999486
8 45 0.999725
8 46 0.999566
8 47 0.999986
8 48 0.310464
8 49 0.820692
8 50 0.999914
8 51 0.999986
8 52 0.005177
8 53 0.975602
8 54 0.768376
8 55 0.996347
8 56 0.189109
8 57 0.019299
8 58 0.999886
8 59 0.006763
8 60 0.019299
8 61 0.997259
8 62 0.673535
8 63 0.434867
8 64 0.987725
8 65 0.976826
8 66 0.999943
8 67 0.610510
8 68 0.019299
8 69 0.268234
8 70 0.939390
8 71 0.800669
8 72 0.999997
8 73 0.999657
8 74 0.870414
8 75 0.011782
8 76 0.573990
8 77 0.997804
8 78 0.626001
8 79 0.996532
8 80 0.999828
8 81 0.096388
8 82 0.998074
8 83 0.005177
8 84 0.998629
8 85 0.999086
8 86 0.996347
8 87 0.999855
8 88 0.995133
8 89 0.976826
8 90 0.305550
8 91 0.051779
8 92 0.998172
8 93 0.999132
8 94 0.999588
8 95 0.998698
8 96 0.434867
8 97 0.999977
8 98 0.991800
8 99 0.998172
9 0 0.108547
9 1 0.329464
9 2 0.051779
9 3 0.838911
9 4 0.998843
9 5 0.999904
9 6 0.029925
9 7 0.999999
9 8 0.006763
9 9 0.000000
9 10 0.928576
9 11 0.993077
9 12 0.268234
9 13 0.990289
9 14 0.997073
9 15 0.915921
9 16 0.189109
9 17 0.268234
9 18 0.991800
9 19 0.978283
9 20 0.245316
9 21 0.999939
9 22 0.999756
9 23 0.999132
9 24 0.855444
9 25 0.999314
9 26 0.992215
9 27 0.014763
9 28 0.990780
9 29 0.990289
9 30 0.999024
9 31 0.719662
9 32 0.673535
9 33 0.998375
9 34 0.995317
9 35 0.019299
9 36 0.573990
9 37 0.999931
9 38 0.673535
9 39 0.999986
9 40 0.329464
9 41 0.029925
9 42 0.029925
9 43 0.967602
9 44 0.999710
9 45 0.923918
9 46 0.997944
9 47 0.999986
9 48 0.477022
9 49 0.999957
9 50 0.998902
9 51 0.963627
9 52 0.999382
9 53 0.999566
9 54 0.069412
9 55 0.983668
9 56 0.999451
9 57 0.391878
9 58 0.999657
9 59 0.996917
9 60 0.995379
9 61 0.029925
9 62 0.268234
9 63 0.863976
9 64 0.060180
9 65 0.987725
9 66 0.999634
9 67 0.899866
9 68 0.999614
9 69 0.552765
9 70 0.673535
9 71 0.999997
9 72 0.028526
9 73 0.138922
9 74 0.999512
9 75 0.996917
9 76 0.949286
9 77 0.995379
9 78 0.999349
9 79 0.984490
9 80 0.963627
9 81 0.557193
9 82 0.978283
9 83 0.778726
9 84 0.999943
9 85 0.990289
9 86 0.997687
9 87 0.998843
9 88 0.994155
9 89 0.999132
9 90 0.644918
9 91 0.999971
9 92 0.573990
9 93 0.999971
9 94 0.999964
9 95 0.999998
9 96 0.189109
9 97 0.915921
9 98 0.992215
9 99 0.998457
10 0 0.855444
10 1 0.999691
10 2 0.994155
10 3 0.791202
10 4 0.969222
10 5 0.071949
10 6 0.996753
10 7 0.329464
10 8 0.999807
10 9 0.928576
10 10 0.000000
10 11 0.051779
10 12 0.986202
10 13 0.999848
10 14 0.990157
10 15 0.972594
10 16 0.626001
10 17 0.434867
10 18 0.999024
10 19 0.687189
10 20 0.986202
10 21 0.999848
10 22 0.029925
10 23 0.910477
10 24 0.995066
10 25 0.286770
10 26 0.959174
10 27 0.820692
10 28 0.626001
10 29 0.999679
10 30 0.644918
10 31 0.915921
10 32 0.999994
10 33 0.999794
10 34 0.051779
10 35 0.019299
10 36 0.227550
10 37 0.995836
10 38 0.996917
10 39 0.999976
10 40 0.268234
10 41 0.862254
10 42 0.999711
10 43 0.979374
10 44 0.268234
10 45 0.743482
10 46 0.268234
10 47 0.999863
10 48 0.999914
10 49 0.998265
10 50 0.096388
10 51 0.998902
10 52 0.999314
10 53 0.040565
10 54 0.975602
10 55 0.999999
10 56 0.999024
10 57 0.999980
10 58 0.029925
10 59 0.977990
10 60 0.138922
10 61 0.996100
10 62 0.998971
10 63 0.477022
10 64 0.998147
10 65 0.957037
10 66 0.172989
10 67 0.999924
10 68 0.988345
10 69 0.999024
10 70 0.870414
10 71 0.042353
10 72 0.060180
10 73 0.703771
10 74 0.999986
10 75 0.011782
10 76 0.391878
10 77 0.999984
10 78 0.999919
10 79 0.996532
10 80 0.999942
10 81 0.035762
10 82 0.999984
10 83 0.535509
10 84 0.999588
10 85 0.999024
10 86 0.992215
10 87 0.108547
10 88 0.999674
10 89 0.994526
10 90 0.757621
10 91 0.932960
10 92 0.513285
10 93 0.659444
10 94 0.997073
10 95 0.985469
10 96 0.996347
10 97 0.153568
10 98 0.011782
10 99 0.108547
11 0 0.996917
11 1 0.998021
11 2 0.999871
11 3 0.999998
11 4 0.590401
11 5 0.993516
11 6 0.999988
11 7 0.610510
11 8 0.999743
11 9 0.993077
11 10 0.051779
11 11 0.000000
11 12 0.051779
11 13 0.991800
11 14 0.060180
11 15 0.999024
11 16 0.999566
11 17 0.552765
11 18 0.993516
11 19 0.999996
11 20 0.961718
11 21 0.994526
11 22 0.994803
11 23 0.889496
11 24 0.989633
11 25 0.998843
11 26 0.071949
11 27 0.996100
11 28 0.994803
11 29 0.998916
11 30 0.986202
11 31 0.945939
11 32 0.974313
11 33 0.993516
11 34 0.477022
11 35 0.029925
11 36 0.082237
11 37 0.005177
11 38 0.997804
11 39 0.800668
11 40 0.980672
11 41 0.993516
11 42 0.014763
11 43 0.994803
11 44 0.928576
11 45 0.943131
11 46 0.911627
11 47 0.976826
11 48 0.999993
11 49 0.876570
11 50 0.999871
11 51 0.963627
11 52 0.227550
11 53 0.999634
11 54 0.993077
11 55 0.998629
11 56 0.999990
11 57 0.999959
11 58 0.172989
11 59 0.999855
11 60 0.998048
11 61 0.989082
11 62 0.029925
11 63 0.969221
11 64 0.245316
11 65 0.999855
11 66 0.999807
11 67 0.989082
11 68 0.477022
11 69 0.997398
11 70 0.153568
11 71 0.703771
11 72 0.999964
11 73 0.093361
11 74 0.268234
11 75 0.997073
11 76 0.999674
11 77 0.939390
11 78 0.999674
11 79 0.590401
11 80 0.976826
11 81 0.999995
11 82 0.998764
11 83 0.999936
11 84 0.951157
11 85 0.943131
11 86 0.999904
11 87 0.910477
11 88 0.999657
11 89 0.999939
11 90 0.999756
11 91 0.999421
11 92 0.999390
11 93 0.453650
11 94 0.051779
11 95 0.999228
11 96 0.659444
11 97 0.415919
11 98 0.348574
11 99 0.035762
12 0 0.831064
12 1 0.367737
12 2 0.992215
12 3 0.019299
12 4 0.990289
12 5 0.924902
12 6 0.703771
12 7 0.703771
12 8 0.984491
12 9 0.268234
12 10 0.986202
12 11 0.051779
12 12 0.000000
12 13 0.996753
12 14 0.731785
12 15 0.945939
12 16 0.035762
12 17 0.991246
12 18 0.978283
12 19 0.999995
12 20 0.263461
12 21 0.997398
12 22 0.999085
12 23 0.029925
12 24 0.019299
12 25 0.999349
12 26 0.997398
12 27 0.703771
12 28 0.019299
12 29 0.495294
12 30 0.986202
12 31 0.940181
12 32 0.998265
12 33 0.974313
12 34 0.981645
12 35 0.999073
12 36 0.998901
12 37 0.227550
12 38 0.998698
12 39 0.517913
12 40 0.791203
12 41 0.999964
12 42 0.990780
12 43 0.971149
12 44 0.999828
12 45 0.991363
12 46 0.997944
12 47 0.998457
12 48 0.991800
12 49 0.998843
12 50 0.999829
12 51 0.535509
12 52 0.981397
12 53 0.973968
12 54 0.986898
12 55 0.999268
12 56 0.434867
12 57 0.082237
12 58 0.051779
12 59 0.716438
12 60 0.019299
12 61 0.999855
12 62 0.999991
12 63 0.989633
12 64 0.848329
12 65 0.172989
12 66 0.999855
12 67 0.998457
12 68 0.999674
12 69 0.019299
12 70 0.998375
12 71 0.999952
12 72 0.838911
12 73 0.957037
12 74 0.999023
12 75 0.329464
12 76 0.035762
12 77 0.477022
12 78 0.997687
12 79 0.855444
12 80 0.924902
12 81 0.999771
12 82 0.972594
12 83 0.999892
12 84 0.005177
12 85 0.205798
12 86 0.993077
12 87 0.999982
12 88 0.999973
12 89 0.051779
12 90 0.993427
12 91 0.999837
12 92 0.999588
12 93 0.874996
12 94 0.999614
12 95 0.999971
12 96 0.999973
12 97 0.992708
12 98 0.999898
12 99 0.082237
13 0 0.788679
13 1 0.997687
13 2 0.189109
13 3 0.060180
13 4 0.472229
13 5 0.138922
13 6 0.999908
13 7 0.965441
13 8 0.978283
13 9 0.990289
13 10 0.999848
13 11 0.991800
13 12 0.996753
13 13 0.000000
13 14 0.999969
13 15 0.800668
13 16 0.990780
13 17 0.590401
13 18 0.954189
13 19 0.998902
13 20 0.971149
13 21 0.791203
13 22 0.659444
13 23 0.995379
13 24 0.996099
13 25 0.996532
13 26 0.997259
13 27 0.999943
13 28 0.590401
13 29 0.999695
13 30 0.991363
13 31 0.999957
13 32 0.552765
13 33 0.905921
13 34 0.999783
13 35 0.980672
13 36 0.959712
13 37 0.870414
13 38 0.986898
13 39 0.882454
13 40 0.972958
13 41 0.268234
13 42 0.108547
13 43 0.372722
13 44 0.999695
13 45 0.999024
13 46 0.999909
13 47 0.999566
13 48 0.981645
13 49 0.998172
13 50 0.977134
13 51 0.994155
13 52 0.984490
13 53 0.993077
13 54 0.999073
13 55 0.996917
13 56 0.999512
13 57 0.005177
13 58 0.757621
13 59 0.883941
13 60 0.998457
13 61 0.997073
13 62 0.983668
13 63 0.573990
13 64 0.757621
13 65 0.035762
13 66 0.719662
13 67 0.999634
13 68 0.975602
13 69 0.999924
13 70 0.999924
13 71 0.434867
13 72 0.121504
13 73 0.995379
13 74 0.999349
13 75 0.513285
13 76 0.268234
13 77 0.372722
13 78 0.999783
13 79 0.976826
13 80 0.999871
13 81 0.999982
13 82 0.703771
13 83 0.552765
13 84 0.993077
13 85 0.995133
13 86 0.999909
13 87 0.999988
13 88 0.227550
13 89 0.071949
13 90 0.994451
13 91 0.979374
13 92 0.994155
13 93 0.996347
13 94 0.002681
13 95 0.999804
13 96 0.999968
13 97 0.606413
13 98 0.862254
13 99 0.999711
14 0 0.999997
14 1 0.659444
14 2 0.999711
14 3 0.168897
14 4 0.245316
14 5 0.999828
14 6 0.138922
14 7 0.911627
14 8 0.029925
14 9 0.997073
14 10 0.990157
14 11 0.060180
14 12 0.731785
14 13 0.999969
14 14 0.000000
14 15 0.996100
14 16 0.172989
14 17 0.979374
14 18 0.997944
14 19 0.998629
14 20 0.999904
14 21 0.071949
14 22 0.999711
14 23 0.189109
14 24 0.029925
14 25 0.172989
14 26 0.429954
14 27 0.999086
14 28 0.999674
14 29 0.928576
14 30 0.995316
14 31 0.153568
14 32 0.006763
14 33 0.980411
14 34 0.991800
14 35 0.659444
14 36 0.996100
14 37 0.876570
14 38 0.999961
14 39 0.517913
14 40 0.999848
14 41 0.889496
14 42 0.051779
14 43 0.971149
14 44 0.905921
14 45 0.999986
14 46 0.189109
14 47 0.999566
14 48 0.999995
14 49 0.959712
14 50 0.999897
14 51 0.979374
14 52 0.019299
14 53 0.990780
14 54 0.932077
14 55 0.986202
14 56 0.060180
14 57 0.434867
14 58 0.957038
14 59 0.999996
14 60 0.999848
14 61 0.641070
14 62 0.988345
14 63 0.999566
14 64 0.999176
14 65 0.791203
14 66 0.999451
14 67 0.305549
14 68 0.687189
14 69 0.831064
14 70 0.995892
14 71 0.996347
14 72 0.999848
14 73 0.999691
14 74 0.606413
14 75 0.999998
14 76 0.939390
14 77 0.983668
14 78 0.999657
14 79 0.999998
14 80 0.029925
14 81 0.999991
14 82 0.108547
14 83 0.071949
14 84 0.936253
14 85 0.838911
14 86 0.969221
14 87 0.569659
14 88 0.286770
14 89 0.453650
14 90 0.973967
14 91 0.082237
14 92 0.957038
14 93 0.998843
14 94 0.929503
14 95 0.687190
14 96 0.932960
14 97 0.999277
14 98 0.153568
14 99 0.979374
15 0 0.108547
15 1 0.995892
15 2 0.999998
15 3 0.011782
15 4 0.991800
15 5 0.991363
15 6 0.999024
15 7 0.983668
15 8 0.121503
15 9 0.915921
15 10 0.972594
15 11 0.999024
15 12 0.945939
15 13 0.800668
15 14 0.996100
15 15 0.000000
15 16 0.943131
15 17 0.999946
15 18 0.690668
15 19 0.999996
15 20 0.999566
15 21 0.999512
15 22 0.999954
15 23 0.999783
15 24 0.990289
15 25 0.986202
15 26 0.019299
15 27 0.791203
15 28 0.051779
15 29 0.997073
15 30 0.999891
15 31 0.999512
15 32 0.999855
15 33 0.999957
15 34 0.348574
15 35 0.626001
15 36 0.965441
15 37 0.071949
15 38 0.997259
15 39 0.997944
15 40 0.781351
15 41 0.894801
15 42 0.999024
15 43 0.995066
15 44 0.943131
15 45 0.029925
15 46 0.999891
15 47 0.999986
15 48 0.719662
15 49 0.972594
15 50 0.060180
15 51 0.981645
15 52 0.999986
15 53 0.108547
15 54 0.071949
15 55 0.975602
15 56 0.870414
15 57 0.999981
15 58 0.999634
15 59 0.812062
15 60 0.983668
15 61 0.978283
15 62 0.731785
15 63 0.956464
15 64 0.999897
15 65 0.998265
15 66 0.096388
15 67 0.999486
15 68 0.245316
15 69 0.005177
15 70 0.999543
15 71 0.999187
15 72 0.838911
15 73 0.996917
15 74 0.999997
15 75 0.477022
15 76 0.002681
15 77 0.005177
15 78 0.005177
15 79 0.999725
15 80 0.980411
15 81 0.954189
15 82 0.990780
15 83 0.019299
15 84 0.999936
15 85 0.051779
15 86 0.996532
15 87 0.434867
15 88 0.999986
15 89 0.991363
15 90 0.992215
15 91 0.999985
15 92 0.999986
15 93 0.936254
15 94 0.999914
15 95 0.991800
15 96 0.082237
15 97 0.999543
15 98 0.610510
15 99 0.999999
16 0 0.996100
16 1 0.994156
16 2 0.996532
16 3 0.965441
16 4 0.105308
16 5 0.997687
16 6 0.991800
16 7 0.883941
16 8 0.517913
16 9 0.189109
16 10 0.626001
16 11 0.999566
16 12 0.035762
16 13 0.990780
16 14 0.172989
16 15 0.943131
16 16 0.000000
16 17 0.963138
16 18 0.853629
16 19 0.999928
16 20 0.019299
16 21 0.980672
16 22 0.965898
16 23 0.998698
16 24 0.820692
16 25 0.999566
16 26 0.051779
16 27 0.883941
16 28 0.003622
16 29 0.996347
16 30 0.983668
16 31 0.329464
16 32 0.071949
16 33 0.999997
16 34 0.310464
16 35 0.949286
16 36 0.999711
16 37 0.999969
16 38 0.997563
16 39 0.999968
16 40 0.993516
16 41 0.999711
16 42 0.996347
16 43 0.051779
16 44 0.999783
16 45 0.606413
16 46 0.998536
16 47 0.391878
16 48 0.999349
16 49 0.999995
16 50 0.939390
16 51 0.993077
16 52 0.999897
16 53 0.999939
16 54 0.434867
16 55 0.998536
16 56 0.999807
16 57 0.978283
16 58 0.029925
16 59 0.994156
16 60 0.974313
16 61 0.999543
16 62 0.989633
16 63 0.996917
16 64 0.987073
16 65 0.984491
16 66 0.703771
16 67 0.905921
16 68 0.535509
16 69 0.990780
16 70 0.005177
16 71 0.029925
16 72 0.999904
16 73 0.951799
16 74 0.329464
16 75 0.999886
16 76 0.781351
16 77 0.999756
16 78 0.831064
16 79 0.477022
16 80 0.573990
16 81 0.999743
16 82 0.121504
16 83 0.999936
16 84 0.999024
16 85 0.999132
16 86 0.029925
16 87 0.936254
16 88 0.999817
16 89 0.999807
16 90 0.996100
16 91 0.051779
16 92 0.889496
16 93 0.999132
16 94 0.791203
16 95 0.999928
16 96 0.999807
16 97 0.019299
16 98 0.936254
16 99 0.023583
17 0 0.981645
17 1 0.641070
17 2 0.988501
17 3 0.108547
17 4 0.993844
17 5 0.928577
17 6 0.985272
17 7 0.517913
17 8 0.990780
17 9 0.268234
17 10 0.434867
17 11 0.552765
17 12 0.991246
17 13 0.590401
17 14 0.979374
17 15 0.999946
17 16 0.963138
17 17 0.000000
17 18 0.029925
17 19 0.999807
17 20 0.999349
17 21 0.940181
17 22 0.999349
17 23 0.999971
17 24 0.995892
17 25 0.552765
17 26 0.035762
17 27 0.999486
17 28 0.932960
17 29 0.999729
17 30 0.029925
17 31 0.189109
17 32 0.268234
17 33 0.410971
17 34 0.996298
17 35 0.997944
17 36 0.606413
17 37 0.999964
17 38 0.951798
17 39 0.082237
17 40 0.999995
17 41 0.989082
17 42 0.999908
17 43 0.071949
17 44 0.477022
17 45 0.415919
17 46 0.286770
17 47 0.943131
17 48 0.996917
17 49 0.836903
17 50 0.990780
17 51 0.019299
17 52 0.998457
17 53 0.972594
17 54 0.979374
17 55 0.993844
17 56 0.998698
17 57 0.998353
17 58 0.972594
17 59 0.477022
17 60 0.993077
17 61 0.415919
17 62 0.989082
17 63 0.998074
17 64 0.189109
17 65 0.999486
17 66 0.855444
17 67 0.999908
17 68 0.996532
17 69 0.778726
17 70 0.838911
17 71 0.999176
17 72 0.920015
17 73 0.205798
17 74 0.999771
17 75 0.948613
17 76 0.998265
17 77 0.121504
17 78 0.905921
17 79 0.996708
17 80 0.994526
17 81 0.999711
17 82 0.969222
17 83 0.870414
17 84 0.949286
17 85 0.999695
17 86 0.901145
17 87 0.991800
17 88 0.071949
17 89 0.979374
17 90 0.781351
17 91 0.998536
17 92 0.781351
17 93 0.138922
17 94 0.999919
17 95 0.936253
17 96 0.999995
17 97 0.993170
17 98 0.967602
17 99 0.994154
18 0 0.996100
18 1 0.990158
18 2 0.984490
18 3 0.998265
18 4 0.472230
18 5 0.995892
18 6 0.999878
18 7 0.901145
18 8 0.999349
18 9 0.991800
18 10 0.999024
18 11 0.993516
18 12 0.978283
18 13 0.954189
18 14 0.997944
18 15 0.690668
18 16 0.853629
18 17 0.029925
18 18 0.000000
18 19 0.846427
18 20 0.991800
18 21 0.590401
18 22 0.994156
18 23 0.986202
18 24 0.983668
18 25 0.029925
18 26 0.999924
18 27 0.999771
18 28 0.996532
18 29 0.999486
18 30 0.005177
18 31 0.999964
18 32 0.990780
18 33 0.985469
18 34 0.920015
18 35 0.029925
18 36 0.987725
18 37 0.915921
18 38 0.019299
18 39 0.205798
18 40 0.999268
18 41 0.855444
18 42 0.999863
18 43 0.227550
18 44 0.999979
18 45 0.846427
18 46 0.513285
18 47 0.828970
18 48 0.019299
18 49 0.945939
18 50 0.969629
18 51 0.979374
18 52 0.999797
18 53 0.998971
18 54 0.998536
18 55 0.029925
18 56 0.999999
18 57 0.999711
18 58 0.914824
18 59 0.992708
18 60 0.999657
18 61 0.998781
18 62 0.995613
18 63 0.998698
18 64 0.731785
18 65 0.410971
18 66 0.984491
18 67 0.920014
18 68 0.999924
18 69 0.263461
18 70 0.998698
18 71 0.999991
18 72 0.999989
18 73 0.982801
18 74 0.999349
18 75 0.517913
18 76 0.071949
18 77 0.870414
18 78 0.868768
18 79 0.980411
18 80 0.999807
18 81 0.999132
18 82 0.969221
18 83 0.990780
18 84 0.268234
18 85 0.719662
18 86 0.268234
18 87 0.986898
18 88 0.071949
18 89 0.984698
18 90 0.019299
18 91 0.954189
18 92 0.245316
18 93 0.999946
18 94 0.703771
18 95 0.227550
18 96 0.999864
18 97 0.924902
18 98 0.495294
18 99 0.984698
19 0 0.434867
19 1 0.999828
19 2 0.082237
19 3 0.138922
19 4 0.939390
19 5 0.659444
19 6 0.998457
19 7 0.513285
19 8 0.838911
19 9 0.978283
19 10 0.687189
19 11 0.999996
19 12 0.999995
19 13 0.998902
19 14 0.998629
19 15 0.999996
19 16 0.999928
19 17 0.999807
19 18 0.846427
19 19 0.000000
19 20 0.974313
19 21 0.999864
19 22 0.035762
19 23 0.011782
19 24 0.071949
19 25 0.924902
19 26 0.855444
19 27 0.862254
19 28 0.999993
19 29 0.936253
19 30 0.227550
19 31 0.626001
19 32 0.999132
19 33 0.954792
19 34 0.051779
19 35 0.853624
19 36 0.051779
19 37 0.855445
19 38 0.999743
19 39 0.999566
19 40 0.989082
19 41 0.999837
19 42 0.999913
19 43 0.999657
19 44 0.994452
19 45 0.245316
19 46 0.987726
19 47 0.961719
19 48 0.979374
19 49 0.999952
19 50 0.986202
19 51 0.999807
19 52 0.957037
19 53 0.999837
19 54 0.690668
19 55 0.999695
19 56 0.573990
19 57 0.901145
19 58 0.999829
19 59 0.971149
19 60 0.954189
19 61 0.999674
19 62 0.951799
19 63 0.990780
19 64 0.982801
19 65 0.641070
19 66 0.943131
19 67 0.994526
19 68 0.975602
19 69 0.999657
19 70 0.757621
19 71 0.862254
19 72 0.990780
19 73 0.995892
19 74 0.005177
19 75 0.999969
19 76 0.108547
19 77 0.071949
19 78 0.138922
19 79 0.999990
19 80 0.029925
19 81 0.372722
19 82 0.945939
19 83 0.998698
19 84 0.071949
19 85 0.082237
19 86 0.999848
19 87 0.999986
19 88 0.999614
19 89 0.999349
19 90 0.995379
19 91 0.985272
19 92 0.999993
19 93 0.754757
19 94 0.029925
19 95 0.985469
19 96 0.096388
19 97 0.019299
19 98 0.999987
19 99 0.963627
20 0 0.610510
20 1 0.189109
20 2 0.999863
20 3 0.573990
20 4 0.999903
20 5 0.703771
20 6 0.976826
20 7 0.153568
20 8 0.778725
20 9 0.245316
20 10 0.986202
20 11 0.961718
20 12 0.263461
20 13 0.971149
20 14 0.999904
20 15 0.999566
20 16 0.019299
20 17 0.999349
20 18 0.991800
20 19 0.974313
20 20 0.000000
20 21 0.205798
20 22 0.029925
20 23 0.868768
20 24 0.993844
20 25 0.999997
20 26 0.828969
20 27 0.051779
20 28 0.999957
20 29 0.999952
20 30 0.172989
20 31 0.999982
20 32 0.838911
20 33 0.999984
20 34 0.372722
20 35 0.999421
20 36 0.995379
20 37 0.991800
20 38 0.622014
20 39 0.990780
20 40 0.999939
20 41 0.996917
20 42 0.329464
20 43 0.391878
20 44 0.023583
20 45 0.997259
20 46 0.998971
20 47 0.011782
20 48 0.998147
20 49 0.227550
20 50 0.999954
20 51 0.987725
20 52 0.999421
20 53 0.189109
20 54 0.928576
20 55 0.019299
20 56 0.999024
20 57 0.998265
20 58 0.205798
20 59 0.999743
20 60 0.999695
20 61 0.029925
20 62 0.882454
20 63 0.029925
20 64 0.042353
20 65 0.051779
20 66 0.820692
20 67 0.982801
20 68 0.999674
20 69 0.998172
20 70 0.999976
20 71 0.071949
20 72 0.999993
20 73 0.999982
20 74 0.189109
20 75 0.329464
20 76 0.999871
20 77 0.981645
20 78 0.855444
20 79 0.495294
20 80 0.029925
20 81 0.936253
20 82 0.863976
20 83 0.831064
20 84 0.994155
20 85 0.121504
20 86 0.999936
20 87 0.974313
20 88 0.870414
20 89 0.989082
20 90 0.245316
20 91 0.019299
20 92 0.999421
20 93 0.876570
20 94 0.108547
20 95 0.974313
20 96 0.936253
20 97 0.778725
20 98 0.019299
20 99 0.996917
21 0 0.995892
21 1 0.999988
21 2 0.999512
21 3 0.071949
21 4 0.996532
21 5 0.042353
21 6 0.993077
21 7 0.029925
21 8 0.998971
21 9 0.999939
21 10 0.999848
21 11 0.994526
21 12 0.997398
21 13 0.791203
21 14 0.071949
21 15 0.999512
21 16 0.980672
21 17 0.940181
21 18 0.590401
21 19 0.999864
21 20 0.205798
21 21 0.000000
21 22 0.573990
21 23 0.999998
21 24 0.999711
21 25 0.999421
21 26 0.998843
21 27 0.993516
21 28 0.981645
21 29 0.999421
21 30 0.970760
21 31 0.998375
21 32 0.996298
21 33 0.997687
21 34 0.051779
21 35 0.999451
21 36 0.005177
21 37 0.999458
21 38 0.999995
21 39 0.517913
21 40 0.999988
21 41 0.999996
21 42 0.348574
21 43 0.999132
21 44 0.997804
21 45 0.981645
21 46 0.998048
21 47 0.626002
21 48 0.999998
21 49 0.703771
21 50 0.999176
21 51 0.812062
21 52 0.975602
21 53 0.997073
21 54 0.348574
21 55 0.983668
21 56 0.005177
21 57 0.999878
21 58 0.999871
21 59 0.610510
21 60 0.989082
21 61 0.996917
21 62 0.999973
21 63 0.999957
21 64 0.820692
21 65 0.987560
21 66 0.778726
21 67 0.954189
21 68 0.172989
21 69 0.855444
21 70 0.590401
21 71 0.972594
21 72 0.023583
21 73 0.995892
21 74 0.999314
21 75 0.005177
21 76 0.138922
21 77 0.994526
21 78 0.999991
21 79 0.005177
21 80 0.997530
21 81 0.965899
21 82 0.980672
21 83 0.108547
21 84 0.999997
21 85 0.999976
21 86 0.995613
21 87 0.998698
21 88 0.997073
21 89 0.999871
21 90 0.263461
21 91 0.060180
21 92 0.999817
21 93 0.999486
21 94 0.019299
21 95 0.035762
21 96 0.936253
21 97 0.991363
21 98 0.035762
21 99 0.982569
22 0 0.996708
22 1 0.135231
22 2 0.997944
22 3 0.951157
22 4 0.071949
22 5 0.999855
22 6 0.996100
22 7 0.305549
22 8 0.999783
22 9 0.999756
22 10 0.029925
22 11 0.994803
22 12 0.999085
22 13 0.659444
22 14 0.999711
22 15 0.999954
22 16 0.965898
22 17 0.999349
22 18 0.994156
22 19 0.035762
22 20 0.029925
22 21 0.573990
22 22 0.000000
22 23 0.999349
22 24 0.029925
22 25 0.999985
22 26 0.996100
22 27 0.975602
22 28 0.888076
22 29 0.051779
22 30 0.329464
22 31 0.998457
22 32 0.286770
22 33 0.999998
22 34 0.994155
22 35 0.005177
22 36 0.954792
22 37 0.945938
22 38 0.999996
22 39 0.019299
22 40 0.138922
22 41 0.999634
22 42 0.998048
22 43 0.963627
22 44 0.410971
22 45 0.999566
22 46 0.453650
22 47 0.999176
22 48 0.998843
22 49 0.348574
22 50 0.997944
22 51 0.993844
22 52 0.985469
22 53 0.999864
22 54 0.868768
22 55 0.998843
22 56 0.998375
22 57 0.972594
22 58 0.999952
22 59 0.993844
22 60 0.999982
22 61 0.999305
22 62 0.168897
22 63 0.051779
22 64 0.997398
22 65 0.029925
22 66 0.999228
22 67 0.954792
22 68 0.999828
22 69 0.999614
22 70 0.999998
22 71 0.999485
22 72 0.999228
22 73 0.963627
22 74 0.846427
22 75 0.108547
22 76 0.999486
22 77 0.999886
22 78 0.999943
22 79 0.999543
22 80 0.954189
22 81 0.853624
22 82 0.996753
22 83 0.999837
22 84 0.227550
22 85 0.999959
22 86 0.980672
22 87 0.096388
22 88 0.998698
22 89 0.996533
22 90 0.988345
22 91 0.999783
22 92 0.172989
22 93 0.991800
22 94 0.999993
22 95 0.949286
22 96 0.988345
22 97 0.999928
22 98 0.999886
22 99 0.971149
23 0 0.999512
23 1 0.812062
23 2 0.980672
23 3 0.719662
23 4 0.071949
23 5 0.372722
23 6 0.812062
23 7 0.989082
23 8 0.999986
23 9 0.999132
23 10 0.910477
23 11 0.889496
23 12 0.029925
23 13 0.995379
23 14 0.189109
23 15 0.999783
23 16 0.998698
23 17 0.999971
23 18 0.986202
23 19 0.011782
23 20 0.868768
23 21 0.999998
23 22 0.999349
23 23 0.000000
23 24 0.138922
23 25 0.932960
23 26 0.998843
23 27 0.889496
23 28 0.975602
23 29 0.999657
23 30 0.999957
23 31 0.800669
23 32 0.329464
23 33 0.999634
23 34 0.986202
23 35 0.899866
23 36 0.999829
23 37 0.999807
23 38 0.019299
23 39 0.894801
23 40 0.999988
23 41 0.029925
23 42 0.655709
23 43 0.956464
23 44 0.051779
23 45 0.999886
23 46 0.495294
23 47 0.172989
23 48 0.862254
23 49 0.981645
23 50 0.096388
23 51 0.999421
23 52 0.999999
23 53 0.996298
23 54 0.969222
23 55 0.990289
23 56 0.011782
23 57 0.227550
23 58 0.999349
23 59 0.002681
23 60 0.800669
23 61 0.984490
23 62 0.071949
23 63 0.998265
23 64 0.992708
23 65 0.894801
23 66 0.996532
23 67 0.999783
23 68 0.870414
23 69 0.999923
23 70 0.172989
23 71 0.997687
23 72 0.060180
23 73 0.998375
23 74 0.980672
23 75 0.517913
23 76 0.995379
23 77 0.973968
23 78 0.019299
23 79 0.535509
23 80 0.019299
23 81 0.999998
23 82 0.329464
23 83 0.928576
23 84 0.870414
23 85 0.997398
23 86 0.999228
23 87 0.999512
23 88 0.978283
23 89 0.999711
23 90 0.189109
23 91 0.268234
23 92 0.963627
23 93 0.153568
23 94 0.998265
23 95 0.573990
23 96 0.961718
23 97 0.965441
23 98 0.655710
23 99 0.690668
24 0 0.999928
24 1 0.999566
24 2 0.991800
24 3 0.998902
24 4 0.245316
24 5 0.889496
24 6 0.999943
24 7 0.993427
24 8 0.988501
24 9 0.855444
24 10 0.995066
24 11 0.989633
24 12 0.019299
24 13 0.996099
24 14 0.029925
24 15 0.990289
24 16 0.820692
24 17 0.995892
24 18 0.983668
24 19 0.071949
24 20 0.993844
24 21 0.999711
24 22 0.029925
24 23 0.138922
24 24 0.000000
24 25 0.993077
24 26 0.957037
24 27 0.999997
24 28 0.348574
24 29 0.980411
24 30 0.991246
24 31 0.703771
24 32 0.606413
24 33 0.997687
24 34 0.993844
24 35 0.011782
24 36 0.985469
24 37 0.980672
24 38 0.957038
24 39 0.999512
24 40 0.999783
24 41 0.029925
24 42 0.610510
24 43 0.928576
24 44 0.967602
24 45 0.999998
24 46 0.911627
24 47 0.573990
24 48 0.995379
24 49 0.999998
24 50 0.999845
24 51 0.716439
24 52 0.227550
24 53 0.011782
24 54 0.910477
24 55 0.005177
24 56 0.988501
24 57 0.019299
24 58 0.227550
24 59 0.051779
24 60 0.921048
24 61 0.949286
24 62 0.434867
24 63 0.999964
24 64 0.999486
24 65 0.899866
24 66 0.993844
24 67 0.998048
24 68 0.993844
24 69 0.029925
24 70 0.998265
24 71 0.997944
24 72 0.189109
24 73 0.971149
24 74 0.996753
24 75 0.071949
24 76 0.051779
24 77 0.495294
24 78 0.984490
24 79 0.997916
24 80 0.999999
24 81 0.997398
24 82 0.205798
24 83 0.999674
24 84 0.999512
24 85 0.513285
24 86 0.998265
24 87 0.168897
24 88 0.391878
24 89 0.951799
24 90 0.329464
24 91 0.768376
24 92 0.659444
24 93 0.153568
24 94 0.999863
24 95 0.997687
24 96 0.372722
24 97 0.945939
24 98 0.995672
24 99 0.999919
25 0 0.883941
25 1 0.999695
25 2 0.965441
25 3 0.005177
25 4 0.108547
25 5 0.954792
25 6 0.999132
25 7 0.932077
25 8 0.915921
25 9 0.999314
25 10 0.286770
25 11 0.998843
25 12 0.999349
25 13 0.996532
25 14 0.172989
25 15 0.986202
25 16 0.999566
25 17 0.552765
25 18 0.029925
25 19 0.924902
25 20 0.999997
25 21 0.999421
25 22 0.999985
25 23 0.932960
25 24 0.993077
25 25 0.000000
25 26 0.535509
25 27 0.999988
25 28 0.999924
25 29 0.999512
25 30 0.820692
25 31 0.986202
25 32 0.977134
25 33 0.189109
25 34 0.994451
25 35 0.227550
25 36 0.029925
25 37 0.286770
25 38 0.920015
25 39 0.945939
25 40 0.051779
25 41 0.985469
25 42 0.118059
25 43 0.975272
25 44 0.051779
25 45 0.882454
25 46 0.245316
25 47 0.535509
25 48 0.477022
25 49 0.731785
25 50 0.372722
25 51 0.778726
25 52 0.999969
25 53 0.996753
25 54 0.996708
25 55 0.996100
25 56 0.999674
25 57 0.997259
25 58 0.888076
25 59 0.975273
25 60 0.305549
25 61 0.168897
25 62 0.999864
25 63 0.999829
25 64 0.999314
25 65 0.920015
25 66 0.071949
25 67 0.348574
25 68 0.003622
25 69 0.994155
25 70 0.995892
25 71 0.263461
25 72 0.703771
25 73 0.329464
25 74 0.286770
25 75 0.011782
25 76 0.573990
25 77 0.138922
25 78 0.997804
25 79 0.998048
25 80 0.757621
25 81 0.719662
25 82 0.071949
25 83 0.997687
25 84 0.999886
25 85 0.999946
25 86 0.096388
25 87 0.957037
25 88 0.981645
25 89 0.768376
25 90 0.035762
25 91 0.969222
25 92 0.997530
25 93 0.998764
25 94 0.069412
25 95 0.011782
25 96 0.108547
25 97 0.945939
25 98 0.876570
25 99 0.999952
26 0 0.980672
26 1 0.999674
26 2 0.995613
26 3 0.011782
26 4 0.051779
26 5 0.060180
26 6 0.051779
26 7 0.029925
26 8 0.051779
26 9 0.992215
26 10 0.959174
26 11 0.071949
26 12 0.997398
26 13 0.997259
26 14 0.429954
26 15 0.019299
26 16 0.051779
26 17 0.035762
26 18 0.999924
26 19 0.855444
26 20 0.828969
26 21 0.998843
26 22 0.996100
26 23 0.998843
26 24 0.957037
26 25 0.535509
26 26 0.000000
26 27 0.999349
26 28 0.996917
26 29 0.995067
26 30 0.348574
26 31 0.995133
26 32 0.943131
26 33 0.997944
26 34 0.995613
26 35 0.942378
26 36 0.995614
26 37 0.999997
26 38 0.798243
26 39 0.029925
26 40 0.978283
26 41 0.932077
26 42 0.999783
26 43 0.905920
26 44 0.999268
26 45 0.943131
26 46 0.071949
26 47 0.999955
26 48 0.121504
26 49 0.876570
26 50 0.029925
26 51 0.999421
26 52 0.477022
26 53 0.995379
26 54 0.776073
26 55 0.138922
26 56 0.996532
26 57 0.060180
26 58 0.838911
26 59 0.956464
26 60 0.029925
26 61 0.928576
26 62 0.999914
26 63 0.999936
26 64 0.778725
26 65 0.999807
26 66 0.928576
26 67 0.924902
26 68 0.999994
26 69 0.999936
26 70 0.999924
26 71 0.096388
26 72 0.997944
26 73 0.998457
26 74 0.984491
26 75 0.973967
26 76 0.286770
26 77 0.996532
26 78 0.513285
26 79 0.029925
26 80 0.995133
26 81 0.029925
26 82 0.029925
26 83 0.005177
26 84 0.999914
26 85 0.981645
26 86 0.999946
26 87 0.899866
26 88 0.993077
26 89 0.998971
26 90 0.999691
26 91 0.019299
26 92 0.999614
26 93 0.791203
26 94 0.997222
26 95 0.995613
26 96 0.999349
26 97 0.108547
26 98 0.932960
26 99 0.831064
27 0 0.035762
27 1 0.019299
27 2 0.768376
27 3 0.987725
27 4 0.999996
27 5 0.992708
27 6 0.028526
27 7 0.959174
27 8 0.999657
27 9 0.014763
27 10 0.820692
27 11 0.996100
27 12 0.703771
27 13 0.999943
27 14 0.999086
27 15 0.791203
27 16 0.883941
27 17 0.999486
27 18 0.999771
27 19 0.862254
27 20 0.051779
27 21 0.993516
27 22 0.975602
27 23 0.889496
27 24 0.999997
27 25 0.999988
27 26 0.999349
27 27 0.000000
27 28 0.690668
27 29 0.372722
27 30 0.991246
27 31 0.286770
27 32 0.990157
27 33 0.998629
27 34 0.976826
27 35 0.999994
27 36 0.754758
27 37 0.453649
27 38 0.984490
27 39 0.982569
27 40 0.434867
27 41 0.999980
27 42 0.997398
27 43 0.552765
27 44 0.019299
27 45 0.999878
27 46 0.993844
27 47 0.029925
27 48 0.999807
27 49 0.995379
27 50 0.999973
27 51 0.096388
