0 0 0.000000
0 1 0.716439
0 2 0.998902
0 3 0.071949
0 4 0.999228
0 5 0.999936
0 6 0.999952
0 7 0.998265
0 8 0.993427
0 9 0.108547
0 10 0.991800
0 11 0.999024
0 12 0.901145
0 13 0.637193
0 14 0.999999
0 15 0.932960
0 16 0.995066
0 17 0.990157
0 18 0.999725
0 19 0.153568
0 20 0.915921
0 21 0.999919
0 22 0.997363
0 23 0.999989
0 24 0.999998
0 25 0.812062
0 26 0.530967
0 27 0.035762
0 28 0.987725
0 29 0.999228
0 30 0.245316
0 31 0.082237
0 32 0.996753
0 33 0.999837
0 34 0.719662
0 35 0.999984
0 36 0.999987
0 37 0.082237
0 38 0.999989
0 39 0.999995
0 40 0.998048
0 41 0.999536
0 42 0.981397
0 43 0.329464
0 44 0.862254
0 45 0.982569
0 46 0.997398
0 47 0.997804
0 48 0.999997
0 49 0.999948
0 50 0.999991
0 51 0.082237
0 52 0.994155
0 53 0.999998
0 54 0.035762
0 55 0.329464
0 56 0.923918
0 57 0.005177
0 58 0.035762
0 59 0.956464
0 60 0.999946
0 61 0.998902
0 62 0.573990
0 63 0.005177
0 64 0.999382
0 65 0.853623
0 66 0.268234
0 67 0.348574
0 68 0.999996
0 69 0.000372
0 70 0.945939
0 71 0.999614
0 72 0.999451
0 73 0.999952
0 74 0.999969
0 75 0.999983
0 76 0.051779
0 77 0.029925
0 78 0.999991
0 79 0.982569
0 80 0.999948
0 81 0.305550
0 82 0.910478
0 83 0.995133
0 84 0.997398
0 85 0.019299
0 86 0.998048
0 87 0.108547
0 88 0.998629
0 89 0.976826
0 90 0.997222
0 91 0.999980
0 92 0.999756
0 93 0.659444
0 94 0.051779
0 95 0.928576
0 96 0.998699
0 97 0.999711
0 98 0.956464
0 99 0.961718
1 0 0.716439
1 1 0.000000
1 2 0.992109
1 3 0.999964
1 4 0.999998
1 5 0.391878
1 6 0.138922
1 7 0.606413
1 8 0.778726
1 9 0.189109
1 10 0.999995
1 11 0.999165
1 12 0.687189
1 13 0.999268
1 14 0.535509
1 15 0.999634
1 16 0.975273
1 17 0.716439
1 18 0.993760
1 19 0.999973
1 20 0.286770
1 21 0.999985
1 22 0.135231
1 23 0.673535
1 24 0.999817
1 25 0.999783
1 26 0.999878
1 27 0.019299
1 28 0.987073
1 29 0.051779
1 30 0.999996
1 31 0.867100
1 32 0.836903
1 33 0.743482
1 34 0.108547
1 35 0.997073
1 36 0.967167
1 37 0.995317
1 38 0.999957
1 39 0.999725
1 40 0.999997
1 41 0.997687
1 42 0.205798
1 43 0.051779
1 44 0.367737
1 45 0.082237
1 46 0.996532
1 47 0.981645
1 48 0.969221
1 49 0.999928
1 50 0.936253
1 51 0.003622
1 52 0.999228
1 53 0.002681
1 54 0.998048
1 55 0.984490
1 56 0.989633
1 57 0.535509
1 58 0.999990
1 59 0.999995
1 60 0.731785
1 61 0.410971
1 62 0.999991
1 63 0.082237
1 64 0.268234
1 65 0.740481
1 66 0.999614
1 67 0.999997
1 68 0.768376
1 69 0.914824
1 70 0.999959
1 71 0.998971
1 72 0.035762
1 73 0.932077
1 74 0.029925
1 75 0.029925
1 76 0.029925
1 77 0.998698
1 78 0.998353
1 79 0.019299
1 80 0.372722
1 81 0.019299
1 82 0.999924
1 83 0.999976
1 84 0.836903
1 85 0.999994
1 86 0.029925
1 87 0.999998
1 88 0.995067
1 89 0.999382
1 90 0.987073
1 91 0.019299
1 92 0.051779
1 93 0.999897
1 94 0.005177
1 95 0.999997
1 96 0.972594
1 97 0.999768
1 98 0.019299
1 99 0.905921
2 0 0.998902
2 1 0.992109
2 2 0.000000
2 3 0.999924
2 4 0.998435
2 5 0.997222
2 6 0.006763
2 7 0.976826
2 8 0.996876
2 9 0.051779
2 10 0.993427
2 11 0.999817
2 12 0.997073
2 13 0.434867
2 14 0.999862
2 15 0.999998
2 16 0.999349
2 17 0.985469
2 18 0.992609
2 19 0.023583
2 20 0.999971
2 21 0.998147
2 22 0.998698
2 23 0.997687
2 24 0.999421
2 25 0.999845
2 26 0.998764
2 27 0.972594
2 28 0.998147
2 29 0.138922
2 30 0.051779
2 31 0.998764
2 32 0.005177
2 33 0.999996
2 34 0.034173
2 35 0.999982
2 36 0.932077
2 37 0.329464
2 38 0.590401
2 39 0.019299
2 40 0.999314
2 41 0.999964
2 42 0.071949
2 43 0.263461
2 44 0.999973
2 45 0.019299
2 46 0.999985
2 47 0.993844
2 48 0.999634
2 49 0.998971
2 50 0.990157
2 51 0.227550
2 52 0.019299
2 53 0.961207
2 54 0.991246
2 55 0.999998
2 56 0.985272
2 57 0.874996
2 58 0.082237
2 59 0.976826
2 60 0.994156
2 61 0.985272
2 62 0.138922
2 63 0.999543
2 64 0.999228
2 65 0.951157
2 66 0.999954
2 67 0.071949
2 68 0.812062
2 69 0.999994
2 70 0.995892
2 71 0.986202
2 72 0.883941
2 73 0.969221
2 74 0.999995
2 75 0.999996
2 76 0.006763
2 77 0.995379
2 78 0.999566
2 79 0.998436
2 80 0.227550
2 81 0.999998
2 82 0.997687
2 83 0.768376
2 84 0.987073
2 85 0.999486
2 86 0.000372
2 87 0.998147
2 88 0.060180
2 89 0.999512
2 90 0.999998
2 91 0.999997
2 92 0.995613
2 93 0.002681
2 94 0.138922
2 95 0.999855
2 96 0.999479
2 97 0.999228
2 98 0.743482
2 99 0.999829
3 0 0.071949
3 1 0.999964
3 2 0.999924
3 3 0.000000
3 4 0.999024
3 5 0.999962
3 6 0.992215
3 7 0.996875
3 8 0.189109
3 9 0.862254
3 10 0.590401
3 11 0.999994
3 12 0.019299
3 13 0.060180
3 14 0.069412
3 15 0.011782
3 16 0.998764
3 17 0.329464
3 18 0.999536
3 19 0.051779
3 20 0.949286
3 21 0.019299
3 22 0.960687
3 23 0.781351
3 24 0.999609
3 25 0.005177
3 26 0.659444
3 27 0.999807
3 28 0.610510
3 29 0.888076
3 30 0.610510
3 31 0.029925
3 32 0.914824
3 33 0.999674
3 34 0.995613
3 35 0.999993
3 36 0.999670
3 37 0.995613
3 38 0.998764
3 39 0.993077
3 40 0.415919
3 41 0.942378
3 42 0.803068
3 43 0.999305
3 44 0.924902
3 45 0.998610
3 46 0.999948
3 47 0.999988
3 48 0.999674
3 49 0.999997
3 50 0.999268
3 51 0.999983
3 52 0.998048
3 53 0.999975
3 54 0.071949
3 55 0.932077
3 56 0.986898
3 57 0.999421
3 58 0.005177
3 59 0.071949
3 60 0.991246
3 61 0.905920
3 62 0.999998
3 63 0.999756
3 64 0.019299
3 65 0.019299
3 66 0.641070
3 67 0.999973
3 68 0.552765
3 69 0.644918
3 70 0.999998
3 71 0.999993
3 72 0.999945
3 73 0.998457
3 74 0.999964
3 75 0.069412
3 76 0.999998
3 77 0.372722
3 78 0.051779
3 79 0.138922
3 80 0.995836
3 81 0.999998
3 82 0.415919
3 83 0.999935
3 84 0.999987
3 85 0.023583
3 86 0.999939
3 87 0.978283
3 88 0.982569
3 89 0.999999
3 90 0.980411
3 91 0.029925
3 92 0.029925
3 93 0.626001
3 94 0.029925
3 95 0.965441
3 96 0.245316
3 97 0.999837
3 98 0.557193
3 99 0.945939
4 0 0.999228
4 1 0.999998
4 2 0.998435
4 3 0.999024
4 4 0.000000
4 5 0.980412
4 6 0.979374
4 7 0.999998
4 8 0.999268
4 9 0.994452
4 10 0.548313
4 11 0.951799
4 12 0.998457
4 13 0.569658
4 14 0.495294
4 15 0.954189
4 16 0.105308
4 17 0.996100
4 18 0.754758
4 19 0.914824
4 20 0.999919
4 21 0.999132
4 22 0.071949
4 23 0.071949
4 24 0.820692
4 25 0.108547
4 26 0.227550
4 27 0.999998
4 28 0.932077
4 29 0.029925
4 30 0.936253
4 31 0.108547
4 32 0.999998
4 33 0.999946
4 34 0.999908
4 35 0.997073
4 36 0.996708
4 37 0.348574
4 38 0.245316
4 39 0.988345
4 40 0.996532
4 41 0.014763
4 42 0.956464
4 43 0.029925
4 44 0.948613
4 45 0.019299
4 46 0.988501
4 47 0.754758
4 48 0.997398
4 49 0.971149
4 50 0.999691
4 51 0.998902
4 52 0.005177
4 53 0.999981
4 54 0.999998
4 55 0.029925
4 56 0.495294
4 57 0.996708
4 58 0.042353
4 59 0.998241
4 60 0.993844
4 61 0.019299
4 62 0.986898
4 63 0.999691
4 64 0.999971
4 65 0.573990
4 66 0.971149
4 67 0.980672
4 68 0.029925
4 69 0.874997
4 70 0.883941
4 71 0.071949
4 72 0.999999
4 73 0.982569
4 74 0.999990
4 75 0.979096
4 76 0.051779
4 77 0.998048
4 78 0.227550
4 79 0.995066
4 80 0.999512
4 81 0.999919
4 82 0.998457
4 83 0.999743
4 84 0.391878
4 85 0.329464
4 86 0.998172
4 87 0.998843
4 88 0.999817
4 89 0.477022
4 90 0.999997
4 91 0.999382
4 92 0.971149
4 93 0.997398
4 94 0.996532
4 95 0.999971
4 96 0.999829
4 97 0.959174
4 98 0.888076
4 99 0.975602
5 0 0.999936
5 1 0.391878
5 2 0.997222
5 3 0.999962
5 4 0.980412
5 5 0.000000
5 6 0.999826
5 7 0.999794
5 8 0.998265
5 9 0.999994
5 10 0.071949
5 11 0.996917
5 12 0.963627
5 13 0.023583
5 14 0.999996
5 15 0.989082
5 16 0.999634
5 17 0.754758
5 18 0.998048
5 19 0.957037
5 20 0.894801
5 21 0.008716
5 22 0.999983
5 23 0.189109
5 24 0.972594
5 25 0.993516
5 26 0.060180
5 27 0.990780
5 28 0.999614
5 29 0.029925
5 30 0.998971
5 31 0.999807
5 32 0.997916
5 33 0.999898
5 34 0.975602
5 35 0.011782
5 36 0.517913
5 37 0.883941
5 38 0.005177
5 39 0.999999
5 40 0.096388
5 41 0.996100
5 42 0.659444
5 43 0.168897
5 44 0.999974
5 45 0.108547
5 46 0.999924
5 47 0.999863
5 48 0.659444
5 49 0.019299
5 50 0.997530
5 51 0.868768
5 52 0.029925
5 53 0.999691
5 54 0.999961
5 55 0.986898
5 56 0.071949
5 57 0.329464
5 58 0.995892
5 59 0.999998
5 60 0.998265
5 61 0.999961
5 62 0.999768
5 63 0.914824
5 64 0.268234
5 65 0.893444
5 66 0.999725
5 67 0.999652
5 68 0.999794
5 69 0.923918
5 70 0.999897
5 71 0.172989
5 72 0.999450
5 73 0.999989
5 74 0.991246
5 75 0.993844
5 76 0.963137
5 77 0.999349
5 78 0.999725
5 79 0.998843
5 80 0.999268
5 81 0.963627
5 82 0.914824
5 83 0.939390
5 84 0.985469
5 85 0.999878
5 86 0.932077
5 87 0.969629
5 88 0.029925
5 89 0.999691
5 90 0.976826
5 91 0.943130
5 92 0.951799
5 93 0.999845
5 94 0.993760
5 95 0.999966
5 96 0.862254
5 97 0.996347
5 98 0.991363
5 99 0.998353
6 0 0.999952
6 1 0.138922
6 2 0.006763
6 3 0.992215
6 4 0.979374
6 5 0.999826
6 6 0.000000
6 7 0.860512
6 8 0.999924
6 9 0.029925
6 10 0.999486
6 11 0.999961
6 12 0.928576
6 13 0.999902
6 14 0.372722
6 15 0.999725
6 16 0.976826
6 17 0.996875
6 18 0.999981
6 19 0.999614
6 20 0.993427
6 21 0.994156
6 22 0.998147
6 23 0.590401
6 24 0.999988
6 25 0.998353
6 26 0.051779
6 27 0.028526
6 28 0.019299
6 29 0.999959
6 30 0.286770
6 31 0.991363
6 32 0.997944
6 33 0.999176
6 34 0.999996
6 35 0.995133
6 36 0.882454
6 37 0.991800
6 38 0.985469
6 39 0.979374
6 40 0.838911
6 41 0.904703
6 42 0.227550
6 43 0.996100
6 44 0.997530
6 45 0.121504
6 46 0.189109
6 47 0.999855
6 48 0.999132
6 49 0.071949
6 50 0.862254
6 51 0.932077
6 52 0.998048
6 53 0.999987
6 54 0.108547
6 55 0.999974
6 56 0.998698
6 57 0.172989
6 58 0.999695
6 59 0.019299
6 60 0.002681
6 61 0.981645
6 62 0.535509
6 63 0.999969
6 64 0.998457
6 65 0.923918
6 66 0.035762
6 67 0.138922
6 68 0.999305
6 69 0.999902
6 70 0.071949
6 71 0.991246
6 72 0.997944
6 73 0.386901
6 74 0.096388
6 75 0.999996
6 76 0.071949
6 77 0.973967
6 78 0.999817
6 79 0.876570
6 80 0.999998
6 81 0.969221
6 82 0.999998
6 83 0.703771
6 84 0.999725
6 85 0.910477
6 86 0.189109
6 87 0.999024
6 88 0.019299
6 89 0.071949
6 90 0.889496
6 91 0.999566
6 92 0.029925
6 93 0.998353
6 94 0.999863
6 95 0.991800
6 96 0.999756
6 97 0.172989
6 98 0.993427
6 99 0.999997
7 0 0.998265
7 1 0.606413
7 2 0.976826
7 3 0.996875
7 4 0.999998
7 5 0.999794
7 6 0.860512
7 7 0.000000
7 8 0.996485
7 9 0.999999
7 10 0.855444
7 11 0.434867
7 12 0.768376
7 13 0.995066
7 14 0.989082
7 15 0.996917
7 16 0.932960
7 17 0.329464
7 18 0.943131
7 19 0.868768
7 20 0.245316
7 21 0.029925
7 22 0.168897
7 23 0.994526
7 24 0.991689
7 25 0.942377
7 26 0.029925
7 27 0.923918
7 28 0.999743
7 29 0.673535
7 30 0.071949
7 31 0.051779
7 32 0.999711
7 33 0.051779
7 34 0.998843
7 35 0.998698
7 36 0.999229
7 37 0.999927
7 38 0.999990
7 39 0.855444
7 40 0.999995
7 41 0.019299
7 42 0.999228
7 43 0.991246
7 44 0.096388
7 45 0.002681
7 46 0.991800
7 47 0.998353
7 48 0.999794
7 49 0.029925
7 50 0.999652
7 51 0.998172
7 52 0.108547
7 53 0.999998
7 54 0.997073
7 55 0.305549
7 56 0.999988
7 57 0.999674
7 58 0.932077
7 59 0.530967
7 60 0.999614
7 61 0.999996
7 62 0.996100
7 63 0.023583
7 64 0.983446
7 65 0.965441
7 66 0.999999
7 67 0.999634
7 68 0.809757
7 69 0.994155
7 70 0.886638
7 71 0.227550
7 72 0.690668
7 73 0.999995
7 74 0.999996
7 75 0.005177
7 76 0.999966
7 77 0.999997
7 78 0.051779
7 79 0.996875
7 80 0.992215
7 81 0.994155
7 82 0.999783
7 83 0.189109
7 84 0.999826
7 85 0.985272
7 86 0.936253
7 87 0.997804
7 88 0.006763
7 89 0.999725
7 90 0.999792
7 91 0.999969
7 92 0.994803
7 93 0.984490
7 94 0.996875
7 95 0.999914
7 96 0.372722
7 97 0.999132
7 98 0.999891
7 99 0.999817
8 0 0.993427
8 1 0.778726
8 2 0.996876
8 3 0.189109
8 4 0.999268
8 5 0.998265
8 6 0.999924
8 7 0.996485
8 8 0.000000
8 9 0.006763
8 10 0.999878
8 11 0.999891
8 12 0.990157
8 13 0.996532
8 14 0.029925
8 15 0.205798
8 16 0.108547
8 17 0.999725
8 18 0.999512
8 19 0.641070
8 20 0.530966
8 21 0.992215
8 22 0.999977
8 23 0.999985
8 24 0.999390
8 25 0.967602
8 26 0.051779
8 27 0.999973
8 28 0.985469
8 29 0.071949
8 30 0.998764
8 31 0.999994
8 32 0.999928
8 33 0.982569
8 34 0.999073
8 35 0.986898
8 36 0.205798
8 37 0.996100
8 38 0.372722
8 39 0.999976
8 40 0.999997
8 41 0.975602
8 42 0.999458
8 43 0.882454
8 44 0.999994
8 45 0.999536
8 46 0.998610
8 47 0.999987
8 48 0.172989
8 49 0.990780
8 50 0.999674
8 51 0.999995
8 52 0.005177
8 53 0.998265
8 54 0.778725
8 55 0.998457
8 56 0.189109
8 57 0.019299
8 58 0.999855
8 59 0.006763
8 60 0.019299
8 61 0.999674
8 62 0.800669
8 63 0.391878
8 64 0.998698
8 65 0.999691
8 66 0.999997
8 67 0.329464
8 68 0.019299
8 69 0.051779
8 70 0.997074
8 71 0.687190
8 72 0.999997
8 73 0.999928
8 74 0.889496
8 75 0.108547
8 76 0.153568
8 77 0.995316
8 78 0.905921
8 79 0.999837
8 80 0.999976
8 81 0.096388
8 82 0.999924
8 83 0.005177
8 84 0.999783
8 85 0.999132
8 86 0.999314
8 87 0.999985
8 88 0.999390
8 89 0.986898
8 90 0.969221
8 91 0.011782
8 92 0.998698
8 93 0.999756
8 94 0.999826
8 95 0.997804
8 96 0.495294
8 97 0.999994
8 98 0.997398
8 99 0.999566
9 0 0.108547
9 1 0.189109
9 2 0.051779
9 3 0.862254
9 4 0.994452
9 5 0.999994
9 6 0.029925
9 7 0.999999
9 8 0.006763
9 9 0.000000
9 10 0.989633
9 11 0.998536
9 12 0.719662
9 13 0.998629
9 14 0.998764
9 15 0.978283
9 16 0.189109
9 17 0.138922
9 18 0.998265
9 19 0.963627
9 20 0.768376
9 21 0.999992
9 22 0.999884
9 23 0.999939
9 24 0.997563
9 25 0.999614
9 26 0.983447
9 27 0.014763
9 28 0.984490
9 29 0.998971
9 30 0.999794
9 31 0.988501
9 32 0.894801
9 33 0.998971
9 34 0.998021
9 35 0.019299
9 36 0.838911
9 37 0.999998
9 38 0.743482
9 39 0.999996
9 40 0.901145
9 41 0.071949
9 42 0.005177
9 43 0.981645
9 44 0.999990
9 45 0.975273
9 46 0.998698
9 47 0.999998
9 48 0.757621
9 49 0.999990
9 50 0.998765
9 51 0.932077
9 52 0.999479
9 53 0.999897
9 54 0.069412
9 55 0.992215
9 56 0.999923
9 57 0.862254
9 58 0.999952
9 59 0.989633
9 60 0.980412
9 61 0.029925
9 62 0.268234
9 63 0.477022
9 64 0.060180
9 65 0.996100
9 66 0.999305
9 67 0.993427
9 68 0.998535
9 69 0.743482
9 70 0.513285
9 71 0.999999
9 72 0.028526
9 73 0.329464
9 74 0.999794
9 75 0.999023
9 76 0.998781
9 77 0.999349
9 78 0.999794
9 79 0.993427
9 80 0.948612
9 81 0.372722
9 82 0.995379
9 83 0.530967
9 84 0.999992
9 85 0.999614
9 86 0.998536
9 87 0.998353
9 88 0.997655
9 89 0.999996
9 90 0.372722
9 91 0.999957
9 92 0.434867
9 93 0.999992
9 94 0.999992
9 95 0.999997
9 96 0.434867
9 97 0.862254
9 98 0.996298
9 99 0.999614
10 0 0.991800
10 1 0.999995
10 2 0.993427
10 3 0.590401
10 4 0.548313
10 5 0.071949
10 6 0.999486
10 7 0.855444
10 8 0.999878
10 9 0.989633
10 10 0.000000
10 11 0.011782
10 12 0.997398
10 13 0.999957
10 14 0.972225
10 15 0.999023
10 16 0.862254
10 17 0.153568
10 18 0.999634
10 19 0.448783
10 20 0.997073
10 21 0.999903
10 22 0.029925
10 23 0.991246
10 24 0.994451
10 25 0.876570
10 26 0.914824
10 27 0.920015
10 28 0.673535
10 29 0.999955
10 30 0.434867
10 31 0.975602
10 32 0.999997
10 33 0.998827
10 34 0.051779
10 35 0.019299
10 36 0.227550
10 37 0.996875
10 38 0.998902
10 39 0.999948
10 40 0.268234
10 41 0.429954
10 42 0.999756
10 43 0.997804
10 44 0.517913
10 45 0.034173
10 46 0.477022
10 47 0.999998
10 48 0.999959
10 49 0.999634
10 50 0.096388
10 51 0.998827
10 52 0.999132
10 53 0.040565
10 54 0.996917
10 55 0.999998
10 56 0.998610
10 57 0.999987
10 58 0.029925
10 59 0.997774
10 60 0.372722
10 61 0.999725
10 62 0.999132
10 63 0.965899
10 64 0.999902
10 65 0.994526
10 66 0.415919
10 67 0.999903
10 68 0.986898
10 69 0.999942
10 70 0.974313
10 71 0.042353
10 72 0.348574
10 73 0.975602
10 74 0.999923
10 75 0.108547
10 76 0.971149
10 77 0.999998
10 78 0.999913
10 79 0.999674
10 80 0.999979
10 81 0.035762
10 82 0.999977
10 83 0.967602
10 84 0.999826
10 85 0.996298
10 86 0.942378
10 87 0.035762
10 88 0.999948
10 89 0.993844
10 90 0.535509
10 91 0.889496
10 92 0.882454
10 93 0.495294
10 94 0.999536
10 95 0.997944
10 96 0.995613
10 97 0.391878
10 98 0.011782
10 99 0.108547
11 0 0.999024
11 1 0.999165
11 2 0.999817
11 3 0.999994
11 4 0.951799
11 5 0.996917
11 6 0.999961
11 7 0.434867
11 8 0.999891
11 9 0.998536
11 10 0.011782
11 11 0.000000
11 12 0.011782
11 13 0.995379
11 14 0.042353
11 15 0.999725
11 16 0.999919
11 17 0.513285
11 18 0.996532
11 19 0.999997
11 20 0.936254
11 21 0.995379
11 22 0.999674
11 23 0.983668
11 24 0.999939
11 25 0.995613
11 26 0.071949
11 27 0.996708
11 28 0.999451
11 29 0.998971
11 30 0.991246
11 31 0.954189
11 32 0.996347
11 33 0.998172
11 34 0.329464
11 35 0.029925
11 36 0.082237
11 37 0.005177
11 38 0.999382
11 39 0.939390
11 40 0.994526
11 41 0.990780
11 42 0.014763
11 43 0.995613
11 44 0.999512
11 45 0.999711
11 46 0.924902
11 47 0.997073
11 48 0.999999
11 49 0.972594
11 50 0.999973
11 51 0.868768
11 52 0.189109
11 53 0.999913
11 54 0.997804
11 55 0.999964
11 56 0.999997
11 57 0.999996
11 58 0.268234
11 59 0.999536
11 60 0.999863
11 61 0.994803
11 62 0.172989
11 63 0.998902
11 64 0.768376
11 65 0.999998
11 66 0.999991
11 67 0.999855
11 68 0.189109
11 69 0.998147
11 70 0.153568
11 71 0.862254
11 72 0.999992
11 73 0.305550
11 74 0.138922
11 75 0.997222
11 76 0.999794
11 77 0.997074
11 78 0.999863
11 79 0.168897
11 80 0.992609
11 81 0.999998
11 82 0.999768
11 83 0.999991
11 84 0.995316
11 85 0.951799
11 86 0.999997
11 87 0.942378
11 88 0.998536
11 89 0.999957
11 90 0.999073
11 91 0.999837
11 92 0.997687
11 93 0.552765
11 94 0.051779
11 95 0.999946
11 96 0.936253
11 97 0.268234
11 98 0.205798
11 99 0.035762
12 0 0.901145
12 1 0.687189
12 2 0.997073
12 3 0.019299
12 4 0.998457
12 5 0.963627
12 6 0.928576
12 7 0.768376
12 8 0.990157
12 9 0.719662
12 10 0.997398
12 11 0.011782
12 12 0.000000
12 13 0.999593
12 14 0.590401
12 15 0.982569
12 16 0.035762
12 17 0.997222
12 18 0.986202
12 19 0.999997
12 20 0.049729
12 21 0.999908
12 22 0.999952
12 23 0.029925
12 24 0.019299
12 25 0.999954
12 26 0.999176
12 27 0.513285
12 28 0.019299
12 29 0.743482
12 30 0.997398
12 31 0.949286
12 32 0.999725
12 33 0.951799
12 34 0.818482
12 35 0.999870
12 36 0.999218
12 37 0.108547
12 38 0.996297
12 39 0.227550
12 40 0.936253
12 41 0.999969
12 42 0.999024
12 43 0.994526
12 44 0.998901
12 45 0.996347
12 46 0.999132
12 47 0.998353
12 48 0.994803
12 49 0.999919
12 50 0.999891
12 51 0.626001
12 52 0.931183
12 53 0.998353
12 54 0.991689
12 55 0.999931
12 56 0.812062
12 57 0.082237
12 58 0.051779
12 59 0.569658
12 60 0.019299
12 61 0.999999
12 62 0.999997
12 63 0.994155
12 64 0.982801
12 65 0.019299
12 66 0.999980
12 67 0.996298
12 68 0.999991
12 69 0.019299
12 70 0.996917
12 71 0.999986
12 72 0.978283
12 73 0.990780
12 74 0.999768
12 75 0.329464
12 76 0.006763
12 77 0.870414
12 78 0.998698
12 79 0.928576
12 80 0.989082
12 81 0.999725
12 82 0.997398
12 83 0.999931
12 84 0.005177
12 85 0.205798
12 86 0.999024
12 87 0.999998
12 88 0.999974
12 89 0.051779
12 90 0.994451
12 91 0.999948
12 92 0.999948
12 93 0.996875
12 94 0.999855
12 95 0.999997
12 96 0.999998
12 97 0.999871
12 98 0.999904
12 99 0.286770
13 0 0.637193
13 1 0.999268
13 2 0.434867
13 3 0.060180
13 4 0.569658
13 5 0.023583
13 6 0.999902
13 7 0.995066
13 8 0.996532
13 9 0.998629
13 10 0.999957
13 11 0.995379
13 12 0.999593
13 13 0.000000
13 14 0.999997
13 15 0.982569
13 16 0.999023
13 17 0.305549
13 18 0.999382
13 19 0.999588
13 20 0.998971
13 21 0.905921
13 22 0.731785
13 23 0.999919
13 24 0.999382
13 25 0.999977
13 26 0.998457
13 27 0.999998
13 28 0.989633
13 29 0.999936
13 30 0.998629
13 31 0.999980
13 32 0.754757
13 33 0.928576
13 34 0.999983
13 35 0.991800
13 36 0.992319
13 37 0.974313
13 38 0.998147
13 39 0.976826
13 40 0.954792
13 41 0.372722
13 42 0.659444
13 43 0.911627
13 44 0.999228
13 45 0.998902
13 46 0.999987
13 47 0.998901
13 48 0.999023
13 49 0.997687
13 50 0.995672
13 51 0.995316
13 52 0.995066
13 53 0.997073
13 54 0.999010
13 55 0.998265
13 56 0.999961
13 57 0.005177
13 58 0.812062
13 59 0.901145
13 60 0.998048
13 61 0.999725
13 62 0.986202
13 63 0.812062
13 64 0.901145
13 65 0.035762
13 66 0.535509
13 67 0.999479
13 68 0.969222
13 69 0.999952
13 70 0.999952
13 71 0.535509
13 72 0.121504
13 73 0.999566
13 74 0.999176
13 75 0.324512
13 76 0.138922
13 77 0.932960
13 78 0.999977
13 79 0.995066
13 80 0.999980
13 81 0.999954
13 82 0.768376
13 83 0.606413
13 84 0.988345
13 85 0.991800
13 86 0.999997
13 87 0.999992
13 88 0.329464
13 89 0.019299
13 90 0.996485
13 91 0.954190
13 92 0.999768
13 93 0.998971
13 94 0.002681
13 95 0.999994
13 96 0.999990
13 97 0.281925
13 98 0.910477
13 99 0.999817
14 0 0.999999
14 1 0.535509
14 2 0.999862
14 3 0.069412
14 4 0.495294
14 5 0.999996
14 6 0.372722
14 7 0.989082
14 8 0.029925
14 9 0.998764
14 10 0.972225
14 11 0.042353
14 12 0.590401
14 13 0.999997
14 14 0.000000
14 15 0.999897
14 16 0.172989
14 17 0.973967
14 18 0.998265
14 19 0.998457
14 20 0.999998
14 21 0.071949
14 22 0.999863
14 23 0.189109
14 24 0.029925
14 25 0.644918
14 26 0.809759
14 27 0.999984
14 28 0.999983
14 29 0.979374
14 30 0.999780
14 31 0.060180
14 32 0.006763
14 33 0.904700
14 34 0.999743
14 35 0.731785
14 36 0.992609
14 37 0.963627
14 38 0.999994
14 39 0.659444
14 40 0.999988
14 41 0.978283
14 42 0.227550
14 43 0.993844
14 44 0.687190
14 45 0.999997
14 46 0.082237
14 47 0.999451
14 48 0.999997
14 49 0.999593
14 50 0.999942
14 51 0.997073
14 52 0.138922
14 53 0.998048
14 54 0.874996
14 55 0.999817
14 56 0.060180
14 57 0.590401
14 58 0.945939
14 59 0.999997
14 60 0.999964
14 61 0.899866
14 62 0.999768
14 63 0.999794
14 64 0.999884
14 65 0.778725
14 66 0.999961
14 67 0.168897
14 68 0.429954
14 69 0.985469
14 70 0.999512
14 71 0.998048
14 72 0.999981
14 73 0.999935
14 74 0.882454
14 75 0.999998
14 76 0.995066
14 77 0.981645
14 78 0.999939
14 79 0.999999
14 80 0.029925
14 81 0.999998
14 82 0.108547
14 83 0.071949
14 84 0.894801
14 85 0.513285
14 86 0.980411
14 87 0.754757
14 88 0.153568
14 89 0.168897
14 90 0.998241
14 91 0.153568
14 92 0.928576
14 93 0.999349
14 94 0.997718
14 95 0.932077
14 96 0.991363
14 97 0.999995
14 98 0.153568
14 99 0.990157
15 0 0.932960
15 1 0.999634
15 2 0.999998
15 3 0.011782
15 4 0.954189
15 5 0.989082
15 6 0.999725
15 7 0.996917
15 8 0.205798
15 9 0.978283
15 10 0.999023
15 11 0.999725
15 12 0.982569
15 13 0.982569
15 14 0.999897
15 15 0.000000
15 16 0.987726
15 17 0.999897
15 18 0.791203
15 19 0.999999
15 20 0.999878
15 21 0.999382
15 22 0.999987
15 23 0.999725
15 24 0.967602
15 25 0.976826
15 26 0.051779
15 27 0.743482
15 28 0.051779
15 29 0.997530
15 30 0.999919
15 31 0.999794
15 32 0.999996
15 33 0.999987
15 34 0.205798
15 35 0.453650
15 36 0.874997
15 37 0.268234
15 38 0.998265
15 39 0.999268
15 40 0.757621
15 41 0.995067
15 42 0.998764
15 43 0.999739
15 44 0.846427
15 45 0.029925
15 46 0.999946
15 47 0.999997
15 48 0.690668
15 49 0.954189
15 50 0.014763
15 51 0.990780
15 52 0.999998
15 53 0.329464
15 54 0.071949
15 55 0.984490
15 56 0.820692
15 57 0.999989
15 58 0.999537
15 59 0.901145
15 60 0.992215
15 61 0.991800
15 62 0.453650
15 63 0.987559
15 64 0.999978
15 65 0.999956
15 66 0.029925
15 67 0.999349
15 68 0.121504
15 69 0.005177
15 70 0.999771
15 71 0.999771
15 72 0.800668
15 73 0.999711
15 74 0.999995
15 75 0.477022
15 76 0.002681
15 77 0.071949
15 78 0.005177
15 79 0.997916
15 80 0.987559
15 81 0.995066
15 82 0.984491
15 83 0.019299
15 84 0.999939
15 85 0.051779
15 86 0.992215
15 87 0.961718
15 88 0.999997
15 89 0.999949
15 90 0.990158
15 91 0.999998
15 92 0.999996
15 93 0.945939
15 94 0.999964
15 95 0.993427
15 96 0.535509
15 97 0.998971
15 98 0.477022
15 99 0.999994
16 0 0.995066
16 1 0.975273
16 2 0.999349
16 3 0.998764
16 4 0.105308
16 5 0.999634
16 6 0.976826
16 7 0.932960
16 8 0.108547
16 9 0.189109
16 10 0.862254
16 11 0.999919
16 12 0.035762
16 13 0.999023
16 14 0.172989
16 15 0.987726
16 16 0.000000
16 17 0.998241
16 18 0.997530
16 19 0.999998
16 20 0.019299
16 21 0.945939
16 22 0.998375
16 23 0.999634
16 24 0.954189
16 25 0.999992
16 26 0.035762
16 27 0.996347
16 28 0.003622
16 29 0.999228
16 30 0.969221
16 31 0.153568
16 32 0.071949
16 33 0.999996
16 34 0.172989
16 35 0.951799
16 36 0.999985
16 37 0.999999
16 38 0.997259
16 39 0.999998
16 40 0.999390
16 41 0.999993
16 42 0.994803
16 43 0.051779
16 44 0.999845
16 45 0.429954
16 46 0.999451
16 47 0.951799
16 48 0.998764
16 49 0.999988
16 50 0.973967
16 51 0.991246
16 52 0.999609
16 53 0.999997
16 54 0.626001
16 55 0.991689
16 56 0.999946
16 57 0.992215
16 58 0.029925
16 59 0.994452
16 60 0.983668
16 61 0.999971
16 62 0.999451
16 63 0.999919
16 64 0.981645
16 65 0.991246
16 66 0.951799
16 67 0.687189
16 68 0.391878
16 69 0.993427
16 70 0.005177
16 71 0.029925
16 72 0.999988
16 73 0.998265
16 74 0.082237
16 75 0.999964
16 76 0.965899
16 77 0.999634
16 78 0.626001
16 79 0.535509
16 80 0.791202
16 81 0.999946
16 82 0.121504
16 83 0.999973
16 84 0.999923
16 85 0.999756
16 86 0.029925
16 87 0.959174
16 88 0.999994
16 89 0.999980
16 90 0.999451
16 91 0.011782
16 92 0.928576
16 93 0.996297
16 94 0.990780
16 95 0.999974
16 96 0.998536
16 97 0.019299
16 98 0.894801
16 99 0.003622
17 0 0.990157
17 1 0.716439
17 2 0.985469
17 3 0.329464
17 4 0.996100
17 5 0.754758
17 6 0.996875
17 7 0.329464
17 8 0.999725
17 9 0.138922
17 10 0.153568
17 11 0.513285
17 12 0.997222
17 13 0.305549
17 14 0.973967
17 15 0.999897
17 16 0.998241
17 17 0.000000
17 18 0.172989
17 19 0.999973
17 20 0.999817
17 21 0.838911
17 22 0.999451
17 23 0.999837
17 24 0.999566
17 25 0.641070
17 26 0.035762
17 27 0.996708
17 28 0.961718
17 29 0.999988
17 30 0.029925
17 31 0.286770
17 32 0.011782
17 33 0.513285
17 34 0.968808
17 35 0.999421
17 36 0.899866
17 37 0.999990
17 38 0.910477
17 39 0.082237
17 40 0.999999
17 41 0.961206
17 42 0.999971
17 43 0.071949
17 44 0.812062
17 45 0.644918
17 46 0.153568
17 47 0.936253
17 48 0.999024
17 49 0.951157
17 50 0.999132
17 51 0.019299
17 52 0.994155
17 53 0.948612
17 54 0.991246
17 55 0.999566
17 56 0.999948
17 57 0.999739
17 58 0.997073
17 59 0.831064
17 60 0.998698
17 61 0.517913
17 62 0.996917
17 63 0.998375
17 64 0.434867
17 65 0.998698
17 66 0.951799
17 67 0.999999
17 68 0.988934
17 69 0.809759
17 70 0.410971
17 71 0.998241
17 72 0.985272
17 73 0.641070
17 74 0.999855
17 75 0.927638
17 76 0.999891
17 77 0.042353
17 78 0.994803
17 79 0.998436
17 80 0.999228
17 81 0.999954
17 82 0.985272
17 83 0.996347
17 84 0.876571
17 85 0.999807
17 86 0.936253
17 87 0.999228
17 88 0.071949
17 89 0.997073
17 90 0.495294
17 91 0.999974
17 92 0.940181
17 93 0.051779
17 94 0.999996
17 95 0.928576
17 96 0.999999
17 97 0.999679
17 98 0.993844
17 99 0.999948
18 0 0.999725
18 1 0.993760
18 2 0.992609
18 3 0.999536
18 4 0.754758
18 5 0.998048
18 6 0.999981
18 7 0.943131
18 8 0.999512
18 9 0.998265
18 10 0.999634
18 11 0.996532
18 12 0.986202
18 13 0.999382
18 14 0.998265
18 15 0.791203
18 16 0.997530
18 17 0.172989
18 18 0.000000
18 19 0.899866
18 20 0.990780
18 21 0.820692
18 22 0.996708
18 23 0.976826
18 24 0.997687
18 25 0.029925
18 26 0.999984
18 27 0.999957
18 28 0.999634
18 29 0.999756
18 30 0.005177
18 31 0.999991
18 32 0.982569
18 33 0.993844
18 34 0.997398
18 35 0.029925
18 36 0.993077
18 37 0.894801
18 38 0.019299
18 39 0.168897
18 40 0.999961
18 41 0.876570
18 42 0.999994
18 43 0.812062
18 44 0.999997
18 45 0.899866
18 46 0.969222
18 47 0.700408
18 48 0.019299
18 49 0.996100
18 50 0.998375
18 51 0.999588
18 52 0.999986
18 53 0.997073
18 54 0.999382
18 55 0.029925
18 56 0.999999
18 57 0.999783
18 58 0.963139
18 59 0.959174
18 60 0.999566
18 61 0.999829
18 62 0.999382
18 63 0.998901
18 64 0.905921
18 65 0.263461
18 66 0.987559
18 67 0.997073
18 68 0.999957
18 69 0.135231
18 70 0.999634
18 71 0.999998
18 72 0.999990
18 73 0.943130
18 74 0.999634
18 75 0.883941
18 76 0.071949
18 77 0.673535
18 78 0.967167
18 79 0.997222
18 80 0.999846
18 81 0.999588
18 82 0.997073
18 83 0.991246
18 84 0.372722
18 85 0.883941
18 86 0.051779
18 87 0.998147
18 88 0.138922
18 89 0.999458
18 90 0.019299
18 91 0.998902
18 92 0.245316
18 93 0.999537
18 94 0.703771
18 95 0.965899
18 96 0.999971
18 97 0.894801
18 98 0.410971
18 99 0.991363
19 0 0.153568
19 1 0.999973
19 2 0.023583
19 3 0.051779
19 4 0.914824
19 5 0.957037
19 6 0.999614
19 7 0.868768
19 8 0.641070
19 9 0.963627
19 10 0.448783
19 11 0.999997
19 12 0.999997
19 13 0.999588
19 14 0.998457
19 15 0.999999
19 16 0.999998
19 17 0.999973
19 18 0.899866
19 19 0.000000
19 20 0.987725
19 21 0.999984
19 22 0.035762
19 23 0.108547
19 24 0.071949
19 25 0.999314
19 26 0.978283
19 27 0.965441
19 28 0.999996
19 29 0.997687
19 30 0.329464
19 31 0.768376
19 32 0.999817
19 33 0.993516
19 34 0.051779
19 35 0.860512
19 36 0.051779
19 37 0.978283
19 38 0.999969
19 39 0.999725
19 40 0.990780
19 41 0.999969
19 42 0.999973
19 43 0.999837
19 44 0.997363
19 45 0.348574
19 46 0.998698
19 47 0.989082
19 48 0.985272
19 49 0.999977
19 50 0.986898
19 51 0.999909
19 52 0.995379
19 53 0.999990
19 54 0.535509
19 55 0.999485
19 56 0.573990
19 57 0.915921
19 58 0.999928
19 59 0.975602
19 60 0.997073
19 61 0.999382
19 62 0.998265
19 63 0.994803
19 64 0.997259
19 65 0.882454
19 66 0.928576
19 67 0.995613
19 68 0.959174
19 69 0.999132
19 70 0.982801
19 71 0.994156
19 72 0.996708
19 73 0.996532
19 74 0.005177
19 75 0.999997
19 76 0.108547
19 77 0.071949
19 78 0.011782
19 79 0.999995
19 80 0.029925
19 81 0.911627
19 82 0.965441
19 83 0.999268
19 84 0.071949
19 85 0.286770
19 86 0.999952
19 87 0.999999
19 88 0.999267
19 89 0.998901
19 90 0.999132
19 91 0.993760
19 92 0.999990
19 93 0.818482
19 94 0.029925
19 95 0.999314
19 96 0.096388
19 97 0.019299
19 98 0.999999
19 99 0.994155
20 0 0.915921
20 1 0.286770
20 2 0.999971
20 3 0.949286
20 4 0.999919
20 5 0.894801
20 6 0.993427
20 7 0.245316
20 8 0.530966
20 9 0.768376
20 10 0.997073
20 11 0.936254
20 12 0.049729
20 13 0.998971
20 14 0.999998
20 15 0.999878
20 16 0.019299
20 17 0.999817
20 18 0.990780
20 19 0.987725
20 20 0.000000
20 21 0.205798
20 22 0.029925
20 23 0.923918
20 24 0.999349
20 25 0.999997
20 26 0.973967
20 27 0.011782
20 28 0.999919
20 29 0.999908
20 30 0.071949
20 31 0.999983
20 32 0.975602
20 33 0.999997
20 34 0.690668
20 35 0.998764
20 36 0.994155
20 37 0.998265
20 38 0.956464
20 39 0.973968
20 40 0.999990
20 41 0.994803
20 42 0.286770
20 43 0.245316
20 44 0.023583
20 45 0.999783
20 46 0.988934
20 47 0.011782
20 48 0.997916
20 49 0.108547
20 50 0.999997
20 51 0.996532
20 52 0.999756
20 53 0.391878
20 54 0.993077
20 55 0.019299
20 56 0.999897
20 57 0.999268
20 58 0.004818
20 59 0.999980
20 60 0.999783
20 61 0.029925
20 62 0.836903
20 63 0.029925
20 64 0.042353
20 65 0.051779
20 66 0.606413
20 67 0.999458
20 68 0.999479
20 69 0.998457
20 70 0.999954
20 71 0.019299
20 72 0.999993
20 73 0.999992
20 74 0.082237
20 75 0.812062
20 76 0.999990
20 77 0.988345
20 78 0.971149
20 79 0.768376
20 80 0.029925
20 81 0.994803
20 82 0.954792
20 83 0.965899
20 84 0.999536
20 85 0.348574
20 86 0.999863
20 87 0.999086
20 88 0.838911
20 89 0.998698
20 90 0.245316
20 91 0.002681
20 92 0.999634
20 93 0.894801
20 94 0.035762
20 95 0.997259
20 96 0.828969
20 97 0.923918
20 98 0.019299
20 99 0.996532
21 0 0.999919
21 1 0.999985
21 2 0.998147
21 3 0.019299
21 4 0.999132
21 5 0.008716
21 6 0.994156
21 7 0.029925
21 8 0.992215
21 9 0.999992
21 10 0.999903
21 11 0.995379
21 12 0.999908
21 13 0.905921
21 14 0.071949
21 15 0.999382
21 16 0.945939
21 17 0.838911
21 18 0.820692
21 19 0.999984
21 20 0.205798
21 21 0.000000
21 22 0.626001
21 23 0.999998
21 24 0.999994
21 25 0.999674
21 26 0.999990
21 27 0.996347
21 28 0.995613
21 29 0.999878
21 30 0.981396
21 31 0.998629
21 32 0.991689
21 33 0.982569
21 34 0.011782
21 35 0.999652
21 36 0.005177
21 37 0.999314
21 38 0.999998
21 39 0.848329
21 40 0.999998
21 41 0.999988
21 42 0.768376
21 43 0.999817
21 44 0.996298
21 45 0.993427
21 46 0.997222
21 47 0.348574
21 48 0.999998
21 49 0.820692
21 50 0.999971
21 51 0.855444
21 52 0.996100
21 53 0.999382
21 54 0.743482
21 55 0.996532
21 56 0.005177
21 57 0.999942
21 58 0.999783
21 59 0.831064
21 60 0.999314
21 61 0.998843
21 62 0.999990
21 63 0.999993
21 64 0.778725
21 65 0.992983
21 66 0.853624
21 67 0.977990
21 68 0.803068
21 69 0.987725
21 70 0.862254
21 71 0.998698
21 72 0.023583
21 73 0.998698
21 74 0.999421
21 75 0.005177
21 76 0.051779
21 77 0.999132
21 78 0.999991
21 79 0.005177
21 80 0.996875
21 81 0.971149
21 82 0.967601
21 83 0.108547
21 84 0.999998
21 85 0.999991
21 86 0.998610
21 87 0.999609
21 88 0.993427
21 89 0.999996
21 90 0.606413
21 91 0.014763
21 92 0.999935
21 93 0.999904
21 94 0.019299
21 95 0.035762
21 96 0.990780
21 97 0.985469
21 98 0.035762
21 99 0.970761
22 0 0.997363
22 1 0.135231
22 2 0.998698
22 3 0.960687
22 4 0.071949
22 5 0.999983
22 6 0.998147
22 7 0.168897
22 8 0.999977
22 9 0.999884
22 10 0.029925
22 11 0.999674
22 12 0.999952
22 13 0.731785
22 14 0.999863
22 15 0.999987
22 16 0.998375
22 17 0.999451
22 18 0.996708
22 19 0.035762
22 20 0.029925
22 21 0.626001
22 22 0.000000
22 23 0.999073
22 24 0.029925
22 25 0.999951
22 26 0.992609
22 27 0.993077
22 28 0.669914
22 29 0.051779
22 30 0.990289
22 31 0.999807
22 32 0.348574
22 33 0.999997
22 34 0.997530
22 35 0.005177
22 36 0.999924
22 37 0.932075
22 38 0.999993
22 39 0.019299
22 40 0.051779
22 41 0.999725
22 42 0.999176
22 43 0.999566
22 44 0.920015
22 45 0.999878
22 46 0.846427
22 47 0.999382
22 48 0.998698
22 49 0.453650
22 50 0.999024
22 51 0.999674
22 52 0.987726
22 53 0.999228
22 54 0.999176
22 55 0.999024
22 56 0.999593
22 57 0.961206
22 58 0.999928
22 59 0.969222
22 60 0.999994
22 61 0.999902
22 62 0.168897
22 63 0.051779
22 64 0.998535
22 65 0.029925
22 66 0.999783
22 67 0.949286
22 68 0.999837
22 69 0.999998
22 70 0.999998
22 71 0.999959
22 72 0.999946
22 73 0.982569
22 74 0.910477
22 75 0.035762
22 76 0.999908
22 77 0.999968
22 78 0.999964
22 79 0.999829
22 80 0.935413
22 81 0.818483
22 82 0.999657
22 83 0.999991
22 84 0.082237
22 85 0.999949
22 86 0.994526
22 87 0.096388
22 88 0.999931
22 89 0.999268
22 90 0.999176
22 91 0.999691
22 92 0.172989
22 93 0.994803
22 94 0.999998
22 95 0.985469
22 96 0.977989
22 97 0.999862
22 98 0.999982
22 99 0.972594
23 0 0.999989
23 1 0.673535
23 2 0.997687
23 3 0.781351
23 4 0.071949
23 5 0.189109
23 6 0.590401
23 7 0.994526
23 8 0.999985
23 9 0.999939
23 10 0.991246
23 11 0.983668
23 12 0.029925
23 13 0.999919
23 14 0.189109
23 15 0.999725
23 16 0.999634
23 17 0.999837
23 18 0.976826
23 19 0.108547
23 20 0.923918
23 21 0.999998
23 22 0.999073
23 23 0.000000
23 24 0.108547
23 25 0.987073
23 26 0.999268
23 27 0.905921
23 28 0.993077
23 29 0.999946
23 30 0.999973
23 31 0.989633
23 32 0.434867
23 33 0.999218
23 34 0.996100
23 35 0.980411
23 36 0.999756
23 37 0.999982
23 38 0.019299
23 39 0.996100
23 40 0.999991
23 41 0.005177
23 42 0.914824
23 43 0.880949
23 44 0.011782
23 45 0.999711
23 46 0.348574
23 47 0.719662
23 48 0.184861
23 49 0.999132
23 50 0.029925
23 51 0.999908
23 52 0.999997
23 53 0.996875
23 54 0.999588
23 55 0.986202
23 56 0.011782
23 57 0.108547
23 58 0.999176
23 59 0.002681
23 60 0.932077
23 61 0.988345
23 62 0.071949
23 63 0.998536
23 64 0.995892
23 65 0.868768
23 66 0.999024
23 67 0.999817
23 68 0.965899
23 69 0.999992
23 70 0.172989
23 71 0.998902
23 72 0.001794
23 73 0.981645
23 74 0.989082
23 75 0.921048
23 76 0.995613
23 77 0.967167
23 78 0.019299
23 79 0.245316
23 80 0.019299
23 81 0.999999
23 82 0.082237
23 83 0.969222
23 84 0.936254
23 85 0.999959
23 86 0.999939
23 87 0.999908
23 88 0.995379
23 89 0.999990
23 90 0.286770
23 91 0.138922
23 92 0.998265
23 93 0.060180
23 94 0.995067
23 95 0.791203
23 96 0.989082
23 97 0.999691
23 98 0.942378
23 99 0.659444
24 0 0.999998
24 1 0.999817
24 2 0.999421
24 3 0.999609
24 4 0.820692
24 5 0.972594
24 6 0.999988
24 7 0.991689
24 8 0.999390
24 9 0.997563
24 10 0.994451
24 11 0.999939
24 12 0.019299
24 13 0.999382
24 14 0.029925
24 15 0.967602
24 16 0.954189
24 17 0.999566
24 18 0.997687
24 19 0.071949
24 20 0.999349
24 21 0.999994
24 22 0.029925
24 23 0.108547
24 24 0.000000
24 25 0.996100
24 26 0.981645
24 27 0.999998
24 28 0.820692
24 29 0.998147
24 30 0.997916
24 31 0.168897
24 32 0.184861
24 33 0.986898
24 34 0.999837
24 35 0.011782
24 36 0.989082
24 37 0.997259
24 38 0.846427
24 39 0.999845
24 40 0.999634
24 41 0.029925
24 42 0.757621
24 43 0.959174
24 44 0.959174
24 45 0.999996
24 46 0.997259
24 47 0.838911
24 48 0.998536
24 49 0.999998
24 50 0.999870
24 51 0.754758
24 52 0.108547
24 53 0.011782
24 54 0.853624
24 55 0.005177
24 56 0.978283
24 57 0.019299
24 58 0.757621
24 59 0.051779
24 60 0.993516
24 61 0.967602
24 62 0.924902
24 63 0.999939
24 64 0.999837
24 65 0.740481
24 66 0.997073
24 67 0.999768
24 68 0.984490
24 69 0.172989
24 70 0.998536
24 71 0.999132
24 72 0.082237
24 73 0.951798
24 74 0.999743
24 75 0.019299
24 76 0.227550
24 77 0.453650
24 78 0.995066
24 79 0.998827
24 80 0.999998
24 81 0.999634
24 82 0.093360
24 83 0.999382
24 84 0.999897
24 85 0.472230
24 86 0.999817
24 87 0.168897
24 88 0.590401
24 89 0.999132
24 90 0.189109
24 91 0.928576
24 92 0.703771
24 93 0.153568
24 94 0.999996
24 95 0.999919
24 96 0.610510
24 97 0.998902
24 98 0.983667
24 99 0.999908
25 0 0.812062
25 1 0.999783
25 2 0.999845
25 3 0.005177
25 4 0.108547
25 5 0.993516
25 6 0.998353
25 7 0.942377
25 8 0.967602
25 9 0.999614
25 10 0.876570
25 11 0.995613
25 12 0.999954
25 13 0.999977
25 14 0.644918
25 15 0.976826
25 16 0.999992
25 17 0.641070
25 18 0.029925
25 19 0.999314
25 20 0.999997
25 21 0.999674
25 22 0.999951
25 23 0.987073
25 24 0.996100
25 25 0.000000
25 26 0.768376
25 27 0.999998
25 28 0.999928
25 29 0.999863
25 30 0.606413
25 31 0.982569
25 32 0.997563
25 33 0.082237
25 34 0.999413
25 35 0.659444
25 36 0.029925
25 37 0.245316
25 38 0.754758
25 39 0.954189
25 40 0.051779
25 41 0.998843
25 42 0.201407
25 43 0.725528
25 44 0.051779
25 45 0.888076
25 46 0.453650
25 47 0.391878
25 48 0.949286
25 49 0.453650
25 50 0.477022
25 51 0.899866
25 52 0.999961
25 53 0.999390
25 54 0.993760
25 55 0.997073
25 56 0.999739
25 57 0.997687
25 58 0.893445
25 59 0.931184
25 60 0.135231
25 61 0.069412
25 62 0.999984
25 63 0.999989
25 64 0.999132
25 65 0.992215
25 66 0.071949
25 67 0.768376
25 68 0.003622
25 69 0.995066
25 70 0.998843
25 71 0.263461
25 72 0.135231
25 73 0.659444
25 74 0.153568
25 75 0.011782
25 76 0.286770
25 77 0.138922
25 78 0.999536
25 79 0.999634
25 80 0.838911
25 81 0.573990
25 82 0.071949
25 83 0.991689
25 84 0.999132
25 85 0.999954
25 86 0.096388
25 87 0.942378
25 88 0.999711
25 89 0.945939
25 90 0.035762
25 91 0.996708
25 92 0.998437
25 93 0.992982
25 94 0.778726
25 95 0.011782
25 96 0.108547
25 97 0.932076
25 98 0.959174
25 99 0.999990
26 0 0.530967
26 1 0.999878
26 2 0.998764
26 3 0.659444
26 4 0.227550
26 5 0.060180
26 6 0.051779
26 7 0.029925
26 8 0.051779
26 9 0.983447
26 10 0.914824
26 11 0.071949
26 12 0.999176
26 13 0.998457
26 14 0.809759
26 15 0.051779
26 16 0.035762
26 17 0.035762
26 18 0.999984
26 19 0.978283
26 20 0.973967
26 21 0.999990
26 22 0.992609
26 23 0.999268
26 24 0.981645
26 25 0.768376
26 26 0.000000
26 27 0.999382
26 28 0.999023
26 29 0.999609
26 30 0.205798
26 31 0.986202
26 32 0.963627
26 33 0.998536
26 34 0.991689
26 35 0.997916
26 36 0.999536
26 37 0.999998
26 38 0.992109
26 39 0.029925
26 40 0.979374
26 41 0.904700
26 42 0.996297
26 43 0.687189
26 44 0.999949
26 45 0.996917
26 46 0.071949
26 47 0.999914
26 48 0.042353
26 49 0.472230
26 50 0.029925
26 51 0.999863
26 52 0.932960
26 53 0.998698
26 54 0.880950
26 55 0.011782
26 56 0.999588
26 57 0.060180
26 58 0.945939
26 59 0.990655
26 60 0.029925
26 61 0.939390
26 62 0.999936
26 63 0.999997
26 64 0.882454
26 65 0.999995
26 66 0.984491
26 67 0.876570
26 68 0.999996
26 69 0.999973
26 70 0.999988
26 71 0.096388
26 72 0.961205
26 73 0.999855
26 74 0.995613
26 75 0.988934
26 76 0.153568
26 77 0.999349
26 78 0.965441
26 79 0.005177
26 80 0.993844
26 81 0.029925
26 82 0.029925
26 83 0.005177
26 84 0.999756
26 85 0.998536
26 86 0.999983
26 87 0.904700
26 88 0.991246
26 89 0.999228
26 90 0.999739
26 91 0.019299
26 92 0.999991
26 93 0.135231
26 94 0.992109
26 95 0.985272
26 96 0.999923
26 97 0.757621
26 98 0.838911
26 99 0.943131
27 0 0.035762
27 1 0.019299
27 2 0.972594
27 3 0.999807
27 4 0.999998
27 5 0.990780
27 6 0.028526
27 7 0.923918
27 8 0.999973
27 9 0.014763
27 10 0.920015
27 11 0.996708
27 12 0.513285
27 13 0.999998
27 14 0.999984
27 15 0.743482
27 16 0.996347
27 17 0.996708
27 18 0.999957
27 19 0.965441
27 20 0.011782
27 21 0.996347
27 22 0.993077
27 23 0.905921
27 24 0.999998
27 25 0.999998
27 26 0.999382
27 27 0.000000
27 28 0.757621
27 29 0.329464
27 30 0.988934
27 31 0.391878
27 32 0.998436
27 33 0.996100
27 34 0.998353
27 35 0.999996
27 36 0.973967
27 37 0.800668
27 38 0.923918
27 39 0.998353
27 40 0.703771
27 41 0.999991
27 42 0.998764
27 43 0.846427
27 44 0.019299
27 45 0.999966
27 46 0.996100
27 47 0.029925
27 48 0.999855
27 49 0.999674
27 50 0.999977
27 51 0.096388
