0 0 0.000000
0 1 0.240658
0 2 0.999997
0 3 0.071949
0 4 0.999995
0 5 0.999994
0 6 0.999998
0 7 0.999993
0 8 0.999997
0 9 0.035762
0 10 0.998436
0 11 0.999998
0 12 0.617998
0 13 0.319567
0 14 0.999998
0 15 0.997530
0 16 0.992887
0 17 0.999207
0 18 0.999990
0 19 0.060180
0 20 0.995554
0 21 0.999996
0 22 0.999577
0 23 0.999997
0 24 0.999998
0 25 0.999512
0 26 0.996047
0 27 0.035762
0 28 0.998887
0 29 0.999961
0 30 0.991689
0 31 0.023583
0 32 0.999973
0 33 0.999994
0 34 0.999891
0 35 0.999999
0 36 0.999998
0 37 0.003622
0 38 0.999996
0 39 0.999998
0 40 0.999997
0 41 0.999998
0 42 0.984067
0 43 0.495294
0 44 0.467421
0 45 0.978814
0 46 0.999990
0 47 0.999896
0 48 0.999994
0 49 0.999553
0 50 0.999995
0 51 0.348574
0 52 0.999991
0 53 0.999999
0 54 0.006763
0 55 0.975602
0 56 0.824709
0 57 0.005177
0 58 0.768376
0 59 0.680144
0 60 0.999998
0 61 0.999965
0 62 0.997398
0 63 0.005177
0 64 0.999996
0 65 0.999843
0 66 0.975602
0 67 0.826850
0 68 0.999954
0 69 0.000372
0 70 0.999994
0 71 0.999996
0 72 0.999824
0 73 0.999997
0 74 0.999982
0 75 0.999997
0 76 0.051779
0 77 0.005177
0 78 0.999996
0 79 0.999948
0 80 0.999998
0 81 0.069412
0 82 0.999997
0 83 0.999652
0 84 0.999999
0 85 0.002681
0 86 0.999861
0 87 0.954189
0 88 0.995779
0 89 0.999405
0 90 0.999999
0 91 0.999998
0 92 0.999921
0 93 0.995836
0 94 0.051779
0 95 0.999479
0 96 0.999967
0 97 0.999982
0 98 0.999947
0 99 0.999073
1 0 0.240658
1 1 0.000000
1 2 0.999960
1 3 0.999998
1 4 0.999999
1 5 0.768376
1 6 0.626001
1 7 0.149692
1 8 0.999998
1 9 0.429954
1 10 0.999998
1 11 0.999967
1 12 0.851783
1 13 0.999926
1 14 0.093360
1 15 0.999999
1 16 0.998217
1 17 0.448785
1 18 0.999998
1 19 0.999998
1 20 0.836903
1 21 0.999994
1 22 0.105307
1 23 0.999826
1 24 0.999866
1 25 0.999994
1 26 0.999995
1 27 0.019299
1 28 0.999826
1 29 0.051779
1 30 0.999998
1 31 0.998997
1 32 0.999060
1 33 0.034174
1 34 0.993077
1 35 0.917908
1 36 0.999992
1 37 0.999749
1 38 0.999997
1 39 0.999991
1 40 0.999999
1 41 0.999938
1 42 0.263461
1 43 0.011782
1 44 0.990655
1 45 0.798243
1 46 0.999985
1 47 0.999997
1 48 0.999722
1 49 0.999998
1 50 0.999890
1 51 0.000218
1 52 0.999998
1 53 0.002681
1 54 0.999990
1 55 0.999999
1 56 0.999890
1 57 0.093360
1 58 0.999997
1 59 0.999997
1 60 0.004818
1 61 0.991127
1 62 0.999999
1 63 0.121504
1 64 0.434867
1 65 0.995722
1 66 0.999996
1 67 0.999997
1 68 0.999983
1 69 0.999969
1 70 0.999998
1 71 0.999999
1 72 0.006763
1 73 0.999959
1 74 0.071949
1 75 0.005177
1 76 0.005177
1 77 0.999982
1 78 0.999999
1 79 0.060180
1 80 0.997073
1 81 0.002681
1 82 0.999996
1 83 0.999998
1 84 0.213996
1 85 0.999998
1 86 0.019299
1 87 0.999998
1 88 0.999530
1 89 0.999998
1 90 0.999996
1 91 0.019299
1 92 0.189109
1 93 0.999999
1 94 0.005177
1 95 0.999994
1 96 0.922921
1 97 0.999812
1 98 0.987073
1 99 0.968808
2 0 0.999997
2 1 0.999960
2 2 0.000000
2 3 0.999996
2 4 0.999929
2 5 0.999498
2 6 0.006763
2 7 0.999961
2 8 0.998309
2 9 0.051779
2 10 0.999405
2 11 0.999980
2 12 0.999998
2 13 0.999990
2 14 0.999972
2 15 0.999998
2 16 0.999990
2 17 0.999995
2 18 0.999498
2 19 0.003622
2 20 0.999998
2 21 0.999998
2 22 0.999988
2 23 0.999995
2 24 0.999990
2 25 0.999975
2 26 0.999999
2 27 0.786128
2 28 0.999974
2 29 0.999566
2 30 0.011782
2 31 0.999997
2 32 0.005177
2 33 0.999998
2 34 0.006317
2 35 0.999991
2 36 0.999443
2 37 0.028526
2 38 0.998147
2 39 0.002681
2 40 0.999629
2 41 0.999998
2 42 0.051779
2 43 0.118059
2 44 0.999998
2 45 0.138922
2 46 0.999996
2 47 0.999991
2 48 0.999983
2 49 0.986720
2 50 0.999993
2 51 0.023583
2 52 0.019299
2 53 0.999959
2 54 0.998591
2 55 0.999999
2 56 0.999984
2 57 0.999994
2 58 0.153568
2 59 0.999959
2 60 0.999868
2 61 0.999986
2 62 0.453650
2 63 0.999997
2 64 0.999988
2 65 0.999978
2 66 0.999999
2 67 0.011782
2 68 0.069412
2 69 0.999987
2 70 0.999996
2 71 0.999969
2 72 0.999987
2 73 0.998887
2 74 0.999997
2 75 0.999999
2 76 0.006763
2 77 0.999826
2 78 0.999843
2 79 0.999998
2 80 0.121504
2 81 0.999997
2 82 0.999998
2 83 0.996875
2 84 0.999981
2 85 0.999998
2 86 0.000372
2 87 0.999981
2 88 0.060180
2 89 0.999987
2 90 0.999998
2 91 0.999994
2 92 0.999954
2 93 0.002681
2 94 0.011782
2 95 0.999994
2 96 0.998997
2 97 0.999997
2 98 0.999780
2 99 0.999998
3 0 0.071949
3 1 0.999998
3 2 0.999996
3 3 0.000000
3 4 0.999998
3 5 0.999997
3 6 0.995554
3 7 0.962147
3 8 0.836903
3 9 0.999998
3 10 0.948613
3 11 0.999998
3 12 0.002681
3 13 0.121504
3 14 0.324511
3 15 0.011782
3 16 0.999998
3 17 0.951798
3 18 0.999982
3 19 0.060180
3 20 0.999991
3 21 0.019299
3 22 0.999985
3 23 0.999999
3 24 0.999969
3 25 0.005177
3 26 0.983447
3 27 0.999997
3 28 0.992215
3 29 0.999993
3 30 0.060180
3 31 0.029925
3 32 0.996833
3 33 0.999991
3 34 0.998663
3 35 0.999996
3 36 0.999999
3 37 0.999999
3 38 0.999965
3 39 0.999977
3 40 0.820692
3 41 0.998415
3 42 0.999886
3 43 0.999998
3 44 0.999855
3 45 0.999997
3 46 0.999999
3 47 0.999998
3 48 0.999998
3 49 0.999992
3 50 0.999977
3 51 0.999998
3 52 0.999916
3 53 0.999999
3 54 0.019299
3 55 0.999247
3 56 0.999471
3 57 0.999721
3 58 0.000372
3 59 0.071949
3 60 0.987390
3 61 0.999951
3 62 0.999997
3 63 0.999999
3 64 0.002681
3 65 0.138922
3 66 0.958629
3 67 0.999996
3 68 0.976514
3 69 0.998629
3 70 0.999997
3 71 0.999998
3 72 0.999973
3 73 0.993338
3 74 0.999995
3 75 0.788679
3 76 0.999998
3 77 0.959174
3 78 0.703771
3 79 0.820692
3 80 0.999922
3 81 0.999997
3 82 0.982801
3 83 0.999999
3 84 0.999997
3 85 0.003622
3 86 0.999997
3 87 0.999995
3 88 0.955884
3 89 0.999998
3 90 0.999765
3 91 0.005177
3 92 0.855444
3 93 0.989633
3 94 0.005177
3 95 0.999207
3 96 0.168897
3 97 0.999999
3 98 0.910477
3 99 0.997034
4 0 0.999995
4 1 0.999999
4 2 0.999929
4 3 0.999998
4 4 0.000000
4 5 0.999983
4 6 0.998827
4 7 0.999998
4 8 0.999207
4 9 0.999975
4 10 0.648151
4 11 0.997655
4 12 0.999959
4 13 0.999670
4 14 0.984490
4 15 0.999687
4 16 0.874996
4 17 0.999961
4 18 0.980147
4 19 0.917910
4 20 0.999984
4 21 0.999998
4 22 0.996347
4 23 0.002681
4 24 0.999804
4 25 0.153568
4 26 0.963627
4 27 0.999999
4 28 0.998122
4 29 0.029925
4 30 0.999010
4 31 0.035762
4 32 0.999984
4 33 0.999994
4 34 0.999998
4 35 0.999582
4 36 0.999471
4 37 0.105307
4 38 0.990157
4 39 0.999996
4 40 0.988783
4 41 0.014763
4 42 0.999983
4 43 0.005177
4 44 0.892073
4 45 0.019299
4 46 0.999997
4 47 0.998122
4 48 0.999983
4 49 0.362752
4 50 0.999963
4 51 0.999989
4 52 0.005177
4 53 0.999998
4 54 0.999999
4 55 0.029925
4 56 0.410971
4 57 0.999998
4 58 0.042353
4 59 0.999953
4 60 0.999010
4 61 0.019299
4 62 0.992509
4 63 0.999997
4 64 0.999991
4 65 0.014763
4 66 0.999897
4 67 0.164849
4 68 0.005177
4 69 0.988027
4 70 0.935412
4 71 0.071949
4 72 0.999993
4 73 0.999687
4 74 0.999997
4 75 0.998308
4 76 0.590401
4 77 0.999722
4 78 0.006763
4 79 0.998943
4 80 0.999883
4 81 0.999987
4 82 0.999791
4 83 0.999998
4 84 0.980411
4 85 0.093360
4 86 0.953579
4 87 0.999988
4 88 0.999998
4 89 0.998680
4 90 0.999999
4 91 0.999998
4 92 0.999863
4 93 0.999998
4 94 0.998748
4 95 0.999998
4 96 0.999967
4 97 0.999989
4 98 0.999995
4 99 0.976514
5 0 0.999994
5 1 0.768376
5 2 0.999498
5 3 0.999997
5 4 0.999983
5 5 0.000000
5 6 0.999998
5 7 0.999998
5 8 0.999998
5 9 0.999999
5 10 0.961718
5 11 0.999752
5 12 0.999505
5 13 0.023583
5 14 0.999992
5 15 0.999998
5 16 0.999997
5 17 0.934561
5 18 0.999938
5 19 0.999996
5 20 0.994076
5 21 0.552765
5 22 0.999998
5 23 0.975602
5 24 0.999722
5 25 0.999998
5 26 0.014763
5 27 0.999670
5 28 0.999996
5 29 0.029925
5 30 0.999973
5 31 0.999987
5 32 0.999992
5 33 0.999984
5 34 0.999560
5 35 0.011782
5 36 0.994526
5 37 0.281924
5 38 0.005177
5 39 0.999998
5 40 0.731785
5 41 0.985826
5 42 0.996532
5 43 0.740481
5 44 0.999998
5 45 0.006763
5 46 0.999752
5 47 0.999998
5 48 0.888076
5 49 0.019299
5 50 0.999843
5 51 0.999443
5 52 0.005177
5 53 0.999916
5 54 0.999999
5 55 0.999629
5 56 0.019299
5 57 0.121504
5 58 0.988187
5 59 0.999997
5 60 0.999977
5 61 0.999998
5 62 0.999995
5 63 0.999530
5 64 0.999382
5 65 0.999926
5 66 0.999984
5 67 0.999718
5 68 0.999991
5 69 0.999843
5 70 0.999997
5 71 0.002681
5 72 0.999998
5 73 0.999994
5 74 0.999901
5 75 0.999826
5 76 0.979877
5 77 0.997623
5 78 0.999999
5 79 0.999998
5 80 0.999934
5 81 0.999609
5 82 0.999765
5 83 0.999791
5 84 0.999967
5 85 0.999995
5 86 0.990022
5 87 0.999794
5 88 0.172989
5 89 0.999998
5 90 0.999687
5 91 0.997656
5 92 0.996875
5 93 0.999999
5 94 0.998747
5 95 0.999994
5 96 0.982333
5 97 0.999956
5 98 0.999969
5 99 0.999060
6 0 0.999998
6 1 0.626001
6 2 0.006763
6 3 0.995554
6 4 0.998827
6 5 0.999998
6 6 0.000000
6 7 0.762835
6 8 0.999965
6 9 0.005177
6 10 0.999997
6 11 0.999998
6 12 0.999992
6 13 0.999894
6 14 0.223001
6 15 0.999995
6 16 0.999861
6 17 0.999998
6 18 0.999999
6 19 0.999999
6 20 0.999950
6 21 0.999896
6 22 0.999997
6 23 0.999991
6 24 0.999995
6 25 0.999791
6 26 0.011782
6 27 0.367737
6 28 0.019299
6 29 0.999997
6 30 0.809759
6 31 0.999817
6 32 0.999120
6 33 0.999996
6 34 0.999993
6 35 0.999998
6 36 0.807431
6 37 0.999954
6 38 0.999998
6 39 0.999999
6 40 0.998241
6 41 0.999665
6 42 0.999957
6 43 0.999971
6 44 0.999883
6 45 0.042353
6 46 0.995892
6 47 0.999980
6 48 0.999998
6 49 0.019299
6 50 0.999835
6 51 0.987390
6 52 0.999722
6 53 0.999998
6 54 0.023583
6 55 0.999999
6 56 0.999998
6 57 0.019299
6 58 0.999996
6 59 0.002681
6 60 0.002681
6 61 0.886637
6 62 0.622014
6 63 0.999997
6 64 0.988187
6 65 0.999060
6 66 0.014763
6 67 0.820692
6 68 0.999998
6 69 0.999888
6 70 0.051779
6 71 0.999995
6 72 0.999969
6 73 0.164848
6 74 0.096388
6 75 0.999997
6 76 0.071949
6 77 0.997184
6 78 0.999990
6 79 0.999176
6 80 0.999998
6 81 0.999988
6 82 0.999998
6 83 0.999560
6 84 0.999997
6 85 0.999835
6 86 0.716439
6 87 0.999997
6 88 0.019299
6 89 0.999891
6 90 0.999739
6 91 0.999988
6 92 0.029925
6 93 0.999998
6 94 0.999999
6 95 0.999413
6 96 0.999998
6 97 0.108547
6 98 0.999997
6 99 0.999994
7 0 0.999993
7 1 0.149692
7 2 0.999961
7 3 0.962147
7 4 0.999998
7 5 0.999998
7 6 0.762835
7 7 0.000000
7 8 0.999937
7 9 0.999967
7 10 0.999725
7 11 0.988345
7 12 0.066931
7 13 0.999998
7 14 0.987559
7 15 0.999995
7 16 0.961206
7 17 0.060180
7 18 0.997073
7 19 0.999687
7 20 0.410971
7 21 0.029925
7 22 0.586172
7 23 0.999998
7 24 0.999471
7 25 0.999944
7 26 0.005177
7 27 0.999934
7 28 0.999998
7 29 0.049729
7 30 0.071949
7 31 0.051779
7 32 0.999998
7 33 0.263461
7 34 0.999995
7 35 0.999965
7 36 0.999993
7 37 0.999990
7 38 0.999998
7 39 0.874996
7 40 0.999998
7 41 0.019299
7 42 0.999998
7 43 0.999765
7 44 0.029925
7 45 0.002681
7 46 0.999993
7 47 0.999954
7 48 0.999992
7 49 0.029925
7 50 0.999958
7 51 0.999997
7 52 0.153568
7 53 0.999989
7 54 0.999901
7 55 0.996298
7 56 0.999998
7 57 0.999930
7 58 0.651946
7 59 0.994660
7 60 0.999998
7 61 0.999996
7 62 0.998662
7 63 0.023583
7 64 0.999993
7 65 0.999978
7 66 0.999997
7 67 0.999998
7 68 0.999604
7 69 0.999993
7 70 0.912589
7 71 0.168897
7 72 0.999952
7 73 0.999999
7 74 0.999997
7 75 0.005177
7 76 0.999998
7 77 0.999999
7 78 0.082237
7 79 0.996618
7 80 0.999060
7 81 0.997774
7 82 0.999997
7 83 0.003622
7 84 0.999998
7 85 0.999987
7 86 0.956464
7 87 0.999989
7 88 0.006763
7 89 0.999916
7 90 0.999993
7 91 0.999997
7 92 0.964978
7 93 0.999979
7 94 0.999577
7 95 0.999998
7 96 0.014763
7 97 0.998591
7 98 0.999997
7 99 0.999995
8 0 0.999997
8 1 0.999998
8 2 0.998309
8 3 0.836903
8 4 0.999207
8 5 0.999998
8 6 0.999965
8 7 0.999937
8 8 0.000000
8 9 0.006763
8 10 0.999994
8 11 0.999994
8 12 0.993675
8 13 0.986015
8 14 0.029925
8 15 0.914824
8 16 0.997259
8 17 0.999934
8 18 0.999992
8 19 0.980411
8 20 0.008170
8 21 0.999961
8 22 0.999996
8 23 0.999999
8 24 0.999954
8 25 0.999977
8 26 0.999657
8 27 0.999993
8 28 0.999740
8 29 0.051779
8 30 0.999996
8 31 0.999998
8 32 0.999998
8 33 0.998591
8 34 0.999995
8 35 0.991576
8 36 0.069412
8 37 0.999992
8 38 0.205798
8 39 0.999993
8 40 0.999999
8 41 0.999935
8 42 0.999609
8 43 0.998591
8 44 0.999976
8 45 0.999995
8 46 0.999967
8 47 0.999997
8 48 0.019299
8 49 0.999989
8 50 0.999994
8 51 0.999996
8 52 0.005177
8 53 0.997887
8 54 0.998330
8 55 0.999582
8 56 0.082237
8 57 0.019299
8 58 0.999997
8 59 0.000556
8 60 0.019299
8 61 0.999998
8 62 0.490569
8 63 0.673535
8 64 0.999791
8 65 0.999997
8 66 0.999997
8 67 0.999132
8 68 0.019299
8 69 0.006763
8 70 0.994932
8 71 0.999258
8 72 0.999980
8 73 0.999997
8 74 0.997222
8 75 0.082237
8 76 0.765618
8 77 0.993247
8 78 0.998887
8 79 0.999926
8 80 0.999975
8 81 0.029925
8 82 0.999999
8 83 0.005177
8 84 0.999912
8 85 0.999876
8 86 0.999993
8 87 0.999998
8 88 0.998331
8 89 0.997623
8 90 0.999888
8 91 0.011782
8 92 0.998887
8 93 0.999998
8 94 0.999979
8 95 0.999989
8 96 0.999588
8 97 0.999999
8 98 0.999331
8 99 0.999997
9 0 0.035762
9 1 0.429954
9 2 0.051779
9 3 0.999998
9 4 0.999975
9 5 0.999999
9 6 0.005177
9 7 0.999967
9 8 0.006763
9 9 0.000000
9 10 0.999983
9 11 0.999998
9 12 0.992215
9 13 0.999998
9 14 0.999995
9 15 0.983447
9 16 0.093360
9 17 0.108547
9 18 0.999777
9 19 0.999374
9 20 0.996485
9 21 0.999997
9 22 0.999998
9 23 0.999998
9 24 0.999582
9 25 0.999999
9 26 0.947239
9 27 0.014763
9 28 0.999687
9 29 0.999982
9 30 0.999867
9 31 0.999794
9 32 0.999120
9 33 0.999999
9 34 0.999992
9 35 0.019299
9 36 0.996485
9 37 0.999998
9 38 0.998330
9 39 0.999990
9 40 0.999794
9 41 0.011782
9 42 0.005177
9 43 0.999998
9 44 0.999997
9 45 0.997994
9 46 0.999993
9 47 0.999998
9 48 0.700406
9 49 0.999999
9 50 0.999901
9 51 0.999060
9 52 0.999998
9 53 0.999944
9 54 0.069412
9 55 0.999997
9 56 0.999997
9 57 0.999010
9 58 0.999938
9 59 0.999876
9 60 0.999997
9 61 0.029925
9 62 0.051779
9 63 0.972594
9 64 0.014763
9 65 0.999995
9 66 0.999996
9 67 0.999843
9 68 0.999969
9 69 0.995316
9 70 0.700406
9 71 0.999995
9 72 0.641070
9 73 0.082237
9 74 0.999980
9 75 0.999994
9 76 0.999997
9 77 0.999443
9 78 0.999996
9 79 0.974940
9 80 0.995554
9 81 0.606413
9 82 0.992508
9 83 0.751867
9 84 0.999998
9 85 0.999998
9 86 0.999998
9 87 0.999868
9 88 0.999998
9 89 0.999999
9 90 0.999862
9 91 0.999998
9 92 0.205798
9 93 0.999997
9 94 0.999988
9 95 0.999998
9 96 0.993077
9 97 0.090389
9 98 0.999703
9 99 0.999505
10 0 0.998436
10 1 0.999998
10 2 0.999405
10 3 0.948613
10 4 0.648151
10 5 0.961718
10 6 0.999997
10 7 0.999725
10 8 0.999994
10 9 0.999983
10 10 0.000000
10 11 0.011782
10 12 0.999998
10 13 0.999998
10 14 0.995779
10 15 0.999993
10 16 0.999965
10 17 0.014763
10 18 0.999998
10 19 0.066930
10 20 0.999802
10 21 0.999998
10 22 0.019299
10 23 0.999907
10 24 0.999554
10 25 0.999999
10 26 0.213994
10 27 0.999870
10 28 0.954189
10 29 0.999996
10 30 0.530966
10 31 0.999780
10 32 0.999999
10 33 0.999921
10 34 0.996917
10 35 0.019299
10 36 0.990780
10 37 0.999997
10 38 0.999998
10 39 0.999998
10 40 0.051779
10 41 0.508636
10 42 0.999998
10 43 0.999165
10 44 0.954189
10 45 0.006317
10 46 0.976826
10 47 0.999999
10 48 0.999997
10 49 0.999995
10 50 0.434867
10 51 0.999718
10 52 0.999971
10 53 0.090389
10 54 0.999794
10 55 0.999997
10 56 0.999937
10 57 0.999996
10 58 0.029925
10 59 0.988631
10 60 0.205798
10 61 0.999975
10 62 0.999996
10 63 0.999382
10 64 0.999866
10 65 0.999768
10 66 0.999743
10 67 0.999998
10 68 0.998887
10 69 0.999992
10 70 0.999826
10 71 0.042353
10 72 0.168897
10 73 0.999479
10 74 0.999997
10 75 0.987725
10 76 0.987559
10 77 0.999995
10 78 0.999998
10 79 0.999998
10 80 0.999997
10 81 0.035762
10 82 0.999988
10 83 0.999993
10 84 0.999998
10 85 0.999912
10 86 0.976197
10 87 0.006763
10 88 0.999944
10 89 0.999988
10 90 0.888076
10 91 0.999969
10 92 0.999753
10 93 0.888076
10 94 0.991007
10 95 0.999752
10 96 0.999977
10 97 0.994156
10 98 0.011782
10 99 0.957037
11 0 0.999998
11 1 0.999967
11 2 0.999980
11 3 0.999998
11 4 0.997655
11 5 0.999752
11 6 0.999998
11 7 0.988345
11 8 0.999994
11 9 0.999998
11 10 0.011782
11 11 0.000000
11 12 0.011782
11 13 0.999945
11 14 0.042353
11 15 0.999998
11 16 0.999990
11 17 0.997655
11 18 0.999976
11 19 0.999995
11 20 0.999505
11 21 0.999890
11 22 0.999984
11 23 0.999999
11 24 0.999851
11 25 0.999998
11 26 0.477022
11 27 0.999996
11 28 0.999999
11 29 0.999951
11 30 0.960687
11 31 0.988784
11 32 0.999996
11 33 0.999995
11 34 0.992708
11 35 0.029925
11 36 0.963627
11 37 0.005177
11 38 0.999998
11 39 0.999814
11 40 0.999969
11 41 0.999443
11 42 0.042353
11 43 0.999996
11 44 0.999998
11 45 0.976202
11 46 0.999983
11 47 0.999930
11 48 0.999998
11 49 0.999890
11 50 0.999998
11 51 0.258710
11 52 0.205798
11 53 0.999999
11 54 0.999988
11 55 0.999998
11 56 0.999999
11 57 0.999998
11 58 0.989633
11 59 0.999975
11 60 0.999998
11 61 0.999993
11 62 0.108547
11 63 0.999993
11 64 0.999989
11 65 0.999984
11 66 0.999998
11 67 0.999998
11 68 0.023583
11 69 0.999993
11 70 0.928576
11 71 0.992109
11 72 0.999999
11 73 0.910477
11 74 0.996917
11 75 0.999963
11 76 0.999998
11 77 0.999560
11 78 0.999998
11 79 0.530966
11 80 0.999604
11 81 0.999996
11 82 0.999968
11 83 0.999999
11 84 0.999108
11 85 0.893445
11 86 0.999998
11 87 0.425032
11 88 0.999997
11 89 0.999996
11 90 0.999998
11 91 0.999999
11 92 0.999945
11 93 0.967167
11 94 0.011782
11 95 0.999999
11 96 0.999995
11 97 0.051779
11 98 0.135231
11 99 0.006763
12 0 0.617998
12 1 0.851783
12 2 0.999998
12 3 0.002681
12 4 0.999959
12 5 0.999505
12 6 0.999992
12 7 0.066931
12 8 0.993675
12 9 0.992215
12 10 0.999998
12 11 0.011782
12 12 0.000000
12 13 0.999817
12 14 0.994451
12 15 0.998811
12 16 0.006763
12 17 0.999993
12 18 0.999876
12 19 0.999997
12 20 0.079481
12 21 0.999999
12 22 0.999997
12 23 0.690668
12 24 0.002681
12 25 0.999981
12 26 0.999950
12 27 0.874996
12 28 0.051779
12 29 0.999974
12 30 0.999882
12 31 0.999989
12 32 0.999996
12 33 0.996047
12 34 0.921911
12 35 0.999999
12 36 0.999921
12 37 0.035762
12 38 0.999995
12 39 0.453650
12 40 0.998241
12 41 0.999999
12 42 0.973618
12 43 0.999913
12 44 0.999824
12 45 0.999413
12 46 0.999295
12 47 0.999995
12 48 0.998122
12 49 0.999993
12 50 0.999992
12 51 0.963140
12 52 0.999986
12 53 0.999998
12 54 0.999996
12 55 0.999997
12 56 0.997073
12 57 0.153568
12 58 0.999674
12 59 0.992109
12 60 0.019299
12 61 0.999994
12 62 0.999998
12 63 0.999258
12 64 0.999837
12 65 0.002681
12 66 0.999999
12 67 0.996993
12 68 0.999995
12 69 0.019299
12 70 0.999993
12 71 0.999997
12 72 0.994451
12 73 0.999875
12 74 0.999989
12 75 0.023583
12 76 0.006763
12 77 0.968808
12 78 0.973617
12 79 0.994451
12 80 0.999817
12 81 0.999997
12 82 0.997184
12 83 0.999991
12 84 0.005177
12 85 0.999996
12 86 0.999996
12 87 0.999999
12 88 0.999986
12 89 0.035762
12 90 0.999874
12 91 0.999986
12 92 0.999998
12 93 0.999986
12 94 0.999998
12 95 0.999999
12 96 0.999997
12 97 0.999997
12 98 0.999983
12 99 0.205798
13 0 0.319567
13 1 0.999926
13 2 0.999990
13 3 0.121504
13 4 0.999670
13 5 0.023583
13 6 0.999894
13 7 0.999998
13 8 0.986015
13 9 0.999998
13 10 0.999998
13 11 0.999945
13 12 0.999817
13 13 0.000000
13 14 0.999999
13 15 0.999998
13 16 0.999977
13 17 0.999863
13 18 0.999964
13 19 0.999991
13 20 0.999997
13 21 0.999780
13 22 0.938590
13 23 0.999941
13 24 0.998591
13 25 0.999996
13 26 0.999896
13 27 0.999998
13 28 0.987390
13 29 0.999999
13 30 0.999998
13 31 0.999997
13 32 0.999752
13 33 0.999725
13 34 0.999979
13 35 0.999853
13 36 0.998536
13 37 0.999609
13 38 0.999814
13 39 0.973617
13 40 0.986898
13 41 0.472229
13 42 0.979374
13 43 0.998436
13 44 0.999999
13 45 0.999791
13 46 0.999998
13 47 0.999883
13 48 0.999948
13 49 0.999965
13 50 0.999985
13 51 0.999994
13 52 0.999926
13 53 0.999851
13 54 0.999997
13 55 0.999996
13 56 0.999861
13 57 0.005177
13 58 0.986898
13 59 0.910478
13 60 0.999165
13 61 0.999404
13 62 0.964978
13 63 0.994156
13 64 0.999743
13 65 0.006763
13 66 0.998698
13 67 0.999841
13 68 0.992508
13 69 0.999998
13 70 0.999998
13 71 0.959174
13 72 0.042353
13 73 0.999998
13 74 0.999974
13 75 0.999896
13 76 0.051779
13 77 0.998764
13 78 0.999996
13 79 0.978813
13 80 0.999998
13 81 0.999998
13 82 0.998436
13 83 0.996047
13 84 0.999530
13 85 0.999988
13 86 0.999998
13 87 0.999993
13 88 0.626001
13 89 0.138922
13 90 0.999994
13 91 0.974940
13 92 0.999973
13 93 0.999963
13 94 0.002681
13 95 0.999997
13 96 0.999998
13 97 0.807431
13 98 0.737452
13 99 0.999977
14 0 0.999998
14 1 0.093360
14 2 0.999972
14 3 0.324511
14 4 0.984490
14 5 0.999992
14 6 0.223001
14 7 0.987559
14 8 0.029925
14 9 0.999995
14 10 0.995779
14 11 0.042353
14 12 0.994451
14 13 0.999999
14 14 0.000000
14 15 0.999998
14 16 0.019299
14 17 0.950506
14 18 0.993339
14 19 0.999988
14 20 0.999999
14 21 0.138922
14 22 0.999999
14 23 0.820692
14 24 0.029925
14 25 0.959174
14 26 0.981145
14 27 0.999999
14 28 0.999996
14 29 0.999405
14 30 0.999598
14 31 0.205798
14 32 0.000013
14 33 0.990528
14 34 0.999995
14 35 0.135231
14 36 0.987391
14 37 0.999780
14 38 0.999999
14 39 0.882454
14 40 0.999998
14 41 0.998021
14 42 0.914824
14 43 0.998591
14 44 0.999120
14 45 0.999999
14 46 0.023583
14 47 0.999983
14 48 0.999981
14 49 0.999993
14 50 0.999994
14 51 0.999736
14 52 0.626001
14 53 0.999998
14 54 0.998217
14 55 0.999998
14 56 0.001794
14 57 0.998241
14 58 0.999340
14 59 0.999984
14 60 0.999992
14 61 0.999843
14 62 0.999998
14 63 0.999966
14 64 0.999995
14 65 0.918969
14 66 0.999979
14 67 0.977990
14 68 0.818482
14 69 0.999753
14 70 0.989350
14 71 0.999941
14 72 0.999998
14 73 0.999999
14 74 0.992983
14 75 0.999997
14 76 0.993338
14 77 0.999060
14 78 0.999998
14 79 0.999997
14 80 0.005177
14 81 0.999982
14 82 0.153568
14 83 0.051779
14 84 0.996663
14 85 0.996663
14 86 0.999972
14 87 0.118059
14 88 0.060180
14 89 0.954189
14 90 0.999997
14 91 0.060180
14 92 0.999870
14 93 0.999997
14 94 0.999998
14 95 0.997774
14 96 0.996485
14 97 0.999996
14 98 0.996100
14 99 0.978814
15 0 0.997530
15 1 0.999999
15 2 0.999998
15 3 0.011782
15 4 0.999687
15 5 0.999998
15 6 0.999995
15 7 0.999995
15 8 0.914824
15 9 0.983447
15 10 0.999993
15 11 0.999998
15 12 0.998811
15 13 0.999998
15 14 0.999998
15 15 0.000000
15 16 0.999930
15 17 0.999998
15 18 0.899866
15 19 0.999994
15 20 0.999978
15 21 0.999824
15 22 0.999998
15 23 0.999406
15 24 0.999826
15 25 0.999938
15 26 0.082237
15 27 0.999967
15 28 0.011782
15 29 0.998872
15 30 0.999998
15 31 0.999997
15 32 0.999905
15 33 0.999378
15 34 0.982569
15 35 0.990655
15 36 0.999982
15 37 0.999855
15 38 0.999984
15 39 0.999959
15 40 0.999756
15 41 0.998496
15 42 0.999999
15 43 0.999998
15 44 0.999890
15 45 0.005177
15 46 0.999996
15 47 0.999999
15 48 0.990157
15 49 0.999471
15 50 0.042353
15 51 0.999670
15 52 0.999994
15 53 0.828969
15 54 0.391878
15 55 0.999972
15 56 0.998021
15 57 0.999998
15 58 0.999901
15 59 0.995066
15 60 0.999987
15 61 0.998330
15 62 0.999382
15 63 0.999988
15 64 0.999998
15 65 0.999984
15 66 0.172989
15 67 0.999991
15 68 0.324511
15 69 0.005177
15 70 0.999996
15 71 0.999999
15 72 0.786128
15 73 0.999934
15 74 0.999998
15 75 0.023583
15 76 0.002681
15 77 0.227550
15 78 0.005177
15 79 0.999993
15 80 0.991576
15 81 0.999987
15 82 0.999629
15 83 0.002681
15 84 0.999998
15 85 0.006763
15 86 0.999988
15 87 0.999996
15 88 0.999999
15 89 0.999909
15 90 0.999998
15 91 0.999994
15 92 0.999997
15 93 0.941615
15 94 0.999999
15 95 0.999948
15 96 0.754757
15 97 0.999999
15 98 0.023583
15 99 0.999998
16 0 0.992887
16 1 0.998217
16 2 0.999990
16 3 0.999998
16 4 0.874996
16 5 0.999997
16 6 0.999861
16 7 0.961206
16 8 0.997259
16 9 0.093360
16 10 0.999965
16 11 0.999990
16 12 0.006763
16 13 0.999977
16 14 0.019299
16 15 0.999930
16 16 0.000000
16 17 0.999997
16 18 0.999997
16 19 0.999998
16 20 0.019299
16 21 0.998681
16 22 0.999780
16 23 0.999295
16 24 0.996833
16 25 0.999991
16 26 0.006763
16 27 0.102116
16 28 0.003622
16 29 0.999998
16 30 0.996247
16 31 0.988345
16 32 0.002681
16 33 0.999995
16 34 0.051779
16 35 0.999814
16 36 0.999998
16 37 0.999998
16 38 0.999992
16 39 0.999995
16 40 0.999978
16 41 0.999999
16 42 0.999804
16 43 0.051779
16 44 0.999999
16 45 0.953579
16 46 0.999998
16 47 0.999609
16 48 0.999986
16 49 0.999997
16 50 0.991576
16 51 0.999824
16 52 0.999999
16 53 0.999997
16 54 0.999530
16 55 0.999996
16 56 0.999998
16 57 0.999998
16 58 0.029925
16 59 0.999247
16 60 0.992983
16 61 0.999990
16 62 0.999998
16 63 0.999997
16 64 0.998021
16 65 0.998943
16 66 0.999998
16 67 0.997034
16 68 0.569659
16 69 0.999934
16 70 0.000372
16 71 0.029925
16 72 0.999994
16 73 0.999913
16 74 0.862254
16 75 0.999997
16 76 0.999768
16 77 0.999997
16 78 0.028526
16 79 0.999994
16 80 0.998902
16 81 0.999997
16 82 0.042353
16 83 0.999998
16 84 0.999978
16 85 0.999977
16 86 0.071949
16 87 0.999340
16 88 0.999994
16 89 0.999994
16 90 0.999998
16 91 0.011782
16 92 0.996047
16 93 0.999471
16 94 0.999218
16 95 0.999980
16 96 0.999967
16 97 0.019299
16 98 0.999995
16 99 0.003622
17 0 0.999207
17 1 0.448785
17 2 0.999995
17 3 0.951798
17 4 0.999961
17 5 0.934561
17 6 0.999998
17 7 0.060180
17 8 0.999934
17 9 0.108547
17 10 0.014763
17 11 0.997655
17 12 0.999993
17 13 0.999863
17 14 0.950506
17 15 0.999998
17 16 0.999997
17 17 0.000000
17 18 0.901145
17 19 0.999703
17 20 0.999998
17 21 0.968808
17 22 0.999868
17 23 0.999963
17 24 0.999979
17 25 0.651944
17 26 0.035762
17 27 0.999901
17 28 0.999691
17 29 0.999995
17 30 0.029925
17 31 0.956464
17 32 0.001279
17 33 0.105308
17 34 0.999947
17 35 0.999998
17 36 0.858750
17 37 0.999951
17 38 0.999670
17 39 0.153568
17 40 0.999993
17 41 0.981145
17 42 0.999999
17 43 0.477022
17 44 0.997222
17 45 0.286770
17 46 0.245316
17 47 0.999707
17 48 0.999995
17 49 0.999471
17 50 0.999959
17 51 0.019299
17 52 0.999941
17 53 0.999977
17 54 0.999986
17 55 0.999996
17 56 0.999988
17 57 0.999998
17 58 0.999999
17 59 0.973968
17 60 0.995779
17 61 0.999783
17 62 0.999927
17 63 0.999997
17 64 0.986898
17 65 0.999888
17 66 0.976514
17 67 0.999998
17 68 0.999985
17 69 0.319568
17 70 0.999739
17 71 0.999598
17 72 0.991007
17 73 0.990655
17 74 0.999444
17 75 0.997994
17 76 0.999998
17 77 0.008716
17 78 0.999835
17 79 0.999979
17 80 0.999998
17 81 0.999999
17 82 0.999956
17 83 0.953578
17 84 0.999997
17 85 0.999998
17 86 0.983447
17 87 0.999996
17 88 0.997687
17 89 0.999998
17 90 0.118059
17 91 0.999999
17 92 0.999756
17 93 0.286770
17 94 0.999997
17 95 0.994076
17 96 0.999992
17 97 0.999997
17 98 0.999978
17 99 0.999998
18 0 0.999990
18 1 0.999998
18 2 0.999498
18 3 0.999982
18 4 0.980147
18 5 0.999938
18 6 0.999999
18 7 0.997073
18 8 0.999992
18 9 0.999777
18 10 0.999998
18 11 0.999976
18 12 0.999876
18 13 0.999964
18 14 0.993339
18 15 0.899866
18 16 0.999997
18 17 0.901145
18 18 0.000000
18 19 0.994999
18 20 0.999895
18 21 0.999670
18 22 0.999996
18 23 0.999969
18 24 0.999998
18 25 0.029925
18 26 0.999996
18 27 0.999998
18 28 0.999980
18 29 0.999997
18 30 0.000372
18 31 0.999998
18 32 0.999165
18 33 0.999982
18 34 0.999814
18 35 0.000372
18 36 0.999721
18 37 0.999582
18 38 0.019299
18 39 0.011090
18 40 0.999997
18 41 0.986015
18 42 0.999984
18 43 0.961206
18 44 0.999997
18 45 0.977693
18 46 0.999922
18 47 0.994376
18 48 0.002681
18 49 0.999988
18 50 0.999998
18 51 0.999997
18 52 0.999996
18 53 0.993673
18 54 0.999986
18 55 0.005177
18 56 0.999998
18 57 0.999973
18 58 0.989350
18 59 0.999984
18 60 0.999972
18 61 0.999995
18 62 0.999997
18 63 0.999997
18 64 0.999942
18 65 0.972225
18 66 0.999987
18 67 0.999961
18 68 0.999997
18 69 0.201407
18 70 0.999971
18 71 0.999995
18 72 0.999998
18 73 0.999794
18 74 0.999988
18 75 0.999451
18 76 0.019299
18 77 0.999853
18 78 0.997744
18 79 0.999997
18 80 0.999998
18 81 0.999687
18 82 0.999998
18 83 0.999948
18 84 0.135231
18 85 0.999904
18 86 0.011782
18 87 0.977391
18 88 0.108547
18 89 0.999998
18 90 0.002681
18 91 0.999987
18 92 0.042353
18 93 0.999666
18 94 0.997530
18 95 0.997916
18 96 0.999998
18 97 0.999969
18 98 0.622014
18 99 0.999479
19 0 0.060180
19 1 0.999998
19 2 0.003622
19 3 0.060180
19 4 0.917910
19 5 0.999996
19 6 0.999999
19 7 0.999687
19 8 0.980411
19 9 0.999374
19 10 0.066930
19 11 0.999995
19 12 0.999997
19 13 0.999991
19 14 0.999988
19 15 0.999994
19 16 0.999998
19 17 0.999703
19 18 0.994999
19 19 0.000000
19 20 0.998887
19 21 0.999998
19 22 0.035762
19 23 0.993428
19 24 0.999086
19 25 0.999853
19 26 0.999804
19 27 0.999530
19 28 0.999985
19 29 0.999530
19 30 0.673535
19 31 0.999609
19 32 0.999987
19 33 0.999451
19 34 0.051779
19 35 0.952961
19 36 0.108547
19 37 0.999998
19 38 0.999969
19 39 0.999997
19 40 0.999814
19 41 0.999993
19 42 0.999996
19 43 0.999961
19 44 0.997146
19 45 0.049729
19 46 0.999861
19 47 0.999967
19 48 0.999980
19 49 0.999999
19 50 0.964978
19 51 0.999998
19 52 0.999992
19 53 0.999997
19 54 0.998887
19 55 0.999997
19 56 0.997687
19 57 0.998681
19 58 0.999999
19 59 0.999997
19 60 0.999995
19 61 0.999998
19 62 0.999207
19 63 0.999471
19 64 0.999942
19 65 0.998681
19 66 0.740481
19 67 0.999926
19 68 0.999989
19 69 0.999994
19 70 0.999878
19 71 0.985073
19 72 0.999978
19 73 0.999814
19 74 0.005177
19 75 0.999996
19 76 0.006763
19 77 0.071949
19 78 0.011782
19 79 0.999997
19 80 0.029925
19 81 0.999024
19 82 0.996664
19 83 0.999985
19 84 0.019299
19 85 0.429954
19 86 0.999999
19 87 0.999997
19 88 0.999994
19 89 0.999917
19 90 0.999996
19 91 0.998871
19 92 0.999997
19 93 0.999989
19 94 0.005177
19 95 0.999999
19 96 0.071949
19 97 0.019299
19 98 0.999997
19 99 0.999918
20 0 0.995554
20 1 0.836903
20 2 0.999998
20 3 0.999991
20 4 0.999984
20 5 0.994076
20 6 0.999950
20 7 0.410971
20 8 0.008170
20 9 0.996485
20 10 0.999802
20 11 0.999505
20 12 0.079481
20 13 0.999997
20 14 0.999999
20 15 0.999978
20 16 0.019299
20 17 0.999998
20 18 0.999895
20 19 0.998887
20 20 0.000000
20 21 0.305549
20 22 0.005177
20 23 0.987390
20 24 0.999998
20 25 0.999998
20 26 0.998591
20 27 0.001279
20 28 0.999999
20 29 0.999978
20 30 0.703771
20 31 0.999998
20 32 0.999996
20 33 0.999998
20 34 0.999919
20 35 0.999985
20 36 0.999954
20 37 0.999922
20 38 0.999989
20 39 0.990528
20 40 0.999997
20 41 0.903472
20 42 0.014763
20 43 0.997804
20 44 0.003622
20 45 0.999922
20 46 0.997624
20 47 0.011782
20 48 0.999996
20 49 0.060180
20 50 0.999999
20 51 0.999765
20 52 0.999206
20 53 0.998021
20 54 0.999963
20 55 0.019299
20 56 0.999991
20 57 0.999997
20 58 0.004818
20 59 0.999988
20 60 0.999998
20 61 0.029925
20 62 0.999603
20 63 0.986386
20 64 0.042353
20 65 0.690668
20 66 0.999670
20 67 0.974939
20 68 0.999997
20 69 0.999443
20 70 0.999934
20 71 0.019299
20 72 0.999996
20 73 0.999996
20 74 0.014763
20 75 0.999652
20 76 0.999997
20 77 0.999791
20 78 0.931183
20 79 0.999961
20 80 0.005177
20 81 0.999648
20 82 0.999948
20 83 0.999890
20 84 0.976195
20 85 0.981397
20 86 0.999996
20 87 0.999998
20 88 0.324511
20 89 0.999998
20 90 0.008716
20 91 0.002681
20 92 0.999998
20 93 0.981397
20 94 0.003622
20 95 0.999977
20 96 0.955884
20 97 0.999993
20 98 0.019299
20 99 0.999945
21 0 0.999996
21 1 0.999994
21 2 0.999998
21 3 0.019299
21 4 0.999998
21 5 0.552765
21 6 0.999896
21 7 0.029925
21 8 0.999961
21 9 0.999997
21 10 0.999998
21 11 0.999890
21 12 0.999999
21 13 0.999780
21 14 0.138922
21 15 0.999824
21 16 0.998681
21 17 0.968808
21 18 0.999670
21 19 0.999998
21 20 0.305549
21 21 0.000000
21 22 0.999756
21 23 0.999998
21 24 0.999994
21 25 0.999998
21 26 0.999997
21 27 0.999609
21 28 0.996247
21 29 0.999991
21 30 0.999207
21 31 0.999670
21 32 0.997624
21 33 0.999987
21 34 0.011782
21 35 0.999604
21 36 0.005177
21 37 0.999890
21 38 0.999998
21 39 0.945939
21 40 0.999998
21 41 0.999996
21 42 0.981397
21 43 0.999471
21 44 0.999976
21 45 0.999991
21 46 0.999944
21 47 0.951157
21 48 0.999998
21 49 0.669914
21 50 0.999990
21 51 0.979096
21 52 0.999406
21 53 0.999998
21 54 0.490569
21 55 0.999791
21 56 0.005177
21 57 0.999998
21 58 0.999992
21 59 0.997222
21 60 0.999985
21 61 0.999999
21 62 0.999993
21 63 0.999980
21 64 0.999995
21 65 0.997463
21 66 0.999295
21 67 0.998663
21 68 0.979374
21 69 0.999994
21 70 0.118059
21 71 0.999791
21 72 0.023583
21 73 0.994076
21 74 0.999984
21 75 0.005177
21 76 0.001279
21 77 0.999983
21 78 0.999996
21 79 0.005177
21 80 0.999554
21 81 0.992983
21 82 0.998436
21 83 0.035762
21 84 0.999976
21 85 0.999998
21 86 0.999995
21 87 0.999331
21 88 0.999989
21 89 0.999997
21 90 0.999954
21 91 0.014763
21 92 0.999997
21 93 0.999990
21 94 0.019299
21 95 0.060180
21 96 0.998887
21 97 0.953579
21 98 0.082237
21 99 0.997624
22 0 0.999577
22 1 0.105307
22 2 0.999988
22 3 0.999985
22 4 0.996347
22 5 0.999998
22 6 0.999997
22 7 0.586172
22 8 0.999996
22 9 0.999998
22 10 0.019299
22 11 0.999984
22 12 0.999997
22 13 0.938590
22 14 0.999999
22 15 0.999998
22 16 0.999780
22 17 0.999868
22 18 0.999996
22 19 0.035762
22 20 0.005177
22 21 0.999756
22 22 0.000000
22 23 0.999998
22 24 0.005177
22 25 0.999989
22 26 0.999956
22 27 0.999258
22 28 0.425032
22 29 0.051779
22 30 0.999998
22 31 0.999991
22 32 0.641070
22 33 0.999990
22 34 0.998415
22 35 0.005177
22 36 0.999998
22 37 0.425022
22 38 0.999999
22 39 0.002681
22 40 0.108547
22 41 0.998590
22 42 0.999988
22 43 0.999991
22 44 0.976514
22 45 0.999999
22 46 0.999998
22 47 0.999998
22 48 0.999945
22 49 0.986898
22 50 0.999997
22 51 0.999941
22 52 0.994732
22 53 0.999984
22 54 0.999948
22 55 0.999980
22 56 0.999942
22 57 0.999985
22 58 0.999340
22 59 0.999443
22 60 0.999961
22 61 0.999998
22 62 0.018287
22 63 0.011782
22 64 0.987389
22 65 0.071949
22 66 0.999941
22 67 0.999652
22 68 0.999994
22 69 0.999996
22 70 0.999997
22 71 0.999994
22 72 0.999996
22 73 0.998122
22 74 0.999374
22 75 0.006763
22 76 0.999997
22 77 0.999443
22 78 0.999999
22 79 0.999993
22 80 0.999901
22 81 0.997327
22 82 0.999986
22 83 0.999981
22 84 0.023583
22 85 0.999997
22 86 0.997916
22 87 0.005177
22 88 0.999997
22 89 0.999997
22 90 0.999749
22 91 0.999989
22 92 0.936253
22 93 0.964978
22 94 0.999978
22 95 0.999902
22 96 0.971851
22 97 0.999999
22 98 0.999998
22 99 0.999648
23 0 0.999997
23 1 0.999826
23 2 0.999995
23 3 0.999999
23 4 0.002681
23 5 0.975602
23 6 0.999991
23 7 0.999998
23 8 0.999999
23 9 0.999998
23 10 0.999907
23 11 0.999999
23 12 0.690668
23 13 0.999941
23 14 0.820692
23 15 0.999406
23 16 0.999295
23 17 0.999963
23 18 0.999969
23 19 0.993428
23 20 0.987390
23 21 0.999998
23 22 0.999998
23 23 0.000000
23 24 0.035762
23 25 0.999971
23 26 0.999985
23 27 0.998680
23 28 0.999954
23 29 0.999998
23 30 0.999998
23 31 0.999979
23 32 0.997530
23 33 0.999996
23 34 0.999907
23 35 0.995253
23 36 0.999996
23 37 0.999989
23 38 0.372722
23 39 0.999998
23 40 0.999999
23 41 0.005177
23 42 0.988027
23 43 0.982094
23 44 0.011782
23 45 0.999998
23 46 0.004818
23 47 0.999268
23 48 0.118060
23 49 0.999993
23 50 0.071949
23 51 0.999996
23 52 0.999999
23 53 0.999971
23 54 0.999999
23 55 0.999998
23 56 0.011782
23 57 0.060180
23 58 0.999999
23 59 0.002681
23 60 0.997496
23 61 0.999843
23 62 0.372722
23 63 0.999967
23 64 0.999995
23 65 0.999993
23 66 0.999648
23 67 0.998122
23 68 0.999268
23 69 0.999998
23 70 0.924902
23 71 0.999998
23 72 0.001794
23 73 0.997888
23 74 0.999994
23 75 0.954189
23 76 0.999498
23 77 0.993996
23 78 0.019299
23 79 0.965441
23 80 0.002681
23 81 0.999996
23 82 0.023583
23 83 0.997655
23 84 0.998680
23 85 0.999996
23 86 0.999998
23 87 0.999985
23 88 0.999967
23 89 0.999996
23 90 0.305549
23 91 0.135231
23 92 0.999993
23 93 0.014763
23 94 0.999999
23 95 0.999884
23 96 0.999835
23 97 0.999998
23 98 0.999736
23 99 0.997530
24 0 0.999998
24 1 0.999866
24 2 0.999990
24 3 0.999969
24 4 0.999804
24 5 0.999722
24 6 0.999995
24 7 0.999471
24 8 0.999954
24 9 0.999582
24 10 0.999554
24 11 0.999851
24 12 0.002681
24 13 0.998591
24 14 0.029925
24 15 0.999826
24 16 0.996833
24 17 0.999979
24 18 0.999998
24 19 0.999086
24 20 0.999998
24 21 0.999994
24 22 0.005177
24 23 0.035762
24 24 0.000000
24 25 0.999985
24 26 0.999791
24 27 0.999997
24 28 0.844503
24 29 0.999998
24 30 0.999986
24 31 0.018287
24 32 0.999505
24 33 0.999882
24 34 0.999992
24 35 0.011782
24 36 0.999768
24 37 0.999990
24 38 0.999954
24 39 0.999998
24 40 0.999995
24 41 0.029925
24 42 0.973967
24 43 0.999896
24 44 0.999780
24 45 0.999997
24 46 0.999996
24 47 0.728674
24 48 0.999998
24 49 0.999999
24 50 0.999993
24 51 0.999912
24 52 0.035762
24 53 0.011782
24 54 0.786128
24 55 0.005177
24 56 0.999989
24 57 0.002681
24 58 0.987559
24 59 0.011782
24 60 0.999974
24 61 0.998241
24 62 0.999991
24 63 0.999922
24 64 0.999998
24 65 0.971852
24 66 0.999994
24 67 0.999989
24 68 0.999998
24 69 0.019299
24 70 0.999373
24 71 0.999998
24 72 0.023583
24 73 0.998021
24 74 0.999997
24 75 0.002681
24 76 0.082237
24 77 0.049729
24 78 0.999995
24 79 0.999976
24 80 0.999990
24 81 0.999995
24 82 0.448784
24 83 0.999974
24 84 0.999997
24 85 0.997774
24 86 0.999994
24 87 0.034173
24 88 0.999340
24 89 0.999975
24 90 0.932077
24 91 0.985073
24 92 0.530966
24 93 0.245316
24 94 0.999998
24 95 0.999995
24 96 0.963627
24 97 0.999967
24 98 0.986720
24 99 0.999999
25 0 0.999512
25 1 0.999994
25 2 0.999975
25 3 0.005177
25 4 0.153568
25 5 0.999998
25 6 0.999791
25 7 0.999944
25 8 0.999977
25 9 0.999999
25 10 0.999999
25 11 0.999998
25 12 0.999981
25 13 0.999996
25 14 0.959174
25 15 0.999938
25 16 0.999991
25 17 0.651944
25 18 0.029925
25 19 0.999853
25 20 0.999998
25 21 0.999998
25 22 0.999989
25 23 0.999971
25 24 0.999985
25 25 0.000000
25 26 0.963140
25 27 0.999988
25 28 0.999999
25 29 0.999998
25 30 0.164848
25 31 0.999994
25 32 0.999722
25 33 0.023583
25 34 0.999998
25 35 0.324511
25 36 0.005177
25 37 0.997916
25 38 0.448784
25 39 0.999991
25 40 0.410971
25 41 0.999996
25 42 0.485825
25 43 0.016382
25 44 0.434867
25 45 0.991127
25 46 0.343597
25 47 0.967167
25 48 0.999652
25 49 0.223001
25 50 0.997530
25 51 0.999736
25 52 0.999986
25 53 0.999996
25 54 0.999950
25 55 0.999950
25 56 0.999996
25 57 0.999997
25 58 0.865417
25 59 0.962147
25 60 0.700406
25 61 0.018287
25 62 0.999997
25 63 0.999998
25 64 0.999997
25 65 0.999980
25 66 0.189109
25 67 0.300647
25 68 0.003622
25 69 0.999207
25 70 0.999868
25 71 0.049729
25 72 0.989493
25 73 0.948613
25 74 0.245316
25 75 0.011782
25 76 0.994155
25 77 0.915921
25 78 0.999984
25 79 0.999998
25 80 0.999305
25 81 0.999768
25 82 0.019299
25 83 0.999373
25 84 0.999824
25 85 0.999996
25 86 0.071949
25 87 0.999753
25 88 0.999997
25 89 0.999990
25 90 0.035762
25 91 0.999944
25 92 0.976200
25 93 0.999999
25 94 0.980147
25 95 0.001279
25 96 0.860512
25 97 0.999471
25 98 0.999824
25 99 0.999998
26 0 0.996047
26 1 0.999995
26 2 0.999999
26 3 0.983447
26 4 0.963627
26 5 0.014763
26 6 0.011782
26 7 0.005177
26 8 0.999657
26 9 0.947239
26 10 0.213994
26 11 0.477022
26 12 0.999950
26 13 0.999896
26 14 0.981145
26 15 0.082237
26 16 0.006763
26 17 0.035762
26 18 0.999996
26 19 0.999804
26 20 0.998591
26 21 0.999997
26 22 0.999956
26 23 0.999985
26 24 0.999791
26 25 0.963140
26 26 0.000000
26 27 0.999956
26 28 0.999996
26 29 0.999975
26 30 0.093360
26 31 0.999927
26 32 0.999986
26 33 0.999959
26 34 0.999812
26 35 0.999247
26 36 0.999998
26 37 0.999997
26 38 0.999624
26 39 0.005177
26 40 0.960688
26 41 0.999108
26 42 0.999944
26 43 0.057916
26 44 0.999996
26 45 0.999998
26 46 0.002681
26 47 0.999999
26 48 0.042353
26 49 0.022408
26 50 0.029925
26 51 0.999995
26 52 0.999382
26 53 0.999984
26 54 0.998871
26 55 0.959174
26 56 0.999980
26 57 0.014763
26 58 0.999984
26 59 0.999875
26 60 0.029925
26 61 0.999373
26 62 0.999985
26 63 0.999998
26 64 0.017316
26 65 0.999987
26 66 0.977693
26 67 0.967167
26 68 0.999998
26 69 0.999983
26 70 0.999998
26 71 0.019299
26 72 0.783545
26 73 0.999983
26 74 0.999962
26 75 0.999997
26 76 0.014763
26 77 0.999998
26 78 0.993675
26 79 0.000372
26 80 0.998747
26 81 0.172989
26 82 0.005177
26 83 0.005177
26 84 0.999998
26 85 0.999956
26 86 0.999998
26 87 0.976197
26 88 0.999896
26 89 0.999938
26 90 0.999975
26 91 0.000139
26 92 0.999999
26 93 0.011090
26 94 0.999998
26 95 0.999998
26 96 0.999997
26 97 0.999978
26 98 0.999884
26 99 0.999971
27 0 0.035762
27 1 0.019299
27 2 0.786128
27 3 0.999997
27 4 0.999999
27 5 0.999670
27 6 0.367737
27 7 0.999934
27 8 0.999993
27 9 0.014763
27 10 0.999870
27 11 0.999996
27 12 0.874996
27 13 0.999998
27 14 0.999999
27 15 0.999967
27 16 0.102116
27 17 0.999901
27 18 0.999998
27 19 0.999530
27 20 0.001279
27 21 0.999609
27 22 0.999258
27 23 0.998680
27 24 0.999997
27 25 0.999988
27 26 0.999956
27 27 0.000000
27 28 0.991246
27 29 0.928576
27 30 0.999997
27 31 0.093360
27 32 0.999996
27 33 0.999995
27 34 0.999999
27 35 0.999994
27 36 0.990528
27 37 0.027175
27 38 0.993675
27 39 0.999995
27 40 0.999652
27 41 0.999993
27 42 0.999995
27 43 0.999927
27 44 0.019299
27 45 0.999997
27 46 0.999998
27 47 0.029925
27 48 0.999998
27 49 0.999997
27 50 0.999991
27 51 0.848329
