0 0 0.000000
0 1 0.118059
0 2 0.999992
0 3 0.071949
0 4 0.999998
0 5 0.999997
0 6 0.999997
0 7 0.999994
0 8 0.999998
0 9 0.035762
0 10 0.997656
0 11 0.999998
0 12 0.197053
0 13 0.425031
0 14 0.999994
0 15 0.999479
0 16 0.997994
0 17 0.999944
0 18 0.999993
0 19 0.060180
0 20 0.999824
0 21 0.999997
0 22 0.999643
0 23 0.999997
0 24 0.999998
0 25 0.996298
0 26 0.977693
0 27 0.035762
0 28 0.999765
0 29 0.999996
0 30 0.987559
0 31 0.153568
0 32 0.999995
0 33 0.999975
0 34 0.999996
0 35 0.999997
0 36 0.999990
0 37 0.003622
0 38 0.999975
0 39 0.999998
0 40 0.999998
0 41 0.999998
0 42 0.995493
0 43 0.936253
0 44 0.180652
0 45 0.995493
0 46 0.999982
0 47 0.999996
0 48 0.999998
0 49 0.999991
0 50 0.999998
0 51 0.348574
0 52 0.999998
0 53 0.999997
0 54 0.006763
0 55 0.993844
0 56 0.947239
0 57 0.005177
0 58 0.936253
0 59 0.560920
0 60 0.999995
0 61 0.999971
0 62 0.999756
0 63 0.005177
0 64 0.999991
0 65 0.999912
0 66 0.972594
0 67 0.617997
0 68 0.999990
0 69 0.000372
0 70 0.999997
0 71 0.999945
0 72 0.999956
0 73 0.999999
0 74 0.999923
0 75 0.999997
0 76 0.051779
0 77 0.005177
0 78 0.999998
0 79 0.999951
0 80 0.999997
0 81 0.069412
0 82 0.999998
0 83 0.999609
0 84 0.999996
0 85 0.002681
0 86 0.999824
0 87 0.990157
0 88 0.999851
0 89 0.999624
0 90 0.999998
0 91 0.999998
0 92 0.999956
0 93 0.999560
0 94 0.227550
0 95 0.999998
0 96 0.999959
0 97 0.999992
0 98 0.999992
0 99 0.999804
1 0 0.118059
1 1 0.000000
1 2 0.999996
1 3 0.999998
1 4 0.999995
1 5 0.905921
1 6 0.743482
1 7 0.057916
1 8 0.999994
1 9 0.530966
1 10 0.999998
1 11 0.999998
1 12 0.913714
1 13 0.999916
1 14 0.093360
1 15 0.999998
1 16 0.999812
1 17 0.164849
1 18 0.999998
1 19 0.999998
1 20 0.508635
1 21 0.999994
1 22 0.079482
1 23 0.999876
1 24 0.999928
1 25 0.999994
1 26 0.999826
1 27 0.019299
1 28 0.999972
1 29 0.227550
1 30 0.999998
1 31 0.999987
1 32 0.999405
1 33 0.034174
1 34 0.988345
1 35 0.997327
1 36 0.999995
1 37 0.999999
1 38 0.999997
1 39 0.999998
1 40 0.999998
1 41 0.999977
1 42 0.135231
1 43 0.011782
1 44 0.991127
1 45 0.909313
1 46 0.999971
1 47 0.999998
1 48 0.999950
1 49 0.999997
1 50 0.999977
1 51 0.000218
1 52 0.999999
1 53 0.002681
1 54 0.999993
1 55 0.999997
1 56 0.999791
1 57 0.410971
1 58 0.999995
1 59 0.999999
1 60 0.004818
1 61 0.994376
1 62 0.999997
1 63 0.121504
1 64 0.391878
1 65 0.999849
1 66 0.999998
1 67 0.999998
1 68 0.999976
1 69 0.999997
1 70 0.999998
1 71 0.999998
1 72 0.006763
1 73 0.999987
1 74 0.071949
1 75 0.005177
1 76 0.005177
1 77 0.999992
1 78 0.999996
1 79 0.014763
1 80 0.997916
1 81 0.002681
1 82 0.999997
1 83 0.999999
1 84 0.213996
1 85 0.999998
1 86 0.019299
1 87 0.999994
1 88 0.999934
1 89 0.999991
1 90 0.999998
1 91 0.019299
1 92 0.731785
1 93 0.999998
1 94 0.005177
1 95 0.999998
1 96 0.998122
1 97 0.999598
1 98 0.998781
1 99 0.986720
2 0 0.999992
2 1 0.999996
2 2 0.000000
2 3 0.999981
2 4 0.999998
2 5 0.999859
2 6 0.006763
2 7 0.999956
2 8 0.999993
2 9 0.051779
2 10 0.999888
2 11 0.999997
2 12 0.999999
2 13 0.999999
2 14 0.999980
2 15 0.999995
2 16 0.999953
2 17 0.999998
2 18 0.999921
2 19 0.003622
2 20 0.999996
2 21 0.999994
2 22 0.999993
2 23 0.999998
2 24 0.999998
2 25 0.999993
2 26 0.999998
2 27 0.543836
2 28 0.999983
2 29 0.999931
2 30 0.011782
2 31 0.999998
2 32 0.005177
2 33 0.999996
2 34 0.006317
2 35 0.999983
2 36 0.999582
2 37 0.028526
2 38 0.996875
2 39 0.002681
2 40 0.999948
2 41 0.999998
2 42 0.189109
2 43 0.343597
2 44 0.999998
2 45 0.051779
2 46 0.999998
2 47 0.999994
2 48 0.999998
2 49 0.987390
2 50 0.999998
2 51 0.023583
2 52 0.019299
2 53 0.999978
2 54 0.999666
2 55 0.999996
2 56 0.999986
2 57 0.999998
2 58 0.626001
2 59 0.999980
2 60 0.999665
2 61 0.999998
2 62 0.168897
2 63 0.999998
2 64 0.999998
2 65 0.999986
2 66 0.999998
2 67 0.108547
2 68 0.263461
2 69 0.999996
2 70 0.999999
2 71 0.999765
2 72 0.999994
2 73 0.999912
2 74 0.999998
2 75 0.999996
2 76 0.006763
2 77 0.999609
2 78 0.999901
2 79 0.999998
2 80 0.042353
2 81 0.999994
2 82 0.999998
2 83 0.999340
2 84 0.999997
2 85 0.999998
2 86 0.000372
2 87 0.999984
2 88 0.060180
2 89 0.999998
2 90 0.999991
2 91 0.999997
2 92 0.999961
2 93 0.002681
2 94 0.011782
2 95 0.999998
2 96 0.999929
2 97 0.999999
2 98 0.999996
2 99 0.999990
3 0 0.071949
3 1 0.999998
3 2 0.999981
3 3 0.000000
3 4 0.999997
3 5 0.999999
3 6 0.983223
3 7 0.993914
3 8 0.992109
3 9 0.999997
3 10 0.996708
3 11 0.999999
3 12 0.002681
3 13 0.121504
3 14 0.079482
3 15 0.011782
3 16 0.999996
3 17 0.910477
3 18 0.999970
3 19 0.014763
3 20 0.999965
3 21 0.019299
3 22 0.999983
3 23 0.999998
3 24 0.999998
3 25 0.005177
3 26 0.995316
3 27 0.999998
3 28 0.997530
3 29 0.999999
3 30 0.060180
3 31 0.029925
3 32 0.998217
3 33 0.999992
3 34 0.999788
3 35 0.999999
3 36 0.999998
3 37 0.999997
3 38 0.999994
3 39 0.999985
3 40 0.972594
3 41 0.998217
3 42 0.999964
3 43 0.999991
3 44 0.999634
3 45 0.999998
3 46 0.999996
3 47 0.999998
3 48 0.999996
3 49 0.999997
3 50 0.999961
3 51 0.999999
3 52 0.999999
3 53 0.999998
3 54 0.019299
3 55 0.999762
3 56 0.999967
3 57 0.999950
3 58 0.000372
3 59 0.019299
3 60 0.997994
3 61 0.999991
3 62 0.999999
3 63 0.999997
3 64 0.002681
3 65 0.138922
3 66 0.988187
3 67 0.999996
3 68 0.973617
3 69 0.998265
3 70 0.999998
3 71 0.999993
3 72 0.999825
3 73 0.996247
3 74 0.999959
3 75 0.993760
3 76 0.999998
3 77 0.976826
3 78 0.820692
3 79 0.990780
3 80 0.999997
3 81 0.999998
3 82 0.997563
3 83 0.999993
3 84 0.999999
3 85 0.003622
3 86 0.999998
3 87 0.999992
3 88 0.795793
3 89 0.999998
3 90 0.999950
3 91 0.005177
3 92 0.905921
3 93 0.997804
3 94 0.005177
3 95 0.999851
3 96 0.410971
3 97 0.999998
3 98 0.899866
3 99 0.995779
4 0 0.999998
4 1 0.999995
4 2 0.999998
4 3 0.999997
4 4 0.000000
4 5 0.999981
4 6 0.998021
4 7 0.999996
4 8 0.999993
4 9 0.999998
4 10 0.783552
4 11 0.999629
4 12 0.999843
4 13 0.999843
4 14 0.986898
4 15 0.999901
4 16 0.909313
4 17 0.999967
4 18 0.966727
4 19 0.995993
4 20 0.999993
4 21 0.999997
4 22 0.992215
4 23 0.002681
4 24 0.999752
4 25 0.153568
4 26 0.998048
4 27 0.999999
4 28 0.998591
4 29 0.029925
4 30 0.999165
4 31 0.035762
4 32 0.999972
4 33 0.999990
4 34 0.999996
4 35 0.998591
4 36 0.995992
4 37 0.868768
4 38 0.993760
4 39 0.999998
4 40 0.999604
4 41 0.001794
4 42 0.999979
4 43 0.005177
4 44 0.988027
4 45 0.019299
4 46 0.999995
4 47 0.995253
4 48 0.999998
4 49 0.751866
4 50 0.999979
4 51 0.999969
4 52 0.005177
4 53 0.999996
4 54 0.999998
4 55 0.029925
4 56 0.655709
4 57 0.999996
4 58 0.042353
4 59 0.999643
4 60 0.995778
4 61 0.019299
4 62 0.997624
4 63 0.999999
4 64 0.999994
4 65 0.014763
4 66 0.999990
4 67 0.066931
4 68 0.005177
4 69 0.998871
4 70 0.996875
4 71 0.071949
4 72 0.999998
4 73 0.999843
4 74 0.999999
4 75 0.997290
4 76 0.263461
4 77 0.999843
4 78 0.006763
4 79 0.999703
4 80 0.999997
4 81 0.999994
4 82 0.999985
4 83 0.999999
4 84 0.999826
4 85 0.093360
4 86 0.973617
4 87 0.999997
4 88 0.999998
4 89 0.998886
4 90 0.999998
4 91 0.999998
4 92 0.999971
4 93 0.999998
4 94 0.995253
4 95 0.999998
4 96 0.999972
4 97 0.999990
4 98 0.999995
4 99 0.985073
5 0 0.999997
5 1 0.905921
5 2 0.999859
5 3 0.999999
5 4 0.999981
5 5 0.000000
5 6 0.999999
5 7 0.999998
5 8 0.999998
5 9 0.999989
5 10 0.994526
5 11 0.999922
5 12 0.999791
5 13 0.023583
5 14 0.999953
5 15 0.999999
5 16 0.999993
5 17 0.908135
5 18 0.999987
5 19 0.999998
5 20 0.996663
5 21 0.743482
5 22 0.999998
5 23 0.999946
5 24 0.999971
5 25 0.999998
5 26 0.014763
5 27 0.999861
5 28 0.999999
5 29 0.029925
5 30 0.999997
5 31 0.999989
5 32 0.999996
5 33 0.999956
5 34 0.999752
5 35 0.011782
5 36 0.994526
5 37 0.281924
5 38 0.005177
5 39 0.999998
5 40 0.876570
5 41 0.986541
5 42 0.998536
5 43 0.602289
5 44 0.999999
5 45 0.006763
5 46 0.999965
5 47 0.999996
5 48 0.904700
5 49 0.019299
5 50 0.999851
5 51 0.999736
5 52 0.005177
5 53 0.999841
5 54 0.999998
5 55 0.999814
5 56 0.019299
5 57 0.121504
5 58 0.997497
5 59 0.999998
5 60 0.999974
5 61 0.999999
5 62 0.999983
5 63 0.999703
5 64 0.999479
5 65 0.999998
5 66 0.999999
5 67 0.999955
5 68 0.999984
5 69 0.999981
5 70 0.999999
5 71 0.002681
5 72 0.999998
5 73 0.999985
5 74 0.999981
5 75 0.999963
5 76 0.994588
5 77 0.996618
5 78 0.999998
5 79 0.999998
5 80 0.999833
5 81 0.999780
5 82 0.999802
5 83 0.999996
5 84 0.999890
5 85 0.999958
5 86 0.995778
5 87 0.999996
5 88 0.172989
5 89 0.999997
5 90 0.999868
5 91 0.999505
5 92 0.996047
5 93 0.999998
5 94 0.992887
5 95 0.999998
5 96 0.999165
5 97 0.999979
5 98 0.999942
5 99 0.999207
6 0 0.999997
6 1 0.743482
6 2 0.006763
6 3 0.983223
6 4 0.998021
6 5 0.999999
6 6 0.000000
6 7 0.253982
6 8 0.999990
6 9 0.005177
6 10 0.999998
6 11 0.999993
6 12 0.999995
6 13 0.999900
6 14 0.105308
6 15 0.999995
6 16 0.999990
6 17 0.999998
6 18 0.999998
6 19 0.999991
6 20 0.999995
6 21 0.999998
6 22 0.999998
6 23 0.999998
6 24 0.999998
6 25 0.999978
6 26 0.011782
6 27 0.472229
6 28 0.138922
6 29 0.999996
6 30 0.343597
6 31 0.999974
6 32 0.999258
6 33 0.999998
6 34 0.999998
6 35 0.999998
6 36 0.886639
6 37 0.999912
6 38 0.999978
6 39 0.999994
6 40 0.999165
6 41 0.999874
6 42 0.999992
6 43 0.999937
6 44 0.999988
6 45 0.042353
6 46 0.998843
6 47 0.999998
6 48 0.999994
6 49 0.019299
6 50 0.999988
6 51 0.984068
6 52 0.999647
6 53 0.999999
6 54 0.023583
6 55 0.999997
6 56 0.999997
6 57 0.019299
6 58 0.999990
6 59 0.002681
6 60 0.002681
6 61 0.934560
6 62 0.967167
6 63 0.999997
6 64 0.998516
6 65 0.999967
6 66 0.014763
6 67 0.986202
6 68 0.999955
6 69 0.999947
6 70 0.051779
6 71 0.999982
6 72 0.999996
6 73 0.164848
6 74 0.096388
6 75 0.999997
6 76 0.071949
6 77 0.998217
6 78 0.999997
6 79 0.999804
6 80 0.999998
6 81 0.999995
6 82 0.999996
6 83 0.999530
6 84 0.999998
6 85 0.999938
6 86 0.778725
6 87 0.999998
6 88 0.019299
6 89 0.999908
6 90 0.999986
6 91 0.999998
6 92 0.029925
6 93 0.999998
6 94 0.999997
6 95 0.999954
6 96 0.999997
6 97 0.329464
6 98 0.999997
6 99 0.999999
7 0 0.999994
7 1 0.057916
7 2 0.999956
7 3 0.993914
7 4 0.999996
7 5 0.999998
7 6 0.253982
7 7 0.000000
7 8 0.999921
7 9 0.999979
7 10 0.999536
7 11 0.996708
7 12 0.066931
7 13 0.999994
7 14 0.998241
7 15 0.999997
7 16 0.992609
7 17 0.060180
7 18 0.987559
7 19 0.999736
7 20 0.135231
7 21 0.029925
7 22 0.548312
7 23 0.999998
7 24 0.999498
7 25 0.999986
7 26 0.005177
7 27 0.999981
7 28 0.999997
7 29 0.011090
7 30 0.268234
7 31 0.757621
7 32 0.999997
7 33 0.868768
7 34 0.999997
7 35 0.999975
7 36 0.999997
7 37 0.999985
7 38 0.999996
7 39 0.880950
7 40 0.999996
7 41 0.019299
7 42 0.999997
7 43 0.999603
7 44 0.029925
7 45 0.002681
7 46 0.999997
7 47 0.999941
7 48 0.999997
7 49 0.029925
7 50 0.999859
7 51 0.999998
7 52 0.153568
7 53 0.999931
7 54 0.999977
7 55 0.997655
7 56 0.999998
7 57 0.999970
7 58 0.725535
7 59 0.998871
7 60 0.999997
7 61 0.999996
7 62 0.998307
7 63 0.023583
7 64 0.999995
7 65 0.999994
7 66 0.999990
7 67 0.999998
7 68 0.999405
7 69 0.999997
7 70 0.916837
7 71 0.135230
7 72 0.999897
7 73 0.999998
7 74 0.999999
7 75 0.517913
7 76 0.999998
7 77 0.999998
7 78 0.082237
7 79 0.995188
7 80 0.999530
7 81 0.999791
7 82 0.999998
7 83 0.000218
7 84 0.999995
7 85 0.999988
7 86 0.938589
7 87 0.999995
7 88 0.006763
7 89 0.999977
7 90 0.999998
7 91 0.999997
7 92 0.985073
7 93 0.999996
7 94 0.999925
7 95 0.999997
7 96 0.014763
7 97 0.999868
7 98 0.999998
7 99 0.999997
8 0 0.999998
8 1 0.999994
8 2 0.999993
8 3 0.992109
8 4 0.999993
8 5 0.999998
8 6 0.999990
8 7 0.999921
8 8 0.000000
8 9 0.006763
8 10 0.999993
8 11 0.999998
8 12 0.999405
8 13 0.988187
8 14 0.005177
8 15 0.986015
8 16 0.985272
8 17 0.999944
8 18 0.999991
8 19 0.994732
8 20 0.008170
8 21 0.999997
8 22 0.999992
8 23 0.999999
8 24 0.999994
8 25 0.999998
8 26 0.999614
8 27 0.999990
8 28 0.999973
8 29 0.011782
8 30 0.999994
8 31 0.999995
8 32 0.999997
8 33 0.999736
8 34 0.999998
8 35 0.997327
8 36 0.135231
8 37 0.999998
8 38 0.673535
8 39 0.999999
8 40 0.999994
8 41 0.999972
8 42 0.999120
8 43 0.999554
8 44 0.999992
8 45 0.999998
8 46 0.999958
8 47 0.999998
8 48 0.019299
8 49 0.999998
8 50 0.999988
8 51 0.999997
8 52 0.005177
8 53 0.999108
8 54 0.999530
8 55 0.999295
8 56 0.082237
8 57 0.019299
8 58 0.999998
8 59 0.000556
8 60 0.138922
8 61 0.999999
8 62 0.300647
8 63 0.673535
8 64 0.999802
8 65 0.999994
8 66 0.999985
8 67 0.998536
8 68 0.019299
8 69 0.006763
8 70 0.997291
8 71 0.997496
8 72 0.999983
8 73 0.999998
8 74 0.997655
8 75 0.082237
8 76 0.938589
8 77 0.999762
8 78 0.997496
8 79 0.999979
8 80 0.999937
8 81 0.029925
8 82 0.999997
8 83 0.005177
8 84 0.999874
8 85 0.999991
8 86 0.999997
8 87 0.999997
8 88 0.999295
8 89 0.993995
8 90 0.999906
8 91 0.011782
8 92 0.999941
8 93 0.999999
8 94 0.999980
8 95 0.999997
8 96 0.999845
8 97 0.999999
8 98 0.998731
8 99 0.999997
9 0 0.035762
9 1 0.530966
9 2 0.051779
9 3 0.999997
9 4 0.999998
9 5 0.999989
9 6 0.005177
9 7 0.999979
9 8 0.006763
9 9 0.000000
9 10 0.999996
9 11 0.999997
9 12 0.997074
9 13 0.999999
9 14 0.999999
9 15 0.989493
9 16 0.028526
9 17 0.189109
9 18 0.999937
9 19 0.999703
9 20 0.995554
9 21 0.999997
9 22 0.999998
9 23 0.999999
9 24 0.999702
9 25 0.999998
9 26 0.940842
9 27 0.014763
9 28 0.999405
9 29 0.999959
9 30 0.999747
9 31 0.999884
9 32 0.999505
9 33 0.999970
9 34 0.999996
9 35 0.019299
9 36 0.997774
9 37 0.999999
9 38 0.999604
9 39 0.999994
9 40 0.999978
9 41 0.011782
9 42 0.005177
9 43 0.999999
9 44 0.999998
9 45 0.999577
9 46 0.999991
9 47 0.999991
9 48 0.164848
9 49 0.999997
9 50 0.999969
9 51 0.999868
9 52 0.999998
9 53 0.999988
9 54 0.135231
9 55 0.999998
9 56 0.999975
9 57 0.999765
9 58 0.999988
9 59 0.999988
9 60 0.999998
9 61 0.029925
9 62 0.051779
9 63 0.853624
9 64 0.014763
9 65 0.999999
9 66 0.999997
9 67 0.999971
9 68 0.999983
9 69 0.999340
9 70 0.164848
9 71 0.999998
9 72 0.969222
9 73 0.082237
9 74 0.999950
9 75 0.999972
9 76 0.999998
9 77 0.999471
9 78 0.999998
9 79 0.930278
9 80 0.994376
9 81 0.970761
9 82 0.993675
9 83 0.651946
9 84 0.999997
9 85 0.999998
9 86 0.999998
9 87 0.999995
9 88 0.999998
9 89 0.999998
9 90 0.999978
9 91 0.999993
9 92 0.093360
9 93 0.999999
9 94 0.999997
9 95 0.999999
9 96 0.994451
9 97 0.300648
9 98 0.999718
9 99 0.999582
10 0 0.997656
10 1 0.999998
10 2 0.999888
10 3 0.996708
10 4 0.783552
10 5 0.994526
10 6 0.999998
10 7 0.999536
10 8 0.999993
10 9 0.999996
10 10 0.000000
10 11 0.011782
10 12 0.999996
10 13 0.999997
10 14 0.998943
10 15 0.999988
10 16 0.999934
10 17 0.014763
10 18 0.999997
10 19 0.017315
10 20 0.999906
10 21 0.999999
10 22 0.019299
10 23 0.999961
10 24 0.999498
10 25 0.999999
10 26 0.462595
10 27 0.999780
10 28 0.991246
10 29 0.999991
10 30 0.118059
10 31 0.999954
10 32 0.999999
10 33 0.999900
10 34 0.995613
10 35 0.019299
10 36 0.998048
10 37 0.999999
10 38 0.999999
10 39 0.999998
10 40 0.108547
10 41 0.467420
10 42 0.999996
10 43 0.999530
10 44 0.970761
10 45 0.006317
10 46 0.995066
10 47 0.999998
10 48 0.999999
10 49 0.999998
10 50 0.286770
10 51 0.999966
10 52 0.999888
10 53 0.300647
10 54 0.999942
10 55 0.999996
10 56 0.999947
10 57 0.999997
10 58 0.029925
10 59 0.982996
10 60 0.205798
10 61 0.999995
10 62 0.999998
10 63 0.999978
10 64 0.999799
10 65 0.999010
10 66 0.999024
10 67 0.999998
10 68 0.999791
10 69 0.999999
10 70 0.999998
10 71 0.042353
10 72 0.069412
10 73 0.997184
10 74 0.999998
10 75 0.997074
10 76 0.994732
10 77 0.999996
10 78 0.999991
10 79 0.999998
10 80 0.999998
10 81 0.006763
10 82 0.999991
10 83 0.999999
10 84 0.999989
10 85 0.999986
10 86 0.988631
10 87 0.006763
10 88 0.999976
10 89 0.999996
10 90 0.967167
10 91 0.999974
10 92 0.999930
10 93 0.972225
10 94 0.966283
10 95 0.999582
10 96 0.999956
10 97 0.992609
10 98 0.011782
10 99 0.995379
11 0 0.999998
11 1 0.999998
11 2 0.999997
11 3 0.999999
11 4 0.999629
11 5 0.999922
11 6 0.999993
11 7 0.996708
11 8 0.999998
11 9 0.999997
11 10 0.011782
11 11 0.000000
11 12 0.001279
11 13 0.999687
11 14 0.042353
11 15 0.999997
11 16 0.999995
11 17 0.999560
11 18 0.999995
11 19 0.999997
11 20 0.999912
11 21 0.999974
11 22 0.999998
11 23 0.999998
11 24 0.999888
11 25 0.999999
11 26 0.434867
11 27 0.999998
11 28 0.999996
11 29 0.999982
11 30 0.970368
11 31 0.908134
11 32 0.999991
11 33 0.999995
11 34 0.999132
11 35 0.029925
11 36 0.910477
11 37 0.005177
11 38 0.999981
11 39 0.999971
11 40 0.999948
11 41 0.999980
11 42 0.042353
11 43 0.999998
11 44 0.999995
11 45 0.986543
11 46 0.999978
11 47 0.999993
11 48 0.999997
11 49 0.999938
11 50 0.999998
11 51 0.218481
11 52 0.673535
11 53 0.999998
11 54 0.999994
11 55 0.999997
11 56 0.999998
11 57 0.999999
11 58 0.999674
11 59 0.999979
11 60 0.999997
11 61 0.999998
11 62 0.108547
11 63 0.999994
11 64 0.999978
11 65 0.999996
11 66 0.999998
11 67 0.999991
11 68 0.153568
11 69 0.999999
11 70 0.979374
11 71 0.999582
11 72 0.999998
11 73 0.948613
11 74 0.999919
11 75 0.999812
11 76 0.999997
11 77 0.999972
11 78 0.999996
11 79 0.240658
11 80 0.999666
11 81 0.999999
11 82 0.999993
11 83 0.999998
11 84 0.999875
11 85 0.979096
11 86 0.999998
11 87 0.834873
11 88 0.999994
11 89 0.999998
11 90 0.999998
11 91 0.999997
11 92 0.999907
11 93 0.999780
11 94 0.011782
11 95 0.999998
11 96 0.999999
11 97 0.227550
11 98 0.049729
11 99 0.006763
12 0 0.197053
12 1 0.913714
12 2 0.999999
12 3 0.002681
12 4 0.999843
12 5 0.999791
12 6 0.999995
12 7 0.066931
12 8 0.999405
12 9 0.997074
12 10 0.999996
12 11 0.001279
12 12 0.000000
12 13 0.999479
12 14 0.992983
12 15 0.998997
12 16 0.006763
12 17 0.999998
12 18 0.999843
12 19 0.999997
12 20 0.079481
12 21 0.999997
12 22 0.999998
12 23 0.535509
12 24 0.002681
12 25 0.999998
12 26 0.999906
12 27 0.989493
12 28 0.051779
12 29 0.999956
12 30 0.999992
12 31 0.999998
12 32 0.999992
12 33 0.990024
12 34 0.902214
12 35 0.999995
12 36 0.999698
12 37 0.035762
12 38 0.999996
12 39 0.641070
12 40 0.999972
12 41 0.999996
12 42 0.988784
12 43 0.999972
12 44 0.999901
12 45 0.999791
12 46 0.999989
12 47 0.999998
12 48 0.999295
12 49 0.999990
12 50 0.999994
12 51 0.938589
12 52 0.999996
12 53 0.999996
12 54 0.999998
12 55 0.999997
12 56 0.991689
12 57 0.245316
12 58 0.999974
12 59 0.999010
12 60 0.019299
12 61 0.999998
12 62 0.999999
12 63 0.999961
12 64 0.999992
12 65 0.002681
12 66 0.999996
12 67 0.998308
12 68 0.999999
12 69 0.138922
12 70 0.999988
12 71 0.999996
12 72 0.995316
12 73 0.999960
12 74 0.999986
12 75 0.023583
12 76 0.006763
12 77 0.997034
12 78 0.987391
12 79 0.997655
12 80 0.999768
12 81 0.999991
12 82 0.999207
12 83 0.999976
12 84 0.005177
12 85 0.999999
12 86 0.999998
12 87 0.999999
12 88 0.999976
12 89 0.035762
12 90 0.999973
12 91 0.999994
12 92 0.999998
12 93 0.999997
12 94 0.999999
12 95 0.999992
12 96 0.999997
12 97 0.999997
12 98 0.999997
12 99 0.552765
13 0 0.425031
13 1 0.999916
13 2 0.999999
13 3 0.121504
13 4 0.999843
13 5 0.023583
13 6 0.999900
13 7 0.999994
13 8 0.988187
13 9 0.999999
13 10 0.999997
13 11 0.999687
13 12 0.999479
13 13 0.000000
13 14 0.999998
13 15 0.999998
13 16 0.999987
13 17 0.999884
13 18 0.999908
13 19 0.999985
13 20 0.999996
13 21 0.999977
13 22 0.998516
13 23 0.999998
13 24 0.999554
13 25 0.999999
13 26 0.999950
13 27 0.999996
13 28 0.994661
13 29 0.999998
13 30 0.999997
13 31 0.999992
13 32 0.999974
13 33 0.999961
13 34 0.999976
13 35 0.999505
13 36 0.999073
13 37 0.999991
13 38 0.999961
13 39 0.983223
13 40 0.999691
13 41 0.472229
13 42 0.942378
13 43 0.991127
13 44 0.999998
13 45 0.998811
13 46 0.999998
13 47 0.999953
13 48 0.999912
13 49 0.999993
13 50 0.999999
13 51 0.999998
13 52 0.999947
13 53 0.999812
13 54 0.999998
13 55 0.999994
13 56 0.999987
13 57 0.005177
13 58 0.985272
13 59 0.999176
13 60 0.998811
13 61 0.999969
13 62 0.997184
13 63 0.999382
13 64 0.999969
13 65 0.006763
13 66 0.999024
13 67 0.999997
13 68 0.998415
13 69 0.999997
13 70 0.999998
13 71 0.993427
13 72 0.042353
13 73 0.999996
13 74 0.999992
13 75 0.999802
13 76 0.051779
13 77 0.997655
13 78 0.999994
13 79 0.991461
13 80 0.999996
13 81 0.999998
13 82 0.998021
13 83 0.999258
13 84 0.999950
13 85 0.999997
13 86 0.999993
13 87 0.999996
13 88 0.983668
13 89 0.051779
13 90 0.999998
13 91 0.997624
13 92 0.999955
13 93 0.999977
13 94 0.002681
13 95 0.999993
13 96 0.999997
13 97 0.443905
13 98 0.997624
13 99 0.999993
14 0 0.999994
14 1 0.093360
14 2 0.999980
14 3 0.079482
14 4 0.986898
14 5 0.999953
14 6 0.105308
14 7 0.998241
14 8 0.005177
14 9 0.999999
14 10 0.998943
14 11 0.042353
14 12 0.992983
14 13 0.999998
14 14 0.000000
14 15 0.999998
14 16 0.019299
14 17 0.985825
14 18 0.991577
14 19 0.999997
14 20 0.999998
14 21 0.051779
14 22 0.999998
14 23 0.972594
14 24 0.029925
14 25 0.961206
14 26 0.982094
14 27 0.999999
14 28 0.999981
14 29 0.998871
14 30 0.999964
14 31 0.673535
14 32 0.000013
14 33 0.997994
14 34 0.999999
14 35 0.135231
14 36 0.992002
14 37 0.999861
14 38 0.999994
14 39 0.986898
14 40 0.999995
14 41 0.999165
14 42 0.935412
14 43 0.995993
14 44 0.999814
14 45 0.999998
14 46 0.023583
14 47 0.999934
14 48 0.999999
14 49 0.999998
14 50 0.999987
14 51 0.999944
14 52 0.936253
14 53 0.999998
14 54 0.999859
14 55 0.999997
14 56 0.001794
14 57 0.999629
14 58 0.999979
14 59 0.999998
14 60 0.999997
14 61 0.999868
14 62 0.999994
14 63 0.999993
14 64 0.999994
14 65 0.938589
14 66 0.999998
14 67 0.990655
14 68 0.880950
14 69 0.999912
14 70 0.999749
14 71 0.999851
14 72 0.999999
14 73 0.999998
14 74 0.996047
14 75 0.999990
14 76 0.999295
14 77 0.998811
14 78 0.999993
14 79 0.999997
14 80 0.005177
14 81 0.999988
14 82 0.060180
14 83 0.051779
14 84 0.996833
14 85 0.998122
14 86 0.999687
14 87 0.118059
14 88 0.453650
14 89 0.765619
14 90 0.999997
14 91 0.060180
14 92 0.999972
14 93 0.999996
14 94 0.999998
14 95 0.999843
14 96 0.999165
14 97 0.999998
14 98 0.999634
14 99 0.986540
15 0 0.999479
15 1 0.999998
15 2 0.999995
15 3 0.011782
15 4 0.999901
15 5 0.999999
15 6 0.999995
15 7 0.999997
15 8 0.986015
15 9 0.989493
15 10 0.999988
15 11 0.999997
15 12 0.998997
15 13 0.999998
15 14 0.999998
15 15 0.000000
15 16 0.999989
15 17 0.999986
15 18 0.765619
15 19 0.999999
15 20 0.999998
15 21 0.999958
15 22 0.999996
15 23 0.999991
15 24 0.999951
15 25 0.999735
15 26 0.495294
15 27 0.999996
15 28 0.011782
15 29 0.999940
15 30 0.999998
15 31 0.999995
15 32 0.999964
15 33 0.999889
15 34 0.956464
15 35 0.992983
15 36 0.999950
15 37 0.999995
15 38 0.999999
15 39 0.999997
15 40 0.999884
15 41 0.998572
15 42 0.999999
15 43 0.999999
15 44 0.999948
15 45 0.005177
15 46 0.999997
15 47 0.999998
15 48 0.999845
15 49 0.999331
15 50 0.042353
15 51 0.999896
15 52 0.999992
15 53 0.754757
15 54 0.391878
15 55 0.999991
15 56 0.998122
15 57 0.999998
15 58 0.999972
15 59 0.997222
15 60 0.999994
15 61 0.999207
15 62 0.999609
15 63 0.999998
15 64 0.999999
15 65 0.999998
15 66 0.172989
15 67 0.999998
15 68 0.057916
15 69 0.005177
15 70 0.999999
15 71 0.999999
15 72 0.786128
15 73 0.999963
15 74 0.999998
15 75 0.023583
15 76 0.002681
15 77 0.286770
15 78 0.005177
15 79 0.999998
15 80 0.992887
15 81 0.999993
15 82 0.999736
15 83 0.002681
15 84 0.999999
15 85 0.006763
15 86 0.999997
15 87 0.999999
15 88 0.999998
15 89 0.999949
15 90 0.999998
15 91 0.999999
15 92 0.999999
15 93 0.987390
15 94 0.999983
15 95 0.999989
15 96 0.956464
15 97 0.999999
15 98 0.023583
15 99 0.999998
16 0 0.997994
16 1 0.999812
16 2 0.999953
16 3 0.999996
16 4 0.909313
16 5 0.999993
16 6 0.999990
16 7 0.992609
16 8 0.985272
16 9 0.028526
16 10 0.999934
16 11 0.999995
16 12 0.006763
16 13 0.999987
16 14 0.019299
16 15 0.999989
16 16 0.000000
16 17 0.999997
16 18 0.999998
16 19 0.999996
16 20 0.019299
16 21 0.998887
16 22 0.999977
16 23 0.999108
16 24 0.997624
16 25 0.999993
16 26 0.006763
16 27 0.651936
16 28 0.003622
16 29 0.999998
16 30 0.998415
16 31 0.975273
16 32 0.002681
16 33 0.999998
16 34 0.051779
16 35 0.999647
16 36 0.999998
16 37 0.999999
16 38 0.999998
16 39 0.999998
16 40 0.999959
16 41 0.999998
16 42 0.998515
16 43 0.051779
16 44 0.999996
16 45 0.988784
16 46 0.999997
16 47 0.998681
16 48 0.999999
16 49 0.999997
16 50 0.992002
16 51 0.999703
16 52 0.999994
16 53 0.999998
16 54 0.999295
16 55 0.999998
16 56 0.999994
16 57 0.999998
16 58 0.029925
16 59 0.998929
16 60 0.993338
16 61 0.999988
16 62 0.999999
16 63 0.999997
16 64 0.997184
16 65 0.999703
16 66 0.999999
16 67 0.983223
16 68 0.530966
16 69 0.999749
16 70 0.000372
16 71 0.029925
16 72 0.999998
16 73 0.999994
16 74 0.981645
16 75 0.999988
16 76 0.999996
16 77 0.999999
16 78 0.028526
16 79 0.999999
16 80 0.999305
16 81 0.999977
16 82 0.008716
16 83 0.999993
16 84 0.999995
16 85 0.999941
16 86 0.138922
16 87 0.999861
16 88 0.999990
16 89 0.999997
16 90 0.999998
16 91 0.011782
16 92 0.999896
16 93 0.999981
16 94 0.999945
16 95 0.999996
16 96 0.999958
16 97 0.019299
16 98 0.999992
16 99 0.003622
17 0 0.999944
17 1 0.164849
17 2 0.999998
17 3 0.910477
17 4 0.999967
17 5 0.908135
17 6 0.999998
17 7 0.060180
17 8 0.999944
17 9 0.189109
17 10 0.014763
17 11 0.999560
17 12 0.999998
17 13 0.999884
17 14 0.985825
17 15 0.999986
17 16 0.999997
17 17 0.000000
17 18 0.978283
17 19 0.999937
17 20 0.999998
17 21 0.991576
17 22 0.999950
17 23 0.999937
17 24 0.999998
17 25 0.114668
17 26 0.035762
17 27 0.999986
17 28 0.999935
17 29 0.999987
17 30 0.172989
17 31 0.976514
17 32 0.001279
17 33 0.105308
17 34 0.999997
17 35 0.999998
17 36 0.996437
17 37 0.999972
17 38 0.999985
17 39 0.495294
17 40 0.999988
17 41 0.996437
17 42 0.999998
17 43 0.731785
17 44 0.995316
17 45 0.391878
17 46 0.453650
17 47 0.999972
17 48 0.999998
17 49 0.999950
17 50 0.999998
17 51 0.019299
17 52 0.999978
17 53 0.999998
17 54 0.999985
17 55 0.999999
17 56 0.999997
17 57 0.999998
17 58 0.999998
17 59 0.994452
17 60 0.997327
17 61 0.999969
17 62 0.999965
17 63 0.999997
17 64 0.999305
17 65 0.999953
17 66 0.996663
17 67 0.999998
17 68 0.999996
17 69 0.425033
17 70 0.999959
17 71 0.999322
17 72 0.998730
17 73 0.989493
17 74 0.999965
17 75 0.999436
17 76 0.999997
17 77 0.008716
17 78 0.999938
17 79 0.999982
17 80 0.999997
17 81 0.999991
17 82 0.999998
17 83 0.858748
17 84 0.999996
17 85 0.999998
17 86 0.990655
17 87 0.999993
17 88 0.998764
17 89 0.999990
17 90 0.118059
17 91 0.999997
17 92 0.999794
17 93 0.703771
17 94 0.999997
17 95 0.998516
17 96 0.999990
17 97 0.999997
17 98 0.999937
17 99 0.999997
18 0 0.999993
18 1 0.999998
18 2 0.999921
18 3 0.999970
18 4 0.966727
18 5 0.999987
18 6 0.999998
18 7 0.987559
18 8 0.999991
18 9 0.999937
18 10 0.999997
18 11 0.999995
18 12 0.999843
18 13 0.999908
18 14 0.991577
18 15 0.765619
18 16 0.999998
18 17 0.978283
18 18 0.000000
18 19 0.999471
18 20 0.999994
18 21 0.998122
18 22 0.999994
18 23 0.999980
18 24 0.999993
18 25 0.029925
18 26 0.999996
18 27 0.999997
18 28 0.999981
18 29 0.999997
18 30 0.000372
18 31 0.999999
18 32 0.994661
18 33 0.999992
18 34 0.999974
18 35 0.000372
18 36 0.999912
18 37 0.999765
18 38 0.019299
18 39 0.011090
18 40 0.999998
18 41 0.986720
18 42 0.999997
18 43 0.996298
18 44 0.999990
18 45 0.987391
18 46 0.999934
18 47 0.992888
18 48 0.002681
18 49 0.999996
18 50 0.999998
18 51 0.999997
18 52 0.999998
18 53 0.997994
18 54 0.999984
18 55 0.005177
18 56 0.999998
18 57 0.999999
18 58 0.997994
18 59 0.999994
18 60 0.999994
18 61 0.999998
18 62 0.999998
18 63 0.999998
18 64 0.999985
18 65 0.992109
18 66 0.999990
18 67 0.999978
18 68 0.999998
18 69 0.201407
18 70 0.999996
18 71 0.999998
18 72 0.999998
18 73 0.999942
18 74 0.999994
18 75 0.998610
18 76 0.019299
18 77 0.999670
18 78 0.998572
18 79 0.999995
18 80 0.999997
18 81 0.999983
18 82 0.999996
18 83 0.999997
18 84 0.135231
18 85 0.999268
18 86 0.011782
18 87 0.990399
18 88 0.108547
18 89 0.999997
18 90 0.002681
18 91 0.999989
18 92 0.042353
18 93 0.999921
18 94 0.999560
18 95 0.999707
18 96 0.999997
18 97 0.999974
18 98 0.970761
18 99 0.999876
19 0 0.060180
19 1 0.999998
19 2 0.003622
19 3 0.014763
19 4 0.995993
19 5 0.999998
19 6 0.999991
19 7 0.999736
19 8 0.994732
19 9 0.999703
19 10 0.017315
19 11 0.999997
19 12 0.999997
19 13 0.999985
19 14 0.999997
19 15 0.999999
19 16 0.999996
19 17 0.999937
19 18 0.999471
19 19 0.000000
19 20 0.998591
19 21 0.999998
19 22 0.035762
19 23 0.997530
19 24 0.999957
19 25 0.999979
19 26 0.999814
19 27 0.999472
19 28 0.999987
19 29 0.999647
19 30 0.263461
19 31 0.999165
19 32 0.999997
19 33 0.999073
19 34 0.051779
19 35 0.979879
19 36 0.108547
19 37 0.999998
19 38 0.999994
19 39 0.999998
19 40 0.999971
19 41 0.999997
19 42 0.999997
19 43 0.999993
19 44 0.998193
19 45 0.049729
19 46 0.999996
19 47 0.999995
19 48 0.999967
19 49 0.999997
19 50 0.950507
19 51 0.999997
19 52 0.999987
19 53 0.999997
19 54 0.999896
19 55 0.999996
19 56 0.998536
19 57 0.999722
19 58 0.999994
19 59 0.999993
19 60 0.999996
19 61 0.999998
19 62 0.998871
19 63 0.999963
19 64 0.999976
19 65 0.999443
19 66 0.958629
19 67 0.999953
19 68 0.999998
19 69 0.999992
19 70 0.999923
19 71 0.981145
19 72 0.999981
19 73 0.999961
19 74 0.005177
19 75 0.999998
19 76 0.006763
19 77 0.071949
19 78 0.011782
19 79 0.999997
19 80 0.029925
19 81 0.999176
19 82 0.991576
19 83 0.999993
19 84 0.019299
19 85 0.386901
19 86 0.999999
19 87 0.999997
19 88 0.999998
19 89 0.999948
19 90 0.999996
19 91 0.999718
19 92 0.999998
19 93 0.999994
19 94 0.005177
19 95 0.999997
19 96 0.138922
19 97 0.019299
19 98 0.999998
19 99 0.999896
20 0 0.999824
20 1 0.508635
20 2 0.999996
20 3 0.999965
20 4 0.999993
20 5 0.996663
20 6 0.999995
20 7 0.135231
20 8 0.008170
20 9 0.995554
20 10 0.999906
20 11 0.999912
20 12 0.079481
20 13 0.999996
20 14 0.999998
20 15 0.999998
20 16 0.019299
20 17 0.999998
20 18 0.999994
20 19 0.998591
20 20 0.000000
20 21 0.800669
20 22 0.005177
20 23 0.993995
20 24 0.999997
20 25 0.999998
20 26 0.999950
20 27 0.001279
20 28 0.999994
20 29 0.999937
20 30 0.963627
20 31 0.999997
20 32 0.999998
20 33 0.999998
20 34 0.999991
20 35 0.999998
20 36 0.999998
20 37 0.999868
20 38 0.999998
20 39 0.993247
20 40 0.999998
20 41 0.842570
20 42 0.014763
20 43 0.999691
20 44 0.003622
20 45 0.999980
20 46 0.993996
20 47 0.011782
20 48 0.999998
20 49 0.060180
20 50 0.999998
20 51 0.997994
20 52 0.999107
20 53 0.999165
20 54 0.999996
20 55 0.019299
20 56 0.999998
20 57 0.999998
20 58 0.004818
20 59 0.999990
20 60 0.999998
20 61 0.227550
20 62 0.999833
20 63 0.932960
20 64 0.042353
20 65 0.659444
20 66 0.999954
20 67 0.998663
20 68 0.999999
20 69 0.999060
20 70 0.999963
20 71 0.138922
20 72 0.999982
20 73 0.999998
20 74 0.014763
20 75 0.999945
20 76 0.999998
20 77 0.999736
20 78 0.970368
20 79 0.999967
20 80 0.005177
20 81 0.999331
20 82 0.999992
20 83 0.999985
20 84 0.984870
20 85 0.988187
20 86 0.999997
20 87 0.999998
20 88 0.429954
20 89 0.999996
20 90 0.008716
20 91 0.002681
20 92 0.999998
20 93 0.996047
20 94 0.003622
20 95 0.999958
20 96 0.944496
20 97 0.999991
20 98 0.019299
20 99 0.999791
21 0 0.999997
21 1 0.999994
21 2 0.999994
21 3 0.019299
21 4 0.999997
21 5 0.743482
21 6 0.999998
21 7 0.029925
21 8 0.999997
21 9 0.999997
21 10 0.999999
21 11 0.999974
21 12 0.999997
21 13 0.999977
21 14 0.051779
21 15 0.999958
21 16 0.998887
21 17 0.991576
21 18 0.998122
21 19 0.999998
21 20 0.800669
21 21 0.000000
21 22 0.999897
21 23 0.999991
21 24 0.999998
21 25 0.999999
21 26 0.999999
21 27 0.999752
21 28 0.995779
21 29 0.999999
21 30 0.999331
21 31 0.999907
21 32 0.999665
21 33 0.999999
21 34 0.011782
21 35 0.999624
21 36 0.005177
21 37 0.999993
21 38 0.999998
21 39 0.965441
21 40 0.999998
21 41 0.999998
21 42 0.984280
21 43 0.999833
21 44 0.999980
21 45 0.999997
21 46 0.999997
21 47 0.997655
21 48 0.999997
21 49 0.713187
21 50 0.999980
21 51 0.970368
21 52 0.999859
21 53 0.999998
21 54 0.990655
21 55 0.999604
21 56 0.005177
21 57 0.999997
21 58 0.999979
21 59 0.997774
21 60 0.999961
21 61 0.999999
21 62 0.999991
21 63 0.999998
21 64 0.999997
21 65 0.967967
21 66 0.999868
21 67 0.999247
21 68 0.932077
21 69 0.999998
21 70 0.586172
21 71 0.999978
21 72 0.023583
21 73 0.998887
21 74 0.999998
21 75 0.005177
21 76 0.001279
21 77 0.999987
21 78 0.999998
21 79 0.005177
21 80 0.999859
21 81 0.995554
21 82 0.999804
21 83 0.035762
21 84 0.999980
21 85 0.999997
21 86 0.999998
21 87 0.998496
21 88 0.999998
21 89 0.999997
21 90 0.999998
21 91 0.014763
21 92 0.999998
21 93 0.999990
21 94 0.019299
21 95 0.060180
21 96 0.998591
21 97 0.941614
21 98 0.286770
21 99 0.997994
22 0 0.999643
22 1 0.079482
22 2 0.999993
22 3 0.999983
22 4 0.992215
22 5 0.999998
22 6 0.999998
22 7 0.548312
22 8 0.999992
22 9 0.999998
22 10 0.019299
22 11 0.999998
22 12 0.999998
22 13 0.998516
22 14 0.999998
22 15 0.999996
22 16 0.999977
22 17 0.999950
22 18 0.999994
22 19 0.035762
22 20 0.005177
22 21 0.999897
22 22 0.000000
22 23 0.999999
22 24 0.005177
22 25 0.999998
22 26 0.999995
22 27 0.996832
22 28 0.145864
22 29 0.051779
22 30 0.999998
22 31 0.999997
22 32 0.606413
22 33 0.999993
22 34 0.997624
22 35 0.005177
22 36 0.999997
22 37 0.277087
22 38 0.999998
22 39 0.002681
22 40 0.108547
22 41 0.999405
22 42 0.999997
22 43 0.999998
22 44 0.999258
22 45 0.999996
22 46 0.999998
22 47 0.999997
22 48 0.999990
22 49 0.992609
22 50 0.999992
22 51 0.999330
22 52 0.998516
22 53 0.999997
22 54 0.999956
22 55 0.999956
22 56 0.999945
22 57 0.999978
22 58 0.999791
22 59 0.999883
22 60 0.999994
22 61 0.999998
22 62 0.018287
22 63 0.011782
22 64 0.987389
22 65 0.071949
22 66 0.999975
22 67 0.999707
22 68 0.999998
22 69 0.999997
22 70 0.999978
22 71 0.999998
22 72 0.999963
22 73 0.999802
22 74 0.999824
22 75 0.006763
22 76 0.999994
22 77 0.995779
22 78 0.999998
22 79 0.999998
22 80 0.999972
22 81 0.999788
22 82 0.999997
22 83 0.999982
22 84 0.023583
22 85 0.999997
22 86 0.999927
22 87 0.005177
22 88 0.999998
22 89 0.999994
22 90 0.999841
22 91 0.999997
22 92 0.828969
22 93 0.955883
22 94 0.999945
22 95 0.999997
22 96 0.995993
22 97 0.999998
22 98 0.999998
22 99 0.999944
23 0 0.999997
23 1 0.999876
23 2 0.999998
23 3 0.999998
23 4 0.002681
23 5 0.999946
23 6 0.999998
23 7 0.999998
23 8 0.999999
23 9 0.999999
23 10 0.999961
23 11 0.999998
23 12 0.535509
23 13 0.999998
23 14 0.972594
23 15 0.999991
23 16 0.999108
23 17 0.999937
23 18 0.999980
23 19 0.997530
23 20 0.993995
23 21 0.999991
23 22 0.999999
23 23 0.000000
23 24 0.035762
23 25 0.999986
23 26 0.999997
23 27 0.999670
23 28 0.999901
23 29 0.999989
23 30 0.999998
23 31 0.999974
23 32 0.998610
23 33 0.999998
23 34 0.999990
23 35 0.999851
23 36 0.999998
23 37 0.999998
23 38 0.227550
23 39 0.999994
23 40 0.999998
23 41 0.005177
23 42 0.991007
23 43 0.979879
23 44 0.011782
23 45 0.999999
23 46 0.004818
23 47 0.999305
23 48 0.118060
23 49 0.999999
23 50 0.071949
23 51 0.999936
23 52 0.999997
23 53 0.999991
23 54 0.999998
23 55 0.999999
23 56 0.011782
23 57 0.014763
23 58 0.999999
23 59 0.002681
23 60 0.994661
23 61 0.999989
23 62 0.227550
23 63 0.999965
23 64 0.999945
23 65 0.999997
23 66 0.999624
23 67 0.999978
23 68 0.999845
23 69 0.999995
23 70 0.997259
23 71 0.999994
23 72 0.001794
23 73 0.996438
23 74 0.999998
23 75 0.999268
23 76 0.999788
23 77 0.993248
23 78 0.138922
23 79 0.987559
23 80 0.002681
23 81 0.999997
23 82 0.023583
23 83 0.995554
23 84 0.999969
23 85 0.999995
23 86 0.999997
23 87 0.999988
23 88 0.999995
23 89 0.999997
23 90 0.410971
23 91 0.049729
23 92 0.999997
23 93 0.014763
23 94 0.999997
23 95 0.999982
23 96 0.999765
23 97 0.999998
23 98 0.999984
23 99 0.999305
24 0 0.999998
24 1 0.999928
24 2 0.999998
24 3 0.999998
24 4 0.999752
24 5 0.999971
24 6 0.999998
24 7 0.999498
24 8 0.999994
24 9 0.999702
24 10 0.999498
24 11 0.999888
24 12 0.002681
24 13 0.999554
24 14 0.029925
24 15 0.999951
24 16 0.997624
24 17 0.999998
24 18 0.999993
24 19 0.999957
24 20 0.999997
24 21 0.999998
24 22 0.005177
24 23 0.035762
24 24 0.000000
24 25 0.999996
24 26 0.999950
24 27 0.999998
24 28 0.968808
24 29 0.999996
24 30 0.999996
24 31 0.018287
24 32 0.999791
24 33 0.999956
24 34 0.999992
24 35 0.011782
24 36 0.999951
24 37 0.999998
24 38 0.999987
24 39 0.999999
24 40 0.999992
24 41 0.029925
24 42 0.980411
24 43 0.999604
24 44 0.999954
24 45 0.999997
24 46 0.999998
24 47 0.888076
24 48 0.999998
24 49 0.999997
24 50 0.999998
24 51 0.999989
24 52 0.035762
24 53 0.011782
24 54 0.955884
24 55 0.005177
24 56 0.999986
24 57 0.002681
24 58 0.982333
24 59 0.011782
24 60 0.999992
24 61 0.999752
24 62 0.999998
24 63 0.999995
24 64 0.999998
24 65 0.832819
24 66 0.999997
24 67 0.999972
24 68 0.999996
24 69 0.019299
24 70 0.999603
24 71 0.999994
24 72 0.023583
24 73 0.999165
24 74 0.999998
24 75 0.002681
24 76 0.082237
24 77 0.472229
24 78 0.999988
24 79 0.999989
24 80 0.999984
24 81 0.999997
24 82 0.362752
24 83 0.999971
24 84 0.999998
24 85 0.997184
24 86 0.999998
24 87 0.034173
24 88 0.999876
24 89 0.999953
24 90 0.923918
24 91 0.998811
24 92 0.700406
24 93 0.983668
24 94 0.999999
24 95 0.999998
24 96 0.979374
24 97 0.999994
24 98 0.992508
24 99 0.999996
25 0 0.996298
25 1 0.999994
25 2 0.999993
25 3 0.005177
25 4 0.153568
25 5 0.999998
25 6 0.999978
25 7 0.999986
25 8 0.999998
25 9 0.999998
25 10 0.999999
25 11 0.999999
25 12 0.999998
25 13 0.999999
25 14 0.961206
25 15 0.999735
25 16 0.999993
25 17 0.114668
25 18 0.029925
25 19 0.999979
25 20 0.999998
25 21 0.999999
25 22 0.999998
25 23 0.999986
25 24 0.999996
25 25 0.000000
25 26 0.976514
25 27 0.999998
25 28 0.999997
25 29 0.999998
25 30 0.066931
25 31 0.999998
25 32 0.999941
25 33 0.023583
25 34 0.999998
25 35 0.184860
25 36 0.005177
25 37 0.960688
25 38 0.066931
25 39 0.999999
25 40 0.135231
25 41 0.999998
25 42 0.996833
25 43 0.016382
25 44 0.153568
25 45 0.994376
25 46 0.406015
25 47 0.938590
25 48 0.999804
25 49 0.184861
25 50 0.999560
25 51 0.999331
25 52 0.999985
25 53 0.999996
25 54 0.999937
25 55 0.999965
25 56 0.999998
25 57 0.999996
25 58 0.693588
25 59 0.929361
25 60 0.448784
25 61 0.018287
25 62 0.999997
25 63 0.999999
25 64 0.999998
25 65 0.999999
25 66 0.434867
25 67 0.164848
25 68 0.003622
25 69 0.999777
25 70 0.999991
25 71 0.049729
25 72 0.988784
25 73 0.987559
25 74 0.305549
25 75 0.011782
25 76 0.999588
25 77 0.846427
25 78 0.999940
25 79 0.999995
25 80 0.999951
25 81 0.999913
25 82 0.372722
25 83 0.999934
25 84 0.999665
25 85 0.999967
25 86 0.372722
25 87 0.999961
25 88 0.999996
25 89 0.999997
25 90 0.286770
25 91 0.999997
25 92 0.832834
25 93 0.999998
25 94 0.981145
25 95 0.001279
25 96 0.968808
25 97 0.999916
25 98 0.999944
25 99 0.999998
26 0 0.977693
26 1 0.999826
26 2 0.999998
26 3 0.995316
26 4 0.998048
26 5 0.014763
26 6 0.011782
26 7 0.005177
26 8 0.999614
26 9 0.940842
26 10 0.462595
26 11 0.434867
26 12 0.999906
26 13 0.999950
26 14 0.982094
26 15 0.495294
26 16 0.006763
26 17 0.035762
26 18 0.999996
26 19 0.999814
26 20 0.999950
26 21 0.999999
26 22 0.999995
26 23 0.999997
26 24 0.999950
26 25 0.976514
26 26 0.000000
26 27 0.999975
26 28 0.999996
26 29 0.999979
26 30 0.093360
26 31 0.999988
26 32 0.999990
26 33 0.999977
26 34 0.999978
26 35 0.999365
26 36 0.999998
26 37 0.999999
26 38 0.999933
26 39 0.005177
26 40 0.995779
26 41 0.999859
26 42 0.999998
26 43 0.057916
26 44 0.999996
26 45 0.999999
26 46 0.002681
26 47 0.999997
26 48 0.042353
26 49 0.022408
26 50 0.029925
26 51 0.999998
26 52 0.999884
26 53 0.999997
26 54 0.999682
26 55 0.976826
26 56 0.999994
26 57 0.042353
26 58 0.999995
26 59 0.999947
26 60 0.029925
26 61 0.998943
26 62 0.999996
26 63 0.999998
26 64 0.017316
26 65 0.999999
26 66 0.999207
26 67 0.972225
26 68 0.999999
26 69 0.999998
26 70 0.999997
26 71 0.019299
26 72 0.996196
26 73 0.999993
26 74 0.999992
26 75 0.999997
26 76 0.014763
26 77 0.999995
26 78 0.996437
26 79 0.000372
26 80 0.999471
26 81 0.172989
26 82 0.005177
26 83 0.005177
26 84 0.999999
26 85 0.999995
26 86 0.999998
26 87 0.988027
26 88 0.999978
26 89 0.999980
26 90 0.999997
26 91 0.000139
26 92 0.999998
26 93 0.011090
26 94 0.999996
26 95 0.999998
26 96 0.999989
26 97 0.999982
26 98 0.998681
26 99 0.999927
27 0 0.035762
27 1 0.019299
27 2 0.543836
27 3 0.999998
27 4 0.999999
27 5 0.999861
27 6 0.472229
27 7 0.999981
27 8 0.999990
27 9 0.014763
27 10 0.999780
27 11 0.999998
27 12 0.989493
27 13 0.999996
27 14 0.999999
27 15 0.999996
27 16 0.651936
27 17 0.999986
27 18 0.999997
27 19 0.999472
27 20 0.001279
27 21 0.999752
27 22 0.996832
27 23 0.999670
27 24 0.999998
27 25 0.999998
27 26 0.999975
27 27 0.000000
27 28 0.998902
27 29 0.882454
27 30 0.999999
27 31 0.093360
27 32 0.999995
27 33 0.999998
27 34 0.999993
27 35 0.999994
27 36 0.995253
27 37 0.164848
27 38 0.999777
27 39 0.999994
27 40 0.999994
27 41 0.999981
27 42 0.999994
27 43 0.999687
27 44 0.019299
27 45 0.999998
27 46 0.999999
27 47 0.029925
27 48 0.999994
27 49 0.999996
27 50 0.999979
27 51 0.757621
