0 0 0.000000
0 1 0.818482
0 2 0.999978
0 3 0.189109
0 4 0.999997
0 5 0.999998
0 6 0.999998
0 7 0.999999
0 8 0.999998
0 9 0.006763
0 10 0.999948
0 11 0.999974
0 12 0.976197
0 13 0.236026
0 14 0.999994
0 15 0.999991
0 16 0.999980
0 17 0.999975
0 18 0.999989
0 19 0.060180
0 20 0.999994
0 21 0.999999
0 22 0.999976
0 23 0.999997
0 24 0.999999
0 25 0.999992
0 26 0.989888
0 27 0.035762
0 28 0.999999
0 29 0.999995
0 30 0.999988
0 31 0.245316
0 32 0.999998
0 33 0.999980
0 34 0.999986
0 35 0.999999
0 36 0.999997
0 37 0.003622
0 38 0.999982
0 39 0.999999
0 40 0.999998
0 41 0.999956
0 42 0.999950
0 43 0.809758
0 44 0.425032
0 45 0.998644
0 46 0.999995
0 47 0.999978
0 48 0.999999
0 49 0.999996
0 50 0.999998
0 51 0.069412
0 52 0.999998
0 53 0.999997
0 54 0.006763
0 55 0.999863
0 56 0.999428
0 57 0.005177
0 58 0.989633
0 59 0.231423
0 60 0.999998
0 61 0.999998
0 62 0.999935
0 63 0.005177
0 64 0.999938
0 65 0.999996
0 66 0.999536
0 67 0.666262
0 68 0.999998
0 69 0.000372
0 70 0.999998
0 71 0.999993
0 72 0.999998
0 73 0.999998
0 74 0.999995
0 75 0.999997
0 76 0.051779
0 77 0.005177
0 78 0.999998
0 79 0.999999
0 80 0.999998
0 81 0.513285
0 82 0.999991
0 83 0.999938
0 84 0.999998
0 85 0.002681
0 86 0.999972
0 87 0.991127
0 88 0.999997
0 89 0.999968
0 90 0.999998
0 91 0.999990
0 92 0.999993
0 93 0.999997
0 94 0.855444
0 95 0.999998
0 96 0.999998
0 97 0.999999
0 98 0.999998
0 99 0.999207
1 0 0.818482
1 1 0.000000
1 2 0.999998
1 3 0.999998
1 4 0.999996
1 5 0.942378
1 6 0.986898
1 7 0.057916
1 8 0.999994
1 9 0.981397
1 10 0.999998
1 11 0.999998
1 12 0.998871
1 13 0.999950
1 14 0.093360
1 15 0.999999
1 16 0.999548
1 17 0.218482
1 18 0.999995
1 19 0.999998
1 20 0.834872
1 21 0.999996
1 22 0.669914
1 23 0.999998
1 24 0.999966
1 25 0.999984
1 26 0.998887
1 27 0.019299
1 28 0.999980
1 29 0.006763
1 30 0.999995
1 31 0.999994
1 32 0.998795
1 33 0.034174
1 34 0.999945
1 35 0.999732
1 36 0.999997
1 37 0.999997
1 38 0.999997
1 39 0.999999
1 40 0.999999
1 41 0.999995
1 42 0.996100
1 43 0.011782
1 44 0.986542
1 45 0.680143
1 46 0.999788
1 47 0.999997
1 48 0.999998
1 49 0.999998
1 50 0.999998
1 51 0.000218
1 52 0.999989
1 53 0.002681
1 54 0.999999
1 55 0.999999
1 56 0.999777
1 57 0.049729
1 58 0.999998
1 59 0.999998
1 60 0.004818
1 61 0.999916
1 62 0.999996
1 63 0.042353
1 64 0.993844
1 65 0.999996
1 66 0.999999
1 67 0.999990
1 68 0.999996
1 69 0.999999
1 70 0.999981
1 71 0.999998
1 72 0.006763
1 73 0.999929
1 74 0.911627
1 75 0.005177
1 76 0.005177
1 77 0.999998
1 78 0.999998
1 79 0.001794
1 80 0.998330
1 81 0.002681
1 82 0.999998
1 83 0.999996
1 84 0.982094
1 85 0.999997
1 86 0.019299
1 87 0.999998
1 88 0.999788
1 89 0.999998
1 90 0.999994
1 91 0.019299
1 92 0.975602
1 93 0.999991
1 94 0.005177
1 95 0.999982
1 96 0.996618
1 97 0.999992
1 98 0.999990
1 99 0.999934
2 0 0.999978
2 1 0.999998
2 2 0.000000
2 3 0.999997
2 4 0.999998
2 5 0.999972
2 6 0.006763
2 7 0.999812
2 8 0.999997
2 9 0.051779
2 10 0.999997
2 11 0.999998
2 12 0.999992
2 13 0.999998
2 14 0.999986
2 15 0.999998
2 16 0.999982
2 17 0.999997
2 18 0.999998
2 19 0.003622
2 20 0.999998
2 21 0.999997
2 22 0.999881
2 23 0.999996
2 24 0.999998
2 25 0.999968
2 26 0.999999
2 27 0.680144
2 28 0.999993
2 29 0.999165
2 30 0.001279
2 31 0.999998
2 32 0.005177
2 33 0.999996
2 34 0.006317
2 35 0.999997
2 36 0.999435
2 37 0.028526
2 38 0.999629
2 39 0.002681
2 40 0.999983
2 41 0.999995
2 42 0.391878
2 43 0.669914
2 44 0.999998
2 45 0.051779
2 46 0.999993
2 47 0.999994
2 48 0.999992
2 49 0.999953
2 50 0.999997
2 51 0.023583
2 52 0.002681
2 53 0.999999
2 54 0.999978
2 55 0.999997
2 56 0.999997
2 57 0.999999
2 58 0.910477
2 59 0.999987
2 60 0.999972
2 61 0.999998
2 62 0.809759
2 63 0.999993
2 64 0.999998
2 65 0.999998
2 66 0.999996
2 67 0.035762
2 68 0.049729
2 69 0.999996
2 70 0.999993
2 71 0.999969
2 72 0.999996
2 73 0.999984
2 74 0.999997
2 75 0.999996
2 76 0.006763
2 77 0.999868
2 78 0.999989
2 79 0.999998
2 80 0.093360
2 81 0.999997
2 82 0.999997
2 83 0.999934
2 84 0.999998
2 85 0.999999
2 86 0.000372
2 87 0.999999
2 88 0.014763
2 89 0.999990
2 90 0.999998
2 91 0.999994
2 92 0.999953
2 93 0.002681
2 94 0.001279
2 95 0.999997
2 96 0.999999
2 97 0.999995
2 98 0.999979
2 99 0.999993
3 0 0.189109
3 1 0.999998
3 2 0.999997
3 3 0.000000
3 4 0.999996
3 5 0.999999
3 6 0.999987
3 7 0.999638
3 8 0.999824
3 9 0.999998
3 10 0.970368
3 11 0.999999
3 12 0.002681
3 13 0.205798
3 14 0.022408
3 15 0.011782
3 16 0.999993
3 17 0.975273
3 18 0.999994
3 19 0.014763
3 20 0.999997
3 21 0.019299
3 22 0.999985
3 23 0.999999
3 24 0.999998
3 25 0.005177
3 26 0.998591
3 27 0.999998
3 28 0.999752
3 29 0.999988
3 30 0.014763
3 31 0.029925
3 32 0.999991
3 33 0.999998
3 34 0.999997
3 35 0.999998
3 36 0.999998
3 37 0.999989
3 38 0.999997
3 39 0.999996
3 40 0.999974
3 41 0.957516
3 42 0.999961
3 43 0.999934
3 44 0.999982
3 45 0.999996
3 46 0.999999
3 47 0.999989
3 48 0.999998
3 49 0.999996
3 50 0.999998
3 51 0.999999
3 52 0.999999
3 53 0.999999
3 54 0.002681
3 55 0.999993
3 56 0.999999
3 57 0.999962
3 58 0.000372
3 59 0.019299
3 60 0.999978
3 61 0.999997
3 62 0.999994
3 63 0.999998
3 64 0.002681
3 65 0.189109
3 66 0.993675
3 67 0.999998
3 68 0.999736
3 69 0.999997
3 70 0.999979
3 71 0.999998
3 72 0.999439
3 73 0.997744
3 74 0.999997
3 75 0.999965
3 76 0.999998
3 77 0.994732
3 78 0.998048
3 79 0.999996
3 80 0.999992
3 81 0.999998
3 82 0.999711
3 83 0.999998
3 84 0.999998
3 85 0.003622
3 86 0.999998
3 87 0.999995
3 88 0.176483
3 89 0.999998
3 90 0.999955
3 91 0.005177
3 92 0.997073
3 93 0.999707
3 94 0.005177
3 95 0.999464
3 96 0.982569
3 97 0.999992
3 98 0.981397
3 99 0.993247
4 0 0.999997
4 1 0.999996
4 2 0.999998
4 3 0.999996
4 4 0.000000
4 5 0.999966
4 6 0.998943
4 7 0.999999
4 8 0.999998
4 9 0.999995
4 10 0.062139
4 11 0.999901
4 12 0.999992
4 13 0.999929
4 14 0.955884
4 15 0.999762
4 16 0.926688
4 17 0.999999
4 18 0.990398
4 19 0.998572
4 20 0.999996
4 21 0.999996
4 22 0.976514
4 23 0.002681
4 24 0.999967
4 25 0.001794
4 26 0.999902
4 27 0.999998
4 28 0.999624
4 29 0.029925
4 30 0.999802
4 31 0.006763
4 32 0.999972
4 33 0.999997
4 34 0.999998
4 35 0.999979
4 36 0.992790
4 37 0.990655
4 38 0.999883
4 39 0.999996
4 40 0.999464
4 41 0.001794
4 42 0.999999
4 43 0.005177
4 44 0.993589
4 45 0.019299
4 46 0.999997
4 47 0.998572
4 48 0.999997
4 49 0.917910
4 50 0.999998
4 51 0.999981
4 52 0.005177
4 53 0.999999
4 54 0.999966
4 55 0.029925
4 56 0.201407
4 57 0.999996
4 58 0.042353
4 59 0.999728
4 60 0.999953
4 61 0.019299
4 62 0.999718
4 63 0.999997
4 64 0.999998
4 65 0.014763
4 66 0.999997
4 67 0.017316
4 68 0.005177
4 69 0.999992
4 70 0.999861
4 71 0.268234
4 72 0.999999
4 73 0.997147
4 74 0.999993
4 75 0.999694
4 76 0.223001
4 77 0.999984
4 78 0.006763
4 79 0.999984
4 80 0.999998
4 81 0.999995
4 82 0.999998
4 83 0.999996
4 84 0.999988
4 85 0.093360
4 86 0.997327
4 87 0.999999
4 88 0.999996
4 89 0.999988
4 90 0.999998
4 91 0.999998
4 92 0.999990
4 93 0.999992
4 94 0.999929
4 95 0.999998
4 96 0.999998
4 97 0.999889
4 98 0.999998
4 99 0.999963
5 0 0.999998
5 1 0.942378
5 2 0.999972
5 3 0.999999
5 4 0.999966
5 5 0.000000
5 6 0.999998
5 7 0.999995
5 8 0.999995
5 9 0.999996
5 10 0.996708
5 11 0.999998
5 12 0.999665
5 13 0.023583
5 14 0.999998
5 15 0.999999
5 16 0.999997
5 17 0.556513
5 18 0.999998
5 19 0.999998
5 20 0.999405
5 21 0.996100
5 22 0.999997
5 23 0.999999
5 24 0.999997
5 25 0.999999
5 26 0.014763
5 27 0.999874
5 28 0.999997
5 29 0.029925
5 30 0.999999
5 31 0.999984
5 32 0.999981
5 33 0.999998
5 34 0.999971
5 35 0.011782
5 36 0.998353
5 37 0.530965
5 38 0.000372
5 39 0.999998
5 40 0.980411
5 41 0.990400
5 42 0.999963
5 43 0.970368
5 44 0.999992
5 45 0.006763
5 46 0.999982
5 47 0.999997
5 48 0.964978
5 49 0.781351
5 50 0.999732
5 51 0.999990
5 52 0.005177
5 53 0.999972
5 54 0.999997
5 55 0.998996
5 56 0.019299
5 57 0.042353
5 58 0.999777
5 59 0.999999
5 60 0.999990
5 61 0.999998
5 62 0.999907
5 63 0.999997
5 64 0.999938
5 65 0.999986
5 66 0.999996
5 67 0.999998
5 68 0.999998
5 69 0.999999
5 70 0.999994
5 71 0.002681
5 72 0.999998
5 73 0.999999
5 74 0.999998
5 75 0.999956
5 76 0.999864
5 77 0.998983
5 78 0.999997
5 79 0.999997
5 80 0.999994
5 81 0.999990
5 82 0.999996
5 83 0.999991
5 84 0.999951
5 85 0.999996
5 86 0.999974
5 87 0.999999
5 88 0.477022
5 89 0.999998
5 90 0.999859
5 91 0.999997
5 92 0.998591
5 93 0.999998
5 94 0.997146
5 95 0.999998
5 96 0.999788
5 97 0.999997
5 98 0.999997
5 99 0.999996
6 0 0.999998
6 1 0.986898
6 2 0.006763
6 3 0.999987
6 4 0.998943
6 5 0.999998
6 6 0.000000
6 7 0.908135
6 8 0.999998
6 9 0.005177
6 10 0.999990
6 11 0.999999
6 12 0.999999
6 13 0.999968
6 14 0.105308
6 15 0.999997
6 16 0.999940
6 17 0.999999
6 18 0.999998
6 19 0.999997
6 20 0.999998
6 21 0.999996
6 22 0.999998
6 23 0.999994
6 24 0.999997
6 25 0.999998
6 26 0.011782
6 27 0.788678
6 28 0.990289
6 29 0.999969
6 30 0.508635
6 31 0.999998
6 32 0.999888
6 33 0.999998
6 34 0.999989
6 35 0.999985
6 36 0.989350
6 37 0.999998
6 38 0.999996
6 39 0.999991
6 40 0.999718
6 41 0.999944
6 42 0.999999
6 43 0.999950
6 44 0.999991
6 45 0.042353
6 46 0.997655
6 47 0.999997
6 48 0.999994
6 49 0.019299
6 50 0.999996
6 51 0.997591
6 52 0.997145
6 53 0.999996
6 54 0.023583
6 55 0.999995
6 56 0.999997
6 57 0.019299
6 58 0.999999
6 59 0.002681
6 60 0.002681
6 61 0.998495
6 62 0.973617
6 63 0.999998
6 64 0.999975
6 65 0.999993
6 66 0.014763
6 67 0.983447
6 68 0.999996
6 69 0.999999
6 70 0.006763
6 71 0.999998
6 72 0.999996
6 73 0.017316
6 74 0.029925
6 75 0.999998
6 76 0.019299
6 77 0.999921
6 78 0.999998
6 79 0.999992
6 80 0.999999
6 81 0.999998
6 82 0.999994
6 83 0.999984
6 84 0.999999
6 85 0.999998
6 86 0.942378
6 87 0.999999
6 88 0.002681
6 89 0.999990
6 90 0.999916
6 91 0.999994
6 92 0.029925
6 93 0.999998
6 94 0.999969
6 95 0.999951
6 96 0.999992
6 97 0.757621
6 98 0.999997
6 99 0.999997
7 0 0.999999
7 1 0.057916
7 2 0.999812
7 3 0.999638
7 4 0.999999
7 5 0.999995
7 6 0.908135
7 7 0.000000
7 8 0.999996
7 9 0.999989
7 10 0.999977
7 11 0.999977
7 12 0.017316
7 13 0.999995
7 14 0.999791
7 15 0.999995
7 16 0.999752
7 17 0.060180
7 18 0.998516
7 19 0.999998
7 20 0.853624
7 21 0.005177
7 22 0.898571
7 23 0.999997
7 24 0.999921
7 25 0.999992
7 26 0.005177
7 27 0.999998
7 28 0.999997
7 29 0.011090
7 30 0.838911
7 31 0.996532
7 32 0.999998
7 33 0.994076
7 34 0.999995
7 35 0.999989
7 36 0.999994
7 37 0.999995
7 38 0.999999
7 39 0.762834
7 40 0.999990
7 41 0.019299
7 42 0.999998
7 43 0.996789
7 44 0.172989
7 45 0.002681
7 46 0.999998
7 47 0.999960
7 48 0.999998
7 49 0.005177
7 50 0.999958
7 51 0.999998
7 52 0.205798
7 53 0.999988
7 54 0.999995
7 55 0.999970
7 56 0.999997
7 57 0.999998
7 58 0.087473
7 59 0.999989
7 60 0.999998
7 61 0.999997
7 62 0.999491
7 63 0.023583
7 64 0.999999
7 65 0.999983
7 66 0.999998
7 67 0.999998
7 68 0.999987
7 69 0.999994
7 70 0.999638
7 71 0.049729
7 72 0.999995
7 73 0.999994
7 74 0.999998
7 75 0.838911
7 76 0.999998
7 77 0.999997
7 78 0.495294
7 79 0.999638
7 80 0.999950
7 81 0.999937
7 82 0.999999
7 83 0.000218
7 84 0.999986
7 85 0.999998
7 86 0.998591
7 87 0.999998
7 88 0.006763
7 89 0.999998
7 90 0.999997
7 91 0.999994
7 92 0.999665
7 93 0.999998
7 94 0.998454
7 95 0.999997
7 96 0.014763
7 97 0.999990
7 98 0.999998
7 99 0.999998
8 0 0.999998
8 1 0.999994
8 2 0.999997
8 3 0.999824
8 4 0.999998
8 5 0.999995
8 6 0.999998
8 7 0.999996
8 8 0.000000
8 9 0.006763
8 10 0.999990
8 11 0.999997
8 12 0.999955
8 13 0.997184
8 14 0.005177
8 15 0.999843
8 16 0.999739
8 17 0.999822
8 18 0.999946
8 19 0.998217
8 20 0.008170
8 21 0.999996
8 22 0.999995
8 23 0.999999
8 24 0.999998
8 25 0.999998
8 26 0.999954
8 27 0.999991
8 28 0.999997
8 29 0.434867
8 30 0.999997
8 31 0.999996
8 32 0.999995
8 33 0.999788
8 34 0.999999
8 35 0.999799
8 36 0.049729
8 37 0.999992
8 38 0.942378
8 39 0.999998
8 40 0.999997
8 41 0.999889
8 42 0.999991
8 43 0.999982
8 44 0.999995
8 45 0.999998
8 46 0.999998
8 47 0.999994
8 48 0.019299
8 49 0.999998
8 50 0.999997
8 51 0.999997
8 52 0.005177
8 53 0.999997
8 54 0.999048
8 55 0.999047
8 56 0.023583
8 57 0.002681
8 58 0.999999
8 59 0.000556
8 60 0.051779
8 61 0.999997
8 62 0.880950
8 63 0.991246
8 64 0.999999
8 65 0.999996
8 66 0.999972
8 67 0.998957
8 68 0.051779
8 69 0.000556
8 70 0.999928
8 71 0.999984
8 72 0.999999
8 73 0.999999
8 74 0.999994
8 75 0.082237
8 76 0.903465
8 77 0.999746
8 78 0.999153
8 79 0.999999
8 80 0.999998
8 81 0.029925
8 82 0.999994
8 83 0.005177
8 84 0.999994
8 85 0.999997
8 86 0.999997
8 87 0.999997
8 88 0.999718
8 89 0.999286
8 90 0.999905
8 91 0.011782
8 92 0.999048
8 93 0.999998
8 94 0.999995
8 95 0.999999
8 96 0.999998
8 97 0.999997
8 98 0.998856
8 99 0.999999
9 0 0.006763
9 1 0.981397
9 2 0.051779
9 3 0.999998
9 4 0.999995
9 5 0.999996
9 6 0.005177
9 7 0.999989
9 8 0.006763
9 9 0.000000
9 10 0.999996
9 11 0.999993
9 12 0.999959
9 13 0.999997
9 14 0.999996
9 15 0.999765
9 16 0.168897
9 17 0.838911
9 18 0.999809
9 19 0.999980
9 20 0.998495
9 21 0.999998
9 22 0.999999
9 23 0.999996
9 24 0.999985
9 25 0.999996
9 26 0.952335
9 27 0.001794
9 28 0.999973
9 29 0.999963
9 30 0.999544
9 31 0.999980
9 32 0.999978
9 33 0.999954
9 34 0.999996
9 35 0.019299
9 36 0.999975
9 37 0.999999
9 38 0.999799
9 39 0.999997
9 40 0.999998
9 41 0.108547
9 42 0.005177
9 43 0.999999
9 44 0.999996
9 45 0.998983
9 46 0.999999
9 47 0.999998
9 48 0.047734
9 49 0.999995
9 50 0.999962
9 51 0.999921
9 52 0.999997
9 53 0.999997
9 54 0.961206
9 55 0.999997
9 56 0.999984
9 57 0.999889
9 58 0.999997
9 59 0.999998
9 60 0.999995
9 61 0.029925
9 62 0.051779
9 63 0.927638
9 64 0.014763
9 65 0.999998
9 66 0.999986
9 67 0.999944
9 68 0.999998
9 69 0.999207
9 70 0.066931
9 71 0.999981
9 72 0.999884
9 73 0.023583
9 74 0.999960
9 75 0.999999
9 76 0.999994
9 77 0.998394
9 78 0.999920
9 79 0.998193
9 80 0.998217
9 81 0.999560
9 82 0.991006
9 83 0.966727
9 84 0.999998
9 85 0.999996
9 86 0.999998
9 87 0.999978
9 88 0.999997
9 89 0.999997
9 90 0.999992
9 91 0.999997
9 92 0.093360
9 93 0.999999
9 94 0.999998
9 95 0.999998
9 96 0.992508
9 97 0.526401
9 98 0.999996
9 99 0.999953
10 0 0.999948
10 1 0.999998
10 2 0.999997
10 3 0.970368
10 4 0.062139
10 5 0.996708
10 6 0.999990
10 7 0.999977
10 8 0.999990
10 9 0.999996
10 10 0.000000
10 11 0.011782
10 12 0.999995
10 13 0.999990
10 14 0.999577
10 15 0.999866
10 16 0.999998
10 17 0.014763
10 18 0.999998
10 19 0.017315
10 20 0.999955
10 21 0.999998
10 22 0.019299
10 23 0.999841
10 24 0.999887
10 25 0.999996
10 26 0.871792
10 27 0.999980
10 28 0.999479
10 29 0.999998
10 30 0.986015
10 31 0.999993
10 32 0.999997
10 33 0.999847
10 34 0.999997
10 35 0.019299
10 36 0.999942
10 37 0.999997
10 38 0.999989
10 39 0.999998
10 40 0.006763
10 41 0.697012
10 42 0.999998
10 43 0.999958
10 44 0.999870
10 45 0.006317
10 46 0.986015
10 47 0.999995
10 48 0.999999
10 49 0.999996
10 50 0.768376
10 51 0.999983
10 52 0.999992
10 53 0.017316
10 54 0.999997
10 55 0.999998
10 56 0.999999
10 57 0.999998
10 58 0.029925
10 59 0.999887
10 60 0.800668
10 61 0.999998
10 62 0.999992
10 63 0.999997
10 64 0.999980
10 65 0.999207
10 66 0.996875
10 67 0.999998
10 68 0.999975
10 69 0.999998
10 70 0.999998
10 71 0.673535
10 72 0.018287
10 73 0.999953
10 74 0.999998
10 75 0.999995
10 76 0.999984
10 77 0.999998
10 78 0.999998
10 79 0.999998
10 80 0.999992
10 81 0.006763
10 82 0.999998
10 83 0.999996
10 84 0.999998
10 85 0.999993
10 86 0.998856
10 87 0.000556
10 88 0.999994
10 89 0.999998
10 90 0.994732
10 91 0.999999
10 92 0.998573
10 93 0.999991
10 94 0.954702
10 95 0.999997
10 96 0.998793
10 97 0.999505
10 98 0.011782
10 99 0.927638
11 0 0.999974
11 1 0.999998
11 2 0.999998
11 3 0.999999
11 4 0.999901
11 5 0.999998
11 6 0.999999
11 7 0.999977
11 8 0.999997
11 9 0.999993
11 10 0.011782
11 11 0.000000
11 12 0.001279
11 13 0.999969
11 14 0.042353
11 15 0.999954
11 16 0.999998
11 17 0.999843
11 18 0.999965
11 19 0.999998
11 20 0.999985
11 21 0.999859
11 22 0.999999
11 23 0.999994
11 24 0.999900
11 25 0.999994
11 26 0.641070
11 27 0.999998
11 28 0.999996
11 29 0.999998
11 30 0.722359
11 31 0.962146
11 32 0.999998
11 33 0.999998
11 34 0.998827
11 35 0.029925
11 36 0.683682
11 37 0.005177
11 38 0.999998
11 39 0.999999
11 40 0.999989
11 41 0.999998
11 42 0.042353
11 43 0.999998
11 44 0.999998
11 45 0.997592
11 46 0.999996
11 47 0.999998
11 48 0.999998
11 49 0.999984
11 50 0.999990
11 51 0.180651
11 52 0.923918
11 53 0.999992
11 54 0.999998
11 55 0.999992
11 56 0.999998
11 57 0.999998
11 58 0.999997
11 59 0.999985
11 60 0.999998
11 61 0.999999
11 62 0.108547
11 63 0.999998
11 64 0.999996
11 65 0.999997
11 66 0.999993
11 67 0.999999
11 68 0.060180
11 69 0.999998
11 70 0.874997
11 71 0.999365
11 72 0.999992
11 73 0.918969
11 74 0.999974
11 75 0.999925
11 76 0.999998
11 77 0.999950
11 78 0.999992
11 79 0.448784
11 80 0.999887
11 81 0.999994
11 82 0.999998
11 83 0.999992
11 84 0.999950
11 85 0.543836
11 86 0.999994
11 87 0.127998
11 88 0.999996
11 89 0.999999
11 90 0.999988
11 91 0.999995
11 92 0.999972
11 93 0.999997
11 94 0.011782
11 95 0.999998
11 96 0.999998
11 97 0.434867
11 98 0.049729
11 99 0.006763
12 0 0.976197
12 1 0.998871
12 2 0.999992
12 3 0.002681
12 4 0.999992
12 5 0.999665
12 6 0.999999
12 7 0.017316
12 8 0.999955
12 9 0.999959
12 10 0.999995
12 11 0.001279
12 12 0.000000
12 13 0.999843
12 14 0.997184
12 15 0.999821
12 16 0.006763
12 17 0.999997
12 18 0.999874
12 19 0.999994
12 20 0.040565
12 21 0.999998
12 22 0.999991
12 23 0.967602
12 24 0.002681
12 25 0.999990
12 26 0.999919
12 27 0.998591
12 28 0.011782
12 29 0.999996
12 30 0.999999
12 31 0.999998
12 32 0.999994
12 33 0.999247
12 34 0.929361
12 35 0.999998
12 36 0.999996
12 37 0.035762
12 38 0.999998
12 39 0.999817
12 40 0.999995
12 41 0.999997
12 42 0.997994
12 43 0.999992
12 44 0.999940
12 45 0.999984
12 46 0.999975
12 47 0.999998
12 48 0.999979
12 49 0.999992
12 50 0.999999
12 51 0.999687
12 52 0.999998
12 53 0.999999
12 54 0.999999
12 55 0.999998
12 56 0.999922
12 57 0.716439
12 58 0.999994
12 59 0.999956
12 60 0.019299
12 61 0.999998
12 62 0.999998
12 63 0.999683
12 64 0.999998
12 65 0.002681
12 66 0.999998
12 67 0.999699
12 68 0.999995
12 69 0.138922
12 70 0.999998
12 71 0.999998
12 72 0.999165
12 73 0.999997
12 74 0.999831
12 75 0.023583
12 76 0.006763
12 77 0.999950
12 78 0.999812
12 79 0.999165
12 80 0.999996
12 81 0.999998
12 82 0.998730
12 83 0.999994
12 84 0.005177
12 85 0.999998
12 86 0.999998
12 87 0.999992
12 88 0.999998
12 89 0.994803
12 90 0.999997
12 91 0.999997
12 92 0.999997
12 93 0.999994
12 94 0.999997
12 95 0.999999
12 96 0.999998
12 97 0.999992
12 98 0.999995
12 99 0.622014
13 0 0.236026
13 1 0.999950
13 2 0.999998
13 3 0.205798
13 4 0.999929
13 5 0.023583
13 6 0.999968
13 7 0.999995
13 8 0.997184
13 9 0.999997
13 10 0.999990
13 11 0.999969
13 12 0.999843
13 13 0.000000
13 14 0.999998
13 15 0.999997
13 16 0.999998
13 17 0.999998
13 18 0.999989
13 19 0.999997
13 20 0.999998
13 21 0.999958
13 22 0.999934
13 23 0.999998
13 24 0.999915
13 25 0.999993
13 26 0.999947
13 27 0.999986
13 28 0.975876
13 29 0.999996
13 30 0.999986
13 31 0.999997
13 32 0.999993
13 33 0.999993
13 34 0.999994
13 35 0.999989
13 36 0.997774
13 37 0.999995
13 38 0.999991
13 39 0.986540
13 40 0.999994
13 41 0.281925
13 42 0.992983
13 43 0.994376
13 44 0.999999
13 45 0.999799
13 46 0.999998
13 47 0.999998
13 48 0.999997
13 49 0.999997
13 50 0.999995
13 51 0.999997
13 52 0.999968
13 53 0.999962
13 54 0.999995
13 55 0.999982
13 56 0.999989
13 57 0.005177
13 58 0.999986
13 59 0.999999
13 60 0.999365
13 61 0.999992
13 62 0.999108
13 63 0.999976
13 64 0.999996
13 65 0.006763
13 66 0.999691
13 67 0.999998
13 68 0.999365
13 69 0.999996
13 70 0.999998
13 71 0.997774
13 72 0.513285
13 73 0.999996
13 74 0.999994
13 75 0.999965
13 76 0.011782
13 77 0.999961
13 78 0.999999
13 79 0.972902
13 80 0.999996
13 81 0.999998
13 82 0.999950
13 83 0.999937
13 84 0.999643
13 85 0.999999
13 86 0.999978
13 87 0.999996
13 88 0.932077
13 89 0.011782
13 90 0.999999
13 91 0.999841
13 92 0.999997
13 93 0.999967
13 94 0.002681
13 95 0.999996
13 96 0.999996
13 97 0.160844
13 98 0.998096
13 99 0.999980
14 0 0.999994
14 1 0.093360
14 2 0.999986
14 3 0.022408
14 4 0.955884
14 5 0.999998
14 6 0.105308
14 7 0.999791
14 8 0.005177
14 9 0.999996
14 10 0.999577
14 11 0.042353
14 12 0.997184
14 13 0.999998
14 14 0.000000
14 15 0.999998
14 16 0.019299
14 17 0.982995
14 18 0.988633
14 19 0.999998
14 20 0.999998
14 21 0.227550
14 22 0.999999
14 23 0.998610
14 24 0.029925
14 25 0.998241
14 26 0.999286
14 27 0.999998
14 28 0.999986
14 29 0.997290
14 30 0.999998
14 31 0.994155
14 32 0.000013
14 33 0.999849
14 34 0.999998
14 35 0.386901
14 36 0.999866
14 37 0.999875
14 38 0.999998
14 39 0.995554
14 40 0.999998
14 41 0.999979
14 42 0.986720
14 43 0.999990
14 44 0.999992
14 45 0.999998
14 46 0.023583
14 47 0.999995
14 48 0.999997
14 49 0.999999
14 50 0.999997
14 51 0.999992
14 52 0.932077
14 53 0.999999
14 54 0.999936
14 55 0.999998
14 56 0.001794
14 57 0.999868
14 58 0.999999
14 59 0.999997
14 60 0.999998
14 61 0.999976
14 62 0.999998
14 63 0.999989
14 64 0.999998
14 65 0.999948
14 66 0.999993
14 67 0.981145
14 68 0.988784
14 69 0.999788
14 70 0.999950
14 71 0.999990
14 72 0.999998
14 73 0.999988
14 74 0.998122
14 75 0.999999
14 76 0.999990
14 77 0.999996
14 78 0.999998
14 79 0.999996
14 80 0.005177
14 81 0.999963
14 82 0.060180
14 83 0.051779
14 84 0.999365
14 85 0.988631
14 86 0.999247
14 87 0.090388
14 88 0.552765
14 89 0.047734
14 90 0.999998
14 91 0.014763
14 92 0.999999
14 93 0.999999
14 94 0.999999
14 95 0.999906
14 96 0.999992
14 97 0.999998
14 98 0.999995
14 99 0.974602
15 0 0.999991
15 1 0.999999
15 2 0.999998
15 3 0.011782
15 4 0.999762
15 5 0.999999
15 6 0.999997
15 7 0.999995
15 8 0.999843
15 9 0.999765
15 10 0.999866
15 11 0.999954
15 12 0.999821
15 13 0.999997
15 14 0.999998
15 15 0.000000
15 16 0.999997
15 17 0.999998
15 18 0.982333
15 19 0.999998
15 20 0.999949
15 21 0.999999
15 22 0.999993
15 23 0.999994
15 24 0.999861
15 25 0.999980
15 26 0.963627
15 27 0.999997
15 28 0.011782
15 29 0.999998
15 30 0.999997
15 31 0.999998
15 32 0.999981
15 33 0.999993
15 34 0.526400
15 35 0.999604
15 36 0.999984
15 37 0.999997
15 38 0.999998
15 39 0.999998
15 40 0.999994
15 41 0.999873
15 42 0.999996
15 43 0.999996
15 44 0.999999
15 45 0.005177
15 46 0.999995
15 47 0.999999
15 48 0.999967
15 49 0.999682
15 50 0.093360
15 51 0.999937
15 52 0.999995
15 53 0.201407
15 54 0.920015
15 55 0.999917
15 56 0.997744
15 57 0.999998
15 58 0.999998
15 59 0.999876
15 60 0.999998
15 61 0.999762
15 62 0.999868
15 63 0.999998
15 64 0.999999
15 65 0.999999
15 66 0.071949
15 67 0.999998
15 68 0.057916
15 69 0.005177
15 70 0.999998
15 71 0.999996
15 72 0.996437
15 73 0.999990
15 74 0.999998
15 75 0.003622
15 76 0.002681
15 77 0.975602
15 78 0.005177
15 79 0.999997
15 80 0.999435
15 81 0.999997
15 82 0.999999
15 83 0.002681
15 84 0.999998
15 85 0.006763
15 86 0.999996
15 87 0.999998
15 88 0.999998
15 89 0.999998
15 90 0.999998
15 91 0.999997
15 92 0.999999
15 93 0.978814
15 94 0.999998
15 95 0.999906
15 96 0.947930
15 97 0.999996
15 98 0.023583
15 99 0.999997
16 0 0.999980
16 1 0.999548
16 2 0.999982
16 3 0.999993
16 4 0.926688
16 5 0.999997
16 6 0.999940
16 7 0.999752
16 8 0.999739
16 9 0.168897
16 10 0.999998
16 11 0.999998
16 12 0.006763
16 13 0.999998
16 14 0.019299
16 15 0.999997
16 16 0.000000
16 17 0.999997
16 18 0.999998
16 19 0.999993
16 20 0.019299
16 21 0.999986
16 22 0.999992
16 23 0.999881
16 24 0.999894
16 25 0.999996
16 26 0.006763
16 27 0.955882
16 28 0.000218
16 29 0.999998
16 30 0.999911
16 31 0.999505
16 32 0.002681
16 33 0.999997
16 34 0.901145
16 35 0.997858
16 36 0.999999
16 37 0.999998
16 38 0.999998
16 39 0.999998
16 40 0.999998
16 41 0.999997
16 42 0.999868
16 43 0.051779
16 44 0.999998
16 45 0.999247
16 46 0.999998
16 47 0.999950
16 48 0.999998
16 49 0.999991
16 50 0.999598
16 51 0.999955
16 52 0.999997
16 53 0.999997
16 54 0.999955
16 55 0.999993
16 56 0.999998
16 57 0.999998
16 58 0.029925
16 59 0.999839
16 60 0.999108
16 61 0.999999
16 62 0.999999
16 63 0.999996
16 64 0.999851
16 65 0.999955
16 66 0.999999
16 67 0.783551
16 68 0.893445
16 69 0.999997
16 70 0.000372
16 71 0.731785
16 72 0.999989
16 73 0.999995
16 74 0.999989
16 75 0.999998
16 76 0.999994
16 77 0.999998
16 78 0.028526
16 79 0.999936
16 80 0.999814
16 81 0.999999
16 82 0.008716
16 83 0.999994
16 84 0.999989
16 85 0.999996
16 86 0.189109
16 87 0.999971
16 88 0.999984
16 89 0.999997
16 90 0.999997
16 91 0.011782
16 92 0.999998
16 93 0.999996
16 94 0.999999
16 95 0.999995
16 96 0.999995
16 97 0.019299
16 98 0.999997
16 99 0.060180
17 0 0.999975
17 1 0.218482
17 2 0.999997
17 3 0.975273
17 4 0.999999
17 5 0.556513
17 6 0.999999
17 7 0.060180
17 8 0.999822
17 9 0.838911
17 10 0.014763
17 11 0.999843
17 12 0.999997
17 13 0.999998
17 14 0.982995
17 15 0.999998
17 16 0.999997
17 17 0.000000
17 18 0.997804
17 19 0.999940
17 20 0.999998
17 21 0.988027
17 22 0.999998
17 23 0.999996
17 24 0.999997
17 25 0.038829
17 26 0.035762
17 27 0.999999
17 28 0.999994
17 29 0.999998
17 30 0.051779
17 31 0.993675
17 32 0.001279
17 33 0.034173
17 34 0.999999
17 35 0.999999
17 36 0.996196
17 37 0.999994
17 38 0.999970
17 39 0.716439
17 40 0.999837
17 41 0.980891
17 42 0.999986
17 43 0.743482
17 44 0.996247
17 45 0.590401
17 46 0.778725
17 47 0.999997
17 48 0.999998
17 49 0.999999
17 50 0.999997
17 51 0.019299
17 52 0.999997
17 53 0.999997
17 54 0.999997
17 55 0.999998
17 56 0.999988
17 57 0.999998
17 58 0.999997
17 59 0.999861
17 60 0.999999
17 61 0.999804
17 62 0.999979
17 63 0.999998
17 64 0.999722
17 65 0.999093
17 66 0.998308
17 67 0.999998
17 68 0.999999
17 69 0.879428
17 70 0.999998
17 71 0.999457
17 72 0.999962
17 73 0.999896
17 74 0.999979
17 75 0.999746
17 76 0.999999
17 77 0.008716
17 78 0.999995
17 79 0.999995
17 80 0.999998
17 81 0.999998
17 82 0.999997
17 83 0.989350
17 84 0.999994
17 85 0.999997
17 86 0.999896
17 87 0.999998
17 88 0.999907
17 89 0.999959
17 90 0.218482
17 91 0.999998
17 92 0.999976
17 93 0.939390
17 94 0.999990
17 95 0.999980
17 96 0.999990
17 97 0.999993
17 98 0.999993
17 99 0.999935
18 0 0.999989
18 1 0.999995
18 2 0.999998
18 3 0.999994
18 4 0.990398
18 5 0.999998
18 6 0.999998
18 7 0.998516
18 8 0.999946
18 9 0.999809
18 10 0.999998
18 11 0.999965
18 12 0.999874
18 13 0.999989
18 14 0.988633
18 15 0.982333
18 16 0.999998
18 17 0.997804
18 18 0.000000
18 19 0.999974
18 20 0.999993
18 21 0.993247
18 22 0.999974
18 23 0.999995
18 24 0.999997
18 25 0.005177
18 26 0.999920
18 27 0.999995
18 28 0.999998
18 29 0.999997
18 30 0.000372
18 31 0.999998
18 32 0.997591
18 33 0.999998
18 34 0.999995
18 35 0.000372
18 36 0.999973
18 37 0.999992
18 38 0.019299
18 39 0.011090
18 40 0.999994
18 41 0.997624
18 42 0.999998
18 43 0.998241
18 44 0.999999
18 45 0.999998
18 46 0.999937
18 47 0.999762
18 48 0.002681
18 49 0.999997
18 50 0.999995
18 51 0.999998
18 52 0.999999
18 53 0.999960
18 54 0.999997
18 55 0.005177
18 56 0.999989
18 57 0.999998
18 58 0.999955
18 59 0.999988
18 60 0.999984
18 61 0.999997
18 62 0.999998
18 63 0.999998
18 64 0.999997
18 65 0.999843
18 66 0.999976
18 67 0.999997
18 68 0.999997
18 69 0.090388
18 70 0.999998
18 71 0.999998
18 72 0.999997
18 73 0.999835
18 74 0.999997
18 75 0.999998
18 76 0.051779
18 77 0.999998
18 78 0.999991
18 79 0.999998
18 80 0.999997
18 81 0.999980
18 82 0.999997
18 83 0.999996
18 84 0.910477
18 85 0.998681
18 86 0.011782
18 87 0.999987
18 88 0.108547
18 89 0.999994
18 90 0.002681
18 91 0.999998
18 92 0.042353
18 93 0.999996
18 94 0.999981
18 95 0.999882
18 96 0.999990
18 97 0.999996
18 98 0.997363
18 99 0.999997
19 0 0.060180
19 1 0.999998
19 2 0.003622
19 3 0.014763
19 4 0.998572
19 5 0.999998
19 6 0.999997
19 7 0.999998
19 8 0.998217
19 9 0.999980
19 10 0.017315
19 11 0.999998
19 12 0.999994
19 13 0.999997
19 14 0.999998
19 15 0.999998
19 16 0.999993
19 17 0.999940
19 18 0.999974
19 19 0.000000
19 20 0.999916
19 21 0.999997
19 22 0.035762
19 23 0.998022
19 24 0.999997
19 25 0.999998
19 26 0.999749
19 27 0.999821
19 28 0.999998
19 29 0.999985
19 30 0.716439
19 31 0.999972
19 32 0.999984
19 33 0.999969
19 34 0.227550
19 35 0.999900
19 36 0.035762
19 37 0.999998
19 38 0.999990
19 39 0.999976
19 40 0.999995
19 41 0.999998
19 42 0.999991
19 43 0.999995
19 44 0.998914
19 45 0.049729
19 46 0.999997
19 47 0.999997
19 48 0.999997
19 49 0.999995
19 50 0.111327
19 51 0.999996
19 52 0.999991
19 53 0.999943
19 54 0.999868
19 55 0.999994
19 56 0.999010
19 57 0.999987
19 58 0.999955
19 59 0.999999
19 60 0.999998
19 61 0.999998
19 62 0.999952
19 63 0.999997
19 64 0.999982
19 65 0.999875
19 66 0.786128
19 67 0.999911
19 68 0.999998
19 69 0.999998
19 70 0.999994
19 71 0.999993
19 72 0.999994
19 73 0.999998
19 74 0.005177
19 75 0.999995
19 76 0.006763
19 77 0.719662
19 78 0.011782
19 79 0.999999
19 80 0.172989
19 81 0.999990
19 82 0.998730
19 83 0.999998
19 84 0.019299
19 85 0.977990
19 86 0.999997
19 87 0.999994
19 88 0.999998
19 89 0.999999
19 90 0.999994
19 91 0.999998
19 92 0.999994
19 93 0.999995
19 94 0.005177
19 95 0.999998
19 96 0.051779
19 97 0.019299
19 98 0.999997
19 99 0.999977
20 0 0.999994
20 1 0.834872
20 2 0.999998
20 3 0.999997
20 4 0.999996
20 5 0.999405
20 6 0.999998
20 7 0.853624
20 8 0.008170
20 9 0.998495
20 10 0.999955
20 11 0.999985
20 12 0.040565
20 13 0.999998
20 14 0.999998
20 15 0.999949
20 16 0.019299
20 17 0.999998
20 18 0.999993
20 19 0.999916
20 20 0.000000
20 21 0.904700
20 22 0.005177
20 23 0.996952
20 24 0.999997
20 25 0.999992
20 26 0.999881
20 27 0.001279
20 28 0.999998
20 29 0.999830
20 30 0.997222
20 31 0.999935
20 32 0.999998
20 33 0.999983
20 34 0.999998
20 35 0.999983
20 36 0.999978
20 37 0.999953
20 38 0.999992
20 39 0.996389
20 40 0.999998
20 41 0.991462
20 42 0.014763
20 43 0.997774
20 44 0.003622
20 45 0.999988
20 46 0.999955
20 47 0.011782
20 48 0.999992
20 49 0.014763
20 50 0.999998
20 51 0.987220
20 52 0.999841
20 53 0.999977
20 54 0.999998
20 55 0.019299
20 56 0.999999
20 57 0.999986
20 58 0.004818
20 59 0.999998
20 60 0.999997
20 61 0.153568
20 62 0.999978
20 63 0.997687
20 64 0.205798
20 65 0.963627
20 66 0.999983
20 67 0.999732
20 68 0.999991
20 69 0.999986
20 70 0.999995
20 71 0.138922
20 72 0.999988
20 73 0.999998
20 74 0.014763
20 75 0.999958
20 76 0.999993
20 77 0.999947
20 78 0.995993
20 79 0.999998
20 80 0.005177
20 81 0.999464
20 82 0.999992
20 83 0.999998
20 84 0.999322
20 85 0.952961
20 86 0.999997
20 87 0.999998
20 88 0.997530
20 89 0.999999
20 90 0.000814
20 91 0.051779
20 92 0.999996
20 93 0.998943
20 94 0.003622
20 95 0.999998
20 96 0.999955
20 97 0.999998
20 98 0.019299
20 99 0.999986
21 0 0.999999
21 1 0.999996
21 2 0.999997
21 3 0.019299
21 4 0.999996
21 5 0.996100
21 6 0.999996
21 7 0.005177
21 8 0.999996
21 9 0.999998
21 10 0.999998
21 11 0.999859
21 12 0.999998
21 13 0.999958
21 14 0.227550
21 15 0.999999
21 16 0.999986
21 17 0.988027
21 18 0.993247
21 19 0.999997
21 20 0.904700
21 21 0.000000
21 22 0.999999
21 23 0.999998
21 24 0.999996
21 25 0.999989
21 26 0.999998
21 27 0.999901
21 28 0.999749
21 29 0.999997
21 30 0.999997
21 31 0.999901
21 32 0.999991
21 33 0.999998
21 34 0.001279
21 35 0.999619
21 36 0.071949
21 37 0.999998
21 38 0.999994
21 39 0.951157
21 40 0.999998
21 41 0.999997
21 42 0.917910
21 43 0.999998
21 44 0.999994
21 45 0.999996
21 46 0.999997
21 47 0.999752
21 48 0.999996
21 49 0.991127
21 50 0.999998
21 51 0.996618
21 52 0.999998
21 53 0.999989
21 54 0.993338
21 55 0.999973
21 56 0.005177
21 57 0.999998
21 58 0.999941
21 59 0.999883
21 60 0.999998
21 61 0.999999
21 62 0.999997
21 63 0.999987
21 64 0.999997
21 65 0.987047
21 66 0.999523
21 67 0.999997
21 68 0.998241
21 69 0.999999
21 70 0.880950
21 71 0.999996
21 72 0.023583
21 73 0.998811
21 74 0.999998
21 75 0.005177
21 76 0.001279
21 77 0.999997
21 78 0.999998
21 79 0.005177
21 80 0.999849
21 81 0.999993
21 82 0.999996
21 83 0.035762
21 84 0.999976
21 85 0.999996
21 86 0.999998
21 87 0.999197
21 88 0.999997
21 89 0.999991
21 90 0.999998
21 91 0.014763
21 92 0.999997
21 93 0.999997
21 94 0.019299
21 95 0.768376
21 96 0.999682
21 97 0.999108
21 98 0.986202
21 99 0.999933
22 0 0.999976
22 1 0.669914
22 2 0.999881
22 3 0.999985
22 4 0.976514
22 5 0.999997
22 6 0.999998
22 7 0.898571
22 8 0.999995
22 9 0.999999
22 10 0.019299
22 11 0.999999
22 12 0.999991
22 13 0.999934
22 14 0.999999
22 15 0.999993
22 16 0.999992
22 17 0.999998
22 18 0.999974
22 19 0.035762
22 20 0.005177
22 21 0.999999
22 22 0.000000
22 23 0.999976
22 24 0.005177
22 25 0.999997
22 26 0.999662
22 27 0.999048
22 28 0.055709
22 29 0.051779
22 30 0.999952
22 31 0.999915
22 32 0.956464
22 33 0.999996
22 34 0.999985
22 35 0.005177
22 36 0.999998
22 37 0.581907
22 38 0.999999
22 39 0.002681
22 40 0.876570
22 41 0.999285
22 42 0.999998
22 43 0.999995
22 44 0.999665
22 45 0.999997
22 46 0.999995
22 47 0.999998
22 48 0.999994
22 49 0.999835
22 50 0.999997
22 51 0.999990
22 52 0.997994
22 53 0.999999
22 54 0.999955
22 55 0.999994
22 56 0.999996
22 57 0.999987
22 58 0.999999
22 59 0.999992
22 60 0.999998
22 61 0.999998
22 62 0.018287
22 63 0.011782
22 64 0.960158
22 65 0.138922
22 66 0.999998
22 67 0.999980
22 68 0.999997
22 69 0.999999
22 70 0.999852
22 71 0.999997
22 72 0.999996
22 73 0.999990
22 74 0.999833
22 75 0.006763
22 76 0.999998
22 77 0.998217
22 78 0.999998
22 79 0.999998
22 80 0.999970
22 81 0.999714
22 82 0.999998
22 83 0.999998
22 84 0.060180
22 85 0.999936
22 86 0.999996
22 87 0.005177
22 88 0.999996
22 89 0.999998
22 90 0.999964
22 91 0.999998
22 92 0.844505
22 93 0.999604
22 94 0.999985
22 95 0.999997
22 96 0.999830
22 97 0.999998
22 98 0.999999
22 99 0.999983
23 0 0.999997
23 1 0.999998
23 2 0.999996
23 3 0.999999
23 4 0.002681
23 5 0.999999
23 6 0.999994
23 7 0.999997
23 8 0.999999
23 9 0.999996
23 10 0.999841
23 11 0.999994
23 12 0.967602
23 13 0.999998
23 14 0.998610
23 15 0.999994
23 16 0.999881
23 17 0.999996
23 18 0.999995
23 19 0.998022
23 20 0.996952
23 21 0.999998
23 22 0.999976
23 23 0.000000
23 24 0.035762
23 25 0.999995
23 26 0.999997
23 27 0.999998
23 28 0.999998
23 29 0.999998
23 30 0.999985
23 31 0.999993
23 32 0.999722
23 33 0.999998
23 34 0.999998
23 35 0.999985
23 36 0.999998
23 37 0.999993
23 38 0.035762
23 39 0.999991
23 40 0.999998
23 41 0.005177
23 42 0.986358
23 43 0.985633
23 44 0.011782
23 45 0.999999
23 46 0.004818
23 47 0.999896
23 48 0.040565
23 49 0.999998
23 50 0.071949
23 51 0.999971
23 52 0.999986
23 53 0.999998
23 54 0.999998
23 55 0.999998
23 56 0.011782
23 57 0.014763
23 58 0.999998
23 59 0.002681
23 60 0.999849
23 61 0.999998
23 62 0.659444
23 63 0.999991
23 64 0.999822
23 65 0.999997
23 66 0.999975
23 67 0.999965
23 68 0.999996
23 69 0.999998
23 70 0.998048
23 71 0.999997
23 72 0.001794
23 73 0.999974
23 74 0.999990
23 75 0.999969
23 76 0.999975
23 77 0.998285
23 78 0.011782
23 79 0.999985
23 80 0.002681
23 81 0.999999
23 82 0.023583
23 83 0.998747
23 84 0.999994
23 85 0.999998
23 86 0.999997
23 87 0.999985
23 88 0.999984
23 89 0.999995
23 90 0.965441
23 91 0.687190
23 92 0.999991
23 93 0.014763
23 94 0.999998
23 95 0.999997
23 96 0.999859
23 97 0.999999
23 98 0.999998
23 99 0.999997
24 0 0.999999
24 1 0.999966
24 2 0.999998
24 3 0.999998
24 4 0.999967
24 5 0.999997
24 6 0.999997
24 7 0.999921
24 8 0.999998
24 9 0.999985
24 10 0.999887
24 11 0.999900
24 12 0.002681
24 13 0.999915
24 14 0.029925
24 15 0.999861
24 16 0.999894
24 17 0.999997
24 18 0.999997
24 19 0.999997
24 20 0.999997
24 21 0.999996
24 22 0.005177
24 23 0.035762
24 24 0.000000
24 25 0.999999
24 26 0.999998
24 27 0.999978
24 28 0.966727
24 29 0.999999
24 30 0.999999
24 31 0.018287
24 32 0.999989
24 33 0.999997
24 34 0.999999
24 35 0.011782
24 36 0.999994
24 37 0.999997
24 38 0.999812
24 39 0.999996
24 40 0.999998
24 41 0.029925
24 42 0.970368
24 43 0.999940
24 44 0.999983
24 45 0.999998
24 46 0.999998
24 47 0.998680
24 48 0.999973
24 49 0.999998
24 50 0.999994
24 51 0.999990
24 52 0.082237
24 53 0.011782
24 54 0.999833
24 55 0.005177
24 56 0.999998
24 57 0.002681
24 58 0.999843
24 59 0.011782
24 60 0.999998
24 61 0.999997
24 62 0.999997
24 63 0.999982
24 64 0.999996
24 65 0.848037
24 66 0.999998
24 67 0.999998
24 68 0.999999
24 69 0.019299
24 70 0.999969
24 71 0.999998
24 72 0.023583
24 73 0.997623
24 74 0.999998
24 75 0.002681
24 76 0.082237
24 77 0.818482
24 78 0.999998
24 79 0.999998
24 80 0.999948
24 81 0.999969
24 82 0.934561
24 83 0.999988
24 84 0.999998
24 85 0.999196
24 86 0.999998
24 87 0.034173
24 88 0.999983
24 89 0.999989
24 90 0.996047
24 91 0.999762
24 92 0.958629
24 93 0.999845
24 94 0.999997
24 95 0.999997
24 96 0.998764
24 97 0.999989
24 98 0.996618
24 99 0.999998
25 0 0.999992
25 1 0.999984
25 2 0.999968
25 3 0.005177
25 4 0.001794
25 5 0.999999
25 6 0.999998
25 7 0.999992
25 8 0.999998
25 9 0.999996
25 10 0.999996
25 11 0.999994
25 12 0.999990
25 13 0.999993
25 14 0.998241
25 15 0.999980
25 16 0.999996
25 17 0.038829
25 18 0.005177
25 19 0.999998
25 20 0.999992
25 21 0.999989
25 22 0.999997
25 23 0.999995
25 24 0.999999
25 25 0.000000
25 26 0.990528
25 27 0.999998
25 28 0.999998
25 29 0.999998
25 30 0.066931
25 31 0.999987
25 32 0.999997
25 33 0.023583
25 34 0.999990
25 35 0.700406
25 36 0.005177
25 37 0.996437
25 38 0.362752
25 39 0.999997
25 40 0.049729
25 41 0.999998
25 42 0.990399
25 43 0.002097
25 44 0.060180
25 45 0.999859
25 46 0.047734
25 47 0.998591
25 48 0.999992
25 49 0.728674
25 50 0.999722
25 51 0.999996
25 52 0.999996
25 53 0.999998
25 54 0.999999
25 55 0.999995
25 56 0.999967
25 57 0.999999
25 58 0.856968
25 59 0.988477
25 60 0.951157
25 61 0.018287
25 62 0.999997
25 63 0.999999
25 64 0.999995
25 65 0.999997
25 66 0.121504
25 67 0.017316
25 68 0.003622
25 69 0.999821
25 70 0.999998
25 71 0.011090
25 72 0.999976
25 73 0.999722
25 74 0.754757
25 75 0.011782
25 76 0.999990
25 77 0.977990
25 78 0.999982
25 79 0.999999
25 80 0.999930
25 81 0.999999
25 82 0.999543
25 83 0.999990
25 84 0.999982
25 85 0.999995
25 86 0.998629
25 87 0.999998
25 88 0.999992
25 89 0.999998
25 90 0.957037
25 91 0.999998
25 92 0.929368
25 93 0.999998
25 94 0.999762
25 95 0.001279
25 96 0.999851
25 97 0.999999
25 98 0.999999
25 99 0.999997
26 0 0.989888
26 1 0.998887
26 2 0.999999
26 3 0.998591
26 4 0.999902
26 5 0.014763
26 6 0.011782
26 7 0.005177
26 8 0.999954
26 9 0.952335
26 10 0.871792
26 11 0.641070
26 12 0.999919
26 13 0.999947
26 14 0.999286
26 15 0.963627
26 16 0.006763
26 17 0.035762
26 18 0.999920
26 19 0.999749
26 20 0.999881
26 21 0.999998
26 22 0.999662
26 23 0.999997
26 24 0.999998
26 25 0.990528
26 26 0.000000
26 27 0.999955
26 28 0.999998
26 29 0.999989
26 30 0.093360
26 31 0.999997
26 32 0.999997
26 33 0.999997
26 34 0.999997
26 35 0.999988
26 36 0.999997
26 37 0.999998
26 38 0.999997
26 39 0.005177
26 40 0.980891
26 41 0.999850
26 42 0.999998
26 43 0.013938
26 44 0.999998
26 45 0.999998
26 46 0.002681
26 47 0.999990
26 48 0.008716
26 49 0.022408
26 50 0.005177
26 51 0.999995
26 52 0.999993
26 53 0.999998
26 54 0.999962
26 55 0.999652
26 56 0.999999
26 57 0.042353
26 58 0.999999
26 59 0.999995
26 60 0.029925
26 61 0.999906
26 62 0.999998
26 63 0.999996
26 64 0.017316
26 65 0.999999
26 66 0.999981
26 67 0.999941
26 68 0.999997
26 69 0.999996
26 70 0.999999
26 71 0.019299
26 72 0.995432
26 73 0.999995
26 74 0.999994
26 75 0.999987
26 76 0.014763
26 77 0.999997
26 78 0.999643
26 79 0.000372
26 80 0.999969
26 81 0.781351
26 82 0.005177
26 83 0.005177
26 84 0.999999
26 85 0.999994
26 86 0.999995
26 87 0.983852
26 88 0.999998
26 89 0.999996
26 90 0.999999
26 91 0.000139
26 92 0.999998
26 93 0.001168
26 94 0.999999
26 95 0.999998
26 96 0.999985
26 97 0.999998
26 98 0.999901
26 99 0.999950
27 0 0.035762
27 1 0.019299
27 2 0.680144
27 3 0.999998
27 4 0.999998
27 5 0.999874
27 6 0.788678
27 7 0.999998
27 8 0.999991
27 9 0.001794
27 10 0.999980
27 11 0.999998
27 12 0.998591
27 13 0.999986
27 14 0.999998
27 15 0.999997
27 16 0.955882
27 17 0.999999
27 18 0.999995
27 19 0.999821
27 20 0.001279
27 21 0.999901
27 22 0.999048
27 23 0.999998
27 24 0.999978
27 25 0.999998
27 26 0.999955
27 27 0.000000
27 28 0.999984
27 29 0.893445
27 30 0.999995
27 31 0.028526
27 32 0.999984
27 33 0.999999
27 34 0.999998
27 35 0.999959
27 36 0.999911
27 37 0.425031
27 38 0.999940
27 39 0.999996
27 40 0.999999
27 41 0.999950
27 42 0.999993
27 43 0.999997
27 44 0.019299
27 45 0.999997
27 46 0.999998
27 47 0.029925
27 48 0.999998
27 49 0.999912
27 50 0.999997
27 51 0.943131
