0 0 0.000000
0 1 0.286770
0 2 0.989228
0 3 0.096388
0 4 0.803068
0 5 0.975926
0 6 0.310464
0 7 0.803068
0 8 0.964107
0 9 0.746454
0 10 0.210224
0 11 0.677128
0 12 0.353553
0 13 0.855444
0 14 0.996579
0 15 0.415919
0 16 0.921048
0 17 0.415919
0 18 0.986386
0 19 0.172989
0 20 0.557193
0 21 0.719662
0 22 0.911627
0 23 0.781351
0 24 0.993926
0 25 0.210224
0 26 0.415919
0 27 0.415919
0 28 0.863976
0 29 0.929503
0 30 0.557193
0 31 0.458502
0 32 0.458502
0 33 0.964107
0 34 0.210224
0 35 0.946647
0 36 0.929503
0 37 0.458502
0 38 0.310464
0 39 0.999857
0 40 0.803068
0 41 0.997433
0 42 0.848329
0 43 0.458502
0 44 0.096388
0 45 0.415919
0 46 0.987890
0 47 0.975926
0 48 0.863976
0 49 0.921048
0 50 0.863976
0 51 0.557193
0 52 0.863976
0 53 0.993926
0 54 0.108547
0 55 0.210224
0 56 0.921048
0 57 0.096388
0 58 0.594604
0 59 0.896141
0 60 0.937084
0 61 0.781351
0 62 0.096388
0 63 0.029925
0 64 0.719662
0 65 0.984698
0 66 0.310464
0 67 0.268234
0 68 0.896141
0 69 0.096388
0 70 0.771105
0 71 0.981890
0 72 0.987890
0 73 0.848329
0 74 0.946647
0 75 0.415919
0 76 0.353553
0 77 0.029925
0 78 0.972958
0 79 0.610510
0 80 0.964107
0 81 0.840896
0 82 0.952432
0 83 0.644918
0 84 0.907126
0 85 0.310464
0 86 0.803068
0 87 0.172989
0 88 0.096388
0 89 0.979649
0 90 0.981890
0 91 0.644918
0 92 0.848329
0 93 0.096388
0 94 0.071949
0 95 0.719662
0 96 0.946647
0 97 0.975926
0 98 0.921048
0 99 0.210224
1 0 0.286770
1 1 0.000000
1 2 0.848329
1 3 0.848329
1 4 0.993170
1 5 0.310464
1 6 0.210224
1 7 0.517913
1 8 0.677128
1 9 0.096388
1 10 0.883941
1 11 0.949287
1 12 0.803068
1 13 0.975926
1 14 0.458502
1 15 0.964107
1 16 0.907126
1 17 0.937084
1 18 0.803068
1 19 0.929503
1 20 0.138922
1 21 0.986386
1 22 0.959712
1 23 0.310464
1 24 0.997971
1 25 0.677128
1 26 0.959712
1 27 0.172989
1 28 0.557193
1 29 0.310464
1 30 0.994599
1 31 0.972958
1 32 0.977135
1 33 0.771105
1 34 0.310464
1 35 0.878126
1 36 0.310464
1 37 0.974313
1 38 0.781351
1 39 0.946647
1 40 0.977134
1 41 0.781351
1 42 0.719662
1 43 0.172989
1 44 0.677128
1 45 0.517913
1 46 0.719662
1 47 0.415919
1 48 0.883941
1 49 0.677128
1 50 0.677128
1 51 0.268234
1 52 0.557193
1 53 0.096388
1 54 0.677128
1 55 0.458502
1 56 0.983886
1 57 0.210224
1 58 0.979649
1 59 0.994234
1 60 0.644918
1 61 0.594604
1 62 0.952432
1 63 0.644918
1 64 0.210224
1 65 0.870414
1 66 0.677128
1 67 0.981890
1 68 0.746454
1 69 0.911627
1 70 0.644918
1 71 0.210224
1 72 0.210224
1 73 0.964107
1 74 0.096388
1 75 0.096388
1 76 0.029925
1 77 0.757621
1 78 0.863976
1 79 0.071949
1 80 0.071949
1 81 0.096388
1 82 0.964107
1 83 0.557193
1 84 0.946647
1 85 0.863976
1 86 0.210224
1 87 0.994873
1 88 0.994873
1 89 0.803068
1 90 0.210224
1 91 0.096388
1 92 0.071949
1 93 0.932960
1 94 0.005177
1 95 0.557193
1 96 0.863976
1 97 0.863976
1 98 0.096388
1 99 0.594604
2 0 0.989228
2 1 0.848329
2 2 0.000000
2 3 0.415919
2 4 0.952432
2 5 0.946647
2 6 0.557193
2 7 0.803068
2 8 0.987890
2 9 0.415919
2 10 0.883941
2 11 0.990903
2 12 0.719662
2 13 0.268234
2 14 0.746454
2 15 0.975926
2 16 0.929503
2 17 0.353553
2 18 0.921048
2 19 0.310464
2 20 0.999144
2 21 0.940181
2 22 0.929503
2 23 0.677128
2 24 0.677128
2 25 0.979649
2 26 0.690668
2 27 0.803068
2 28 0.746454
2 29 0.458502
2 30 0.096388
2 31 0.989772
2 32 0.029925
2 33 0.957603
2 34 0.719662
2 35 0.757621
2 36 0.415919
2 37 0.557193
2 38 0.071949
2 39 0.096388
2 40 0.937084
2 41 0.848329
2 42 0.210224
2 43 0.557193
2 44 0.863976
2 45 0.172989
2 46 0.848329
2 47 0.415919
2 48 0.719662
2 49 0.594604
2 50 0.959712
2 51 0.096388
2 52 0.071949
2 53 0.477022
2 54 0.848329
2 55 0.946647
2 56 0.994873
2 57 0.987890
2 58 0.677128
2 59 0.822878
2 60 0.946647
2 61 0.978572
2 62 0.096388
2 63 0.210224
2 64 0.310464
2 65 0.863976
2 66 0.954792
2 67 0.310464
2 68 0.310464
2 69 0.954792
2 70 0.644918
2 71 0.863976
2 72 0.172989
2 73 0.803068
2 74 0.917004
2 75 0.896141
2 76 0.268234
2 77 0.458502
2 78 0.771105
2 79 0.719662
2 80 0.268234
2 81 0.994873
2 82 0.964107
2 83 0.803068
2 84 0.310464
2 85 0.500000
2 86 0.096388
2 87 0.863976
2 88 0.329464
2 89 0.771105
2 90 0.996959
2 91 0.946647
2 92 0.415919
2 93 0.071949
2 94 0.172989
2 95 0.594604
2 96 0.644918
2 97 0.840896
2 98 0.415919
2 99 0.458502
3 0 0.096388
3 1 0.848329
3 2 0.415919
3 3 0.000000
3 4 0.896141
3 5 0.907126
3 6 0.863976
3 7 0.458502
3 8 0.415919
3 9 0.557193
3 10 0.108547
3 11 0.677128
3 12 0.071949
3 13 0.477022
3 14 0.803068
3 15 0.172989
3 16 0.434867
3 17 0.310464
3 18 0.959712
3 19 0.071949
3 20 0.268234
3 21 0.172989
3 22 0.929503
3 23 0.172989
3 24 0.517913
3 25 0.029925
3 26 0.138922
3 27 0.929503
3 28 0.210224
3 29 0.677128
3 30 0.210224
3 31 0.096388
3 32 0.896141
3 33 0.969629
3 34 0.979649
3 35 0.968031
3 36 0.870414
3 37 0.268234
3 38 0.803068
3 39 0.415919
3 40 0.096388
3 41 0.921048
3 42 0.210224
3 43 0.972958
3 44 0.415919
3 45 0.848329
3 46 0.964107
3 47 0.907126
3 48 0.415919
3 49 0.975926
3 50 0.227550
3 51 0.921048
3 52 0.981890
3 53 0.071949
3 54 0.172989
3 55 0.863976
3 56 0.983886
3 57 0.937084
3 58 0.096388
3 59 0.071949
3 60 0.975926
3 61 0.644918
3 62 0.964107
3 63 0.952432
3 64 0.029925
3 65 0.071949
3 66 0.310464
3 67 0.999037
3 68 0.644918
3 69 0.029925
3 70 0.987890
3 71 0.557193
3 72 0.831065
3 73 0.594604
3 74 0.863976
3 75 0.863976
3 76 0.929503
3 77 0.677128
3 78 0.268234
3 79 0.096388
3 80 0.746454
3 81 0.557193
3 82 0.096388
3 83 0.984698
3 84 0.946647
3 85 0.138922
3 86 0.952432
3 87 0.517913
3 88 0.372722
3 89 0.990903
3 90 0.415919
3 91 0.096388
3 92 0.096388
3 93 0.268234
3 94 0.210224
3 95 0.557193
3 96 0.329464
3 97 0.981890
3 98 0.210224
3 99 0.557193
4 0 0.803068
4 1 0.993170
4 2 0.952432
4 3 0.896141
4 4 0.000000
4 5 0.848329
4 6 0.557193
4 7 0.863976
4 8 0.937084
4 9 0.952432
4 10 0.644918
4 11 0.557193
4 12 0.907126
4 13 0.883941
4 14 0.477023
4 15 0.952432
4 16 0.883941
4 17 0.863976
4 18 0.610510
4 19 0.940181
4 20 0.415919
4 21 0.964107
4 22 0.458502
4 23 0.071949
4 24 0.415919
4 25 0.138922
4 26 0.019299
4 27 0.999492
4 28 0.310464
4 29 0.210224
4 30 0.803068
4 31 0.108547
4 32 0.415919
4 33 0.746454
4 34 0.959712
4 35 0.993170
4 36 0.803068
4 37 0.415919
4 38 0.677128
4 39 0.822878
4 40 0.848329
4 41 0.677128
4 42 0.940181
4 43 0.096388
4 44 0.911627
4 45 0.310464
4 46 0.594604
4 47 0.557193
4 48 0.946647
4 49 0.353553
4 50 0.557193
4 51 0.781351
4 52 0.005177
4 53 0.946647
4 54 0.937084
4 55 0.029925
4 56 0.458502
4 57 0.644918
4 58 0.659444
4 59 0.993926
4 60 0.952432
4 61 0.310464
4 62 0.979649
4 63 0.781351
4 64 0.959712
4 65 0.210224
4 66 0.353553
4 67 0.210224
4 68 0.096388
4 69 0.896141
4 70 0.310464
4 71 0.210224
4 72 0.975926
4 73 0.458502
4 74 0.999952
4 75 0.959712
4 76 0.096388
4 77 0.946647
4 78 0.458502
4 79 0.921048
4 80 0.990903
4 81 0.984698
4 82 0.863976
4 83 0.677128
4 84 0.415919
4 85 0.172989
4 86 0.557193
4 87 0.937084
4 88 0.921048
4 89 0.172989
4 90 0.990903
4 91 0.921048
4 92 0.415919
4 93 0.907126
4 94 0.458502
4 95 0.848329
4 96 0.458502
4 97 0.644918
4 98 0.883941
4 99 0.677128
5 0 0.975926
5 1 0.310464
5 2 0.946647
5 3 0.907126
5 4 0.848329
5 5 0.000000
5 6 0.993926
5 7 0.878126
5 8 0.937084
5 9 0.848329
5 10 0.310464
5 11 0.803068
5 12 0.096388
5 13 0.310464
5 14 0.677128
5 15 0.975926
5 16 0.557193
5 17 0.896141
5 18 0.172989
5 19 0.677128
5 20 0.310464
5 21 0.781351
5 22 0.848329
5 23 0.353553
5 24 0.415919
5 25 0.310464
5 26 0.746454
5 27 0.822878
5 28 0.310464
5 29 0.210224
5 30 0.907126
5 31 0.557193
5 32 0.993170
5 33 0.557193
5 34 0.746454
5 35 0.415919
5 36 0.096388
5 37 0.210224
5 38 0.210224
5 39 0.863976
5 40 0.096388
5 41 0.929503
5 42 0.096388
5 43 0.659444
5 44 0.989772
5 45 0.517913
5 46 0.840896
5 47 0.981890
5 48 0.210224
5 49 0.071949
5 50 0.921048
5 51 0.644918
5 52 0.210224
5 53 0.848329
5 54 0.997433
5 55 0.803068
5 56 0.096388
5 57 0.172989
5 58 0.746454
5 59 0.981890
5 60 0.870414
5 61 0.972958
5 62 0.907126
5 63 0.310464
5 64 0.172989
5 65 0.964107
5 66 0.831064
5 67 0.803068
5 68 0.972958
5 69 0.822878
5 70 0.690668
5 71 0.096388
5 72 0.863976
5 73 0.781351
5 74 0.719662
5 75 0.310464
5 76 0.999239
5 77 0.644918
5 78 0.986386
5 79 0.937084
5 80 0.964107
5 81 0.610509
5 82 0.610510
5 83 0.372722
5 84 0.096388
5 85 0.822878
5 86 0.896141
5 87 0.210224
5 88 0.210224
5 89 0.644918
5 90 0.644918
5 91 0.310464
5 92 0.372722
5 93 0.803068
5 94 0.969629
5 95 0.994873
5 96 0.746454
5 97 0.268234
5 98 0.096388
5 99 0.757621
6 0 0.310464
6 1 0.210224
6 2 0.557193
6 3 0.863976
6 4 0.557193
6 5 0.993926
6 6 0.000000
6 7 0.677128
6 8 0.677128
6 9 0.096388
6 10 0.310464
6 11 0.996959
6 12 0.746454
6 13 0.959712
6 14 0.071949
6 15 0.929503
6 16 0.644918
6 17 0.921048
6 18 0.998716
6 19 0.415919
6 20 0.415919
6 21 0.972958
6 22 0.921048
6 23 0.172989
6 24 0.771105
6 25 0.644918
6 26 0.415919
6 27 0.372722
6 28 0.019299
6 29 0.878126
6 30 0.310464
6 31 0.415919
6 32 0.896141
6 33 0.946647
6 34 0.998478
6 35 0.268234
6 36 0.610510
6 37 0.210224
6 38 0.458502
6 39 0.803068
6 40 0.268234
6 41 0.952432
6 42 0.353553
6 43 0.946647
6 44 0.972958
6 45 0.719662
6 46 0.719662
6 47 0.210224
6 48 0.557193
6 49 0.096388
6 50 0.517913
6 51 0.172989
6 52 0.781351
6 53 0.990903
6 54 0.517913
6 55 0.989772
6 56 0.677128
6 57 0.210224
6 58 0.677128
6 59 0.071949
6 60 0.172989
6 61 0.415919
6 62 0.746454
6 63 0.952432
6 64 0.415919
6 65 0.883941
6 66 0.310464
6 67 0.096388
6 68 0.992319
6 69 0.911627
6 70 0.029925
6 71 0.677128
6 72 0.644918
6 73 0.803068
6 74 0.210224
6 75 0.995947
6 76 0.210224
6 77 0.803068
6 78 0.977134
6 79 0.210224
6 80 0.999518
6 81 0.172989
6 82 0.677128
6 83 0.415919
6 84 0.990903
6 85 0.863976
6 86 0.353553
6 87 0.803068
6 88 0.172989
6 89 0.172989
6 90 0.415919
6 91 0.594604
6 92 0.096388
6 93 0.990903
6 94 0.946647
6 95 0.746454
6 96 0.517913
6 97 0.029925
6 98 0.896140
6 99 0.993926
7 0 0.803068
7 1 0.517913
7 2 0.803068
7 3 0.458502
7 4 0.863976
7 5 0.878126
7 6 0.677128
7 7 0.000000
7 8 0.946647
7 9 0.995441
7 10 0.557193
7 11 0.096388
7 12 0.071949
7 13 0.929503
7 14 0.415919
7 15 0.610510
7 16 0.353553
7 17 0.310464
7 18 0.210224
7 19 0.883941
7 20 0.719662
7 21 0.210224
7 22 0.557193
7 23 0.415919
7 24 0.831065
7 25 0.803068
7 26 0.096388
7 27 0.610510
7 28 0.952432
7 29 0.210224
7 30 0.210224
7 31 0.268234
7 32 0.415919
7 33 0.415919
7 34 0.972958
7 35 0.822878
7 36 0.896141
7 37 0.990903
7 38 0.964107
7 39 0.458502
7 40 0.907126
7 41 0.019299
7 42 0.746454
7 43 0.757621
7 44 0.096388
7 45 0.172989
7 46 0.557193
7 47 0.964107
7 48 0.969629
7 49 0.096388
7 50 0.719662
7 51 0.172989
7 52 0.210224
7 53 0.907126
7 54 0.557193
7 55 0.937084
7 56 0.557193
7 57 0.415919
7 58 0.310464
7 59 0.831065
7 60 0.517913
7 61 0.996579
7 62 0.677128
7 63 0.268234
7 64 0.863976
7 65 0.268234
7 66 0.998478
7 67 0.987890
7 68 0.981890
7 69 0.921048
7 70 0.977134
7 71 0.310464
7 72 0.415919
7 73 0.921048
7 74 0.975926
7 75 0.096388
7 76 0.998478
7 77 0.907126
7 78 0.268234
7 79 0.946647
7 80 0.781351
7 81 0.415919
7 82 0.517913
7 83 0.227550
7 84 0.993926
7 85 0.415919
7 86 0.719662
7 87 0.929503
7 88 0.415919
7 89 0.952432
7 90 0.995441
7 91 0.996579
7 92 0.644918
7 93 0.746454
7 94 0.992319
7 95 0.557193
7 96 0.310464
7 97 0.952432
7 98 0.771105
7 99 0.972958
8 0 0.964107
8 1 0.677128
8 2 0.987890
8 3 0.415919
8 4 0.937084
8 5 0.937084
8 6 0.677128
8 7 0.946647
8 8 0.000000
8 9 0.172989
8 10 0.952432
8 11 0.929503
8 12 0.746454
8 13 0.557193
8 14 0.096388
8 15 0.840896
8 16 0.210224
8 17 0.771105
8 18 0.610510
8 19 0.610510
8 20 0.610510
8 21 0.719662
8 22 0.987890
8 23 0.677128
8 24 0.210224
8 25 0.644918
8 26 0.051779
8 27 0.987890
8 28 0.644918
8 29 0.210224
8 30 0.972958
8 31 0.863976
8 32 0.990903
8 33 0.610510
8 34 0.954792
8 35 0.746454
8 36 0.557193
8 37 0.959712
8 38 0.677128
8 39 0.071949
8 40 0.999746
8 41 0.557193
8 42 0.310464
8 43 0.822878
8 44 0.969629
8 45 0.896141
8 46 0.863976
8 47 0.940181
8 48 0.096388
8 49 0.517913
8 50 0.959712
8 51 0.993926
8 52 0.096388
8 53 0.677128
8 54 0.746454
8 55 0.458502
8 56 0.458502
8 57 0.172989
8 58 0.863976
8 59 0.372722
8 60 0.172989
8 61 0.896141
8 62 0.458502
8 63 0.372722
8 64 0.557193
8 65 0.781351
8 66 0.991910
8 67 0.268234
8 68 0.071949
8 69 0.096388
8 70 0.372722
8 71 0.896141
8 72 0.946647
8 73 0.964107
8 74 0.310464
8 75 0.268234
8 76 0.210224
8 77 0.975926
8 78 0.907126
8 79 0.929503
8 80 0.644918
8 81 0.096388
8 82 0.415919
8 83 0.029925
8 84 0.172989
8 85 0.822878
8 86 0.172989
8 87 0.972958
8 88 0.644918
8 89 0.719662
8 90 0.757621
8 91 0.415919
8 92 0.997296
8 93 0.990903
8 94 0.974313
8 95 0.994873
8 96 0.517913
8 97 0.981890
8 98 0.415919
8 99 0.415919
9 0 0.746454
9 1 0.096388
9 2 0.415919
9 3 0.557193
9 4 0.952432
9 5 0.848329
9 6 0.096388
9 7 0.995441
9 8 0.172989
9 9 0.000000
9 10 0.557193
9 11 0.644918
9 12 0.029925
9 13 0.310464
9 14 0.831064
9 15 0.878126
9 16 0.172989
9 17 0.172989
9 18 0.803068
9 19 0.372722
9 20 0.644918
9 21 0.986386
9 22 0.981890
9 23 0.975926
9 24 0.557193
9 25 0.878126
9 26 0.746454
9 27 0.310464
9 28 0.803068
9 29 0.644918
9 30 0.959712
9 31 0.353553
9 32 0.268234
9 33 0.677128
9 34 0.690668
9 35 0.071949
9 36 0.071949
9 37 0.981890
9 38 0.138922
9 39 0.999144
9 40 0.458502
9 41 0.096388
9 42 0.096388
9 43 0.990903
9 44 0.557193
9 45 0.921048
9 46 0.415919
9 47 0.990903
9 48 0.210224
9 49 0.907126
9 50 0.996959
9 51 0.968031
9 52 0.969629
9 53 0.848329
9 54 0.803068
9 55 0.415919
9 56 0.984698
9 57 0.878126
9 58 0.863976
9 59 0.557193
9 60 0.959712
9 61 0.029925
9 62 0.071949
9 63 0.353553
9 64 0.803068
9 65 0.803068
9 66 0.911627
9 67 0.644918
9 68 0.952432
9 69 0.878126
9 70 0.415919
9 71 0.986386
9 72 0.946647
9 73 0.210224
9 74 0.831064
9 75 0.096388
9 76 0.268234
9 77 0.458502
9 78 0.911627
9 79 0.964107
9 80 0.268234
9 81 0.096388
9 82 0.172989
9 83 0.803068
9 84 0.907126
9 85 0.822878
9 86 0.921048
9 87 0.952432
9 88 0.610510
9 89 0.883941
9 90 0.096388
9 91 0.929503
9 92 0.210224
9 93 0.997433
9 94 0.644918
9 95 0.993170
9 96 0.310464
9 97 0.952432
9 98 0.996959
9 99 0.746454
10 0 0.210224
10 1 0.883941
10 2 0.883941
10 3 0.108547
10 4 0.644918
10 5 0.310464
10 6 0.310464
10 7 0.557193
10 8 0.952432
10 9 0.557193
10 10 0.000000
10 11 0.071949
10 12 0.415919
10 13 0.999239
10 14 0.946647
10 15 0.719662
10 16 0.517913
10 17 0.096388
10 18 0.986386
10 19 0.907126
10 20 0.921048
10 21 0.557193
10 22 0.029925
10 23 0.981890
10 24 0.896140
10 25 0.096388
10 26 0.227550
10 27 0.719662
10 28 0.822878
10 29 0.500000
10 30 0.096388
10 31 0.138922
10 32 0.975926
10 33 0.998716
10 34 0.415919
10 35 0.071949
10 36 0.677128
10 37 0.994234
10 38 0.896141
10 39 0.863976
10 40 0.172989
10 41 0.781351
10 42 0.644918
10 43 0.964107
10 44 0.310464
10 45 0.719662
10 46 0.172989
10 47 0.991363
10 48 0.929503
10 49 0.921048
10 50 0.096388
10 51 0.986386
10 52 0.993926
10 53 0.969629
10 54 0.848329
10 55 0.911627
10 56 0.959712
10 57 0.981890
10 58 0.096388
10 59 0.883941
10 60 0.096388
10 61 0.458502
10 62 0.983886
10 63 0.096388
10 64 0.921048
10 65 0.557193
10 66 0.210224
10 67 0.310464
10 68 0.781351
10 69 0.848329
10 70 0.310464
10 71 0.803068
10 72 0.329464
10 73 0.863976
10 74 0.981890
10 75 0.138922
10 76 0.353553
10 77 0.979649
10 78 0.986386
10 79 0.921048
10 80 0.998985
10 81 0.415919
10 82 0.981890
10 83 0.746454
10 84 0.969629
10 85 0.981890
10 86 0.517913
10 87 0.310464
10 88 0.746454
10 89 0.952432
10 90 0.557193
10 91 0.210224
10 92 0.746454
10 93 0.210224
10 94 0.952432
10 95 0.353553
10 96 0.594604
10 97 0.746454
10 98 0.268234
10 99 0.268234
11 0 0.677128
11 1 0.949287
11 2 0.990903
11 3 0.677128
11 4 0.557193
11 5 0.803068
11 6 0.996959
11 7 0.096388
11 8 0.929503
11 9 0.644918
11 10 0.071949
11 11 0.000000
11 12 0.415919
11 13 0.458502
11 14 0.610510
11 15 0.719662
11 16 0.929503
11 17 0.458502
11 18 0.644918
11 19 0.929503
11 20 0.644918
11 21 0.677128
11 22 0.746454
11 23 0.372722
11 24 0.746454
11 25 0.907126
11 26 0.029925
11 27 0.946647
11 28 0.952432
11 29 0.594604
11 30 0.822878
11 31 0.896141
11 32 0.353553
11 33 0.353553
11 34 0.172989
11 35 0.096388
11 36 0.172989
11 37 0.029925
11 38 0.929503
11 39 0.896141
11 40 0.594604
11 41 0.677128
11 42 0.746454
11 43 0.993170
11 44 0.803068
11 45 0.329464
11 46 0.594604
11 47 0.964107
11 48 0.986386
11 49 0.517913
11 50 0.993170
11 51 0.896141
11 52 0.310464
11 53 0.995441
11 54 0.771105
11 55 0.557193
11 56 0.989772
11 57 0.940181
11 58 0.096388
11 59 0.984698
11 60 0.803068
11 61 0.896140
11 62 0.029925
11 63 0.968031
11 64 0.677128
11 65 0.979649
11 66 0.988501
11 67 0.803068
11 68 0.310464
11 69 0.644918
11 70 0.610510
11 71 0.719662
11 72 0.993926
11 73 0.781351
11 74 0.172989
11 75 0.993170
11 76 0.946647
11 77 0.822878
11 78 0.959712
11 79 0.210224
11 80 0.415919
11 81 0.996579
11 82 0.989772
11 83 0.993170
11 84 0.690668
11 85 0.310464
11 86 0.557193
11 87 0.831065
11 88 0.996579
11 89 0.994234
11 90 0.990903
11 91 0.989772
11 92 0.929503
11 93 0.172989
11 94 0.557193
11 95 0.310464
11 96 0.557193
11 97 0.096388
11 98 0.517913
11 99 0.372722
12 0 0.353553
12 1 0.803068
12 2 0.719662
12 3 0.071949
12 4 0.907126
12 5 0.096388
12 6 0.746454
12 7 0.071949
12 8 0.746454
12 9 0.029925
12 10 0.415919
12 11 0.415919
12 12 0.000000
12 13 0.822878
12 14 0.310464
12 15 0.644918
12 16 0.517913
12 17 0.907126
12 18 0.557193
12 19 0.993926
12 20 0.781351
12 21 0.964107
12 22 0.981890
12 23 0.096388
12 24 0.071949
12 25 0.921048
12 26 0.415919
12 27 0.677128
12 28 0.071949
12 29 0.268234
12 30 0.517913
12 31 0.458502
12 32 0.929503
12 33 0.310464
12 34 0.644918
12 35 0.994873
12 36 0.972958
12 37 0.096388
12 38 0.921048
12 39 0.210224
12 40 0.415919
12 41 0.969629
12 42 0.952432
12 43 0.863976
12 44 0.677128
12 45 0.210224
12 46 0.557193
12 47 0.863976
12 48 0.227550
12 49 0.978572
12 50 0.937084
12 51 0.594604
12 52 0.932960
12 53 0.946647
12 54 0.911627
12 55 0.573990
12 56 0.268234
12 57 0.415919
12 58 0.353553
12 59 0.986386
12 60 0.071949
12 61 0.863976
12 62 0.878126
12 63 0.990903
12 64 0.210224
12 65 0.210224
12 66 0.997296
12 67 0.719662
12 68 0.996579
12 69 0.594604
12 70 0.353553
12 71 0.991910
12 72 0.310464
12 73 0.517913
12 74 0.982801
12 75 0.268234
12 76 0.172989
12 77 0.310464
12 78 0.329464
12 79 0.557193
12 80 0.268234
12 81 0.677128
12 82 0.268234
12 83 0.999492
12 84 0.029925
12 85 0.517913
12 86 0.937084
12 87 0.987890
12 88 0.999662
12 89 0.268234
12 90 0.952432
12 91 0.848329
12 92 0.831064
12 93 0.924902
12 94 0.848329
12 95 0.993515
12 96 0.964107
12 97 0.268234
12 98 0.863976
12 99 0.310464
13 0 0.855444
13 1 0.975926
13 2 0.268234
13 3 0.477022
13 4 0.883941
13 5 0.310464
13 6 0.959712
13 7 0.929503
13 8 0.557193
13 9 0.310464
13 10 0.999239
13 11 0.458502
13 12 0.822878
13 13 0.000000
13 14 0.999572
13 15 0.863976
13 16 0.863976
13 17 0.310464
13 18 0.883941
13 19 0.975926
13 20 0.415919
13 21 0.863976
13 22 0.458502
13 23 0.878126
13 24 0.990903
13 25 0.946647
13 26 0.781351
13 27 0.458502
13 28 0.707107
13 29 0.979649
13 30 0.210224
13 31 0.896141
13 32 0.557193
13 33 0.803068
13 34 0.975926
13 35 0.310464
13 36 0.096388
13 37 0.172989
13 38 0.863976
13 39 0.610510
13 40 0.210224
13 41 0.310464
13 42 0.310464
13 43 0.310464
13 44 0.937084
13 45 0.994873
13 46 0.896141
13 47 0.959712
13 48 0.896141
13 49 0.964107
13 50 0.210224
13 51 0.557193
13 52 0.929503
13 53 0.557193
13 54 0.848329
13 55 0.268234
13 56 0.940181
13 57 0.210224
13 58 0.517913
13 59 0.458502
13 60 0.896141
13 61 0.372722
13 62 0.746454
13 63 0.644918
13 64 0.415919
13 65 0.268234
13 66 0.353553
13 67 0.883941
13 68 0.822878
13 69 0.707107
13 70 0.557193
13 71 0.557193
13 72 0.071949
13 73 0.863976
13 74 0.969629
13 75 0.907126
13 76 0.029925
13 77 0.353553
13 78 0.781351
13 79 0.659444
13 80 0.946647
13 81 0.996152
13 82 0.557193
13 83 0.883941
13 84 0.921048
13 85 0.500000
13 86 0.896141
13 87 0.946647
13 88 0.138922
13 89 0.071949
13 90 0.990903
13 91 0.972958
13 92 0.993170
13 93 0.310464
13 94 0.071949
13 95 0.940181
13 96 0.996579
13 97 0.719662
13 98 0.557193
13 99 0.803068
14 0 0.996579
14 1 0.458502
14 2 0.746454
14 3 0.803068
14 4 0.477023
14 5 0.677128
14 6 0.071949
14 7 0.415919
14 8 0.096388
14 9 0.831064
14 10 0.946647
14 11 0.610510
14 12 0.310464
14 13 0.999572
14 14 0.000000
14 15 0.964107
14 16 0.029925
14 17 0.896141
14 18 0.415919
14 19 0.644918
14 20 0.415919
14 21 0.071949
14 22 0.994873
14 23 0.096388
14 24 0.096388
14 25 0.353553
14 26 0.781351
14 27 0.863976
14 28 0.954792
14 29 0.746454
14 30 0.965899
14 31 0.071949
14 32 0.746454
14 33 0.803068
14 34 0.781351
14 35 0.310464
14 36 0.677128
14 37 0.415919
14 38 0.997433
14 39 0.594604
14 40 0.415919
14 41 0.210224
14 42 0.310464
14 43 0.458502
14 44 0.719662
14 45 0.969629
14 46 0.372722
14 47 0.848329
14 48 0.964107
14 49 0.096388
14 50 0.949286
14 51 0.677128
14 52 0.019299
14 53 0.921048
14 54 0.831065
14 55 0.803068
14 56 0.210224
14 57 0.415919
14 58 0.310464
14 59 0.993170
14 60 0.415919
14 61 0.690668
14 62 0.969629
14 63 0.610510
14 64 0.896141
14 65 0.746454
14 66 0.984698
14 67 0.477022
14 68 0.964107
14 69 0.096388
14 70 0.771105
14 71 0.557193
14 72 0.981890
14 73 0.535510
14 74 0.644918
14 75 0.996959
14 76 0.517913
14 77 0.458502
14 78 0.990903
14 79 0.940181
14 80 0.096388
14 81 0.995441
14 82 0.415919
14 83 0.310464
14 84 0.138922
14 85 0.458502
14 86 0.946647
14 87 0.746454
14 88 0.517913
14 89 0.477022
14 90 0.610510
14 91 0.096388
14 92 0.415919
14 93 0.929503
14 94 0.096388
14 95 0.781351
14 96 0.771105
14 97 0.458502
14 98 0.644918
14 99 0.415919
15 0 0.415919
15 1 0.964107
15 2 0.975926
15 3 0.172989
15 4 0.952432
15 5 0.975926
15 6 0.929503
15 7 0.610510
15 8 0.840896
15 9 0.878126
15 10 0.719662
15 11 0.719662
15 12 0.644918
15 13 0.863976
15 14 0.964107
15 15 0.000000
15 16 0.310464
15 17 0.979649
15 18 0.458502
15 19 0.996579
15 20 0.964107
15 21 0.964107
15 22 0.929503
15 23 0.746454
15 24 0.210224
15 25 0.959712
15 26 0.172989
15 27 0.458502
15 28 0.268234
15 29 0.921048
15 30 0.996579
15 31 0.975926
15 32 0.644918
15 33 0.929503
15 34 0.071949
15 35 0.415919
15 36 0.883941
15 37 0.310464
15 38 0.719662
15 39 0.172989
15 40 0.172989
15 41 0.848329
15 42 0.954792
15 43 0.981890
15 44 0.677128
15 45 0.096388
15 46 0.981890
15 47 0.937084
15 48 0.210224
15 49 0.848329
15 50 0.051779
15 51 0.921048
15 52 0.979649
15 53 0.268234
15 54 0.096388
15 55 0.434867
15 56 0.172989
15 57 0.210224
15 58 0.982801
15 59 0.372722
15 60 0.746454
15 61 0.458502
15 62 0.557193
15 63 0.940181
15 64 0.996579
15 65 0.921048
15 66 0.210224
15 67 0.746454
15 68 0.210224
15 69 0.096388
15 70 0.594604
15 71 0.458502
15 72 0.415919
15 73 0.803068
15 74 0.954792
15 75 0.310464
15 76 0.172989
15 77 0.210224
15 78 0.096388
15 79 0.954792
15 80 0.921048
15 81 0.677128
15 82 0.517913
15 83 0.310464
15 84 0.981890
15 85 0.415919
15 86 0.746454
15 87 0.677128
15 88 0.995947
15 89 0.929503
15 90 0.268234
15 91 0.954792
15 92 0.994873
15 93 0.310464
15 94 0.863976
15 95 0.848329
15 96 0.108547
15 97 0.964107
15 98 0.310464
15 99 0.995441
16 0 0.921048
16 1 0.907126
16 2 0.929503
16 3 0.434867
16 4 0.883941
16 5 0.557193
16 6 0.644918
16 7 0.353553
16 8 0.210224
16 9 0.172989
16 10 0.517913
16 11 0.929503
16 12 0.517913
16 13 0.863976
16 14 0.029925
16 15 0.310464
16 16 0.000000
16 17 0.995133
16 18 0.981890
16 19 0.975926
16 20 0.172989
16 21 0.138922
16 22 0.353553
16 23 0.911627
16 24 0.677128
16 25 0.921048
16 26 0.458502
16 27 0.096388
16 28 0.415919
16 29 0.771105
16 30 0.746454
16 31 0.458502
16 32 0.071949
16 33 0.994873
16 34 0.096388
16 35 0.594604
16 36 0.995947
16 37 0.883941
16 38 0.557193
16 39 0.940181
16 40 0.458502
16 41 0.929503
16 42 0.968031
16 43 0.268234
16 44 0.781351
16 45 0.896141
16 46 0.984698
16 47 0.746454
16 48 0.954792
16 49 0.999831
16 50 0.803068
16 51 0.477022
16 52 0.690668
16 53 0.975926
16 54 0.458502
16 55 0.984698
16 56 0.863976
16 57 0.822878
16 58 0.029925
16 59 0.911627
16 60 0.878126
16 61 0.964107
16 62 0.863976
16 63 0.210224
16 64 0.517913
16 65 0.907126
16 66 0.268234
16 67 0.803068
16 68 0.517913
16 69 0.831065
16 70 0.096388
16 71 0.096388
16 72 0.964107
16 73 0.896141
16 74 0.677128
16 75 0.557193
16 76 0.310464
16 77 0.921048
16 78 0.268234
16 79 0.210224
16 80 0.372722
16 81 0.310464
16 82 0.557193
16 83 0.921048
16 84 0.746454
16 85 0.310464
16 86 0.210224
16 87 0.557193
16 88 0.719661
16 89 0.907126
16 90 0.803068
16 91 0.138922
16 92 0.415919
16 93 0.557193
16 94 0.781351
16 95 0.940181
16 96 0.959712
16 97 0.172989
16 98 0.096388
16 99 0.803068
17 0 0.415919
17 1 0.937084
17 2 0.353553
17 3 0.310464
17 4 0.863976
17 5 0.896141
17 6 0.921048
17 7 0.310464
17 8 0.771105
17 9 0.172989
17 10 0.096388
17 11 0.458502
17 12 0.907126
17 13 0.310464
17 14 0.896141
17 15 0.979649
17 16 0.995133
17 17 0.000000
17 18 0.029925
17 19 0.997971
17 20 0.929503
17 21 0.594604
17 22 0.896141
17 23 0.907126
17 24 0.863976
17 25 0.610510
17 26 0.415919
17 27 0.896141
17 28 0.677128
17 29 0.987890
17 30 0.210224
17 31 0.353553
17 32 0.096388
17 33 0.690668
17 34 0.982801
17 35 0.921048
17 36 0.863976
17 37 0.979649
17 38 0.644918
17 39 0.415919
17 40 0.993926
17 41 0.822878
17 42 0.995441
17 43 0.096388
17 44 0.019299
17 45 0.210224
17 46 0.138922
17 47 0.310464
17 48 0.746454
17 49 0.757621
17 50 0.929503
17 51 0.172989
17 52 0.677128
17 53 0.644918
17 54 0.896141
17 55 0.972958
17 56 0.965898
17 57 0.995672
17 58 0.848329
17 59 0.310464
17 60 0.921048
17 61 0.210224
17 62 0.644918
17 63 0.096388
17 64 0.108547
17 65 0.803068
17 66 0.458502
17 67 0.848329
17 68 0.969629
17 69 0.848329
17 70 0.227550
17 71 0.921048
17 72 0.896141
17 73 0.863976
17 74 0.677128
17 75 0.940181
17 76 0.946647
17 77 0.557193
17 78 0.719662
17 79 0.946647
17 80 0.991910
17 81 0.972958
17 82 0.972958
17 83 0.310464
17 84 0.458502
17 85 0.771105
17 86 0.746454
17 87 0.415919
17 88 0.310464
17 89 0.946647
17 90 0.096388
17 91 0.981890
17 92 0.172989
17 93 0.310464
17 94 0.690668
17 95 0.822878
17 96 0.992319
17 97 0.353553
17 98 0.268234
17 99 0.995441
18 0 0.986386
18 1 0.803068
18 2 0.921048
18 3 0.959712
18 4 0.610510
18 5 0.172989
18 6 0.998716
18 7 0.210224
18 8 0.610510
18 9 0.803068
18 10 0.986386
18 11 0.644918
18 12 0.557193
18 13 0.883941
18 14 0.415919
18 15 0.458502
18 16 0.981890
18 17 0.029925
18 18 0.000000
18 19 0.690668
18 20 0.946647
18 21 0.746454
18 22 0.987890
18 23 0.781351
18 24 0.746454
18 25 0.096388
18 26 0.907126
18 27 0.878126
18 28 0.981890
18 29 0.803068
18 30 0.353553
18 31 0.946647
18 32 0.659444
18 33 0.803068
18 34 0.096388
18 35 0.096388
18 36 0.863976
18 37 0.372722
18 38 0.458502
18 39 0.415919
18 40 0.981890
18 41 0.310464
18 42 0.959712
18 43 0.210224
18 44 0.995441
18 45 0.557193
18 46 0.952432
18 47 0.719662
18 48 0.310464
18 49 0.771105
18 50 0.310464
18 51 0.372722
18 52 0.353553
18 53 0.557193
18 54 0.992319
18 55 0.096388
18 56 0.996959
18 57 0.990903
18 58 0.870414
18 59 0.210224
18 60 0.946647
18 61 0.907126
18 62 0.954792
18 63 0.848329
18 64 0.372722
18 65 0.863976
18 66 0.434867
18 67 0.975926
18 68 0.981890
18 69 0.557193
18 70 0.863976
18 71 0.999746
18 72 0.996579
18 73 0.677128
18 74 0.987890
18 75 0.310464
18 76 0.594604
18 77 0.353553
18 78 0.954792
18 79 0.268234
18 80 0.690668
18 81 0.969629
18 82 0.848329
18 83 0.517913
18 84 0.594604
18 85 0.172989
18 86 0.310464
18 87 0.990903
18 88 0.172989
18 89 0.458502
18 90 0.172989
18 91 0.896141
18 92 0.644918
18 93 0.990903
18 94 0.677128
18 95 0.353553
18 96 0.677128
18 97 0.557193
18 98 0.907126
18 99 0.677128
19 0 0.172989
19 1 0.929503
19 2 0.310464
19 3 0.071949
19 4 0.940181
19 5 0.677128
19 6 0.415919
19 7 0.883941
19 8 0.610510
19 9 0.372722
19 10 0.907126
19 11 0.929503
19 12 0.993926
19 13 0.975926
19 14 0.644918
19 15 0.996579
19 16 0.975926
19 17 0.997971
19 18 0.690668
19 19 0.000000
19 20 0.096388
19 21 0.997718
19 22 0.557193
19 23 0.071949
19 24 0.096388
19 25 0.210224
19 26 0.172989
19 27 0.822878
19 28 0.972958
19 29 0.210224
19 30 0.771105
19 31 0.210224
19 32 0.848329
19 33 0.594604
19 34 0.268234
19 35 0.940181
19 36 0.210224
19 37 0.210224
19 38 0.940181
19 39 0.929503
19 40 0.138922
19 41 0.781351
19 42 0.977134
19 43 0.998478
19 44 0.911627
19 45 0.415919
19 46 0.863976
19 47 0.310464
19 48 0.863976
19 49 0.959712
19 50 0.415919
19 51 0.987890
19 52 0.803068
19 53 0.929503
19 54 0.557193
19 55 0.987890
19 56 0.644918
19 57 0.458502
19 58 0.719662
19 59 0.981890
19 60 0.644918
19 61 0.719662
19 62 0.644918
19 63 0.987890
19 64 0.353553
19 65 0.907126
19 66 0.771105
19 67 0.415919
19 68 0.746454
19 69 0.921048
19 70 0.557193
19 71 0.644918
19 72 0.883941
19 73 0.993926
19 74 0.096388
19 75 0.999714
19 76 0.210224
19 77 0.310464
19 78 0.310464
19 79 0.987890
19 80 0.096388
19 81 0.172989
19 82 0.937084
19 83 0.979649
19 84 0.096388
19 85 0.415919
19 86 0.210224
19 87 0.974313
19 88 0.921048
19 89 0.372722
19 90 0.719662
19 91 0.803068
19 92 0.994873
19 93 0.477022
19 94 0.210224
19 95 0.415919
19 96 0.096388
19 97 0.172989
19 98 0.937084
19 99 0.746454
20 0 0.557193
20 1 0.138922
20 2 0.999144
20 3 0.268234
20 4 0.415919
20 5 0.310464
20 6 0.415919
20 7 0.719662
20 8 0.610510
20 9 0.644918
20 10 0.921048
20 11 0.644918
20 12 0.781351
20 13 0.415919
20 14 0.415919
20 15 0.964107
20 16 0.172989
20 17 0.929503
20 18 0.946647
20 19 0.096388
20 20 0.000000
20 21 0.458502
20 22 0.096388
20 23 0.771105
20 24 0.517913
20 25 0.921048
20 26 0.677128
20 27 0.310464
20 28 0.957603
20 29 0.998985
20 30 0.029925
20 31 0.994873
20 32 0.096388
20 33 0.644918
20 34 0.210224
20 35 0.803068
20 36 0.921048
20 37 0.268234
20 38 0.719662
20 39 0.372722
20 40 0.997113
20 41 0.781351
20 42 0.353553
20 43 0.771105
20 44 0.329464
20 45 0.458502
20 46 0.981890
20 47 0.071949
20 48 0.901145
20 49 0.210224
20 50 0.746454
20 51 0.848329
20 52 0.822878
20 53 0.210224
20 54 0.644918
20 55 0.071949
20 56 0.981890
20 57 0.921048
20 58 0.372722
20 59 0.644918
20 60 0.210224
20 61 0.210224
20 62 0.822878
20 63 0.096388
20 64 0.907126
20 65 0.096388
20 66 0.863976
20 67 0.029925
20 68 0.989772
20 69 0.268234
20 70 0.907126
20 71 0.172989
20 72 0.959712
20 73 0.964107
20 74 0.372722
20 75 0.172989
20 76 0.952432
20 77 0.946647
20 78 0.557193
20 79 0.517913
20 80 0.029925
20 81 0.372722
20 82 0.096388
20 83 0.458502
20 84 0.921048
20 85 0.517913
20 86 0.557193
20 87 0.310464
20 88 0.310464
20 89 0.644918
20 90 0.434867
20 91 0.210224
20 92 0.969629
20 93 0.746454
20 94 0.268234
20 95 0.415919
20 96 0.719662
20 97 0.372722
20 98 0.029925
20 99 0.477022
21 0 0.719662
21 1 0.986386
21 2 0.940181
21 3 0.172989
21 4 0.964107
21 5 0.781351
21 6 0.972958
21 7 0.210224
21 8 0.719662
21 9 0.986386
21 10 0.557193
21 11 0.677128
21 12 0.964107
21 13 0.863976
21 14 0.071949
21 15 0.964107
21 16 0.138922
21 17 0.594604
21 18 0.746454
21 19 0.997718
21 20 0.458502
21 21 0.000000
21 22 0.458502
21 23 0.997433
21 24 0.996152
21 25 0.979649
21 26 0.610510
21 27 0.310464
21 28 0.878126
21 29 0.959712
21 30 0.907126
21 31 0.096388
21 32 0.946647
21 33 0.907126
21 34 0.172989
21 35 0.959712
21 36 0.096388
21 37 0.878126
21 38 0.848329
21 39 0.210224
21 40 0.999277
21 41 0.998288
21 42 0.172989
21 43 0.981890
21 44 0.477022
21 45 0.594604
21 46 0.959712
21 47 0.594604
21 48 0.978572
21 49 0.517913
21 50 0.921048
21 51 0.210224
21 52 0.883941
21 53 0.981890
21 54 0.415919
21 55 0.940181
21 56 0.029925
21 57 0.993926
21 58 0.987890
21 59 0.557193
21 60 0.822878
21 61 0.991910
21 62 0.831064
21 63 0.986386
21 64 0.677128
21 65 0.984698
21 66 0.812062
21 67 0.822878
21 68 0.353553
21 69 0.172989
21 70 0.415919
21 71 0.644918
21 72 0.329464
21 73 0.557193
21 74 0.210224
21 75 0.096388
21 76 0.210224
21 77 0.172989
21 78 0.998647
21 79 0.029925
21 80 0.831064
21 81 0.458502
21 82 0.746454
21 83 0.557193
21 84 0.986386
21 85 0.946647
21 86 0.921048
21 87 0.952432
21 88 0.959712
21 89 0.964107
21 90 0.803068
21 91 0.268234
21 92 0.870414
21 93 0.803068
21 94 0.096388
21 95 0.372722
21 96 0.822878
21 97 0.458502
21 98 0.594604
21 99 0.982801
22 0 0.911627
22 1 0.959712
22 2 0.929503
22 3 0.929503
22 4 0.458502
22 5 0.848329
22 6 0.921048
22 7 0.557193
22 8 0.987890
22 9 0.981890
22 10 0.029925
22 11 0.746454
22 12 0.981890
22 13 0.458502
22 14 0.994873
22 15 0.929503
22 16 0.353553
22 17 0.896141
22 18 0.987890
22 19 0.557193
22 20 0.096388
22 21 0.458502
22 22 0.000000
22 23 0.863976
22 24 0.096388
22 25 0.959712
22 26 0.803068
22 27 0.746454
22 28 0.610510
22 29 0.353553
22 30 0.138922
22 31 0.975926
22 32 0.372722
22 33 0.998074
22 34 0.993926
22 35 0.029925
22 36 0.210224
22 37 0.929503
22 38 0.996959
22 39 0.458502
22 40 0.071949
22 41 0.997718
22 42 0.995441
22 43 0.719662
22 44 0.415919
22 45 0.415919
22 46 0.831065
22 47 0.995441
22 48 0.937084
22 49 0.415919
22 50 0.863976
22 51 0.746454
22 52 0.677128
22 53 0.415919
22 54 0.719662
22 55 0.896141
22 56 0.310464
22 57 0.610510
22 58 0.990903
22 59 0.929503
22 60 0.848329
22 61 0.757621
22 62 0.863976
22 63 0.071949
22 64 0.990903
22 65 0.096388
22 66 0.994873
22 67 0.594604
22 68 0.975926
22 69 0.746454
22 70 0.822878
22 71 0.771105
22 72 0.610510
22 73 0.690668
22 74 0.848329
22 75 0.644918
22 76 0.458502
22 77 0.707107
22 78 0.987890
22 79 0.896141
22 80 0.848329
22 81 0.911627
22 82 0.210224
22 83 0.911627
22 84 0.096388
22 85 0.746454
22 86 0.557193
22 87 0.096388
22 88 0.831065
22 89 0.310464
22 90 0.954792
22 91 0.878126
22 92 0.210224
22 93 0.268234
22 94 0.998716
22 95 0.310464
22 96 0.959712
22 97 0.972958
22 98 0.677128
22 99 0.746454
23 0 0.781351
23 1 0.310464
23 2 0.677128
23 3 0.172989
23 4 0.071949
23 5 0.353553
23 6 0.172989
23 7 0.415919
23 8 0.677128
23 9 0.975926
23 10 0.981890
23 11 0.372722
23 12 0.096388
23 13 0.878126
23 14 0.096388
23 15 0.746454
23 16 0.911627
23 17 0.907126
23 18 0.781351
23 19 0.071949
23 20 0.771105
23 21 0.997433
23 22 0.863976
23 23 0.000000
23 24 0.096388
23 25 0.310464
23 26 0.372722
23 27 0.310464
23 28 0.644918
23 29 0.959712
23 30 0.907126
23 31 0.096388
23 32 0.415919
23 33 0.996959
23 34 0.863976
23 35 0.803068
23 36 0.822878
23 37 0.746454
23 38 0.172989
23 39 0.557193
23 40 0.979649
23 41 0.029925
23 42 0.719662
23 43 0.932960
23 44 0.096388
23 45 0.458502
23 46 0.096388
23 47 0.210224
23 48 0.677128
23 49 0.310464
23 50 0.096388
23 51 0.822878
23 52 0.964107
23 53 0.932960
23 54 0.932960
23 55 0.310464
23 56 0.071949
23 57 0.310464
23 58 0.771105
23 59 0.172989
23 60 0.415919
23 61 0.995947
23 62 0.029925
23 63 0.981890
23 64 0.878126
23 65 0.719662
23 66 0.964107
23 67 0.940181
23 68 0.310464
23 69 0.980672
23 70 0.210224
23 71 0.415919
23 72 0.372722
23 73 0.594604
23 74 0.594604
23 75 0.310464
23 76 0.557193
23 77 0.848329
23 78 0.019299
23 79 0.310464
23 80 0.096388
23 81 0.986386
23 82 0.071949
23 83 0.848329
23 84 0.096388
23 85 0.517913
23 86 0.458502
23 87 0.959712
23 88 0.822878
23 89 0.982801
23 90 0.310464
23 91 0.096388
23 92 0.210224
23 93 0.096388
23 94 0.981890
23 95 0.172989
23 96 0.415919
23 97 0.949286
23 98 0.746454
23 99 0.557193
24 0 0.993926
24 1 0.997971
24 2 0.677128
24 3 0.517913
24 4 0.415919
24 5 0.415919
24 6 0.771105
24 7 0.831065
24 8 0.210224
24 9 0.557193
24 10 0.896140
24 11 0.746454
24 12 0.071949
24 13 0.990903
24 14 0.096388
24 15 0.210224
24 16 0.677128
24 17 0.863976
24 18 0.746454
24 19 0.096388
24 20 0.517913
24 21 0.996152
24 22 0.096388
24 23 0.096388
24 24 0.000000
24 25 0.746454
24 26 0.644918
24 27 0.996959
24 28 0.803068
24 29 0.896140
24 30 0.965899
24 31 0.268234
24 32 0.458502
24 33 0.952432
24 34 0.848329
24 35 0.051779
24 36 0.353553
24 37 0.822878
24 38 0.458502
24 39 0.990903
24 40 0.969629
24 41 0.353553
24 42 0.172989
24 43 0.822878
24 44 0.848329
24 45 0.999893
24 46 0.353553
24 47 0.096388
24 48 0.896141
24 49 0.999358
24 50 0.988501
24 51 0.883941
24 52 0.557193
24 53 0.310464
24 54 0.644918
24 55 0.210224
24 56 0.096388
24 57 0.458502
24 58 0.310464
24 59 0.172989
24 60 0.096388
24 61 0.310464
24 62 0.096388
24 63 0.883941
24 64 0.746454
24 65 0.434867
24 66 0.458502
24 67 0.907126
24 68 0.557193
24 69 0.096388
24 70 0.803068
24 71 0.415919
24 72 0.458502
24 73 0.051779
24 74 0.458502
24 75 0.458502
24 76 0.310464
24 77 0.746454
24 78 0.946647
24 79 0.979649
24 80 0.969629
24 81 0.986386
24 82 0.227550
24 83 0.883941
24 84 0.907126
24 85 0.517913
24 86 0.946647
24 87 0.803068
24 88 0.310464
24 89 0.878126
24 90 0.458502
24 91 0.610510
24 92 0.138922
24 93 0.746454
24 94 0.997433
24 95 0.644918
24 96 0.310464
24 97 0.848329
24 98 0.677128
24 99 0.964107
25 0 0.210224
25 1 0.677128
25 2 0.979649
25 3 0.029925
25 4 0.138922
25 5 0.310464
25 6 0.644918
25 7 0.803068
25 8 0.644918
25 9 0.878126
25 10 0.096388
25 11 0.907126
25 12 0.921048
25 13 0.946647
25 14 0.353553
25 15 0.959712
25 16 0.921048
25 17 0.610510
25 18 0.096388
25 19 0.210224
25 20 0.921048
25 21 0.979649
25 22 0.959712
25 23 0.310464
25 24 0.746454
25 25 0.000000
25 26 0.458502
25 27 0.972958
25 28 0.907126
25 29 0.896141
25 30 0.415919
25 31 0.310464
25 32 0.500000
25 33 0.458502
25 34 0.870414
25 35 0.353553
25 36 0.029925
25 37 0.517913
25 38 0.557193
25 39 0.907126
25 40 0.051779
25 41 0.677128
25 42 0.940181
25 43 0.984698
25 44 0.415919
25 45 0.855445
25 46 0.268234
25 47 0.746454
25 48 0.746454
25 49 0.096388
25 50 0.268234
25 51 0.907126
25 52 0.921048
25 53 0.822878
25 54 0.969629
25 55 0.310464
25 56 0.848329
25 57 0.896141
25 58 0.781351
25 59 0.848329
25 60 0.781351
25 61 0.975926
25 62 0.746454
25 63 0.822878
25 64 0.557193
25 65 0.644918
25 66 0.172989
25 67 0.189109
25 68 0.863976
25 69 0.940181
25 70 0.907126
25 71 0.781351
25 72 0.210224
25 73 0.268234
25 74 0.172989
25 75 0.051779
25 76 0.071949
25 77 0.310464
25 78 0.991910
25 79 0.870414
25 80 0.415919
25 81 0.210224
25 82 0.172989
25 83 0.644918
25 84 0.415919
25 85 0.719662
25 86 0.210224
25 87 0.644918
25 88 0.310464
25 89 0.557193
25 90 0.372722
25 91 0.746454
25 92 0.998288
25 93 0.940181
25 94 0.757621
25 95 0.557193
25 96 0.415919
25 97 0.863976
25 98 0.268234
25 99 0.975926
26 0 0.415919
26 1 0.959712
26 2 0.690668
26 3 0.138922
26 4 0.019299
26 5 0.746454
26 6 0.415919
26 7 0.096388
26 8 0.051779
26 9 0.746454
26 10 0.227550
26 11 0.029925
26 12 0.415919
26 13 0.781351
26 14 0.781351
26 15 0.172989
26 16 0.458502
26 17 0.415919
26 18 0.907126
26 19 0.172989
26 20 0.677128
26 21 0.610510
26 22 0.803068
26 23 0.372722
26 24 0.644918
26 25 0.458502
26 26 0.000000
26 27 0.594604
26 28 0.746454
26 29 0.990903
26 30 0.610510
26 31 0.138922
26 32 0.477022
26 33 0.803068
26 34 0.831064
26 35 0.977135
26 36 0.863976
26 37 0.803068
26 38 0.932960
26 39 0.029925
26 40 0.863976
26 41 0.896141
26 42 0.896141
26 43 0.975926
26 44 0.972958
26 45 0.644918
26 46 0.172989
26 47 0.803068
26 48 0.517913
26 49 0.594604
26 50 0.096388
26 51 0.822878
26 52 0.210224
26 53 0.848329
26 54 0.921048
26 55 0.210224
26 56 0.949286
26 57 0.771105
26 58 0.644918
26 59 0.929503
26 60 0.029925
26 61 0.921048
26 62 0.921048
26 63 0.822878
26 64 0.719662
26 65 0.979649
26 66 0.746454
26 67 0.071949
26 68 0.999714
26 69 0.946647
26 70 0.310464
26 71 0.096388
26 72 0.746454
26 73 0.863976
26 74 0.719662
26 75 0.848329
26 76 0.372722
26 77 0.644918
26 78 0.746454
26 79 0.096388
26 80 0.310464
26 81 0.029925
26 82 0.029925
26 83 0.096388
26 84 0.848329
26 85 0.803068
26 86 0.987890
26 87 0.968031
26 88 0.517913
26 89 0.863976
26 90 0.901145
26 91 0.071949
26 92 0.937084
26 93 0.096388
26 94 0.993170
26 95 0.781351
26 96 0.995441
26 97 0.096388
26 98 0.372722
26 99 0.677128
27 0 0.415919
27 1 0.172989
27 2 0.803068
27 3 0.929503
27 4 0.999492
27 5 0.822878
27 6 0.372722
27 7 0.610510
27 8 0.987890
27 9 0.310464
27 10 0.719662
27 11 0.946647
27 12 0.677128
27 13 0.458502
27 14 0.863976
27 15 0.458502
27 16 0.096388
27 17 0.896141
27 18 0.878126
27 19 0.822878
27 20 0.310464
27 21 0.310464
27 22 0.746454
27 23 0.310464
27 24 0.996959
27 25 0.972958
27 26 0.594604
27 27 0.000000
27 28 0.210224
27 29 0.353553
27 30 0.979649
27 31 0.353553
27 32 0.972958
27 33 0.610510
27 34 0.746454
27 35 0.990903
27 36 0.883941
27 37 0.803068
27 38 0.610510
27 39 0.803068
27 40 0.415919
27 41 0.870415
27 42 0.803068
27 43 0.771105
27 44 0.172989
27 45 0.746454
27 46 0.771105
27 47 0.029925
27 48 0.993170
27 49 0.803068
27 50 0.863976
27 51 0.210224
