0 0 0.000000
0 1 0.602289
0 2 0.999998
0 3 0.082237
0 4 0.999994
0 5 0.999997
0 6 0.999991
0 7 0.999998
0 8 0.999998
0 9 0.006763
0 10 0.999989
0 11 0.999998
0 12 0.998730
0 13 0.581916
0 14 0.999999
0 15 0.999999
0 16 0.999998
0 17 0.999958
0 18 0.999992
0 19 0.121504
0 20 0.999992
0 21 0.999998
0 22 0.999989
0 23 0.999998
0 24 0.999998
0 25 0.999998
0 26 0.998795
0 27 0.035762
0 28 0.999988
0 29 0.999990
0 30 0.999970
0 31 0.205798
0 32 0.999995
0 33 0.999994
0 34 0.999997
0 35 0.999997
0 36 0.999997
0 37 0.003622
0 38 0.999996
0 39 0.999986
0 40 0.999995
0 41 0.999988
0 42 0.999758
0 43 0.860512
0 44 0.381922
0 45 0.999428
0 46 0.999996
0 47 0.999992
0 48 0.999997
0 49 0.999994
0 50 0.999997
0 51 0.069412
0 52 0.999991
0 53 0.999998
0 54 0.006763
0 55 0.999942
0 56 0.999729
0 57 0.005177
0 58 0.996708
0 59 0.577633
0 60 0.999998
0 61 0.999998
0 62 0.999976
0 63 0.000372
0 64 0.999978
0 65 0.999996
0 66 0.999927
0 67 0.879427
0 68 0.999998
0 69 0.000372
0 70 0.999998
0 71 0.999989
0 72 0.999998
0 73 0.999999
0 74 0.999999
0 75 0.999998
0 76 0.051779
0 77 0.005177
0 78 0.999994
0 79 0.999999
0 80 0.999998
0 81 0.788679
0 82 0.999996
0 83 0.999843
0 84 0.999989
0 85 0.002681
0 86 0.999955
0 87 0.999687
0 88 0.999998
0 89 0.999729
0 90 0.999998
0 91 0.999998
0 92 0.999996
0 93 0.999997
0 94 0.743482
0 95 0.999999
0 96 0.999998
0 97 0.999996
0 98 0.999990
0 99 0.999624
1 0 0.602289
1 1 0.000000
1 2 0.999990
1 3 0.999997
1 4 0.999998
1 5 0.931183
1 6 0.999739
1 7 0.001646
1 8 0.999994
1 9 0.994076
1 10 0.999996
1 11 0.999990
1 12 0.999682
1 13 0.999997
1 14 0.135231
1 15 0.999998
1 16 0.999952
1 17 0.218482
1 18 0.999996
1 19 0.999998
1 20 0.952961
1 21 0.999997
1 22 0.362752
1 23 0.999999
1 24 0.999891
1 25 0.999980
1 26 0.999765
1 27 0.019299
1 28 0.999991
1 29 0.006763
1 30 0.999998
1 31 0.999991
1 32 0.993914
1 33 0.034174
1 34 0.999948
1 35 0.999928
1 36 0.999998
1 37 0.999997
1 38 0.999998
1 39 0.999999
1 40 0.999998
1 41 0.999992
1 42 0.995066
1 43 0.011782
1 44 0.999643
1 45 0.231421
1 46 0.999866
1 47 0.999999
1 48 0.999998
1 49 0.999998
1 50 0.999988
1 51 0.000218
1 52 0.999977
1 53 0.002681
1 54 0.999999
1 55 0.999982
1 56 0.999929
1 57 0.011090
1 58 0.999996
1 59 0.999997
1 60 0.004818
1 61 0.999955
1 62 0.999998
1 63 0.042353
1 64 0.995613
1 65 0.999996
1 66 0.999997
1 67 0.999998
1 68 0.999997
1 69 0.999997
1 70 0.999946
1 71 0.999998
1 72 0.006763
1 73 0.999933
1 74 0.838911
1 75 0.005177
1 76 0.005177
1 77 0.999997
1 78 0.999999
1 79 0.001794
1 80 0.998122
1 81 0.002681
1 82 0.999999
1 83 0.999996
1 84 0.996789
1 85 0.999998
1 86 0.019299
1 87 0.999991
1 88 0.999933
1 89 0.999999
1 90 0.999997
1 91 0.138922
1 92 0.899866
1 93 0.999997
1 94 0.005177
1 95 0.999970
1 96 0.997591
1 97 0.999979
1 98 0.999978
1 99 0.999996
2 0 0.999998
2 1 0.999990
2 2 0.000000
2 3 0.999997
2 4 0.999995
2 5 0.999988
2 6 0.006763
2 7 0.999732
2 8 0.999999
2 9 0.108547
2 10 0.999988
2 11 0.999997
2 12 0.999997
2 13 0.999978
2 14 0.999997
2 15 0.999998
2 16 0.999994
2 17 0.999997
2 18 0.999994
2 19 0.003622
2 20 0.999998
2 21 0.999995
2 22 0.999899
2 23 0.999994
2 24 0.999998
2 25 0.999997
2 26 0.999993
2 27 0.897261
2 28 0.999996
2 29 0.995780
2 30 0.001279
2 31 0.999995
2 32 0.005177
2 33 0.999998
2 34 0.006317
2 35 0.999999
2 36 0.999881
2 37 0.168897
2 38 0.999765
2 39 0.002681
2 40 0.999972
2 41 0.999995
2 42 0.768376
2 43 0.798244
2 44 0.999997
2 45 0.011782
2 46 0.999997
2 47 0.999997
2 48 0.999998
2 49 0.999997
2 50 0.999996
2 51 0.023583
2 52 0.002681
2 53 0.999997
2 54 0.999997
2 55 0.999995
2 56 0.999998
2 57 0.999999
2 58 0.923918
2 59 0.999830
2 60 0.999998
2 61 0.999991
2 62 0.988934
2 63 0.999987
2 64 0.999996
2 65 0.999996
2 66 0.999998
2 67 0.035762
2 68 0.011090
2 69 0.999999
2 70 0.999998
2 71 0.999921
2 72 0.999998
2 73 0.999994
2 74 0.999998
2 75 0.999997
2 76 0.082237
2 77 0.999875
2 78 0.999991
2 79 0.999999
2 80 0.168897
2 81 0.999997
2 82 0.999945
2 83 0.999994
2 84 0.999997
2 85 0.999998
2 86 0.000372
2 87 0.999999
2 88 0.014763
2 89 0.999998
2 90 0.999998
2 91 0.999998
2 92 0.999881
2 93 0.002681
2 94 0.001279
2 95 0.999988
2 96 0.999998
2 97 0.999996
2 98 0.999956
2 99 0.999997
3 0 0.082237
3 1 0.999997
3 2 0.999997
3 3 0.000000
3 4 0.999995
3 5 0.999987
3 6 0.999994
3 7 0.999978
3 8 0.999979
3 9 0.999998
3 10 0.944496
3 11 0.999998
3 12 0.002681
3 13 0.778725
3 14 0.022408
3 15 0.011782
3 16 0.999997
3 17 0.991127
3 18 0.999995
3 19 0.014763
3 20 0.999999
3 21 0.019299
3 22 0.999946
3 23 0.999998
3 24 0.999997
3 25 0.005177
3 26 0.996993
3 27 0.999997
3 28 0.999956
3 29 0.999997
3 30 0.014763
3 31 0.005177
3 32 0.999998
3 33 0.999996
3 34 0.999997
3 35 0.999998
3 36 0.999997
3 37 0.999998
3 38 0.999998
3 39 0.999997
3 40 0.999997
3 41 0.989751
3 42 0.999995
3 43 0.999981
3 44 0.999961
3 45 0.999994
3 46 0.999996
3 47 0.999959
3 48 0.999996
3 49 0.999987
3 50 0.999999
3 51 0.999997
3 52 0.999998
3 53 0.999999
3 54 0.002681
3 55 0.999994
3 56 0.999997
3 57 0.999998
3 58 0.000372
3 59 0.019299
3 60 0.999986
3 61 0.999998
3 62 0.999983
3 63 0.999995
3 64 0.002681
3 65 0.082237
3 66 0.999331
3 67 0.999998
3 68 0.999554
3 69 0.999997
3 70 0.999996
3 71 0.999997
3 72 0.999527
3 73 0.998096
3 74 0.999995
3 75 0.999975
3 76 0.999997
3 77 0.986720
3 78 0.999451
3 79 0.999999
3 80 0.999998
3 81 0.999996
3 82 0.999817
3 83 0.999997
3 84 0.999986
3 85 0.003622
3 86 0.999998
3 87 0.999998
3 88 0.176483
3 89 0.999999
3 90 0.999746
3 91 0.005177
3 92 0.999536
3 93 0.999060
3 94 0.005177
3 95 0.999491
3 96 0.999073
3 97 0.999998
3 98 0.995316
3 99 0.999365
4 0 0.999994
4 1 0.999998
4 2 0.999995
4 3 0.999995
4 4 0.000000
4 5 0.999998
4 6 0.999749
4 7 0.999996
4 8 0.999993
4 9 0.999998
4 10 0.062139
4 11 0.999984
4 12 0.999998
4 13 0.999994
4 14 0.314635
4 15 0.999830
4 16 0.824708
4 17 0.999999
4 18 0.998475
4 19 0.999972
4 20 0.999997
4 21 0.999999
4 22 0.977694
4 23 0.002681
4 24 0.999906
4 25 0.001794
4 26 0.999992
4 27 0.999998
4 28 0.999788
4 29 0.029925
4 30 0.999998
4 31 0.006763
4 32 0.999987
4 33 0.999999
4 34 0.999998
4 35 0.999998
4 36 0.999142
4 37 0.998516
4 38 0.999992
4 39 0.999965
4 40 0.998982
4 41 0.001794
4 42 0.999998
4 43 0.005177
4 44 0.997967
4 45 0.019299
4 46 0.999998
4 47 0.997713
4 48 0.999996
4 49 0.960162
4 50 0.999991
4 51 0.999999
4 52 0.005177
4 53 0.999997
4 54 0.999976
4 55 0.415919
4 56 0.927638
4 57 0.999993
4 58 0.042353
4 59 0.999771
4 60 0.999978
4 61 0.019299
4 62 0.998795
4 63 0.999963
4 64 0.999997
4 65 0.014763
4 66 0.999977
4 67 0.017316
4 68 0.005177
4 69 0.999997
4 70 0.999777
4 71 0.477022
4 72 0.999995
4 73 0.999397
4 74 0.999993
4 75 0.999982
4 76 0.105307
4 77 0.999985
4 78 0.006763
4 79 0.999799
4 80 0.999990
4 81 0.999978
4 82 0.999994
4 83 0.999998
4 84 0.999996
4 85 0.028526
4 86 0.999911
4 87 0.999998
4 88 0.999994
4 89 0.999960
4 90 0.999998
4 91 0.999985
4 92 0.999996
4 93 0.999998
4 94 0.999990
4 95 0.999993
4 96 0.999999
4 97 0.999911
4 98 0.999995
4 99 0.999995
5 0 0.999997
5 1 0.931183
5 2 0.999988
5 3 0.999987
5 4 0.999998
5 5 0.000000
5 6 0.999997
5 7 0.999999
5 8 0.999995
5 9 0.999996
5 10 0.997655
5 11 0.999990
5 12 0.999988
5 13 0.023583
5 14 0.999998
5 15 0.999999
5 16 0.999998
5 17 0.415158
5 18 0.999998
5 19 0.999999
5 20 0.999812
5 21 0.980411
5 22 0.999998
5 23 0.999995
5 24 0.999995
5 25 0.999998
5 26 0.014763
5 27 0.999955
5 28 0.999998
5 29 0.029925
5 30 0.999998
5 31 0.999955
5 32 0.999936
5 33 0.999997
5 34 0.999916
5 35 0.011782
5 36 0.995554
5 37 0.586172
5 38 0.000372
5 39 0.999998
5 40 0.983447
5 41 0.999491
5 42 0.999992
5 43 0.999554
5 44 0.999999
5 45 0.006763
5 46 0.999998
5 47 0.999996
5 48 0.982333
5 49 0.434867
5 50 0.999958
5 51 0.999988
5 52 0.005177
5 53 0.999994
5 54 0.999996
5 55 0.999894
5 56 0.019299
5 57 0.042353
5 58 0.999993
5 59 0.999999
5 60 0.999982
5 61 0.999995
5 62 0.993994
5 63 0.999997
5 64 0.999934
5 65 0.999990
5 66 0.999996
5 67 0.999996
5 68 0.999997
5 69 0.999998
5 70 0.999998
5 71 0.002681
5 72 0.999998
5 73 0.999993
5 74 0.999998
5 75 0.999988
5 76 0.999986
5 77 0.999638
5 78 0.999996
5 79 0.999998
5 80 0.999988
5 81 0.999982
5 82 0.999998
5 83 0.999997
5 84 0.999930
5 85 0.999998
5 86 0.999999
5 87 0.999997
5 88 0.286770
5 89 0.999998
5 90 0.999955
5 91 0.999997
5 92 0.997327
5 93 0.999996
5 94 0.999619
5 95 0.999998
5 96 0.999955
5 97 0.999996
5 98 0.999998
5 99 0.999999
6 0 0.999991
6 1 0.999739
6 2 0.006763
6 3 0.999994
6 4 0.999749
6 5 0.999997
6 6 0.000000
6 7 0.793318
6 8 0.999998
6 9 0.005177
6 10 0.999997
6 11 0.999998
6 12 0.999998
6 13 0.999977
6 14 0.324511
6 15 0.999998
6 16 0.999995
6 17 0.999998
6 18 0.999997
6 19 0.999998
6 20 0.999997
6 21 0.999999
6 22 0.999999
6 23 0.999991
6 24 0.999995
6 25 0.999998
6 26 0.011782
6 27 0.586172
6 28 0.996917
6 29 0.999987
6 30 0.319566
6 31 0.999998
6 32 0.999788
6 33 0.999997
6 34 0.999980
6 35 0.999998
6 36 0.996196
6 37 0.999994
6 38 0.999975
6 39 0.999999
6 40 0.998983
6 41 0.999997
6 42 0.999994
6 43 0.999994
6 44 0.999986
6 45 0.008716
6 46 0.998887
6 47 0.999998
6 48 0.999997
6 49 0.019299
6 50 0.999995
6 51 0.999973
6 52 0.999962
6 53 0.999997
6 54 0.023583
6 55 0.999984
6 56 0.999997
6 57 0.019299
6 58 0.999998
6 59 0.002681
6 60 0.002681
6 61 0.999933
6 62 0.944496
6 63 0.999998
6 64 0.999994
6 65 0.999998
6 66 0.014763
6 67 0.697010
6 68 0.999998
6 69 0.999998
6 70 0.006763
6 71 0.999998
6 72 0.999997
6 73 0.362752
6 74 0.029925
6 75 0.999997
6 76 0.002681
6 77 0.999849
6 78 0.999999
6 79 0.999996
6 80 0.999994
6 81 0.999998
6 82 0.999999
6 83 0.999998
6 84 0.999997
6 85 0.999996
6 86 0.995836
6 87 0.999998
6 88 0.002681
6 89 0.999999
6 90 0.999998
6 91 0.999998
6 92 0.172989
6 93 0.999998
6 94 0.999992
6 95 0.999987
6 96 0.999962
6 97 0.626001
6 98 0.999995
6 99 0.999998
7 0 0.999998
7 1 0.001646
7 2 0.999732
7 3 0.999978
7 4 0.999996
7 5 0.999999
7 6 0.793318
7 7 0.000000
7 8 0.999998
7 9 0.999997
7 10 0.999991
7 11 0.999998
7 12 0.002279
7 13 0.999985
7 14 0.999926
7 15 0.999999
7 16 0.999896
7 17 0.060180
7 18 0.999765
7 19 0.999995
7 20 0.967167
7 21 0.005177
7 22 0.968389
7 23 0.999998
7 24 0.999887
7 25 0.999993
7 26 0.005177
7 27 0.999987
7 28 0.999998
7 29 0.011090
7 30 0.975602
7 31 0.995613
7 32 0.999998
7 33 0.999765
7 34 0.999998
7 35 0.999998
7 36 0.999998
7 37 0.999998
7 38 0.999996
7 39 0.944496
7 40 0.999994
7 41 0.019299
7 42 0.999997
7 43 0.990883
7 44 0.268234
7 45 0.002681
7 46 0.999997
7 47 0.999799
7 48 0.999998
7 49 0.005177
7 50 0.999993
7 51 0.999998
7 52 0.453650
7 53 0.999998
7 54 0.999997
7 55 0.999986
7 56 0.999998
7 57 0.999996
7 58 0.064508
7 59 0.999998
7 60 0.999997
7 61 0.999998
7 62 0.999987
7 63 0.023583
7 64 0.999995
7 65 0.999944
7 66 0.999999
7 67 0.999998
7 68 0.999998
7 69 0.999998
7 70 0.999130
7 71 0.049729
7 72 0.999997
7 73 0.999997
7 74 0.999981
7 75 0.862254
7 76 0.999998
7 77 0.999998
7 78 0.820692
7 79 0.998969
7 80 0.999718
7 81 0.999987
7 82 0.999997
7 83 0.000218
7 84 0.999998
7 85 0.999996
7 86 0.999665
7 87 0.999997
7 88 0.006763
7 89 0.999997
7 90 0.999998
7 91 0.999998
7 92 0.999643
7 93 0.999998
7 94 0.998695
7 95 0.999999
7 96 0.014763
7 97 0.999998
7 98 0.999999
7 99 0.999998
8 0 0.999998
8 1 0.999994
8 2 0.999999
8 3 0.999979
8 4 0.999993
8 5 0.999995
8 6 0.999998
8 7 0.999998
8 8 0.000000
8 9 0.006763
8 10 0.999997
8 11 0.999996
8 12 0.999661
8 13 0.998217
8 14 0.005177
8 15 0.999736
8 16 0.999996
8 17 0.999239
8 18 0.999884
8 19 0.999365
8 20 0.008170
8 21 0.999999
8 22 0.999997
8 23 0.999998
8 24 0.999998
8 25 0.999999
8 26 0.999978
8 27 0.999996
8 28 0.999995
8 29 0.153568
8 30 0.999996
8 31 0.999995
8 32 0.999999
8 33 0.998644
8 34 0.999998
8 35 0.999638
8 36 0.011090
8 37 0.999993
8 38 0.997222
8 39 0.999991
8 40 0.999998
8 41 0.999718
8 42 0.999996
8 43 0.999985
8 44 0.999999
8 45 0.999998
8 46 0.999977
8 47 0.999996
8 48 0.019299
8 49 0.999988
8 50 0.999997
8 51 0.999998
8 52 0.005177
8 53 0.999994
8 54 0.999397
8 55 0.999925
8 56 0.153568
8 57 0.002681
8 58 0.999998
8 59 0.000556
8 60 0.051779
8 61 0.999998
8 62 0.994076
8 63 0.999305
8 64 0.999996
8 65 0.999994
8 66 0.999982
8 67 0.999707
8 68 0.011782
8 69 0.000556
8 70 0.999997
8 71 0.999996
8 72 0.999996
8 73 0.999999
8 74 0.999998
8 75 0.082237
8 76 0.999554
8 77 0.999940
8 78 0.999911
8 79 0.999998
8 80 0.999995
8 81 0.029925
8 82 0.999998
8 83 0.005177
8 84 0.999939
8 85 0.999999
8 86 0.999999
8 87 0.999999
8 88 0.999993
8 89 0.999774
8 90 0.999970
8 91 0.011782
8 92 0.998475
8 93 0.999997
8 94 0.999998
8 95 0.999998
8 96 0.999998
8 97 0.999994
8 98 0.999785
8 99 0.999990
9 0 0.006763
9 1 0.994076
9 2 0.108547
9 3 0.999998
9 4 0.999998
9 5 0.999996
9 6 0.005177
9 7 0.999997
9 8 0.006763
9 9 0.000000
9 10 0.999998
9 11 0.999998
9 12 0.999735
9 13 0.999998
9 14 0.999997
9 15 0.999963
9 16 0.018287
9 17 0.998971
9 18 0.999758
9 19 0.999995
9 20 0.999762
9 21 0.999994
9 22 0.999997
9 23 0.999993
9 24 0.999995
9 25 0.999995
9 26 0.998552
9 27 0.001794
9 28 0.999989
9 29 0.999997
9 30 0.999567
9 31 0.999991
9 32 0.999998
9 33 0.999981
9 34 0.999999
9 35 0.019299
9 36 0.999984
9 37 0.999998
9 38 0.999915
9 39 0.999998
9 40 0.999998
9 41 0.108547
9 42 0.005177
9 43 0.999999
9 44 0.999998
9 45 0.997108
9 46 0.999967
9 47 0.999996
9 48 0.010429
9 49 0.999998
9 50 0.999976
9 51 0.999955
9 52 0.999998
9 53 0.999994
9 54 0.999804
9 55 0.999998
9 56 0.999994
9 57 0.999624
9 58 0.999998
9 59 0.999998
9 60 0.999995
9 61 0.029925
9 62 0.051779
9 63 0.867102
9 64 0.014763
9 65 0.999998
9 66 0.999997
9 67 0.999996
9 68 0.999997
9 69 0.999958
9 70 0.017316
9 71 0.999998
9 72 0.999995
9 73 0.153568
9 74 0.999989
9 75 0.999997
9 76 0.999953
9 77 0.999774
9 78 0.999983
9 79 0.999571
9 80 0.999624
9 81 0.999373
9 82 0.962145
9 83 0.999108
9 84 0.999999
9 85 0.999998
9 86 0.999999
9 87 0.999995
9 88 0.999999
9 89 0.999956
9 90 0.999998
9 91 0.999998
9 92 0.828969
9 93 0.999998
9 94 0.999996
9 95 0.999998
9 96 0.998217
9 97 0.903465
9 98 0.999998
9 99 0.999548
10 0 0.999989
10 1 0.999996
10 2 0.999988
10 3 0.944496
10 4 0.062139
10 5 0.997655
10 6 0.999997
10 7 0.999991
10 8 0.999997
10 9 0.999998
10 10 0.000000
10 11 0.011782
10 12 0.999996
10 13 0.999998
10 14 0.999197
10 15 0.999981
10 16 0.999997
10 17 0.014763
10 18 0.999995
10 19 0.131588
10 20 0.999997
10 21 0.999994
10 22 0.019299
10 23 0.999849
10 24 0.999982
10 25 0.999999
10 26 0.593957
10 27 0.999997
10 28 0.999982
10 29 0.999999
10 30 0.973617
10 31 0.999998
10 32 0.999999
10 33 0.999964
10 34 0.999961
10 35 0.019299
10 36 0.999997
10 37 0.999998
10 38 0.999988
10 39 0.999999
10 40 0.006763
10 41 0.903465
10 42 0.999997
10 43 0.999998
10 44 0.999902
10 45 0.006317
10 46 0.998330
10 47 0.999998
10 48 0.999998
10 49 0.999995
10 50 0.981645
10 51 0.999935
10 52 0.999998
10 53 0.017316
10 54 0.999980
10 55 0.999976
10 56 0.999999
10 57 0.999998
10 58 0.029925
10 59 0.999809
10 60 0.828969
10 61 0.999998
10 62 0.999999
10 63 0.999996
10 64 0.999997
10 65 0.999953
10 66 0.980146
10 67 0.999997
10 68 0.999998
10 69 0.999998
10 70 0.999986
10 71 0.828969
10 72 0.018287
10 73 0.999996
10 74 0.999997
10 75 0.999997
10 76 0.999979
10 77 0.999998
10 78 0.999980
10 79 0.999997
10 80 0.999998
10 81 0.006763
10 82 0.999998
10 83 0.999999
10 84 0.999998
10 85 0.999996
10 86 0.999276
10 87 0.000556
10 88 0.999997
10 89 0.999997
10 90 0.998591
10 91 0.999998
10 92 0.995436
10 93 0.999998
10 94 0.998778
10 95 0.999998
10 96 0.999618
10 97 0.999896
10 98 0.011782
10 99 0.999670
11 0 0.999998
11 1 0.999990
11 2 0.999997
11 3 0.999998
11 4 0.999984
11 5 0.999990
11 6 0.999998
11 7 0.999998
11 8 0.999996
11 9 0.999998
11 10 0.011782
11 11 0.000000
11 12 0.001279
11 13 0.999996
11 14 0.008716
11 15 0.999935
11 16 0.999995
11 17 0.999983
11 18 0.999984
11 19 0.999986
11 20 0.999988
11 21 0.999997
11 22 0.999997
11 23 0.999999
11 24 0.999952
11 25 0.999999
11 26 0.513285
11 27 0.999997
11 28 0.999998
11 29 0.999999
11 30 0.832815
11 31 0.954699
11 32 0.999998
11 33 0.999998
11 34 0.999861
11 35 0.005177
11 36 0.425032
11 37 0.005177
11 38 0.999999
11 39 0.999998
11 40 0.999986
11 41 0.999998
11 42 0.042353
11 43 0.999998
11 44 0.999998
11 45 0.998475
11 46 0.999998
11 47 0.999998
11 48 0.999991
11 49 0.999991
11 50 0.999998
11 51 0.425031
11 52 0.990655
11 53 0.999989
11 54 0.999998
11 55 0.999998
11 56 0.999995
11 57 0.999993
11 58 0.999998
11 59 0.999979
11 60 0.999998
11 61 0.999999
11 62 0.035762
11 63 0.999996
11 64 0.999998
11 65 0.999998
11 66 0.999994
11 67 0.999998
11 68 0.060180
11 69 0.999999
11 70 0.998241
11 71 0.999799
11 72 0.999998
11 73 0.993338
11 74 0.999853
11 75 0.999996
11 76 0.999997
11 77 0.999979
11 78 0.999998
11 79 0.300646
11 80 0.999955
11 81 0.999962
11 82 0.999995
11 83 0.999997
11 84 0.999973
11 85 0.357768
11 86 0.999998
11 87 0.598138
11 88 0.999997
11 89 0.999998
11 90 0.999986
11 91 0.999998
11 92 0.999997
11 93 0.999999
11 94 0.011782
11 95 0.999998
11 96 0.999997
11 97 0.943131
11 98 0.049729
11 99 0.006763
12 0 0.998730
12 1 0.999682
12 2 0.999997
12 3 0.002681
12 4 0.999998
12 5 0.999988
12 6 0.999998
12 7 0.002279
12 8 0.999661
12 9 0.999735
12 10 0.999996
12 11 0.001279
12 12 0.000000
12 13 0.999916
12 14 0.998217
12 15 0.999873
12 16 0.006763
12 17 0.999998
12 18 0.999947
12 19 0.999998
12 20 0.090388
12 21 0.999998
12 22 0.999998
12 23 0.998698
12 24 0.002681
12 25 0.999984
12 26 0.999987
12 27 0.999788
12 28 0.011782
12 29 0.999997
12 30 0.999997
12 31 0.999997
12 32 0.999999
12 33 0.985634
12 34 0.883713
12 35 0.999997
12 36 0.999998
12 37 0.035762
12 38 0.999997
12 39 0.999739
12 40 0.999976
12 41 0.999998
12 42 0.997462
12 43 0.999996
12 44 0.999920
12 45 0.999987
12 46 0.999953
12 47 0.999996
12 48 0.999982
12 49 0.999998
12 50 0.999998
12 51 0.999604
12 52 0.999998
12 53 0.999999
12 54 0.999998
12 55 0.999998
12 56 0.999975
12 57 0.655709
12 58 0.999999
12 59 0.999958
12 60 0.019299
12 61 0.999995
12 62 0.999998
12 63 0.999933
12 64 0.999997
12 65 0.002681
12 66 0.999998
12 67 0.999276
12 68 0.999997
12 69 0.138922
12 70 0.999994
12 71 0.999998
12 72 0.999736
12 73 0.999998
12 74 0.999787
12 75 0.023583
12 76 0.006763
12 77 0.999929
12 78 0.999894
12 79 0.995253
12 80 0.999998
12 81 0.999991
12 82 0.998393
12 83 0.999998
12 84 0.005177
12 85 0.999998
12 86 0.999998
12 87 0.999995
12 88 0.999998
12 89 0.994451
12 90 0.999998
12 91 0.999994
12 92 0.999995
12 93 0.999993
12 94 0.999997
12 95 0.999995
12 96 0.999998
12 97 0.999997
12 98 0.999999
12 99 0.713187
13 0 0.581916
13 1 0.999997
13 2 0.999978
13 3 0.778725
13 4 0.999994
13 5 0.023583
13 6 0.999977
13 7 0.999985
13 8 0.998217
13 9 0.999998
13 10 0.999998
13 11 0.999996
13 12 0.999916
13 13 0.000000
13 14 0.999998
13 15 0.999998
13 16 0.999993
13 17 0.999998
13 18 0.999999
13 19 0.999998
13 20 0.999991
13 21 0.999947
13 22 0.999996
13 23 0.999998
13 24 0.999919
13 25 0.999998
13 26 0.999992
13 27 0.999980
13 28 0.997428
13 29 0.999998
13 30 0.999978
13 31 0.999999
13 32 0.999991
13 33 0.999999
13 34 0.999998
13 35 0.999997
13 36 0.987387
13 37 0.999997
13 38 0.999998
13 39 0.936956
13 40 0.999988
13 41 0.548313
13 42 0.999687
13 43 0.987391
13 44 0.999981
13 45 0.999928
13 46 0.999996
13 47 0.999998
13 48 0.999998
13 49 0.999998
13 50 0.999997
13 51 0.999987
13 52 0.999980
13 53 0.999992
13 54 0.999994
13 55 0.999993
13 56 0.999997
13 57 0.005177
13 58 0.999961
13 59 0.999997
13 60 0.999237
13 61 0.999996
13 62 0.999624
13 63 0.999948
13 64 0.999997
13 65 0.006763
13 66 0.999988
13 67 0.999997
13 68 0.999925
13 69 0.999997
13 70 0.999994
13 71 0.981146
13 72 0.969221
13 73 0.999993
13 74 0.999998
13 75 0.999975
13 76 0.011782
13 77 0.999916
13 78 0.999998
13 79 0.999728
13 80 0.999998
13 81 0.999998
13 82 0.999979
13 83 0.999991
13 84 0.999849
13 85 0.999998
13 86 0.999986
13 87 0.999996
13 88 0.970761
13 89 0.011782
13 90 0.999997
13 91 0.999940
13 92 0.999998
13 93 0.999993
13 94 0.002681
13 95 0.999997
13 96 0.999999
13 97 0.160844
13 98 0.999699
13 99 0.999999
14 0 0.999999
14 1 0.135231
14 2 0.999997
14 3 0.022408
14 4 0.314635
14 5 0.999998
14 6 0.324511
14 7 0.999926
14 8 0.005177
14 9 0.999997
14 10 0.999197
14 11 0.008716
14 12 0.998217
14 13 0.999998
14 14 0.000000
14 15 0.999984
14 16 0.019299
14 17 0.952333
14 18 0.991894
14 19 0.999999
14 20 0.999998
14 21 0.227550
14 22 0.999999
14 23 0.999927
14 24 0.268234
14 25 0.999443
14 26 0.999925
14 27 0.999997
14 28 0.999995
14 29 0.998285
14 30 0.999998
14 31 0.992609
14 32 0.000013
14 33 0.999964
14 34 0.999999
14 35 0.740481
14 36 0.999915
14 37 0.999799
14 38 0.999998
14 39 0.999777
14 40 0.999998
14 41 0.999985
14 42 0.997623
14 43 0.999967
14 44 0.999998
14 45 0.999999
14 46 0.023583
14 47 0.999999
14 48 0.999998
14 49 0.999990
14 50 0.999995
14 51 0.999998
14 52 0.980411
14 53 0.999998
14 54 0.999924
14 55 0.999998
14 56 0.001794
14 57 0.999916
14 58 0.999994
14 59 0.999997
14 60 0.999996
14 61 0.999978
14 62 0.999989
14 63 0.999999
14 64 0.999998
14 65 0.999993
14 66 0.999938
14 67 0.999108
14 68 0.999888
14 69 0.999881
14 70 0.999988
14 71 0.999983
14 72 0.999999
14 73 0.999930
14 74 0.999963
14 75 0.999998
14 76 0.999996
14 77 0.999997
14 78 0.999997
14 79 0.999999
14 80 0.005177
14 81 0.999984
14 82 0.060180
14 83 0.051779
14 84 0.999989
14 85 0.971473
14 86 0.999899
14 87 0.090388
14 88 0.882454
14 89 0.047734
14 90 0.999998
14 91 0.014763
14 92 0.999998
14 93 0.999998
14 94 0.999998
14 95 0.999996
14 96 0.999998
14 97 0.999997
14 98 0.999995
14 99 0.957516
15 0 0.999999
15 1 0.999998
15 2 0.999998
15 3 0.011782
15 4 0.999830
15 5 0.999999
15 6 0.999998
15 7 0.999999
15 8 0.999736
15 9 0.999963
15 10 0.999981
15 11 0.999935
15 12 0.999873
15 13 0.999998
15 14 0.999984
15 15 0.000000
15 16 0.999999
15 17 0.999998
15 18 0.994376
15 19 0.999975
15 20 0.999989
15 21 0.999996
15 22 0.999998
15 23 0.999994
15 24 0.999824
15 25 0.999944
15 26 0.969221
15 27 0.999993
15 28 0.011782
15 29 0.999998
15 30 0.999998
15 31 0.999995
15 32 0.999986
15 33 0.999996
15 34 0.962646
15 35 0.999812
15 36 0.999997
15 37 0.999996
15 38 0.999998
15 39 0.999997
15 40 0.999998
15 41 0.999879
15 42 0.999998
15 43 0.999997
15 44 0.999999
15 45 0.005177
15 46 0.999998
15 47 0.999998
15 48 0.999997
15 49 0.997967
15 50 0.168897
15 51 0.999978
15 52 0.999997
15 53 0.927638
15 54 0.754757
15 55 0.999842
15 56 0.999821
15 57 0.999997
15 58 0.999992
15 59 0.999530
15 60 0.999996
15 61 0.999994
15 62 0.999972
15 63 0.999999
15 64 0.999996
15 65 0.999997
15 66 0.019299
15 67 0.999998
15 68 0.013938
15 69 0.005177
15 70 0.999998
15 71 0.999998
15 72 0.999833
15 73 0.999999
15 74 0.999997
15 75 0.003622
15 76 0.002681
15 77 0.984490
15 78 0.005177
15 79 0.999991
15 80 0.999799
15 81 0.999995
15 82 0.999994
15 83 0.002681
15 84 0.999998
15 85 0.006763
15 86 0.999984
15 87 0.999986
15 88 0.999998
15 89 0.999998
15 90 0.999994
15 91 0.999998
15 92 0.999996
15 93 0.813990
15 94 0.999998
15 95 0.999994
15 96 0.994376
15 97 0.999999
15 98 0.003622
15 99 0.999998
16 0 0.999998
16 1 0.999952
16 2 0.999994
16 3 0.999997
16 4 0.824708
16 5 0.999998
16 6 0.999995
16 7 0.999896
16 8 0.999996
16 9 0.018287
16 10 0.999997
16 11 0.999995
16 12 0.006763
16 13 0.999993
16 14 0.019299
16 15 0.999999
16 16 0.000000
16 17 0.999997
16 18 0.999998
16 19 0.999997
16 20 0.019299
16 21 0.999998
16 22 0.999999
16 23 0.999988
16 24 0.999980
16 25 0.999998
16 26 0.006763
16 27 0.991576
16 28 0.000218
16 29 0.999999
16 30 0.999991
16 31 0.999861
16 32 0.002681
16 33 0.999991
16 34 0.957037
16 35 0.999915
16 36 0.999999
16 37 0.999998
16 38 0.999998
16 39 0.999996
16 40 0.999998
16 41 0.999998
16 42 0.999991
16 43 0.477022
16 44 0.999983
16 45 0.999788
16 46 0.999998
16 47 0.999998
16 48 0.999999
16 49 0.999998
16 50 0.996144
16 51 0.999972
16 52 0.999999
16 53 0.999999
16 54 0.999936
16 55 0.999999
16 56 0.999993
16 57 0.999998
16 58 0.029925
16 59 0.999796
16 60 0.999286
16 61 0.999985
16 62 0.999998
16 63 0.999993
16 64 0.999929
16 65 0.999968
16 66 0.999998
16 67 0.912589
16 68 0.338626
16 69 0.999997
16 70 0.000372
16 71 0.943131
16 72 0.999999
16 73 0.999991
16 74 0.999991
16 75 0.999998
16 76 0.999998
16 77 0.999995
16 78 0.959174
16 79 0.999923
16 80 0.999997
16 81 0.999997
16 82 0.008716
16 83 0.999999
16 84 0.999998
16 85 0.999996
16 86 0.189109
16 87 0.999997
16 88 0.999997
16 89 0.999995
16 90 0.999998
16 91 0.011782
16 92 0.999998
16 93 0.999996
16 94 0.999998
16 95 0.999998
16 96 0.999993
16 97 0.019299
16 98 0.999997
16 99 0.014763
17 0 0.999958
17 1 0.218482
17 2 0.999997
17 3 0.991127
17 4 0.999999
17 5 0.415158
17 6 0.999998
17 7 0.060180
17 8 0.999239
17 9 0.998971
17 10 0.014763
17 11 0.999983
17 12 0.999998
17 13 0.999998
17 14 0.952333
17 15 0.999998
17 16 0.999997
17 17 0.000000
17 18 0.999413
17 19 0.999978
17 20 0.999997
17 21 0.966282
17 22 0.999998
17 23 0.999995
17 24 0.999998
17 25 0.038829
17 26 0.035762
17 27 0.999997
17 28 0.999999
17 29 0.999998
17 30 0.051779
17 31 0.969970
17 32 0.001279
17 33 0.034173
17 34 0.999998
17 35 0.999995
17 36 0.985634
17 37 0.999994
17 38 0.999994
17 39 0.386901
17 40 0.999977
17 41 0.946538
17 42 0.999998
17 43 0.472229
17 44 0.997995
17 45 0.986202
17 46 0.868768
17 47 0.999996
17 48 0.999998
17 49 0.999998
17 50 0.999995
17 51 0.019299
17 52 0.999993
17 53 0.999998
17 54 0.999996
17 55 0.999998
17 56 0.999998
17 57 0.999976
17 58 0.999998
17 59 0.999901
17 60 0.999999
17 61 0.999963
17 62 0.999998
17 63 0.999994
17 64 0.999996
17 65 0.998709
17 66 0.999866
17 67 0.999995
17 68 0.999995
17 69 0.890684
17 70 0.999995
17 71 0.998969
17 72 0.999995
17 73 0.999736
17 74 0.999999
17 75 0.999940
17 76 0.999999
17 77 0.008716
17 78 0.999998
17 79 0.999999
17 80 0.999998
17 81 0.999999
17 82 0.999986
17 83 0.999841
17 84 0.999998
17 85 0.999998
17 86 0.999988
17 87 0.999999
17 88 0.999980
17 89 0.999922
17 90 0.102123
17 91 0.999999
17 92 0.999938
17 93 0.998536
17 94 0.999997
17 95 0.999995
17 96 0.999996
17 97 0.999987
17 98 0.999998
17 99 0.999969
18 0 0.999992
18 1 0.999996
18 2 0.999994
18 3 0.999995
18 4 0.998475
18 5 0.999998
18 6 0.999997
18 7 0.999765
18 8 0.999884
18 9 0.999758
18 10 0.999995
18 11 0.999984
18 12 0.999947
18 13 0.999999
18 14 0.991894
18 15 0.994376
18 16 0.999998
18 17 0.999413
18 18 0.000000
18 19 0.999992
18 20 0.999998
18 21 0.999732
18 22 0.999999
18 23 0.999999
18 24 0.999998
18 25 0.005177
18 26 0.999880
18 27 0.999999
18 28 0.999997
18 29 0.999998
18 30 0.000372
18 31 0.999998
18 32 0.999809
18 33 0.999994
18 34 0.999994
18 35 0.000372
18 36 0.999996
18 37 0.999980
18 38 0.002681
18 39 0.011090
18 40 0.999995
18 41 0.999888
18 42 0.999999
18 43 0.999876
18 44 0.999999
18 45 0.999996
18 46 0.999940
18 47 0.999950
18 48 0.002681
18 49 0.999995
18 50 0.999996
18 51 0.999998
18 52 0.999998
18 53 0.999943
18 54 0.999999
18 55 0.005177
18 56 0.999969
18 57 0.999998
18 58 0.999993
18 59 0.999997
18 60 0.999995
18 61 0.999995
18 62 0.999996
18 63 0.999999
18 64 0.999995
18 65 0.999994
18 66 0.999932
18 67 0.999997
18 68 0.999998
18 69 0.090388
18 70 0.999999
18 71 0.999998
18 72 0.999998
18 73 0.999997
18 74 0.999998
18 75 0.999995
18 76 0.227550
18 77 0.999998
18 78 0.999998
18 79 0.999998
18 80 0.999997
18 81 0.999963
18 82 0.999980
18 83 0.999997
18 84 0.970761
18 85 0.981153
18 86 0.001279
18 87 0.999995
18 88 0.108547
18 89 0.999998
18 90 0.002681
18 91 0.999996
18 92 0.042353
18 93 0.999998
18 94 0.999998
18 95 0.999875
18 96 0.999999
18 97 0.999998
18 98 0.999965
18 99 0.999999
19 0 0.121504
19 1 0.999998
19 2 0.003622
19 3 0.014763
19 4 0.999972
19 5 0.999999
19 6 0.999998
19 7 0.999995
19 8 0.999365
19 9 0.999995
19 10 0.131588
19 11 0.999986
19 12 0.999998
19 13 0.999998
19 14 0.999999
19 15 0.999975
19 16 0.999997
19 17 0.999978
19 18 0.999992
19 19 0.000000
19 20 0.999990
19 21 0.999998
19 22 0.035762
19 23 0.997497
19 24 0.999994
19 25 0.999994
19 26 0.998731
19 27 0.999915
19 28 0.999998
19 29 0.999981
19 30 0.932077
19 31 0.999993
19 32 0.999999
19 33 0.999993
19 34 0.757621
19 35 0.999968
19 36 0.035762
19 37 0.999998
19 38 0.999990
19 39 0.999998
19 40 0.999981
19 41 0.999998
19 42 0.999999
19 43 0.999996
19 44 0.999924
19 45 0.049729
19 46 0.999997
19 47 0.999997
19 48 0.999998
19 49 0.999997
19 50 0.111327
19 51 0.999998
19 52 0.999963
19 53 0.999986
19 54 0.999944
19 55 0.999988
19 56 0.999965
19 57 0.999989
19 58 0.999989
19 59 0.999998
19 60 0.999998
19 61 0.999999
19 62 0.999980
19 63 0.999993
19 64 0.999994
19 65 0.999960
19 66 0.983223
19 67 0.999830
19 68 0.999998
19 69 0.999998
19 70 0.999997
19 71 0.999998
19 72 0.999995
19 73 0.999997
19 74 0.005177
19 75 0.999999
19 76 0.006763
19 77 0.994234
19 78 0.011782
19 79 0.999998
19 80 0.415919
19 81 0.999995
19 82 0.999970
19 83 0.999994
19 84 0.019299
19 85 0.776073
19 86 0.999998
19 87 0.999997
19 88 0.999998
19 89 0.999996
19 90 0.999995
19 91 0.999997
19 92 0.999998
19 93 0.999987
19 94 0.005177
19 95 0.999996
19 96 0.108547
19 97 0.019299
19 98 0.999994
19 99 0.999980
20 0 0.999992
20 1 0.952961
20 2 0.999998
20 3 0.999999
20 4 0.999997
20 5 0.999812
20 6 0.999997
20 7 0.967167
20 8 0.008170
20 9 0.999762
20 10 0.999997
20 11 0.999988
20 12 0.090388
20 13 0.999991
20 14 0.999998
20 15 0.999989
20 16 0.019299
20 17 0.999997
20 18 0.999998
20 19 0.999990
20 20 0.000000
20 21 0.918969
20 22 0.005177
20 23 0.997107
20 24 0.999998
20 25 0.999999
20 26 0.999999
20 27 0.001279
20 28 0.999999
20 29 0.999898
20 30 0.999995
20 31 0.999722
20 32 0.999999
20 33 0.999976
20 34 0.999995
20 35 0.999994
20 36 0.999998
20 37 0.999985
20 38 0.999987
20 39 0.977088
20 40 0.999998
20 41 0.999849
20 42 0.014763
20 43 0.998217
20 44 0.003622
20 45 0.999999
20 46 0.999981
20 47 0.011782
20 48 0.999995
20 49 0.014763
20 50 0.999997
20 51 0.994588
20 52 0.999899
20 53 0.999989
20 54 0.999998
20 55 0.019299
20 56 0.999995
20 57 0.999995
20 58 0.004818
20 59 0.999998
20 60 0.999996
20 61 0.153568
20 62 0.999998
20 63 0.999826
20 64 0.093360
20 65 0.939390
20 66 0.999787
20 67 0.999809
20 68 0.999998
20 69 0.999999
20 70 0.999998
20 71 0.051779
20 72 0.999993
20 73 0.999996
20 74 0.014763
20 75 0.999762
20 76 0.999995
20 77 0.999985
20 78 0.999524
20 79 0.999994
20 80 0.005177
20 81 0.999972
20 82 0.999996
20 83 0.999997
20 84 0.998713
20 85 0.982996
20 86 0.999999
20 87 0.999991
20 88 0.992983
20 89 0.999998
20 90 0.000814
20 91 0.011782
20 92 0.999999
20 93 0.999988
20 94 0.003622
20 95 0.999998
20 96 0.999986
20 97 0.999999
20 98 0.019299
20 99 0.999960
21 0 0.999998
21 1 0.999997
21 2 0.999995
21 3 0.019299
21 4 0.999999
21 5 0.980411
21 6 0.999999
21 7 0.005177
21 8 0.999999
21 9 0.999994
21 10 0.999994
21 11 0.999997
21 12 0.999998
21 13 0.999947
21 14 0.227550
21 15 0.999996
21 16 0.999998
21 17 0.966282
21 18 0.999732
21 19 0.999998
21 20 0.918969
21 21 0.000000
21 22 0.999999
21 23 0.999998
21 24 0.999998
21 25 0.999997
21 26 0.999998
21 27 0.999963
21 28 0.999940
21 29 0.999998
21 30 0.999999
21 31 0.999979
21 32 0.999996
21 33 0.999998
21 34 0.001279
21 35 0.999593
21 36 0.071949
21 37 0.999998
21 38 0.999998
21 39 0.526401
21 40 0.999998
21 41 0.999998
21 42 0.964509
21 43 0.999998
21 44 0.999998
21 45 0.999998
21 46 0.999997
21 47 0.999295
21 48 0.999994
21 49 0.993675
21 50 0.999999
21 51 0.998393
21 52 0.999996
21 53 0.999998
21 54 0.999736
21 55 0.999998
21 56 0.138922
21 57 0.999999
21 58 0.999989
21 59 0.999944
21 60 0.999997
21 61 0.999998
21 62 0.999999
21 63 0.999983
21 64 0.999997
21 65 0.999828
21 66 0.999774
21 67 0.999989
21 68 0.999165
21 69 0.999997
21 70 0.666262
21 71 0.999996
21 72 0.003622
21 73 0.999624
21 74 0.999997
21 75 0.005177
21 76 0.001279
21 77 0.999996
21 78 0.999997
21 79 0.005177
21 80 0.999936
21 81 0.999994
21 82 0.999997
21 83 0.035762
21 84 0.999992
21 85 0.999996
21 86 0.999995
21 87 0.999900
21 88 0.999997
21 89 0.999998
21 90 0.999996
21 91 0.014763
21 92 0.999999
21 93 0.999998
21 94 0.019299
21 95 0.862254
21 96 0.999900
21 97 0.998495
21 98 0.997804
21 99 0.999981
22 0 0.999989
22 1 0.362752
22 2 0.999899
22 3 0.999946
22 4 0.977694
22 5 0.999998
22 6 0.999999
22 7 0.968389
22 8 0.999997
22 9 0.999997
22 10 0.019299
22 11 0.999997
22 12 0.999998
22 13 0.999996
22 14 0.999999
22 15 0.999998
22 16 0.999999
22 17 0.999998
22 18 0.999999
22 19 0.035762
22 20 0.005177
22 21 0.999999
22 22 0.000000
22 23 0.999918
22 24 0.005177
22 25 0.999991
22 26 0.999987
22 27 0.999962
22 28 0.055709
22 29 0.051779
22 30 0.999980
22 31 0.999796
22 32 0.995316
22 33 0.999997
22 34 0.999997
22 35 0.005177
22 36 0.999998
22 37 0.295748
22 38 0.999998
22 39 0.002681
22 40 0.894801
22 41 0.999975
22 42 0.999993
22 43 0.999993
22 44 0.999859
22 45 0.999998
22 46 0.999998
22 47 0.999998
22 48 0.999997
22 49 0.998591
22 50 0.999997
22 51 0.999997
22 52 0.999859
22 53 0.999999
22 54 0.999998
22 55 0.999998
22 56 0.999987
22 57 0.999997
22 58 0.999997
22 59 0.999978
22 60 0.999994
22 61 0.999992
22 62 0.018287
22 63 0.011782
22 64 0.962142
22 65 0.659444
22 66 0.999998
22 67 0.999997
22 68 0.999999
22 69 0.999999
22 70 0.999987
22 71 0.999996
22 72 0.999977
22 73 0.999993
22 74 0.999841
22 75 0.006763
22 76 0.999994
22 77 0.999331
22 78 0.999994
22 79 0.999997
22 80 0.999997
22 81 0.999924
22 82 0.999998
22 83 0.999997
22 84 0.060180
22 85 0.999481
22 86 0.999996
22 87 0.005177
22 88 0.999999
22 89 0.999998
22 90 0.999949
22 91 0.999995
22 92 0.986720
22 93 0.998495
22 94 0.999995
22 95 0.999999
22 96 0.999988
22 97 0.999989
22 98 0.999999
22 99 0.999993
23 0 0.999998
23 1 0.999999
23 2 0.999994
23 3 0.999998
23 4 0.002681
23 5 0.999995
23 6 0.999991
23 7 0.999998
23 8 0.999998
23 9 0.999993
23 10 0.999849
23 11 0.999999
23 12 0.998698
23 13 0.999998
23 14 0.999927
23 15 0.999994
23 16 0.999988
23 17 0.999995
23 18 0.999999
23 19 0.997497
23 20 0.997107
23 21 0.999998
23 22 0.999918
23 23 0.000000
23 24 0.035762
23 25 0.999997
23 26 0.999997
23 27 0.999996
23 28 0.999998
23 29 0.999994
23 30 0.999986
23 31 0.999996
23 32 0.999987
23 33 0.999998
23 34 0.999992
23 35 0.999993
23 36 0.999994
23 37 0.999998
23 38 0.035762
23 39 0.999987
23 40 0.999994
23 41 0.005177
23 42 0.982766
23 43 0.915752
23 44 0.011782
23 45 0.999997
23 46 0.004818
23 47 0.999987
23 48 0.040565
23 49 0.999998
23 50 0.268234
23 51 0.999998
23 52 0.999999
23 53 0.999997
23 54 0.999998
23 55 0.999995
23 56 0.001279
23 57 0.014763
23 58 0.999998
23 59 0.000139
23 60 0.999928
23 61 0.999992
23 62 0.121504
23 63 0.999998
23 64 0.999972
23 65 0.999998
23 66 0.999998
23 67 0.999933
23 68 0.999997
23 69 0.999996
23 70 0.994452
23 71 0.999997
23 72 0.001794
23 73 0.999997
23 74 0.999979
23 75 0.999901
23 76 0.999992
23 77 0.998552
23 78 0.011782
23 79 0.999998
23 80 0.002681
23 81 0.999998
23 82 0.023583
23 83 0.998943
23 84 0.999890
23 85 0.999998
23 86 0.999998
23 87 0.999999
23 88 0.999991
23 89 0.999985
23 90 0.999382
23 91 0.914824
23 92 0.999996
23 93 0.014763
23 94 0.999997
23 95 0.999996
23 96 0.999821
23 97 0.999997
23 98 0.999999
23 99 0.999998
24 0 0.999998
24 1 0.999891
24 2 0.999998
24 3 0.999997
24 4 0.999906
24 5 0.999995
24 6 0.999995
24 7 0.999887
24 8 0.999998
24 9 0.999995
24 10 0.999982
24 11 0.999952
24 12 0.002681
24 13 0.999919
24 14 0.268234
24 15 0.999824
24 16 0.999980
24 17 0.999998
24 18 0.999998
24 19 0.999994
24 20 0.999998
24 21 0.999998
24 22 0.005177
24 23 0.035762
24 24 0.000000
24 25 0.999998
24 26 0.999987
24 27 0.999998
24 28 0.996437
24 29 0.999999
24 30 0.999995
24 31 0.135231
24 32 0.999998
24 33 0.999999
24 34 0.999997
24 35 0.011782
24 36 0.999990
24 37 0.999998
24 38 0.999980
24 39 0.999999
24 40 0.999997
24 41 0.029925
24 42 0.879427
24 43 0.999981
24 44 0.999929
24 45 0.999999
24 46 0.999996
24 47 0.998122
24 48 0.999985
24 49 0.999998
24 50 0.999999
24 51 0.999996
24 52 0.023583
24 53 0.011782
24 54 0.999997
24 55 0.005177
24 56 0.999998
24 57 0.002681
24 58 0.999554
24 59 0.011782
24 60 0.999992
24 61 0.999998
24 62 0.999997
24 63 0.999998
24 64 0.999998
24 65 0.731307
24 66 0.999998
24 67 0.999997
24 68 0.999996
24 69 0.019299
24 70 0.999966
24 71 0.999997
24 72 0.626001
24 73 0.999749
24 74 0.999996
24 75 0.002681
24 76 0.023583
24 77 0.637193
24 78 0.999999
24 79 0.999999
24 80 0.999912
24 81 0.999998
24 82 0.962646
24 83 0.999997
24 84 0.999996
24 85 0.999962
24 86 0.999994
24 87 0.034173
24 88 0.999998
24 89 0.999968
24 90 0.999374
24 91 0.999661
24 92 0.998681
24 93 0.999853
24 94 0.999992
24 95 0.999998
24 96 0.999853
24 97 0.999994
24 98 0.996790
24 99 0.999994
25 0 0.999998
25 1 0.999980
25 2 0.999997
25 3 0.005177
25 4 0.001794
25 5 0.999998
25 6 0.999998
25 7 0.999993
25 8 0.999999
25 9 0.999995
25 10 0.999999
25 11 0.999999
25 12 0.999984
25 13 0.999998
25 14 0.999443
25 15 0.999944
25 16 0.999998
25 17 0.038829
25 18 0.005177
25 19 0.999994
25 20 0.999999
25 21 0.999997
25 22 0.999991
25 23 0.999997
25 24 0.999998
25 25 0.000000
25 26 0.998997
25 27 0.999998
25 28 0.999995
25 29 0.999999
25 30 0.362752
25 31 0.999998
25 32 0.999997
25 33 0.023583
25 34 0.999997
25 35 0.972225
25 36 0.005177
25 37 0.999718
25 38 0.909313
25 39 0.999999
25 40 0.105307
25 41 0.999997
25 42 0.993156
25 43 0.002097
25 44 0.060180
25 45 0.999955
25 46 0.218482
25 47 0.999331
25 48 0.999994
25 49 0.987559
25 50 0.999765
25 51 0.999998
25 52 0.999997
25 53 0.999998
25 54 0.999998
25 55 0.999997
25 56 0.999997
25 57 0.999998
25 58 0.895935
25 59 0.998371
25 60 0.909313
25 61 0.018287
25 62 0.999997
25 63 0.999997
25 64 0.999998
25 65 0.999993
25 66 0.093360
25 67 0.017316
25 68 0.003622
25 69 0.999849
25 70 0.999996
25 71 0.011090
25 72 0.999998
25 73 0.999985
25 74 0.240658
25 75 0.011782
25 76 0.999976
25 77 0.951158
25 78 0.999955
25 79 0.999994
25 80 0.999951
25 81 0.999998
25 82 0.999743
25 83 0.999999
25 84 0.999987
25 85 0.999997
25 86 0.999132
25 87 0.999996
25 88 0.999998
25 89 0.999998
25 90 0.998265
25 91 0.999964
25 92 0.996145
25 93 0.999998
25 94 0.999943
25 95 0.001279
25 96 0.999996
25 97 0.999985
25 98 0.999998
25 99 0.999996
26 0 0.998795
26 1 0.999765
26 2 0.999993
26 3 0.996993
26 4 0.999992
26 5 0.014763
26 6 0.011782
26 7 0.005177
26 8 0.999978
26 9 0.998552
26 10 0.593957
26 11 0.513285
26 12 0.999987
26 13 0.999992
26 14 0.999925
26 15 0.969221
26 16 0.006763
26 17 0.035762
26 18 0.999880
26 19 0.998731
26 20 0.999999
26 21 0.999998
26 22 0.999987
26 23 0.999997
26 24 0.999987
26 25 0.998997
26 26 0.000000
26 27 0.999968
26 28 0.999998
26 29 0.999998
26 30 0.028526
26 31 0.999996
26 32 0.999998
26 33 0.999998
26 34 0.999997
26 35 0.999999
26 36 0.999998
26 37 0.999998
26 38 0.999998
26 39 0.005177
26 40 0.998795
26 41 0.999639
26 42 0.999995
26 43 0.013938
26 44 0.999996
26 45 0.999995
26 46 0.002681
26 47 0.999997
26 48 0.008716
26 49 0.022408
26 50 0.005177
26 51 0.999988
26 52 0.999999
26 53 0.999994
26 54 0.999999
26 55 0.999972
26 56 0.999998
26 57 0.042353
26 58 0.999998
26 59 0.999994
26 60 0.029925
26 61 0.999866
26 62 0.999998
26 63 0.999985
26 64 0.017316
26 65 0.999998
26 66 0.999980
26 67 0.999994
26 68 0.999998
26 69 0.999992
26 70 0.999998
26 71 0.019299
26 72 0.996572
26 73 0.999997
26 74 0.999999
26 75 0.999994
26 76 0.014763
26 77 0.999996
26 78 0.999661
26 79 0.000372
26 80 0.999933
26 81 0.971149
26 82 0.005177
26 83 0.005177
26 84 0.999997
26 85 0.999992
26 86 0.999998
26 87 0.988477
26 88 0.999999
26 89 0.999998
26 90 0.999999
26 91 0.000139
26 92 0.999992
26 93 0.001168
26 94 0.999998
26 95 0.999996
26 96 0.999999
26 97 0.999998
26 98 0.999888
26 99 0.999965
27 0 0.035762
27 1 0.019299
27 2 0.897261
27 3 0.999997
27 4 0.999998
27 5 0.999955
27 6 0.586172
27 7 0.999987
27 8 0.999996
27 9 0.001794
27 10 0.999997
27 11 0.999997
27 12 0.999788
27 13 0.999980
27 14 0.999997
27 15 0.999993
27 16 0.991576
27 17 0.999997
27 18 0.999999
27 19 0.999915
27 20 0.001279
27 21 0.999963
27 22 0.999962
27 23 0.999996
27 24 0.999998
27 25 0.999998
27 26 0.999968
27 27 0.000000
27 28 0.999979
27 29 0.880950
27 30 0.999998
27 31 0.028526
27 32 0.999993
27 33 0.999994
27 34 0.999994
27 35 0.999981
27 36 0.999998
27 37 0.786128
27 38 0.999987
27 39 0.999998
27 40 0.999998
27 41 0.999621
27 42 0.999998
27 43 0.999990
27 44 0.019299
27 45 0.999998
27 46 0.999997
27 47 0.029925
27 48 0.999999
27 49 0.999986
27 50 0.999998
27 51 0.945939
