0 0 0.000000
0 1 0.543836
0 2 0.999998
0 3 0.082237
0 4 0.999998
0 5 0.999996
0 6 0.999997
0 7 0.999999
0 8 0.999998
0 9 0.006763
0 10 0.999597
0 11 0.999999
0 12 0.999992
0 13 0.976197
0 14 0.999992
0 15 0.999999
0 16 0.999998
0 17 0.999993
0 18 0.999998
0 19 0.042353
0 20 0.999998
0 21 0.999998
0 22 0.999997
0 23 0.999999
0 24 0.999998
0 25 0.999999
0 26 0.999656
0 27 0.035762
0 28 0.999995
0 29 0.999997
0 30 0.999998
0 31 0.982569
0 32 0.999994
0 33 0.999997
0 34 0.999992
0 35 0.999994
0 36 0.999997
0 37 0.003622
0 38 0.999998
0 39 0.999995
0 40 0.999969
0 41 0.999999
0 42 0.999965
0 43 0.995554
0 44 0.197052
0 45 0.999981
0 46 0.999998
0 47 0.999998
0 48 0.999999
0 49 0.999999
0 50 0.999997
0 51 0.069412
0 52 0.999997
0 53 0.999997
0 54 0.006763
0 55 0.999967
0 56 0.999652
0 57 0.005177
0 58 0.998022
0 59 0.629353
0 60 0.999999
0 61 0.999997
0 62 0.999992
0 63 0.000372
0 64 0.999996
0 65 0.999998
0 66 0.999983
0 67 0.999714
0 68 0.999992
0 69 0.000372
0 70 0.999998
0 71 0.999998
0 72 0.999997
0 73 0.999996
0 74 0.999998
0 75 0.999998
0 76 0.051779
0 77 0.005177
0 78 0.999998
0 79 0.999998
0 80 0.999992
0 81 0.997034
0 82 0.999992
0 83 0.999980
0 84 0.999994
0 85 0.002681
0 86 0.999656
0 87 0.999984
0 88 0.999997
0 89 0.999974
0 90 0.999998
0 91 0.999998
0 92 0.999998
0 93 0.999996
0 94 0.184861
0 95 0.999997
0 96 0.999994
0 97 0.999997
0 98 0.999998
0 99 0.999997
1 0 0.543836
1 1 0.000000
1 2 0.999997
1 3 0.999989
1 4 0.999998
1 5 0.999295
1 6 0.999991
1 7 0.001646
1 8 0.999991
1 9 0.999247
1 10 0.999999
1 11 0.999998
1 12 0.999979
1 13 0.999998
1 14 0.324511
1 15 0.999987
1 16 0.999996
1 17 0.032635
1 18 0.999998
1 19 0.999998
1 20 0.995188
1 21 0.999994
1 22 0.218482
1 23 0.999997
1 24 0.999998
1 25 0.999999
1 26 0.999993
1 27 0.019299
1 28 0.999994
1 29 0.006763
1 30 0.999990
1 31 0.999711
1 32 0.999932
1 33 0.006317
1 34 0.999998
1 35 0.999999
1 36 0.999998
1 37 0.999998
1 38 0.999998
1 39 0.999999
1 40 0.999998
1 41 0.999998
1 42 0.999647
1 43 0.011782
1 44 0.997107
1 45 0.593957
1 46 0.999999
1 47 0.999999
1 48 0.999997
1 49 0.999995
1 50 0.999997
1 51 0.000218
1 52 0.999998
1 53 0.002681
1 54 0.999996
1 55 0.999993
1 56 0.999980
1 57 0.011090
1 58 0.999998
1 59 0.999960
1 60 0.004818
1 61 0.999995
1 62 0.999992
1 63 0.673535
1 64 0.999986
1 65 0.999999
1 66 0.999998
1 67 0.999998
1 68 0.999993
1 69 0.999998
1 70 0.999878
1 71 0.999998
1 72 0.006763
1 73 0.999923
1 74 0.472230
1 75 0.005177
1 76 0.005177
1 77 0.999997
1 78 0.999997
1 79 0.001794
1 80 0.999998
1 81 0.002681
1 82 0.999998
1 83 0.999971
1 84 0.999638
1 85 0.999998
1 86 0.002681
1 87 0.999995
1 88 0.999998
1 89 0.999998
1 90 0.999991
1 91 0.011782
1 92 0.999835
1 93 0.999969
1 94 0.005177
1 95 0.999997
1 96 0.999932
1 97 0.999998
1 98 0.999993
1 99 0.999988
2 0 0.999998
2 1 0.999997
2 2 0.000000
2 3 0.999998
2 4 0.999998
2 5 0.999999
2 6 0.006763
2 7 0.999946
2 8 0.999997
2 9 0.108547
2 10 0.999999
2 11 0.999998
2 12 0.999998
2 13 0.999998
2 14 0.999997
2 15 0.999998
2 16 0.999998
2 17 0.999998
2 18 0.999998
2 19 0.003622
2 20 0.999997
2 21 0.999997
2 22 0.999996
2 23 0.999969
2 24 0.999998
2 25 0.999996
2 26 0.999994
2 27 0.593958
2 28 0.999998
2 29 0.999988
2 30 0.035762
2 31 0.999998
2 32 0.005177
2 33 0.999998
2 34 0.006317
2 35 0.999997
2 36 0.999990
2 37 0.049729
2 38 0.999998
2 39 0.002681
2 40 0.999998
2 41 0.999993
2 42 0.997222
2 43 0.725534
2 44 0.999998
2 45 0.001279
2 46 0.999998
2 47 0.999958
2 48 0.999994
2 49 0.999997
2 50 0.999998
2 51 0.003622
2 52 0.002681
2 53 0.999997
2 54 0.999998
2 55 0.999998
2 56 0.999982
2 57 0.999996
2 58 0.873404
2 59 0.999989
2 60 0.999998
2 61 0.999994
2 62 0.999981
2 63 0.999991
2 64 0.999998
2 65 0.999996
2 66 0.999994
2 67 0.035762
2 68 0.034173
2 69 0.999999
2 70 0.999998
2 71 0.999973
2 72 0.999986
2 73 0.999996
2 74 0.999999
2 75 0.999996
2 76 0.023583
2 77 0.999952
2 78 0.999996
2 79 0.999992
2 80 0.069412
2 81 0.999992
2 82 0.999998
2 83 0.999997
2 84 0.999998
2 85 0.999998
2 86 0.000372
2 87 0.999999
2 88 0.014763
2 89 0.999998
2 90 0.999998
2 91 0.999996
2 92 0.999997
2 93 0.002681
2 94 0.001279
2 95 0.999999
2 96 0.999998
2 97 0.999999
2 98 0.999984
2 99 0.999984
3 0 0.082237
3 1 0.999989
3 2 0.999998
3 3 0.000000
3 4 0.999964
3 5 0.999994
3 6 0.999995
3 7 0.999935
3 8 0.999973
3 9 0.999998
3 10 0.925725
3 11 0.999998
3 12 0.002681
3 13 0.991689
3 14 0.022408
3 15 0.011782
3 16 0.999998
3 17 0.999894
3 18 0.999985
3 19 0.028526
3 20 0.999999
3 21 0.838911
3 22 0.999343
3 23 0.999998
3 24 0.999998
3 25 0.005177
3 26 0.999661
3 27 0.999998
3 28 0.999999
3 29 0.999998
3 30 0.014763
3 31 0.005177
3 32 0.999960
3 33 0.999998
3 34 0.999997
3 35 0.999997
3 36 0.999995
3 37 0.999996
3 38 0.999997
3 39 0.999998
3 40 0.999988
3 41 0.999855
3 42 0.999998
3 43 0.999999
3 44 0.999997
3 45 0.999999
3 46 0.999998
3 47 0.999629
3 48 0.999980
3 49 0.999995
3 50 0.999998
3 51 0.999998
3 52 0.999998
3 53 0.999998
3 54 0.002681
3 55 0.999993
3 56 0.999998
3 57 0.999986
3 58 0.000372
3 59 0.002681
3 60 0.999998
3 61 0.999997
3 62 0.999996
3 63 0.999965
3 64 0.002681
3 65 0.082237
3 66 0.999997
3 67 0.999996
3 68 0.999992
3 69 0.999997
3 70 0.999996
3 71 0.999997
3 72 0.999990
3 73 0.999905
3 74 0.999998
3 75 0.999762
3 76 0.999998
3 77 0.999498
3 78 0.999938
3 79 0.999992
3 80 0.999998
3 81 0.999987
3 82 0.999997
3 83 0.999998
3 84 0.999766
3 85 0.003622
3 86 0.999998
3 87 0.999815
3 88 0.074140
3 89 0.999998
3 90 0.999984
3 91 0.005177
3 92 0.999991
3 93 0.999624
3 94 0.005177
3 95 0.999999
3 96 0.999988
3 97 0.999998
3 98 0.999802
3 99 0.998713
4 0 0.999998
4 1 0.999998
4 2 0.999998
4 3 0.999964
4 4 0.000000
4 5 0.999998
4 6 0.999987
4 7 0.999999
4 8 0.999995
4 9 0.999988
4 10 0.062139
4 11 0.999998
4 12 0.999997
4 13 0.999998
4 14 0.613956
4 15 0.999988
4 16 0.629352
4 17 0.999997
4 18 0.999998
4 19 0.999998
4 20 0.999999
4 21 0.999998
4 22 0.999821
4 23 0.002681
4 24 0.999999
4 25 0.001794
4 26 0.999977
4 27 0.999993
4 28 0.999785
4 29 0.029925
4 30 0.999996
4 31 0.006763
4 32 0.999995
4 33 0.999993
4 34 0.999997
4 35 0.999935
4 36 0.999742
4 37 0.999703
4 38 0.999999
4 39 0.999090
4 40 0.999990
4 41 0.001794
4 42 0.999998
4 43 0.005177
4 44 0.999995
4 45 0.019299
4 46 0.999999
4 47 0.999979
4 48 0.999986
4 49 0.999958
4 50 0.999998
4 51 0.999994
4 52 0.005177
4 53 0.999996
4 54 0.999998
4 55 0.991363
4 56 0.966727
4 57 0.999987
4 58 0.846427
4 59 0.999862
4 60 0.999991
4 61 0.477022
4 62 0.999980
4 63 0.999999
4 64 0.999991
4 65 0.121504
4 66 0.999999
4 67 0.002279
4 68 0.005177
4 69 0.999997
4 70 0.999998
4 71 0.791202
4 72 0.999998
4 73 0.999998
4 74 0.999998
4 75 0.999997
4 76 0.034173
4 77 0.999998
4 78 0.006763
4 79 0.999898
4 80 0.999993
4 81 0.999770
4 82 0.999998
4 83 0.999989
4 84 0.999999
4 85 0.028526
4 86 0.999997
4 87 0.999998
4 88 0.999998
4 89 0.999639
4 90 0.999988
4 91 0.999997
4 92 0.999998
4 93 0.999997
4 94 0.999998
4 95 0.999998
4 96 0.999998
4 97 0.999899
4 98 0.999997
4 99 0.999992
5 0 0.999996
5 1 0.999295
5 2 0.999999
5 3 0.999994
5 4 0.999998
5 5 0.000000
5 6 0.999997
5 7 0.999998
5 8 0.999997
5 9 0.999994
5 10 0.999868
5 11 0.999996
5 12 0.999999
5 13 0.023583
5 14 0.999988
5 15 0.999997
5 16 0.999998
5 17 0.911451
5 18 0.999986
5 19 0.999999
5 20 0.999983
5 21 0.994999
5 22 0.999995
5 23 0.999995
5 24 0.999999
5 25 0.999998
5 26 0.014763
5 27 0.999386
5 28 0.999996
5 29 0.029925
5 30 0.999999
5 31 0.999994
5 32 0.999998
5 33 0.999998
5 34 0.999995
5 35 0.011782
5 36 0.999976
5 37 0.972225
5 38 0.000372
5 39 0.999998
5 40 0.997327
5 41 0.999991
5 42 0.999999
5 43 0.999936
5 44 0.999998
5 45 0.006763
5 46 0.999998
5 47 0.999996
5 48 0.997327
5 49 0.828969
5 50 0.999997
5 51 0.999997
5 52 0.005177
5 53 0.999998
5 54 0.999995
5 55 0.999998
5 56 0.019299
5 57 0.042353
5 58 0.999998
5 59 0.999997
5 60 0.999998
5 61 0.999999
5 62 0.999142
5 63 0.999994
5 64 0.999969
5 65 0.999997
5 66 0.999998
5 67 0.999997
5 68 0.999998
5 69 0.999998
5 70 0.999997
5 71 0.002681
5 72 0.999981
5 73 0.999995
5 74 0.999996
5 75 0.999990
5 76 0.999994
5 77 0.999565
5 78 0.999998
5 79 0.999994
5 80 0.999788
5 81 0.999997
5 82 0.999998
5 83 0.999996
5 84 0.999997
5 85 0.999998
5 86 0.999998
5 87 0.999998
5 88 0.093360
5 89 0.999998
5 90 0.999995
5 91 0.999998
5 92 0.999911
5 93 0.999999
5 94 0.999981
5 95 0.999999
5 96 0.999999
5 97 0.999998
5 98 0.999994
5 99 0.999997
6 0 0.999997
6 1 0.999991
6 2 0.006763
6 3 0.999995
6 4 0.999987
6 5 0.999997
6 6 0.000000
6 7 0.949183
6 8 0.999970
6 9 0.000372
6 10 0.999998
6 11 0.999999
6 12 0.999996
6 13 0.999999
6 14 0.079482
6 15 0.999985
6 16 0.999998
6 17 0.999998
6 18 0.999998
6 19 0.999997
6 20 0.999998
6 21 0.999984
6 22 0.999993
6 23 0.999998
6 24 0.999997
6 25 0.999996
6 26 0.011782
6 27 0.976514
6 28 0.999939
6 29 0.999926
6 30 0.076783
6 31 0.999998
6 32 0.999857
6 33 0.999990
6 34 0.999991
6 35 0.999994
6 36 0.999977
6 37 0.999998
6 38 0.999994
6 39 0.999998
6 40 0.999996
6 41 0.999988
6 42 0.999994
6 43 0.999982
6 44 0.999997
6 45 0.000814
6 46 0.999999
6 47 0.999992
6 48 0.999995
6 49 0.019299
6 50 0.999888
6 51 0.999994
6 52 0.999924
6 53 0.999996
6 54 0.023583
6 55 0.999994
6 56 0.999996
6 57 0.019299
6 58 0.999998
6 59 0.002681
6 60 0.002681
6 61 0.999994
6 62 0.999866
6 63 0.999998
6 64 0.999998
6 65 0.999997
6 66 0.014763
6 67 0.722364
6 68 0.999998
6 69 0.999993
6 70 0.006763
6 71 0.999998
6 72 0.999999
6 73 0.102123
6 74 0.029925
6 75 0.999996
6 76 0.002681
6 77 0.999742
6 78 0.999998
6 79 0.999994
6 80 0.999994
6 81 0.999991
6 82 0.999999
6 83 0.999990
6 84 0.999998
6 85 0.999996
6 86 0.999736
6 87 0.999998
6 88 0.002681
6 89 0.999999
6 90 0.999998
6 91 0.999990
6 92 0.391878
6 93 0.999998
6 94 0.999997
6 95 0.999997
6 96 0.999998
6 97 0.743482
6 98 0.999998
6 99 0.999996
7 0 0.999999
7 1 0.001646
7 2 0.999946
7 3 0.999935
7 4 0.999999
7 5 0.999998
7 6 0.949183
7 7 0.000000
7 8 0.999991
7 9 0.999997
7 10 0.999998
7 11 0.999869
7 12 0.002279
7 13 0.999998
7 14 0.999924
7 15 0.999997
7 16 0.999998
7 17 0.060180
7 18 0.999992
7 19 0.999996
7 20 0.997496
7 21 0.005177
7 22 0.802700
7 23 0.999996
7 24 0.999962
7 25 0.999996
7 26 0.005177
7 27 0.999994
7 28 0.999997
7 29 0.001168
7 30 0.999691
7 31 0.999876
7 32 0.999995
7 33 0.999970
7 34 0.999997
7 35 0.999996
7 36 0.999990
7 37 0.999995
7 38 0.999994
7 39 0.974602
7 40 0.999992
7 41 0.019299
7 42 0.999998
7 43 0.979327
7 44 0.108547
7 45 0.002681
7 46 0.999995
7 47 0.999837
7 48 0.999998
7 49 0.005177
7 50 0.999942
7 51 0.999998
7 52 0.999120
7 53 0.999989
7 54 0.999998
7 55 0.999993
7 56 0.999999
7 57 0.999997
7 58 0.064508
7 59 0.999996
7 60 0.999985
7 61 0.999926
7 62 0.999993
7 63 0.023583
7 64 0.999963
7 65 0.999998
7 66 0.999998
7 67 0.999994
7 68 0.999996
7 69 0.999992
7 70 0.999997
7 71 0.011090
7 72 0.999863
7 73 0.999996
7 74 0.999996
7 75 0.669914
7 76 0.999991
7 77 0.999998
7 78 0.973967
7 79 0.999739
7 80 0.999998
7 81 0.999995
7 82 0.999997
7 83 0.000218
7 84 0.999999
7 85 0.999996
7 86 0.999995
7 87 0.999999
7 88 0.006763
7 89 0.999999
7 90 0.999997
7 91 0.999998
7 92 0.999991
7 93 0.999998
7 94 0.999826
7 95 0.999998
7 96 0.014763
7 97 0.999998
7 98 0.999998
7 99 0.999997
8 0 0.999998
8 1 0.999991
8 2 0.999997
8 3 0.999973
8 4 0.999995
8 5 0.999997
8 6 0.999970
8 7 0.999991
8 8 0.000000
8 9 0.006763
8 10 0.999995
8 11 0.999998
8 12 0.999971
8 13 0.980890
8 14 0.005177
8 15 0.999999
8 16 0.999998
8 17 0.999886
8 18 0.999993
8 19 0.999976
8 20 0.008170
8 21 0.999998
8 22 0.999996
8 23 0.999998
8 24 0.999998
8 25 0.999998
8 26 0.999996
8 27 0.999998
8 28 0.999998
8 29 0.245316
8 30 0.999998
8 31 0.999998
8 32 0.999997
8 33 0.990757
8 34 0.999998
8 35 0.999997
8 36 0.011090
8 37 0.999999
8 38 0.999948
8 39 0.999997
8 40 0.999988
8 41 0.999997
8 42 0.999997
8 43 0.999988
8 44 0.999997
8 45 0.999998
8 46 0.999999
8 47 0.999999
8 48 0.019299
8 49 0.999999
8 50 0.999996
8 51 0.999996
8 52 0.005177
8 53 0.999994
8 54 0.999879
8 55 0.999998
8 56 0.495294
8 57 0.002681
8 58 0.999998
8 59 0.000556
8 60 0.035762
8 61 0.999998
8 62 0.995993
8 63 0.995779
8 64 0.999999
8 65 0.999994
8 66 0.999999
8 67 0.999952
8 68 0.011782
8 69 0.000556
8 70 0.999998
8 71 0.999999
8 72 0.999995
8 73 0.999998
8 74 0.999992
8 75 0.060180
8 76 0.999993
8 77 0.999994
8 78 0.999997
8 79 0.999995
8 80 0.999996
8 81 0.005177
8 82 0.999998
8 83 0.005177
8 84 0.999997
8 85 0.999997
8 86 0.999996
8 87 0.999998
8 88 0.999998
8 89 0.999997
8 90 0.999998
8 91 0.011782
8 92 0.999966
8 93 0.999996
8 94 0.999883
8 95 0.999995
8 96 0.999998
8 97 0.999999
8 98 0.999853
8 99 0.999996
9 0 0.006763
9 1 0.999247
9 2 0.108547
9 3 0.999998
9 4 0.999988
9 5 0.999994
9 6 0.000372
9 7 0.999997
9 8 0.006763
9 9 0.000000
9 10 0.999998
9 11 0.999996
9 12 0.999995
9 13 0.999998
9 14 0.999997
9 15 0.999944
9 16 0.011090
9 17 0.999739
9 18 0.999995
9 19 0.999992
9 20 0.999994
9 21 0.999997
9 22 0.999973
9 23 0.999994
9 24 0.999999
9 25 0.999997
9 26 0.999348
9 27 0.001794
9 28 0.999998
9 29 0.999998
9 30 0.999877
9 31 0.999992
9 32 0.999998
9 33 0.999901
9 34 0.999883
9 35 0.019299
9 36 0.999968
9 37 0.999998
9 38 0.999943
9 39 0.999998
9 40 0.999997
9 41 0.035762
9 42 0.005177
9 43 0.999998
9 44 0.999989
9 45 0.999613
9 46 0.999999
9 47 0.999994
9 48 0.010429
9 49 0.999998
9 50 0.999996
9 51 0.999997
9 52 0.999998
9 53 0.999995
9 54 0.999998
9 55 0.999996
9 56 0.999997
9 57 0.999994
9 58 0.999990
9 59 0.999997
9 60 0.999999
9 61 0.029925
9 62 0.108547
9 63 0.127998
9 64 0.014763
9 65 0.999999
9 66 0.999961
9 67 0.999997
9 68 0.999994
9 69 0.999759
9 70 0.131589
9 71 0.999997
9 72 0.999991
9 73 0.060180
9 74 0.999999
9 75 0.999996
9 76 0.999999
9 77 0.999898
9 78 0.999997
9 79 0.999997
9 80 0.999976
9 81 0.999881
9 82 0.999313
9 83 0.999911
9 84 0.999997
9 85 0.999998
9 86 0.999996
9 87 0.999998
9 88 0.999999
9 89 0.999999
9 90 0.999997
9 91 0.999998
9 92 0.995316
9 93 0.999999
9 94 0.999963
9 95 0.999998
9 96 0.999998
9 97 0.813992
9 98 0.999991
9 99 0.998840
10 0 0.999597
10 1 0.999999
10 2 0.999999
10 3 0.925725
10 4 0.062139
10 5 0.999868
10 6 0.999998
10 7 0.999998
10 8 0.999995
10 9 0.999998
10 10 0.000000
10 11 0.011782
10 12 0.999935
10 13 0.999993
10 14 0.999955
10 15 0.999996
10 16 0.999998
10 17 0.014763
10 18 0.999997
10 19 0.076782
10 20 0.999998
10 21 0.999999
10 22 0.019299
10 23 0.999988
10 24 0.999998
10 25 0.999999
10 26 0.855165
10 27 0.999997
10 28 0.999998
10 29 0.999992
10 30 0.999749
10 31 0.999998
10 32 0.999998
10 33 0.999996
10 34 0.999974
10 35 0.019299
10 36 0.999996
10 37 0.999998
10 38 0.999997
10 39 0.999997
10 40 0.006763
10 41 0.991007
10 42 0.999996
10 43 0.999994
10 44 0.999995
10 45 0.006317
10 46 0.999777
10 47 0.999997
10 48 0.999998
10 49 0.999997
10 50 0.999987
10 51 0.999997
10 52 0.999997
10 53 0.017316
10 54 0.999999
10 55 0.999951
10 56 0.999999
10 57 0.999998
10 58 0.029925
10 59 0.999903
10 60 0.602289
10 61 0.999997
10 62 0.999998
10 63 0.999996
10 64 0.999998
10 65 0.999997
10 66 0.999498
10 67 0.999991
10 68 0.999998
10 69 0.999996
10 70 0.999998
10 71 0.997034
10 72 0.002473
10 73 0.999993
10 74 0.999990
10 75 0.999998
10 76 0.999972
10 77 0.999999
10 78 0.999999
10 79 0.999999
10 80 0.999996
10 81 0.006763
10 82 0.999999
10 83 0.999998
10 84 0.999998
10 85 0.999998
10 86 0.999962
10 87 0.000556
10 88 0.999998
10 89 0.999998
10 90 0.998572
10 91 0.999997
10 92 0.999936
10 93 0.999994
10 94 0.999862
10 95 0.999975
10 96 0.999997
10 97 0.999989
10 98 0.001279
10 99 0.999981
11 0 0.999999
11 1 0.999998
11 2 0.999998
11 3 0.999998
11 4 0.999998
11 5 0.999996
11 6 0.999999
11 7 0.999869
11 8 0.999998
11 9 0.999996
11 10 0.011782
11 11 0.000000
11 12 0.001279
11 13 0.999997
11 14 0.008716
11 15 0.999969
11 16 0.999998
11 17 0.999999
11 18 0.999999
11 19 0.999998
11 20 0.999998
11 21 0.999999
11 22 0.999999
11 23 0.999998
11 24 0.999997
11 25 0.999998
11 26 0.923918
11 27 0.999992
11 28 0.999990
11 29 0.999997
11 30 0.967964
11 31 0.979332
11 32 0.999998
11 33 0.999997
11 34 0.999998
11 35 0.005177
11 36 0.485826
11 37 0.005177
11 38 0.999995
11 39 0.999999
11 40 0.999998
11 41 0.999999
11 42 0.093360
11 43 0.999994
11 44 0.999998
11 45 0.999420
11 46 0.999998
11 47 0.999954
11 48 0.999995
11 49 0.999998
11 50 0.999999
11 51 0.253981
11 52 0.999990
11 53 0.999997
11 54 0.999996
11 55 0.999991
11 56 0.999998
11 57 0.999995
11 58 0.999990
11 59 0.999994
11 60 0.999997
11 61 0.999998
11 62 0.006763
11 63 0.999996
11 64 0.999999
11 65 0.999998
11 66 0.999995
11 67 0.999997
11 68 0.060180
11 69 0.999996
11 70 0.999985
11 71 0.999924
11 72 0.999999
11 73 0.999762
11 74 0.999998
11 75 0.999997
11 76 0.999999
11 77 0.999996
11 78 0.999991
11 79 0.066931
11 80 0.999985
11 81 0.999998
11 82 0.999999
11 83 0.999995
11 84 0.999997
11 85 0.031146
11 86 0.999997
11 87 0.871792
11 88 0.999999
11 89 0.999998
11 90 0.999999
11 91 0.999999
11 92 0.999998
11 93 0.999998
11 94 0.011782
11 95 0.999998
11 96 0.999999
11 97 0.994451
11 98 0.687190
11 99 0.006763
12 0 0.999992
12 1 0.999979
12 2 0.999998
12 3 0.002681
12 4 0.999997
12 5 0.999999
12 6 0.999996
12 7 0.002279
12 8 0.999971
12 9 0.999995
12 10 0.999935
12 11 0.001279
12 12 0.000000
12 13 0.999997
12 14 0.999849
12 15 0.999994
12 16 0.006763
12 17 0.999998
12 18 0.999996
12 19 0.999987
12 20 0.004480
12 21 0.999996
12 22 0.999997
12 23 0.999443
12 24 0.002681
12 25 0.999997
12 26 0.999997
12 27 0.999900
12 28 0.011782
12 29 0.999998
12 30 0.999996
12 31 0.999997
12 32 0.999997
12 33 0.997829
12 34 0.809401
12 35 0.999997
12 36 0.999998
12 37 0.035762
12 38 0.999997
12 39 0.999998
12 40 0.999997
12 41 0.999977
12 42 0.999142
12 43 0.999999
12 44 0.999995
12 45 0.999997
12 46 0.999985
12 47 0.999994
12 48 0.999998
12 49 0.999999
12 50 0.999996
12 51 0.999955
12 52 0.999987
12 53 0.999988
12 54 0.999999
12 55 0.999997
12 56 0.999996
12 57 0.963140
12 58 0.999995
12 59 0.999321
12 60 0.002681
12 61 0.999998
12 62 0.999998
12 63 0.999970
12 64 0.999998
12 65 0.002681
12 66 0.999983
12 67 0.999954
12 68 0.999997
12 69 0.051779
12 70 0.999997
12 71 0.999998
12 72 0.999996
12 73 0.999999
12 74 0.999957
12 75 0.023583
12 76 0.082237
12 77 0.999976
12 78 0.999995
12 79 0.999894
12 80 0.999999
12 81 0.999998
12 82 0.999949
12 83 0.999997
12 84 0.000372
12 85 0.999997
12 86 0.999998
12 87 0.999997
12 88 0.999998
12 89 0.999374
12 90 0.999997
12 91 0.999998
12 92 0.999999
12 93 0.999998
12 94 0.999998
12 95 0.999997
12 96 0.999998
12 97 0.999998
12 98 0.999998
12 99 0.996833
13 0 0.976197
13 1 0.999998
13 2 0.999998
13 3 0.991689
13 4 0.999998
13 5 0.023583
13 6 0.999999
13 7 0.999998
13 8 0.980890
13 9 0.999998
13 10 0.999993
13 11 0.999997
13 12 0.999997
13 13 0.000000
13 14 0.999999
13 15 0.999995
13 16 0.999998
13 17 0.999998
13 18 0.999997
13 19 0.999995
13 20 0.999998
13 21 0.999997
13 22 0.999998
13 23 0.999998
13 24 0.999995
13 25 0.999998
13 26 0.999998
13 27 0.999999
13 28 0.999885
13 29 0.999998
13 30 0.999997
13 31 0.999998
13 32 0.999998
13 33 0.999997
13 34 0.999996
13 35 0.999998
13 36 0.999745
13 37 0.999991
13 38 0.999996
13 39 0.980632
13 40 0.999991
13 41 0.362752
13 42 0.999994
13 43 0.999524
13 44 0.999980
13 45 0.999565
13 46 0.999984
13 47 0.999977
13 48 0.999998
13 49 0.999997
13 50 0.999999
13 51 0.999920
13 52 0.999998
13 53 0.999993
13 54 0.999990
13 55 0.999995
13 56 0.999998
13 57 0.005177
13 58 0.999998
13 59 0.999998
13 60 0.999992
13 61 0.999994
13 62 0.999993
13 63 0.999998
13 64 0.999997
13 65 0.006763
13 66 0.999998
13 67 0.999995
13 68 0.999999
13 69 0.999997
13 70 0.999996
13 71 0.998096
13 72 0.998241
13 73 0.999997
13 74 0.999990
13 75 0.999982
13 76 0.001279
13 77 0.999995
13 78 0.999998
13 79 0.999959
13 80 0.999998
13 81 0.999998
13 82 0.999999
13 83 0.999998
13 84 0.999955
13 85 0.999995
13 86 0.999999
13 87 0.999998
13 88 0.999752
13 89 0.001279
13 90 0.999998
13 91 0.999994
13 92 0.999998
13 93 0.999998
13 94 0.002681
13 95 0.999998
13 96 0.999991
13 97 0.160844
13 98 0.999998
13 99 0.999995
14 0 0.999992
14 1 0.324511
14 2 0.999997
14 3 0.022408
14 4 0.613956
14 5 0.999988
14 6 0.079482
14 7 0.999924
14 8 0.005177
14 9 0.999997
14 10 0.999955
14 11 0.008716
14 12 0.999849
14 13 0.999999
14 14 0.000000
14 15 0.999979
14 16 0.002681
14 17 0.996911
14 18 0.998914
14 19 0.999995
14 20 0.999973
14 21 0.035762
14 22 0.999998
14 23 0.999998
14 24 0.989082
14 25 0.999874
14 26 0.999955
14 27 0.999992
14 28 0.999999
14 29 0.999914
14 30 0.999996
14 31 0.999443
14 32 0.000013
14 33 0.999993
14 34 0.999999
14 35 0.903465
14 36 0.999871
14 37 0.999998
14 38 0.999998
14 39 0.999975
14 40 0.999998
14 41 0.999998
14 42 0.986358
14 43 0.999893
14 44 0.999995
14 45 0.999998
14 46 0.023583
14 47 0.999996
14 48 0.999999
14 49 0.999995
14 50 0.999994
14 51 0.999998
14 52 0.996247
14 53 0.999998
14 54 0.999884
14 55 0.999997
14 56 0.001794
14 57 0.999991
14 58 0.999988
14 59 0.999978
14 60 0.999999
14 61 0.999998
14 62 0.999995
14 63 0.999994
14 64 0.999998
14 65 0.999998
14 66 0.999998
14 67 0.999985
14 68 0.999999
14 69 0.999964
14 70 0.999972
14 71 0.999997
14 72 0.999997
14 73 0.999969
14 74 0.999998
14 75 0.999994
14 76 0.999993
14 77 0.999997
14 78 0.999997
14 79 0.999991
14 80 0.005177
14 81 0.999995
14 82 0.936253
14 83 0.051779
14 84 0.999998
14 85 0.999940
14 86 0.999997
14 87 0.027175
14 88 0.999780
14 89 0.991576
14 90 0.999997
14 91 0.014763
14 92 0.999996
14 93 0.999998
14 94 0.999998
14 95 0.999978
14 96 0.999998
14 97 0.999998
14 98 0.999997
14 99 0.998695
15 0 0.999999
15 1 0.999987
15 2 0.999998
15 3 0.011782
15 4 0.999988
15 5 0.999997
15 6 0.999985
15 7 0.999997
15 8 0.999999
15 9 0.999944
15 10 0.999996
15 11 0.999969
15 12 0.999994
15 13 0.999995
15 14 0.999979
15 15 0.000000
15 16 0.999998
15 17 0.999997
15 18 0.999979
15 19 0.999996
15 20 0.999997
15 21 0.999997
15 22 0.999999
15 23 0.999995
15 24 0.999978
15 25 0.999962
15 26 0.999609
15 27 0.999998
15 28 0.011782
15 29 0.999997
15 30 0.999998
15 31 0.999998
15 32 0.999999
15 33 0.999998
15 34 0.999799
15 35 0.999976
15 36 0.999993
15 37 0.999997
15 38 0.999997
15 39 0.999995
15 40 0.999998
15 41 0.999988
15 42 0.999996
15 43 0.999998
15 44 0.999998
15 45 0.005177
15 46 0.999995
15 47 0.999998
15 48 0.999994
15 49 0.999313
15 50 0.899866
15 51 0.999998
15 52 0.999999
15 53 0.999530
15 54 0.893445
15 55 0.999994
15 56 0.999997
15 57 0.999998
15 58 0.999998
15 59 0.999972
15 60 0.999998
15 61 0.999995
15 62 0.999996
15 63 0.999997
15 64 0.999998
15 65 0.999996
15 66 0.002681
15 67 0.999999
15 68 0.090388
15 69 0.005177
15 70 0.999998
15 71 0.999994
15 72 0.999841
15 73 0.999983
15 74 0.999996
15 75 0.003622
15 76 0.002681
15 77 0.999890
15 78 0.005177
15 79 0.999996
15 80 0.999994
15 81 0.999999
15 82 0.999977
15 83 0.000139
15 84 0.999997
15 85 0.006763
15 86 0.999997
15 87 0.999998
15 88 0.999991
15 89 0.999996
15 90 0.999998
15 91 0.999987
15 92 0.999998
15 93 0.883713
15 94 0.999996
15 95 0.999996
15 96 0.999992
15 97 0.999998
15 98 0.000218
15 99 0.999940
16 0 0.999998
16 1 0.999996
16 2 0.999998
16 3 0.999998
16 4 0.629352
16 5 0.999998
16 6 0.999998
16 7 0.999998
16 8 0.999998
16 9 0.011090
16 10 0.999998
16 11 0.999998
16 12 0.006763
16 13 0.999998
16 14 0.002681
16 15 0.999998
16 16 0.000000
16 17 0.999992
16 18 0.999990
16 19 0.999995
16 20 0.002681
16 21 0.999998
16 22 0.999862
16 23 0.999998
16 24 0.999997
16 25 0.999997
16 26 0.006763
16 27 0.998662
16 28 0.000218
16 29 0.999997
16 30 0.999997
16 31 0.999998
16 32 0.002681
16 33 0.999998
16 34 0.973967
16 35 0.999986
16 36 0.999996
16 37 0.999997
16 38 0.999995
16 39 0.999995
16 40 0.999998
16 41 0.999998
16 42 0.999989
16 43 0.391878
16 44 0.999997
16 45 0.999428
16 46 0.999999
16 47 0.999998
16 48 0.999998
16 49 0.999998
16 50 0.999927
16 51 0.999998
16 52 0.999998
16 53 0.999999
16 54 0.999998
16 55 0.999998
16 56 0.999997
16 57 0.999997
16 58 0.029925
16 59 0.999999
16 60 0.999998
16 61 0.999988
16 62 0.999999
16 63 0.999995
16 64 0.999998
16 65 0.999998
16 66 0.999999
16 67 0.992303
16 68 0.503965
16 69 0.999998
16 70 0.000372
16 71 0.999023
16 72 0.999994
16 73 0.999998
16 74 0.999999
16 75 0.999998
16 76 0.999992
16 77 0.999991
16 78 0.991689
16 79 0.999983
16 80 0.999996
16 81 0.999998
16 82 0.028526
16 83 0.999965
16 84 0.999998
16 85 0.999993
16 86 0.263461
16 87 0.999997
16 88 0.999996
16 89 0.999998
16 90 0.999998
16 91 0.011782
16 92 0.999996
16 93 0.999999
16 94 0.999998
16 95 0.999985
16 96 0.999998
16 97 0.019299
16 98 0.999998
16 99 0.014763
17 0 0.999993
17 1 0.032635
17 2 0.999998
17 3 0.999894
17 4 0.999997
17 5 0.911451
17 6 0.999998
17 7 0.060180
17 8 0.999886
17 9 0.999739
17 10 0.014763
17 11 0.999999
17 12 0.999998
17 13 0.999998
17 14 0.996911
17 15 0.999997
17 16 0.999992
17 17 0.000000
17 18 0.999997
17 19 0.999995
17 20 0.999996
17 21 0.977088
17 22 0.999998
17 23 0.999998
17 24 0.999999
17 25 0.087472
17 26 0.006763
17 27 0.999997
17 28 0.999998
17 29 0.999998
17 30 0.227550
17 31 0.999839
17 32 0.001279
17 33 0.184861
17 34 0.999996
17 35 0.999998
17 36 0.980633
17 37 0.999999
17 38 0.999998
17 39 0.844504
17 40 0.999977
17 41 0.951700
17 42 0.999989
17 43 0.001646
17 44 0.999774
17 45 0.999722
17 46 0.713187
17 47 0.999994
17 48 0.999996
17 49 0.999989
17 50 0.999999
17 51 0.019299
17 52 0.999994
17 53 0.999999
17 54 0.999998
17 55 0.999986
17 56 0.999998
17 57 0.999998
17 58 0.999998
17 59 0.999978
17 60 0.999996
17 61 0.999978
17 62 0.999999
17 63 0.999982
17 64 0.999998
17 65 0.999631
17 66 0.999998
17 67 0.999998
17 68 0.999999
17 69 0.998552
17 70 0.999997
17 71 0.999956
17 72 0.999987
17 73 0.998929
17 74 0.999998
17 75 0.999986
17 76 0.999998
17 77 0.008716
17 78 0.999998
17 79 0.999996
17 80 0.999997
17 81 0.999998
17 82 0.999988
17 83 0.999972
17 84 0.999998
17 85 0.999997
17 86 0.999998
17 87 0.999992
17 88 0.999644
17 89 0.999989
17 90 0.102123
17 91 0.999998
17 92 0.999833
17 93 0.999629
17 94 0.999999
17 95 0.999997
17 96 0.999998
17 97 0.999997
17 98 0.999997
17 99 0.999937
18 0 0.999998
18 1 0.999998
18 2 0.999998
18 3 0.999985
18 4 0.999998
18 5 0.999986
18 6 0.999998
18 7 0.999992
18 8 0.999993
18 9 0.999995
18 10 0.999997
18 11 0.999999
18 12 0.999996
18 13 0.999997
18 14 0.998914
18 15 0.999979
18 16 0.999990
18 17 0.999997
18 18 0.000000
18 19 0.999987
18 20 0.999999
18 21 0.999914
18 22 0.999996
18 23 0.999994
18 24 0.999998
18 25 0.005177
18 26 0.999987
18 27 0.999999
18 28 0.999993
18 29 0.999978
18 30 0.000372
18 31 0.999977
18 32 0.999978
18 33 0.999998
18 34 0.999995
18 35 0.000372
18 36 0.999998
18 37 0.999993
18 38 0.002681
18 39 0.001168
18 40 0.999998
18 41 0.999992
18 42 0.999999
18 43 0.999851
18 44 0.999996
18 45 0.999998
18 46 0.999997
18 47 0.999997
18 48 0.002681
18 49 0.999994
18 50 0.999998
18 51 0.999998
18 52 0.999998
18 53 0.999999
18 54 0.999930
18 55 0.005177
18 56 0.999969
18 57 0.999986
18 58 0.999993
18 59 0.999997
18 60 0.999999
18 61 0.999995
18 62 0.999996
18 63 0.999998
18 64 0.999996
18 65 0.999991
18 66 0.999999
18 67 0.999996
18 68 0.999998
18 69 0.406015
18 70 0.999997
18 71 0.999998
18 72 0.999997
18 73 0.999994
18 74 0.999868
18 75 0.999992
18 76 0.894801
18 77 0.999997
18 78 0.999998
18 79 0.999997
18 80 0.999999
18 81 0.999997
18 82 0.999997
18 83 0.999998
18 84 0.697012
18 85 0.999598
18 86 0.001279
18 87 0.999999
18 88 0.894801
18 89 0.999998
18 90 0.002681
18 91 0.999997
18 92 0.093360
18 93 0.999997
18 94 0.999998
18 95 0.999995
18 96 0.999999
18 97 0.999999
18 98 0.999996
18 99 0.999996
19 0 0.042353
19 1 0.999998
19 2 0.003622
19 3 0.028526
19 4 0.999998
19 5 0.999999
19 6 0.999997
19 7 0.999996
19 8 0.999976
19 9 0.999992
19 10 0.076782
19 11 0.999998
19 12 0.999987
19 13 0.999995
19 14 0.999995
19 15 0.999996
19 16 0.999995
19 17 0.999995
19 18 0.999987
19 19 0.000000
19 20 0.999770
19 21 0.999998
19 22 0.035762
19 23 0.999875
19 24 0.999996
19 25 0.999995
19 26 0.999993
19 27 0.999997
19 28 0.999999
19 29 0.999998
19 30 0.980147
19 31 0.999992
19 32 0.999997
19 33 0.999978
19 34 0.996100
19 35 0.999998
19 36 0.006763
19 37 0.999998
19 38 0.999998
19 39 0.999998
19 40 0.999999
19 41 0.999997
19 42 0.999994
19 43 0.999998
19 44 0.999985
19 45 0.011090
19 46 0.999997
19 47 0.999992
19 48 0.999994
19 49 0.999998
19 50 0.037145
19 51 0.999997
19 52 0.999997
19 53 0.999991
19 54 0.999979
19 55 0.999997
19 56 0.999999
19 57 0.999978
19 58 0.999990
19 59 0.999994
19 60 0.999994
19 61 0.999998
19 62 0.999982
19 63 0.999996
19 64 0.999994
19 65 0.999999
19 66 0.925726
19 67 0.999997
19 68 0.999999
19 69 0.999997
19 70 0.999998
19 71 0.999990
19 72 0.999998
19 73 0.999998
19 74 0.005177
19 75 0.999994
19 76 0.006763
19 77 0.999928
19 78 0.011782
19 79 0.999998
19 80 0.453650
19 81 0.999997
19 82 0.999994
19 83 0.999992
19 84 0.019299
19 85 0.999374
19 86 0.999996
19 87 0.999998
19 88 0.999999
19 89 0.999999
19 90 0.999992
19 91 0.999997
19 92 0.999999
19 93 0.999999
19 94 0.005177
19 95 0.999997
19 96 0.035762
19 97 0.019299
19 98 0.999998
19 99 0.999977
20 0 0.999998
20 1 0.995188
20 2 0.999997
20 3 0.999999
20 4 0.999999
20 5 0.999983
20 6 0.999998
20 7 0.997496
20 8 0.008170
20 9 0.999994
20 10 0.999998
20 11 0.999998
20 12 0.004480
20 13 0.999998
20 14 0.999973
20 15 0.999997
20 16 0.002681
20 17 0.999996
20 18 0.999999
20 19 0.999770
20 20 0.000000
20 21 0.998122
20 22 0.005177
20 23 0.999130
20 24 0.999998
20 25 0.999999
20 26 0.999993
20 27 0.001279
20 28 0.999998
20 29 0.999992
20 30 0.999999
20 31 0.999977
20 32 0.999998
20 33 0.999996
20 34 0.999999
20 35 0.999997
20 36 0.999999
20 37 0.999996
20 38 0.999997
20 39 0.999837
20 40 0.999999
20 41 0.999981
20 42 0.014763
20 43 0.999887
20 44 0.003622
20 45 0.999997
20 46 0.999997
20 47 0.011782
20 48 0.999978
20 49 0.121504
20 50 0.999999
20 51 0.999909
20 52 0.999998
20 53 0.999998
20 54 0.999999
20 55 0.019299
20 56 0.999999
20 57 0.999997
20 58 0.004818
20 59 0.999997
20 60 0.999970
20 61 0.263461
20 62 0.999999
20 63 0.999990
20 64 0.028526
20 65 0.999927
20 66 0.999991
20 67 0.999420
20 68 0.999995
20 69 0.999998
20 70 0.999998
20 71 0.227550
20 72 0.999997
20 73 0.999998
20 74 0.014763
20 75 0.999940
20 76 0.999996
20 77 0.999996
20 78 0.990761
20 79 0.999998
20 80 0.005177
20 81 0.999966
20 82 0.999997
20 83 0.999999
20 84 0.994793
20 85 0.928433
20 86 0.999963
20 87 0.999994
20 88 0.998591
20 89 0.999996
20 90 0.000814
20 91 0.108547
20 92 0.999999
20 93 0.999989
20 94 0.003622
20 95 0.999998
20 96 0.999997
20 97 0.999999
20 98 0.019299
20 99 0.999997
21 0 0.999998
21 1 0.999994
21 2 0.999997
21 3 0.838911
21 4 0.999998
21 5 0.994999
21 6 0.999984
21 7 0.005177
21 8 0.999998
21 9 0.999997
21 10 0.999999
21 11 0.999999
21 12 0.999996
21 13 0.999997
21 14 0.035762
21 15 0.999997
21 16 0.999998
21 17 0.977088
21 18 0.999914
21 19 0.999998
21 20 0.998122
21 21 0.000000
21 22 0.999997
21 23 0.999981
21 24 0.999998
21 25 0.999990
21 26 0.999971
21 27 0.999933
21 28 0.999990
21 29 0.999998
21 30 0.999974
21 31 0.999999
21 32 0.999998
21 33 0.999998
21 34 0.001279
21 35 0.999996
21 36 0.138922
21 37 0.999997
21 38 0.999996
21 39 0.038830
21 40 0.999997
21 41 0.999995
21 42 0.995938
21 43 0.999996
21 44 0.999998
21 45 0.999993
21 46 0.999997
21 47 0.999598
21 48 0.999989
21 49 0.999286
21 50 0.999999
21 51 0.999619
21 52 0.999997
21 53 0.999974
21 54 0.999990
21 55 0.999997
21 56 0.138922
21 57 0.999994
21 58 0.999998
21 59 0.999946
21 60 0.999998
21 61 0.999997
21 62 0.999998
21 63 0.999965
21 64 0.999998
21 65 0.999994
21 66 0.999999
21 67 0.999973
21 68 0.999749
21 69 0.999997
21 70 0.999906
21 71 0.999999
21 72 0.003622
21 73 0.999993
21 74 0.999988
21 75 0.005177
21 76 0.001279
21 77 0.999999
21 78 0.999998
21 79 0.005177
21 80 0.999993
21 81 0.999514
21 82 0.999998
21 83 0.006763
21 84 0.999984
21 85 0.999998
21 86 0.999998
21 87 0.999992
21 88 0.999998
21 89 0.999998
21 90 0.999997
21 91 0.028526
21 92 0.999996
21 93 0.999997
21 94 0.002681
21 95 0.998610
21 96 0.999989
21 97 0.999491
21 98 0.999993
21 99 0.999997
22 0 0.999997
22 1 0.218482
22 2 0.999996
22 3 0.999343
22 4 0.999821
22 5 0.999995
22 6 0.999993
22 7 0.802700
22 8 0.999996
22 9 0.999973
22 10 0.019299
22 11 0.999999
22 12 0.999997
22 13 0.999998
22 14 0.999998
22 15 0.999999
22 16 0.999862
22 17 0.999998
22 18 0.999996
22 19 0.035762
22 20 0.005177
22 21 0.999997
22 22 0.000000
22 23 0.999997
22 24 0.005177
22 25 0.999998
22 26 0.999990
22 27 0.999311
22 28 0.236027
22 29 0.051779
22 30 0.999998
22 31 0.999998
22 32 0.999987
22 33 0.999998
22 34 0.999994
22 35 0.005177
22 36 0.999999
22 37 0.213986
22 38 0.999998
22 39 0.002681
22 40 0.956464
22 41 0.999998
22 42 0.999997
22 43 0.999998
22 44 0.999989
22 45 0.999998
22 46 0.999995
22 47 0.999999
22 48 0.999993
22 49 0.999940
22 50 0.999998
22 51 0.999995
22 52 0.999996
22 53 0.999990
22 54 0.999996
22 55 0.999998
22 56 0.999994
22 57 0.999997
22 58 0.999992
22 59 0.999998
22 60 0.999998
22 61 0.999934
22 62 0.018287
22 63 0.011782
22 64 0.995883
22 65 0.778725
22 66 0.999998
22 67 0.999996
22 68 0.999998
22 69 0.999994
22 70 0.999987
22 71 0.999994
22 72 0.999994
22 73 0.999999
22 74 0.999997
22 75 0.006763
22 76 0.999998
22 77 0.999943
22 78 0.999998
22 79 0.999997
22 80 0.999999
22 81 0.999998
22 82 0.999994
22 83 0.999997
22 84 0.121504
22 85 0.999986
22 86 0.999996
22 87 0.005177
22 88 0.999997
22 89 0.999997
22 90 0.999996
22 91 0.999998
22 92 0.902215
22 93 0.999991
22 94 0.999978
22 95 0.999999
22 96 0.999997
22 97 0.999997
22 98 0.999995
22 99 0.999998
23 0 0.999999
23 1 0.999997
23 2 0.999969
23 3 0.999998
23 4 0.002681
23 5 0.999995
23 6 0.999998
23 7 0.999996
23 8 0.999998
23 9 0.999994
23 10 0.999988
23 11 0.999998
23 12 0.999443
23 13 0.999998
23 14 0.999998
23 15 0.999995
23 16 0.999998
23 17 0.999998
23 18 0.999994
23 19 0.999875
23 20 0.999130
23 21 0.999981
23 22 0.999997
23 23 0.000000
23 24 0.035762
23 25 0.999998
23 26 0.999998
23 27 0.999998
23 28 0.999997
23 29 0.999998
23 30 0.999998
23 31 0.999987
23 32 0.999999
23 33 0.999998
23 34 0.999998
23 35 0.999995
23 36 0.999967
23 37 0.999999
23 38 0.006763
23 39 0.999686
23 40 0.999998
23 41 0.005177
23 42 0.999968
23 43 0.956375
23 44 0.001279
23 45 0.999998
23 46 0.004818
23 47 0.999998
23 48 0.066931
23 49 0.999995
23 50 0.138922
23 51 0.999998
23 52 0.999993
23 53 0.999998
23 54 0.999997
23 55 0.999998
23 56 0.001279
23 57 0.014763
23 58 0.999998
23 59 0.000139
23 60 0.999992
23 61 0.999993
23 62 0.042353
23 63 0.999998
23 64 0.999991
23 65 0.999998
23 66 0.999996
23 67 0.999998
23 68 0.999997
23 69 0.999998
23 70 0.997184
23 71 0.999997
23 72 0.001794
23 73 0.999998
23 74 0.999997
23 75 0.999925
23 76 0.999986
23 77 0.999918
23 78 0.011782
23 79 0.999952
23 80 0.002681
23 81 0.999998
23 82 0.673535
23 83 0.999987
23 84 0.999994
23 85 0.999996
23 86 0.999998
23 87 0.999999
23 88 0.999998
23 89 0.999978
23 90 0.999977
23 91 0.994999
23 92 0.999997
23 93 0.121504
23 94 0.999999
23 95 0.999989
23 96 0.999713
23 97 0.999942
23 98 0.999998
23 99 0.999996
24 0 0.999998
24 1 0.999998
24 2 0.999998
24 3 0.999998
24 4 0.999999
24 5 0.999999
24 6 0.999997
24 7 0.999962
24 8 0.999998
24 9 0.999999
24 10 0.999998
24 11 0.999997
24 12 0.002681
24 13 0.999995
24 14 0.989082
24 15 0.999978
24 16 0.999997
24 17 0.999999
24 18 0.999998
24 19 0.999996
24 20 0.999998
24 21 0.999998
24 22 0.005177
24 23 0.035762
24 24 0.000000
24 25 0.999994
24 26 0.999956
24 27 0.999993
24 28 0.999397
24 29 0.999998
24 30 0.999999
24 31 0.022408
24 32 0.999997
24 33 0.999997
24 34 0.999997
24 35 0.011782
24 36 0.999997
24 37 0.999998
24 38 0.999998
24 39 0.999997
24 40 0.999998
24 41 0.005177
24 42 0.734393
24 43 0.999999
24 44 0.999996
24 45 0.999998
24 46 0.999997
24 47 0.999749
24 48 0.999994
24 49 0.999998
24 50 0.999998
24 51 0.999959
24 52 0.023583
24 53 0.011782
24 54 0.999998
24 55 0.005177
24 56 0.999998
24 57 0.002681
24 58 0.999998
24 59 0.011782
24 60 0.999963
24 61 0.999994
24 62 0.999993
24 63 0.999999
24 64 0.999998
24 65 0.939267
24 66 0.999995
24 67 0.999999
24 68 0.999997
24 69 0.019299
24 70 0.999989
24 71 0.999999
24 72 0.429954
24 73 0.999999
24 74 0.999999
24 75 0.002681
24 76 0.023583
24 77 0.076783
24 78 0.999991
24 79 0.999994
24 80 0.999998
24 81 0.999999
24 82 0.962146
24 83 0.999998
24 84 0.999955
24 85 0.999949
24 86 0.999995
24 87 0.006317
24 88 0.999996
24 89 0.999998
24 90 0.999916
24 91 0.999997
24 92 0.999197
24 93 0.999956
24 94 0.999944
24 95 0.999998
24 96 0.999981
24 97 0.999998
24 98 0.999885
24 99 0.999998
25 0 0.999999
25 1 0.999999
25 2 0.999996
25 3 0.005177
25 4 0.001794
25 5 0.999998
25 6 0.999996
25 7 0.999996
25 8 0.999998
25 9 0.999997
25 10 0.999999
25 11 0.999998
25 12 0.999997
25 13 0.999998
25 14 0.999874
25 15 0.999962
25 16 0.999997
25 17 0.087472
25 18 0.005177
25 19 0.999995
25 20 0.999999
25 21 0.999990
25 22 0.999998
25 23 0.999998
25 24 0.999994
25 25 0.000000
25 26 0.999830
25 27 0.999996
25 28 0.999942
25 29 0.999997
25 30 0.055708
25 31 0.999997
25 32 0.999999
25 33 0.023583
25 34 0.999993
25 35 0.998415
25 36 0.005177
25 37 0.999998
25 38 0.999471
25 39 0.999998
25 40 0.022408
25 41 0.999999
25 42 0.999783
25 43 0.002097
25 44 0.060180
25 45 0.999997
25 46 0.950508
25 47 0.999998
25 48 0.999887
25 49 0.999985
25 50 0.999906
25 51 0.999984
25 52 0.999966
25 53 0.999996
25 54 0.999997
25 55 0.999990
25 56 0.999990
25 57 0.999999
25 58 0.991783
25 59 0.999845
25 60 0.999777
25 61 0.018287
25 62 0.999998
25 63 0.999996
25 64 0.999995
25 65 0.999998
25 66 0.028526
25 67 0.017316
25 68 0.003622
25 69 0.999984
25 70 0.999998
25 71 0.011090
25 72 0.999993
25 73 0.999981
25 74 0.968808
25 75 0.011782
25 76 0.999998
25 77 0.983223
25 78 0.999725
25 79 0.999996
25 80 0.999998
25 81 0.999997
25 82 0.999949
25 83 0.999994
25 84 0.999998
25 85 0.999998
25 86 0.999739
25 87 0.999998
25 88 0.999993
25 89 0.999999
25 90 0.992109
25 91 0.999902
25 92 0.999968
25 93 0.999999
25 94 0.999978
25 95 0.001279
25 96 0.999996
25 97 0.999997
25 98 0.999997
25 99 0.999998
26 0 0.999656
26 1 0.999993
26 2 0.999994
26 3 0.999661
26 4 0.999977
26 5 0.014763
26 6 0.011782
26 7 0.005177
26 8 0.999996
26 9 0.999348
26 10 0.855165
26 11 0.923918
26 12 0.999997
26 13 0.999998
26 14 0.999955
26 15 0.999609
26 16 0.006763
26 17 0.006763
26 18 0.999987
26 19 0.999993
26 20 0.999993
26 21 0.999971
26 22 0.999990
26 23 0.999998
26 24 0.999956
26 25 0.999830
26 26 0.000000
26 27 0.999986
26 28 0.999999
26 29 0.999997
26 30 0.028526
26 31 0.999997
26 32 0.999998
26 33 0.999998
26 34 0.999998
26 35 0.999998
26 36 0.999998
26 37 0.999997
26 38 0.999996
26 39 0.005177
26 40 0.999924
26 41 0.999991
26 42 0.999999
26 43 0.013938
26 44 0.999998
26 45 0.999996
26 46 0.002681
26 47 0.999998
26 48 0.008716
26 49 0.022408
26 50 0.005177
26 51 0.999920
26 52 0.999997
26 53 0.999998
26 54 0.999999
26 55 0.999998
26 56 0.999997
26 57 0.042353
26 58 0.999995
26 59 0.999997
26 60 0.029925
26 61 0.999994
26 62 0.999998
26 63 0.999992
26 64 0.047734
26 65 0.999970
26 66 0.999998
26 67 0.999999
26 68 0.999998
26 69 0.999997
26 70 0.999998
26 71 0.019299
26 72 0.999313
26 73 0.999995
26 74 0.999997
26 75 0.999998
26 76 0.014763
26 77 0.999996
26 78 0.999955
26 79 0.000372
26 80 0.999998
26 81 0.993427
26 82 0.000372
26 83 0.005177
26 84 0.999998
26 85 0.999997
26 86 0.999991
26 87 0.999992
26 88 0.999998
26 89 0.999998
26 90 0.999967
26 91 0.000139
26 92 0.999996
26 93 0.001168
26 94 0.999993
26 95 0.999997
26 96 0.999997
26 97 0.999994
26 98 0.999984
26 99 0.999984
27 0 0.035762
27 1 0.019299
27 2 0.593958
27 3 0.999998
27 4 0.999993
27 5 0.999386
27 6 0.976514
27 7 0.999994
27 8 0.999998
27 9 0.001794
27 10 0.999997
27 11 0.999992
27 12 0.999900
27 13 0.999999
27 14 0.999992
27 15 0.999998
27 16 0.998662
27 17 0.999997
27 18 0.999999
27 19 0.999997
27 20 0.001279
27 21 0.999933
27 22 0.999311
27 23 0.999998
27 24 0.999993
27 25 0.999996
27 26 0.999986
27 27 0.000000
27 28 0.999996
27 29 0.990528
27 30 0.999981
27 31 0.028526
27 32 0.999997
27 33 0.999995
27 34 0.999996
27 35 0.999964
27 36 0.999997
27 37 0.805078
27 38 0.999970
27 39 0.999998
27 40 0.999995
27 41 0.999848
27 42 0.999994
27 43 0.999996
27 44 0.019299
27 45 0.999998
27 46 0.999997
27 47 0.812062
27 48 0.999999
27 49 0.999998
27 50 0.999996
27 51 0.996875
