0 0 0.000000
0 1 0.005050
0 2 0.013139
0 3 0.000001
0 4 0.004448
0 5 0.033894
0 6 0.735048
0 7 0.206793
0 8 0.508189
0 9 0.985082
0 10 0.013139
0 11 0.005717
0 12 0.745614
0 13 0.000020
0 14 0.004448
0 15 0.013139
0 16 0.013139
0 17 0.184104
0 18 0.437667
0 19 0.004448
0 20 0.004448
0 21 0.133011
0 22 0.005050
0 23 0.013139
0 24 0.039648
0 25 0.014543
0 26 0.997648
0 27 0.000002
0 28 0.042764
0 29 0.004448
0 30 0.508189
0 31 0.998498
0 32 0.004448
0 33 0.066696
0 34 0.000020
0 35 0.001149
0 36 0.019447
0 37 0.013139
0 38 0.184104
0 39 0.000212
0 40 0.266582
0 41 0.001149
0 42 0.013139
0 43 0.618188
0 44 0.126724
0 45 0.013139
0 46 0.017692
0 47 0.001572
0 48 0.033894
0 49 0.214572
0 50 0.013139
0 51 0.977326
0 52 0.033894
0 53 0.004448
0 54 0.014543
0 55 0.724139
0 56 0.016059
0 57 0.000020
0 58 0.004448
0 59 0.463220
0 60 0.013139
0 61 0.005717
0 62 0.000313
0 63 0.001346
0 64 0.004448
0 65 0.066696
0 66 0.001149
0 67 0.001346
0 68 0.206794
0 69 0.000258
0 70 0.004448
0 71 0.114625
0 72 0.004448
0 73 0.999266
0 74 0.004448
0 75 0.364706
0 76 0.017692
0 77 0.005717
0 78 0.013139
0 79 0.007262
0 80 0.767655
0 81 0.001346
0 82 0.004448
0 83 0.001149
0 84 0.013139
0 85 0.000001
0 86 0.999988
0 87 0.005717
0 88 0.013139
0 89 0.039648
0 90 0.005717
0 91 0.005050
0 92 0.001149
0 93 0.184104
0 94 0.581862
0 95 0.001149
0 96 0.000212
0 97 0.824988
0 98 0.014543
0 99 0.001149
1 0 0.005050
1 1 0.000000
1 2 0.954116
1 3 0.001829
1 4 0.014543
1 5 0.589294
1 6 0.114625
1 7 0.004448
1 8 0.001149
1 9 0.004448
1 10 0.999995
1 11 0.013139
1 12 0.139447
1 13 0.976789
1 14 0.000313
1 15 0.008150
1 16 0.001346
1 17 0.004448
1 18 0.033894
1 19 0.033894
1 20 0.016059
1 21 0.014543
1 22 0.004448
1 23 0.000026
1 24 0.071066
1 25 0.004448
1 26 0.019447
1 27 0.033894
1 28 0.013139
1 29 0.990869
1 30 0.001149
1 31 0.001149
1 32 0.373431
1 33 0.033894
1 34 0.988048
1 35 0.005050
1 36 0.618184
1 37 0.001346
1 38 0.013139
1 39 0.013139
1 40 0.338564
1 41 0.004448
1 42 0.033894
1 43 0.230432
1 44 0.258256
1 45 0.004448
1 46 0.004448
1 47 0.000020
1 48 0.005050
1 49 0.004448
1 50 0.013139
1 51 0.039648
1 52 0.036692
1 53 0.821187
1 54 0.347268
1 55 0.039648
1 56 0.013139
1 57 0.036692
1 58 0.191553
1 59 0.004448
1 60 0.004448
1 61 0.184104
1 62 0.001149
1 63 0.000026
1 64 0.075609
1 65 0.001346
1 66 0.013139
1 67 0.066696
1 68 0.033894
1 69 0.373393
1 70 0.000212
1 71 0.990427
1 72 0.000042
1 73 0.000212
1 74 0.014543
1 75 0.524377
1 76 0.001149
1 77 0.005050
1 78 0.039648
1 79 0.016059
1 80 0.013139
1 81 0.000020
1 82 0.001149
1 83 0.001829
1 84 0.005050
1 85 0.013139
1 86 0.090281
1 87 0.013139
1 88 0.033894
1 89 0.004448
1 90 0.274972
1 91 0.206794
1 92 0.036692
1 93 0.005717
1 94 0.016059
1 95 0.000020
1 96 0.990427
1 97 0.355984
1 98 0.000020
1 99 0.013139
2 0 0.013139
2 1 0.954116
2 2 0.000000
2 3 0.017692
2 4 0.999748
2 5 0.000001
2 6 0.014543
2 7 0.005717
2 8 0.735048
2 9 0.000026
2 10 0.004448
2 11 0.066696
2 12 0.001346
2 13 0.004448
2 14 0.000212
2 15 0.001572
2 16 0.013139
2 17 0.013139
2 18 0.191553
2 19 0.001346
2 20 0.004448
2 21 0.005050
2 22 0.000020
2 23 0.000026
2 24 0.007262
2 25 0.013139
2 26 0.004448
2 27 0.014543
2 28 0.001346
2 29 0.013139
2 30 0.004448
2 31 0.963122
2 32 0.000212
2 33 0.013139
2 34 0.000020
2 35 0.686771
2 36 0.001149
2 37 0.033894
2 38 0.000020
2 39 0.001149
2 40 0.680604
2 41 0.004448
2 42 0.000212
2 43 0.001829
2 44 0.184104
2 45 0.000020
2 46 0.075609
2 47 0.005717
2 48 0.850964
2 49 0.017692
2 50 0.274971
2 51 0.071066
2 52 0.000001
2 53 0.000020
2 54 0.463223
2 55 0.680602
2 56 0.013139
2 57 0.016059
2 58 0.001149
2 59 0.004448
2 60 0.993863
2 61 0.000212
2 62 0.013139
2 63 0.940293
2 64 0.080327
2 65 0.075609
2 66 0.005050
2 67 0.001149
2 68 0.039648
2 69 0.005050
2 70 0.126724
2 71 0.004448
2 72 0.000258
2 73 0.005717
2 74 0.005050
2 75 0.090279
2 76 0.013139
2 77 0.001346
2 78 0.373430
2 79 0.033894
2 80 0.014543
2 81 0.000001
2 82 0.004448
2 83 0.066696
2 84 0.990427
2 85 0.004448
2 86 0.013139
2 87 0.000212
2 88 0.014543
2 89 0.114625
2 90 0.999990
2 91 0.005050
2 92 0.735048
2 93 0.922477
2 94 0.000212
2 95 0.004448
2 96 0.004448
2 97 0.014543
2 98 0.347268
2 99 0.611091
3 0 0.000001
3 1 0.001829
3 2 0.017692
3 3 0.000000
3 4 0.005050
3 5 0.004448
3 6 0.005717
3 7 0.001149
3 8 0.013139
3 9 0.004448
3 10 0.066696
3 11 0.001149
3 12 0.004448
3 13 0.013139
3 14 0.000258
3 15 0.033894
3 16 0.001149
3 17 0.014543
3 18 0.001829
3 19 0.000020
3 20 0.000313
3 21 0.001149
3 22 0.001149
3 23 0.000020
3 24 0.896407
3 25 0.005050
3 26 0.000378
3 27 0.016059
3 28 0.004448
3 29 0.004448
3 30 0.016059
3 31 0.036692
3 32 0.004448
3 33 0.603909
3 34 0.001149
3 35 0.014543
3 36 0.016059
3 37 0.013139
3 38 0.001149
3 39 0.014543
3 40 0.013139
3 41 0.004448
3 42 0.033894
3 43 0.016059
3 44 0.013139
3 45 0.000258
3 46 0.000001
3 47 0.036692
3 48 0.023340
3 49 0.004448
3 50 0.120595
3 51 0.013139
3 52 0.066696
3 53 0.126724
3 54 0.000212
3 55 0.016059
3 56 0.014543
3 57 0.975099
3 58 0.013139
3 59 0.114625
3 60 0.000212
3 61 0.004448
3 62 0.001149
3 63 0.004448
3 64 0.000212
3 65 0.005050
3 66 0.000313
3 67 0.159655
3 68 0.828717
3 69 0.000001
3 70 0.000313
3 71 0.004448
3 72 0.001149
3 73 0.001149
3 74 0.004448
3 75 0.042764
3 76 0.005050
3 77 0.004448
3 78 0.004448
3 79 0.927603
3 80 0.120595
3 81 0.004448
3 82 0.000033
3 83 0.085218
3 84 0.000258
3 85 0.013139
3 86 0.532367
3 87 0.000258
3 88 0.000020
3 89 0.013139
3 90 0.222459
3 91 0.013139
3 92 0.000026
3 93 0.049489
3 94 0.001149
3 95 0.000053
3 96 0.013139
3 97 0.001346
3 98 0.004448
3 99 0.001149
4 0 0.004448
4 1 0.014543
4 2 0.999748
4 3 0.005050
4 4 0.000000
4 5 0.036692
4 6 0.033894
4 7 0.000020
4 8 0.039648
4 9 0.013139
4 10 0.013139
4 11 0.033894
4 12 0.516316
4 13 0.004448
4 14 0.019447
4 15 0.033894
4 16 0.001149
4 17 0.014543
4 18 0.004448
4 19 0.004448
4 20 0.001346
4 21 0.001149
4 22 0.013139
4 23 0.014543
4 24 0.001149
4 25 0.283418
4 26 0.005050
4 27 0.390883
4 28 0.005050
4 29 0.001149
4 30 0.000212
4 31 0.001149
4 32 0.001149
4 33 0.004448
4 34 0.000258
4 35 0.005050
4 36 0.016059
4 37 0.014543
4 38 0.036692
4 39 0.007262
4 40 0.033894
4 41 0.004448
4 42 0.004448
4 43 0.000026
4 44 0.007262
4 45 0.005050
4 46 0.013139
4 47 0.000020
4 48 0.563626
4 49 0.004448
4 50 0.258256
4 51 0.014543
4 52 0.013139
4 53 0.001149
4 54 0.437667
4 55 0.066696
4 56 0.033894
4 57 0.000020
4 58 0.000020
4 59 0.013139
4 60 0.001149
4 61 0.071066
4 62 0.437668
4 63 0.033894
4 64 0.364707
4 65 0.023340
4 66 0.004448
4 67 0.004448
4 68 0.071066
4 69 0.999856
4 70 0.001346
4 71 0.004448
4 72 0.000020
4 73 0.000020
4 74 0.274971
4 75 0.001149
4 76 0.019447
4 77 0.013139
4 78 0.013139
4 79 0.266582
4 80 0.033894
4 81 0.000212
4 82 0.000020
4 83 0.000020
4 84 0.033894
4 85 0.009123
4 86 0.004448
4 87 0.999193
4 88 0.001149
4 89 0.680604
4 90 0.033894
4 91 0.075609
4 92 0.014543
4 93 0.924223
4 94 0.005050
4 95 0.382148
4 96 0.382154
4 97 0.004448
4 98 0.133011
4 99 0.014543
5 0 0.033894
5 1 0.589294
5 2 0.000001
5 3 0.004448
5 4 0.036692
5 5 0.000000
5 6 0.005050
5 7 0.014543
5 8 0.075609
5 9 0.071066
5 10 0.004448
5 11 0.019446
5 12 0.777116
5 13 0.004448
5 14 0.004448
5 15 0.004448
5 16 0.199118
5 17 0.005050
5 18 0.014543
5 19 0.036693
5 20 0.000020
5 21 0.001149
5 22 0.001149
5 23 0.001149
5 24 0.005050
5 25 0.004448
5 26 0.004448
5 27 0.000212
5 28 0.013139
5 29 0.230433
5 30 0.000026
5 31 0.013139
5 32 0.001346
5 33 0.080327
5 34 0.005050
5 35 0.013139
5 36 0.080326
5 37 0.004448
5 38 0.053098
5 39 0.000212
5 40 0.013139
5 41 0.000212
5 42 0.013139
5 43 0.016059
5 44 0.005717
5 45 0.000212
5 46 0.001149
5 47 0.000001
5 48 0.000001
5 49 0.000026
5 50 0.000020
5 51 0.001346
5 52 0.001149
5 53 0.000020
5 54 0.036692
5 55 0.508189
5 56 0.033894
5 57 0.001149
5 58 0.000212
5 59 0.309055
5 60 0.016059
5 61 0.000020
5 62 0.013139
5 63 0.961365
5 64 0.071066
5 65 0.013139
5 66 0.999615
5 67 0.686769
5 68 0.014543
5 69 0.002820
5 70 0.066696
5 71 0.206794
5 72 0.014543
5 73 0.001572
5 74 0.005717
5 75 0.014543
5 76 0.364706
5 77 0.813366
5 78 0.014543
5 79 0.000212
5 80 0.004448
5 81 0.001346
5 82 0.005050
5 83 0.006452
5 84 0.016059
5 85 0.046042
5 86 0.114625
5 87 0.014543
5 88 0.828732
5 89 0.004448
5 90 0.013139
5 91 0.001149
5 92 0.013139
5 93 0.718551
5 94 0.001149
5 95 0.085216
5 96 0.000026
5 97 0.199118
5 98 0.005050
5 99 0.013139
6 0 0.735048
6 1 0.114625
6 2 0.014543
6 3 0.005717
6 4 0.033894
6 5 0.005050
6 6 0.000000
6 7 0.013139
6 8 0.000212
6 9 0.000545
6 10 0.126725
6 11 0.004448
6 12 0.013139
6 13 0.949667
6 14 0.000020
6 15 0.001346
6 16 0.373431
6 17 0.033894
6 18 0.033894
6 19 0.005050
6 20 0.000258
6 21 0.023341
6 22 0.013139
6 23 0.036693
6 24 0.033894
6 25 0.927605
6 26 0.000212
6 27 0.017692
6 28 0.033894
6 29 0.000042
6 30 0.013139
6 31 0.005050
6 32 0.014543
6 33 0.013139
6 34 0.005717
6 35 0.005717
6 36 0.016059
6 37 0.429074
6 38 0.000020
6 39 0.001346
6 40 0.000020
6 41 0.005050
6 42 0.000020
6 43 0.014543
6 44 0.863486
6 45 0.000001
6 46 0.000020
6 47 0.000212
6 48 0.001346
6 49 0.000212
6 50 0.066696
6 51 0.000020
6 52 0.013139
6 53 0.000258
6 54 0.006452
6 55 0.790691
6 56 0.355984
6 57 0.364707
6 58 0.000020
6 59 0.000020
6 60 0.004448
6 61 0.000020
6 62 0.004448
6 63 0.042763
6 64 0.001149
6 65 0.258256
6 66 0.013139
6 67 0.347268
6 68 0.013139
6 69 0.999962
6 70 0.075609
6 71 0.014543
6 72 0.000258
6 73 0.983991
6 74 0.729638
6 75 0.463223
6 76 0.005717
6 77 0.001149
6 78 0.013139
6 79 0.033894
6 80 0.000020
6 81 0.114625
6 82 0.014543
6 83 0.004448
6 84 0.004448
6 85 0.000212
6 86 0.000020
6 87 0.000020
6 88 0.000020
6 89 0.033894
6 90 0.999249
6 91 0.692848
6 92 0.004448
6 93 0.854188
6 94 0.000212
6 95 0.001149
6 96 0.014543
6 97 0.033894
6 98 0.001149
6 99 0.001572
7 0 0.206793
7 1 0.004448
7 2 0.005717
7 3 0.001149
7 4 0.000020
7 5 0.014543
7 6 0.013139
7 7 0.000000
7 8 0.000212
7 9 0.767655
7 10 0.998854
7 11 0.004448
7 12 0.977311
7 13 0.004448
7 14 0.016059
7 15 0.005050
7 16 0.000001
7 17 0.000026
7 18 0.999684
7 19 0.000212
7 20 0.000020
7 21 0.001572
7 22 0.000212
7 23 0.017692
7 24 0.004448
7 25 0.005050
7 26 0.000212
7 27 0.013139
7 28 0.000212
7 29 0.005050
7 30 0.001149
7 31 0.184104
7 32 0.013139
7 33 0.036692
7 34 0.033894
7 35 0.042764
7 36 0.004448
7 37 0.005050
7 38 0.006452
7 39 0.033894
7 40 0.001346
7 41 0.001149
7 42 0.013139
7 43 0.006452
7 44 0.004448
7 45 0.000026
7 46 0.036693
7 47 0.971740
7 48 0.013139
7 49 0.014543
7 50 0.013139
7 51 0.014543
7 52 0.611090
7 53 0.001149
7 54 0.004448
7 55 0.881542
7 56 0.000026
7 57 0.191553
7 58 0.033894
7 59 0.000020
7 60 0.001149
7 61 0.001149
7 62 0.013139
7 63 0.001149
7 64 0.033894
7 65 0.033894
7 66 0.004448
7 67 0.772427
7 68 0.013139
7 69 0.000001
7 70 0.013139
7 71 0.000026
7 72 0.014543
7 73 0.000258
7 74 0.014543
7 75 0.004448
7 76 0.998798
7 77 0.692841
7 78 0.027764
7 79 0.000020
7 80 0.033894
7 81 0.013139
7 82 0.001346
7 83 0.033894
7 84 0.994146
7 85 0.000020
7 86 0.006452
7 87 0.999765
7 88 0.001346
7 89 0.000212
7 90 0.013139
7 91 0.014543
7 92 0.013139
7 93 0.120595
7 94 0.009125
7 95 0.001149
7 96 0.013139
7 97 0.013139
7 98 0.000212
7 99 0.000313
8 0 0.508189
8 1 0.001149
8 2 0.735048
8 3 0.013139
8 4 0.039648
8 5 0.075609
8 6 0.000212
8 7 0.000212
8 8 0.000000
8 9 0.000020
8 10 0.000020
8 11 0.013139
8 12 0.000001
8 13 0.013139
8 14 0.001149
8 15 0.000001
8 16 0.000020
8 17 0.347268
8 18 0.001346
8 19 0.016059
8 20 0.033894
8 21 0.066696
8 22 0.004448
8 23 0.000020
8 24 0.001149
8 25 0.001572
8 26 0.000258
8 27 0.033894
8 28 0.019446
8 29 0.004448
8 30 0.004448
8 31 0.004448
8 32 0.001149
8 33 0.000020
8 34 0.000455
8 35 0.001572
8 36 0.013139
8 37 0.120595
8 38 0.004448
8 39 0.005050
8 40 0.001149
8 41 0.555926
8 42 0.036692
8 43 0.013139
8 44 0.001149
8 45 0.013139
8 46 0.000020
8 47 0.429074
8 48 0.480035
8 49 0.004448
8 50 0.004448
8 51 0.112227
8 52 0.036693
8 53 0.004448
8 54 0.925932
8 55 0.000002
8 56 0.199118
8 57 0.066696
8 58 0.005050
8 59 0.033894
8 60 0.126725
8 61 0.014543
8 62 0.000020
8 63 0.013139
8 64 0.036692
8 65 0.013139
8 66 0.001346
8 67 0.013139
8 68 0.005050
8 69 0.000020
8 70 0.004448
8 71 0.001149
8 72 0.000042
8 73 0.033894
8 74 0.000020
8 75 0.014543
8 76 0.001149
8 77 0.004448
8 78 0.007262
8 79 0.524377
8 80 0.000212
8 81 0.000212
8 82 0.001149
8 83 0.013139
8 84 0.001149
8 85 0.033894
8 86 0.017692
8 87 0.001572
8 88 0.004448
8 89 0.014543
8 90 0.940293
8 91 0.001149
8 92 0.146039
8 93 0.000020
8 94 0.013139
8 95 0.781723
8 96 0.013139
8 97 0.114625
8 98 0.001829
8 99 0.001149
9 0 0.985082
9 1 0.004448
9 2 0.000026
9 3 0.004448
9 4 0.013139
9 5 0.071066
9 6 0.000545
9 7 0.767655
9 8 0.000020
9 9 0.000000
9 10 0.036692
9 11 0.740369
9 12 0.524377
9 13 0.817314
9 14 0.120595
9 15 0.000020
9 16 0.000020
9 17 0.790689
9 18 0.000020
9 19 0.000001
9 20 0.001149
9 21 0.006452
9 22 0.000001
9 23 0.013139
9 24 0.039648
9 25 0.729638
9 26 0.014543
9 27 0.013139
9 28 0.016059
9 29 0.000212
9 30 0.001346
9 31 0.023340
9 32 0.042764
9 33 0.013139
9 34 0.036692
9 35 0.017692
9 36 0.001149
9 37 0.016059
9 38 0.001149
9 39 0.001149
9 40 0.013139
9 41 0.004448
9 42 0.004448
9 43 0.000258
9 44 0.001346
9 45 0.000002
9 46 0.013139
9 47 0.000212
9 48 0.014543
9 49 0.071066
9 50 0.005050
9 51 0.005050
9 52 0.114625
9 53 0.347268
9 54 0.016059
9 55 0.001149
9 56 0.000020
9 57 0.364707
9 58 0.014543
9 59 0.013139
9 60 0.005717
9 61 0.004448
9 62 0.000258
9 63 0.000001
9 64 0.013139
9 65 0.004448
9 66 0.013139
9 67 0.000455
9 68 0.000258
9 69 0.016059
9 70 0.066696
9 71 0.668002
9 72 0.807630
9 73 0.004448
9 74 0.013139
9 75 0.480040
9 76 0.013139
9 77 0.013139
9 78 0.036693
9 79 0.001149
9 80 0.191553
9 81 0.001149
9 82 0.001149
9 83 0.000020
9 84 0.355984
9 85 0.000020
9 86 0.000258
9 87 0.014543
9 88 0.013139
9 89 0.884151
9 90 0.000020
9 91 0.735045
9 92 0.000020
9 93 0.000258
9 94 0.033894
9 95 0.004448
9 96 0.036692
9 97 0.990427
9 98 0.006452
9 99 0.004448
10 0 0.013139
10 1 0.999995
10 2 0.004448
10 3 0.066696
10 4 0.013139
10 5 0.004448
10 6 0.126725
10 7 0.998854
10 8 0.000020
10 9 0.036692
10 10 0.000000
10 11 0.000258
10 12 0.004448
10 13 0.013139
10 14 0.013139
10 15 0.004448
10 16 0.005050
10 17 0.001572
10 18 0.033894
10 19 0.001346
10 20 0.066696
10 21 0.013139
10 22 0.000001
10 23 0.036692
10 24 0.005050
10 25 0.114626
10 26 0.005050
10 27 0.013139
10 28 0.013139
10 29 0.990650
10 30 0.033894
10 31 0.007262
10 32 0.004448
10 33 0.014543
10 34 0.001346
10 35 0.004448
10 36 0.126724
10 37 0.981821
10 38 0.000020
10 39 0.005050
10 40 0.114625
10 41 0.004448
10 42 0.001346
10 43 0.000026
10 44 0.004448
10 45 0.000212
10 46 0.191553
10 47 0.042763
10 48 0.004448
10 49 0.004448
10 50 0.005717
10 51 0.017692
10 52 0.001346
10 53 0.005717
10 54 0.085217
10 55 0.001149
10 56 0.004448
10 57 0.767655
10 58 0.999849
10 59 0.005050
10 60 0.001829
10 61 0.437667
10 62 0.000020
10 63 0.355984
10 64 0.004448
10 65 0.033894
10 66 0.023340
10 67 0.000212
10 68 0.033894
10 69 0.013139
10 70 0.013139
10 71 0.000020
10 72 0.013139
10 73 0.000212
10 74 0.033894
10 75 0.013139
10 76 0.014543
10 77 0.000026
10 78 0.997421
10 79 0.004448
10 80 0.066696
10 81 0.004448
10 82 0.152777
10 83 0.152775
10 84 0.338564
10 85 0.463237
10 86 0.001346
10 87 0.013139
10 88 0.095515
10 89 0.258256
10 90 0.004448
10 91 0.133011
10 92 0.000026
10 93 0.013139
10 94 0.000053
10 95 0.437667
10 96 0.004448
10 97 0.000212
10 98 0.033894
10 99 0.184104
11 0 0.005717
11 1 0.013139
11 2 0.066696
11 3 0.001149
11 4 0.033894
11 5 0.019446
11 6 0.004448
11 7 0.004448
11 8 0.013139
11 9 0.740369
11 10 0.000258
11 11 0.000000
11 12 0.000020
11 13 0.013139
11 14 0.965610
11 15 0.999145
11 16 0.120595
11 17 0.001149
11 18 0.004448
11 19 0.001149
11 20 0.004448
11 21 0.017692
11 22 0.036693
11 23 0.004448
11 24 0.000001
11 25 0.000001
11 26 0.540296
11 27 0.036692
11 28 0.014543
11 29 0.120595
11 30 0.000313
11 31 0.001149
11 32 0.000378
11 33 0.005050
11 34 0.004448
11 35 0.013139
11 36 0.000212
11 37 0.071066
11 38 0.014543
11 39 0.000020
11 40 0.001149
11 41 0.017692
11 42 0.004448
11 43 0.001149
11 44 0.000212
11 45 0.016059
11 46 0.090279
11 47 0.000026
11 48 0.000455
11 49 0.017692
11 50 0.013139
11 51 0.013139
11 52 0.972392
11 53 0.014543
11 54 0.017692
11 55 0.071066
11 56 0.001149
11 57 0.013139
11 58 0.013139
11 59 0.033894
11 60 0.013139
11 61 0.001149
11 62 0.139451
11 63 0.000020
11 64 0.004448
11 65 0.004448
11 66 0.005717
11 67 0.013139
11 68 0.000020
11 69 0.000026
11 70 0.014543
11 71 0.001149
11 72 0.996368
11 73 0.033894
11 74 0.000026
11 75 0.000020
11 76 0.013139
11 77 0.008150
11 78 0.001149
11 79 0.000026
11 80 0.206794
11 81 0.000026
11 82 0.005717
11 83 0.001149
11 84 0.001149
11 85 0.006452
11 86 0.001346
11 87 0.014543
11 88 0.033894
11 89 0.013139
11 90 0.922477
11 91 0.000001
11 92 0.000001
11 93 0.007261
11 94 0.001149
11 95 0.000020
11 96 0.001149
11 97 0.033894
11 98 0.006452
11 99 0.999812
12 0 0.745614
12 1 0.139447
12 2 0.001346
12 3 0.004448
12 4 0.516316
12 5 0.777116
12 6 0.013139
12 7 0.977311
12 8 0.000001
12 9 0.524377
12 10 0.004448
12 11 0.000020
12 12 0.000000
12 13 0.258256
12 14 0.206794
12 15 0.016059
12 16 0.066696
12 17 0.013139
12 18 0.001149
12 19 0.013139
12 20 0.692844
12 21 0.001149
12 22 0.014543
12 23 0.013139
12 24 0.004448
12 25 0.000212
12 26 0.000212
12 27 0.000020
12 28 0.611100
12 29 0.013139
12 30 0.013139
12 31 0.004448
12 32 0.184104
12 33 0.013139
12 34 0.724139
12 35 0.004448
12 36 0.001346
12 37 0.004448
12 38 0.036693
12 39 0.120595
12 40 0.014543
12 41 0.980492
12 42 0.004448
12 43 0.000020
12 44 0.014543
12 45 0.004448
12 46 0.004448
12 47 0.000002
12 48 0.001572
12 49 0.033894
12 50 0.066696
12 51 0.013139
12 52 0.013139
12 53 0.001346
12 54 0.001149
12 55 0.001149
12 56 0.001149
12 57 0.033894
12 58 0.347268
12 59 0.996998
12 60 0.013139
12 61 0.000026
12 62 0.033894
12 63 0.004448
12 64 0.283419
12 65 0.611090
12 66 0.120595
12 67 0.971071
12 68 0.046042
12 69 0.126724
12 70 0.066696
12 71 0.005050
12 72 0.139451
12 73 0.291920
12 74 0.000020
12 75 0.781722
12 76 0.014543
12 77 0.033894
12 78 0.000026
12 79 0.258256
12 80 0.995973
12 81 0.772427
12 82 0.000001
12 83 0.049487
12 84 0.120595
12 85 0.006452
12 86 0.005050
12 87 0.004448
12 88 0.000026
12 89 0.033894
12 90 0.508189
12 91 0.000212
12 92 0.114625
12 93 0.000212
12 94 0.013139
12 95 0.036693
12 96 0.001346
12 97 0.000020
12 98 0.000020
12 99 0.016059
13 0 0.000020
13 1 0.976789
13 2 0.004448
13 3 0.013139
13 4 0.004448
13 5 0.004448
13 6 0.949667
13 7 0.004448
13 8 0.013139
13 9 0.817314
13 10 0.013139
13 11 0.013139
13 12 0.258256
13 13 0.000000
13 14 0.013139
13 15 0.001149
13 16 0.075609
13 17 0.001149
13 18 0.976238
13 19 0.033894
13 20 0.013139
13 21 0.000258
13 22 0.001346
13 23 0.005717
13 24 0.001149
13 25 0.014543
13 26 0.013139
13 27 0.548147
13 28 0.042766
13 29 0.016059
13 30 0.001149
13 31 0.000258
13 32 0.004448
13 33 0.005050
13 34 0.000258
13 35 0.001149
13 36 0.000020
13 37 0.013139
13 38 0.004448
13 39 0.001149
13 40 0.004448
13 41 0.001149
13 42 0.508189
13 43 0.005050
13 44 0.005050
13 45 0.000001
13 46 0.000258
13 47 0.013139
13 48 0.120595
13 49 0.013139
13 50 0.114625
13 51 0.014543
13 52 0.014543
13 53 0.016059
13 54 0.016059
13 55 0.066696
13 56 0.039648
13 57 0.001149
13 58 0.013139
13 59 0.006452
13 60 0.013139
13 61 0.120595
13 62 0.013139
13 63 0.066696
13 64 0.847674
13 65 0.001149
13 66 0.014543
13 67 0.001346
13 68 0.941651
13 69 0.004448
13 70 0.005050
13 71 0.000020
13 72 0.005050
13 73 0.000002
13 74 0.618185
13 75 0.080326
13 76 0.007262
13 77 0.016059
13 78 0.013139
13 79 0.704728
13 80 0.146040
13 81 0.001149
13 82 0.000313
13 83 0.033894
13 84 0.001149
13 85 0.005050
13 86 0.000001
13 87 0.066696
13 88 0.813366
13 89 0.004448
13 90 0.013139
13 91 0.960457
13 92 0.013139
13 93 0.004448
13 94 0.001149
13 95 0.006452
13 96 0.013139
13 97 0.002120
13 98 0.002120
13 99 0.016059
14 0 0.004448
14 1 0.000313
14 2 0.000212
14 3 0.000258
14 4 0.019447
14 5 0.004448
14 6 0.000020
14 7 0.016059
14 8 0.001149
14 9 0.120595
14 10 0.013139
14 11 0.965610
14 12 0.206794
14 13 0.013139
14 14 0.000000
14 15 0.001149
14 16 0.000020
14 17 0.000020
14 18 0.014543
14 19 0.005050
14 20 0.000026
14 21 0.002120
14 22 0.004448
14 23 0.001149
14 24 0.000020
14 25 0.847674
14 26 0.001149
14 27 0.005050
14 28 0.000026
14 29 0.017692
14 30 0.042764
14 31 0.005050
14 32 0.013139
14 33 0.013139
14 34 0.007262
14 35 0.033894
14 36 0.013139
14 37 0.000053
14 38 0.001149
14 39 0.005050
14 40 0.013139
14 41 0.005050
14 42 0.000212
14 43 0.001149
14 44 0.004448
14 45 0.001149
14 46 0.000020
14 47 0.120595
14 48 0.000001
14 49 0.005050
14 50 0.017692
14 51 0.005050
14 52 0.004448
14 53 0.000212
14 54 0.016059
14 55 0.001829
14 56 0.004448
14 57 0.071066
14 58 0.005050
14 59 0.004448
14 60 0.001149
14 61 0.000212
14 62 0.001149
14 63 0.005717
14 64 0.023341
14 65 0.005050
14 66 0.001346
14 67 0.000212
14 68 0.004448
14 69 0.001572
14 70 0.033894
14 71 0.000020
14 72 0.004219
14 73 0.001346
14 74 0.000001
14 75 0.004448
14 76 0.013139
14 77 0.080327
14 78 0.809344
14 79 0.039648
14 80 0.004448
14 81 0.005717
14 82 0.000020
14 83 0.019446
14 84 0.005050
14 85 0.006452
14 86 0.066696
14 87 0.000020
14 88 0.004448
14 89 0.001149
14 90 0.036692
14 91 0.191553
14 92 0.347268
14 93 0.033894
14 94 0.191553
14 95 0.000020
14 96 0.001149
14 97 0.114625
14 98 0.014543
14 99 0.001149
15 0 0.013139
15 1 0.008150
15 2 0.001572
15 3 0.033894
15 4 0.033894
15 5 0.004448
15 6 0.001346
15 7 0.005050
15 8 0.000001
15 9 0.000020
15 10 0.004448
15 11 0.999145
15 12 0.016059
15 13 0.001149
15 14 0.001149
15 15 0.000000
15 16 0.001346
15 17 0.019447
15 18 0.004448
15 19 0.014543
15 20 0.005717
15 21 0.014543
15 22 0.786248
15 23 0.004448
15 24 0.001829
15 25 0.004448
15 26 0.004448
15 27 0.000212
15 28 0.004448
15 29 0.589294
15 30 0.924223
15 31 0.033894
15 32 0.000020
15 33 0.014543
15 34 0.184104
15 35 0.007262
15 36 0.004448
15 37 0.014543
15 38 0.016059
15 39 0.013139
15 40 0.066696
15 41 0.516316
15 42 0.000313
15 43 0.214570
15 44 0.014543
15 45 0.001346
15 46 0.548145
15 47 0.013139
15 48 0.095519
15 49 0.071066
15 50 0.013139
15 51 0.266582
15 52 0.000001
15 53 0.013139
15 54 0.126725
15 55 0.000020
15 56 0.017692
15 57 0.994146
15 58 0.016059
15 59 0.001346
15 60 0.000212
15 61 0.013139
15 62 0.004448
15 63 0.013139
15 64 0.936034
15 65 0.942978
15 66 0.000001
15 67 0.014543
15 68 0.199118
15 69 0.005050
15 70 0.925932
15 71 0.206794
15 72 0.013139
15 73 0.004448
15 74 0.004448
15 75 0.004448
15 76 0.004448
15 77 0.000026
15 78 0.001149
15 79 0.001149
15 80 0.014543
15 81 0.001149
15 82 0.013139
15 83 0.004448
15 84 0.000001
15 85 0.013139
15 86 0.013139
15 87 0.008151
15 88 0.004448
15 89 0.001149
15 90 0.000212
15 91 0.000020
15 92 0.995615
15 93 0.016059
15 94 0.000020
15 95 0.033894
15 96 0.001149
15 97 0.004448
15 98 0.001149
15 99 0.013139
16 0 0.013139
16 1 0.001346
16 2 0.013139
16 3 0.001149
16 4 0.001149
16 5 0.199118
16 6 0.373431
16 7 0.000001
16 8 0.000020
16 9 0.000020
16 10 0.005050
16 11 0.120595
16 12 0.066696
16 13 0.075609
16 14 0.000020
16 15 0.001346
16 16 0.000000
16 17 0.990651
16 18 0.004448
16 19 0.000020
16 20 0.000258
16 21 0.013139
16 22 0.004448
16 23 0.001149
16 24 0.004448
16 25 0.471652
16 26 0.085217
16 27 0.001149
16 28 0.929238
16 29 0.000020
16 30 0.039648
16 31 0.013139
16 32 0.005717
16 33 0.036692
16 34 0.000001
16 35 0.001149
16 36 0.999779
16 37 0.013139
16 38 0.001149
16 39 0.033894
16 40 0.005717
16 41 0.000020
16 42 0.017692
16 43 0.004448
16 44 0.000212
16 45 0.005050
16 46 0.001149
16 47 0.001149
16 48 0.990869
16 49 0.036692
16 50 0.014543
16 51 0.724139
16 52 0.005050
16 53 0.114625
16 54 0.013139
16 55 0.004448
16 56 0.000002
16 57 0.004448
16 58 0.999969
16 59 0.001149
16 60 0.429074
16 61 0.184104
16 62 0.013139
16 63 0.021328
16 64 0.013139
16 65 0.120595
16 66 0.004448
16 67 0.790696
16 68 0.013139
16 69 0.001149
16 70 0.000020
16 71 0.036693
16 72 0.000020
16 73 0.000212
16 74 0.005050
16 75 0.017692
16 76 0.036692
16 77 0.005050
16 78 0.036692
16 79 0.013139
16 80 0.019446
16 81 0.004448
16 82 0.001149
16 83 0.000378
16 84 0.014543
16 85 0.146041
16 86 0.005050
16 87 0.001149
16 88 0.949667
16 89 0.000033
16 90 0.036692
16 91 0.184104
16 92 0.075609
16 93 0.001149
16 94 0.005717
16 95 0.013139
16 96 0.975675
16 97 0.013139
16 98 0.000258
16 99 0.049487
17 0 0.184104
17 1 0.004448
17 2 0.013139
17 3 0.014543
17 4 0.014543
17 5 0.005050
17 6 0.033894
17 7 0.000026
17 8 0.347268
17 9 0.790689
17 10 0.001572
17 11 0.001149
17 12 0.013139
17 13 0.001149
17 14 0.000020
17 15 0.019447
17 16 0.990651
17 17 0.000000
17 18 0.033894
17 19 0.001149
17 20 0.005717
17 21 0.066696
17 22 0.033894
17 23 0.001572
17 24 0.000001
17 25 0.004448
17 26 0.071066
17 27 0.042764
17 28 0.847674
17 29 0.184104
17 30 0.924223
17 31 0.001149
17 32 0.046042
17 33 0.001346
17 34 0.080326
17 35 0.014543
17 36 0.066696
17 37 0.001346
17 38 0.005050
17 39 0.016059
17 40 0.000020
17 41 0.023341
17 42 0.014543
17 43 0.000212
17 44 0.005717
17 45 0.999439
17 46 0.000020
17 47 0.013139
17 48 0.006452
17 49 0.000026
17 50 0.004448
17 51 0.004448
17 52 0.005050
17 53 0.004448
17 54 0.884151
17 55 0.847674
17 56 0.014543
17 57 0.004448
17 58 0.000020
17 59 0.004448
17 60 0.014543
17 61 0.000020
17 62 0.994969
17 63 0.000020
17 64 0.013139
17 65 0.014543
17 66 0.995314
17 67 0.985082
17 68 0.000258
17 69 0.005050
17 70 0.004448
17 71 0.080327
17 72 0.000212
17 73 0.548146
17 74 0.005717
17 75 0.437667
17 76 0.184104
17 77 0.066696
17 78 0.007262
17 79 0.014543
17 80 0.655037
17 81 0.017692
17 82 0.013139
17 83 0.014543
17 84 0.199118
17 85 0.013139
17 86 0.767655
17 87 0.000020
17 88 0.146041
17 89 0.000020
17 90 0.013139
17 91 0.033894
17 92 0.004448
17 93 0.854188
17 94 0.373432
17 95 0.085217
17 96 0.000020
17 97 0.355984
17 98 0.001149
17 99 0.004448
18 0 0.437667
18 1 0.033894
18 2 0.191553
18 3 0.001829
18 4 0.004448
18 5 0.014543
18 6 0.033894
18 7 0.999684
18 8 0.001346
18 9 0.000020
18 10 0.033894
18 11 0.004448
18 12 0.001149
18 13 0.976238
18 14 0.014543
18 15 0.004448
18 16 0.004448
18 17 0.033894
18 18 0.000000
18 19 0.120595
18 20 0.004448
18 21 0.000020
18 22 0.013139
18 23 0.013139
18 24 0.001149
18 25 0.005050
18 26 0.004448
18 27 0.992515
18 28 0.013139
18 29 0.008150
18 30 0.000020
18 31 0.004448
18 32 0.000020
18 33 0.014543
18 34 0.004448
18 35 0.000020
18 36 0.001829
18 37 0.002120
18 38 0.004448
18 39 0.001572
18 40 0.000212
18 41 0.014543
18 42 0.001149
18 43 0.004448
18 44 0.013139
18 45 0.004448
18 46 0.222458
18 47 0.005717
18 48 0.036692
18 49 0.033894
18 50 0.854188
18 51 0.013139
18 52 0.005717
18 53 0.698860
18 54 0.033894
18 55 0.033894
18 56 0.001149
18 57 0.001149
18 58 0.000042
18 59 0.004448
18 60 0.000026
18 61 0.042764
18 62 0.004448
18 63 0.000020
18 64 0.033894
18 65 0.004448
18 66 0.013139
18 67 0.004448
18 68 0.013139
18 69 0.532371
18 70 0.005050
18 71 0.000258
18 72 0.004448
18 73 0.013139
18 74 0.014543
18 75 0.004448
18 76 0.014543
18 77 0.000378
18 78 0.066696
18 79 0.000001
18 80 0.013139
18 81 0.364706
18 82 0.001149
18 83 0.004448
18 84 0.000212
18 85 0.283419
18 86 0.126724
18 87 0.013139
18 88 0.001149
18 89 0.001572
18 90 0.013139
18 91 0.004448
18 92 0.004448
18 93 0.033894
18 94 0.001149
18 95 0.999887
18 96 0.075609
18 97 0.000020
18 98 0.001346
18 99 0.014543
19 0 0.004448
19 1 0.033894
19 2 0.001346
19 3 0.000020
19 4 0.004448
19 5 0.036693
19 6 0.005050
19 7 0.000212
19 8 0.016059
19 9 0.000001
19 10 0.001346
19 11 0.001149
19 12 0.013139
19 13 0.033894
19 14 0.005050
19 15 0.014543
19 16 0.000020
19 17 0.001149
19 18 0.120595
19 19 0.000000
19 20 0.000020
19 21 0.000001
19 22 0.013139
19 23 0.046042
19 24 0.004448
19 25 0.000026
19 26 0.000020
19 27 0.463219
19 28 0.013139
19 29 0.120595
19 30 0.126725
19 31 0.001149
19 32 0.638944
19 33 0.000020
19 34 0.071066
19 35 0.000033
19 36 0.000033
19 37 0.066696
19 38 0.001346
19 39 0.120595
19 40 0.004448
19 41 0.014543
19 42 0.000001
19 43 0.364707
19 44 0.033894
19 45 0.021328
19 46 0.004448
19 47 0.000212
19 48 0.516316
19 49 0.005050
19 50 0.999706
19 51 0.066696
19 52 0.000212
19 53 0.014543
19 54 0.013139
19 55 0.004448
19 56 0.013139
19 57 0.013139
19 58 0.013139
19 59 0.016059
19 60 0.013139
19 61 0.001149
19 62 0.001829
19 63 0.790693
19 64 0.000042
19 65 0.004448
19 66 0.013139
19 67 0.005717
19 68 0.001149
19 69 0.013139
19 70 0.000212
19 71 0.033894
19 72 0.000313
19 73 0.017692
19 74 0.114625
19 75 0.596644
19 76 0.046042
19 77 0.120595
19 78 0.000212
19 79 0.036692
19 80 0.000212
19 81 0.000020
19 82 0.033894
19 83 0.013139
19 84 0.283419
19 85 0.014543
19 86 0.000033
19 87 0.001346
19 88 0.033894
19 89 0.126725
19 90 0.000001
19 91 0.071066
19 92 0.001149
19 93 0.033894
19 94 0.002820
19 95 0.071066
19 96 0.126724
19 97 0.004448
19 98 0.013139
19 99 0.013139
20 0 0.004448
20 1 0.016059
20 2 0.004448
20 3 0.000313
20 4 0.001346
20 5 0.000020
20 6 0.000258
20 7 0.000020
20 8 0.033894
20 9 0.001149
20 10 0.066696
20 11 0.004448
20 12 0.692844
20 13 0.013139
20 14 0.000026
20 15 0.005717
20 16 0.000258
20 17 0.005717
20 18 0.004448
20 19 0.000020
20 20 0.000000
20 21 0.347268
20 22 0.999674
20 23 0.950818
20 24 0.997137
20 25 0.033894
20 26 0.199118
20 27 0.066696
20 28 0.000001
20 29 0.001149
20 30 0.014543
20 31 0.114626
20 32 0.004448
20 33 0.000026
20 34 0.001149
20 35 0.001149
20 36 0.005050
20 37 0.283419
20 38 0.001149
20 39 0.005717
20 40 0.004448
20 41 0.000020
20 42 0.000026
20 43 0.001149
20 44 0.016059
20 45 0.004448
20 46 0.936034
20 47 0.680604
20 48 0.066696
20 49 0.013139
20 50 0.152778
20 51 0.005050
20 52 0.001346
20 53 0.001149
20 54 0.014543
20 55 0.005050
20 56 0.274971
20 57 0.013139
20 58 0.014543
20 59 0.976789
20 60 0.001346
20 61 0.000020
20 62 0.004448
20 63 0.005050
20 64 0.001572
20 65 0.873384
20 66 0.004448
20 67 0.014543
20 68 0.114625
20 69 0.133011
20 70 0.001149
20 71 0.446226
20 72 0.004448
20 73 0.000212
20 74 0.014543
20 75 0.016059
20 76 0.021328
20 77 0.437667
20 78 0.033894
20 79 0.004448
20 80 0.066696
20 81 0.000020
20 82 0.001149
20 83 0.000003
20 84 0.000026
20 85 0.036692
20 86 0.114626
20 87 0.001829
20 88 0.004448
20 89 0.001149
20 90 0.001149
20 91 0.004448
20 92 0.001572
20 93 0.001149
20 94 0.114625
20 95 0.013139
20 96 0.016059
20 97 0.878878
20 98 0.071066
20 99 0.039648
21 0 0.133011
21 1 0.014543
21 2 0.005050
21 3 0.001149
21 4 0.001149
21 5 0.001149
21 6 0.023341
21 7 0.001572
21 8 0.066696
21 9 0.006452
21 10 0.013139
21 11 0.017692
21 12 0.001149
21 13 0.000258
21 14 0.002120
21 15 0.014543
21 16 0.013139
21 17 0.066696
21 18 0.000020
21 19 0.000001
21 20 0.347268
21 21 0.000000
21 22 0.000258
21 23 0.001572
21 24 0.139450
21 25 0.016059
21 26 0.000020
21 27 0.004448
21 28 0.004448
21 29 0.013139
21 30 0.000001
21 31 0.000020
21 32 0.005050
21 33 0.080326
21 34 0.004448
21 35 0.001149
21 36 0.000020
21 37 0.000212
21 38 0.000258
21 39 0.033894
21 40 0.976788
21 41 0.033894
21 42 0.004448
21 43 0.004448
21 44 0.005050
21 45 0.000212
21 46 0.000258
21 47 0.005050
21 48 0.976238
21 49 0.000020
21 50 0.004448
21 51 0.071066
21 52 0.014543
21 53 0.632110
21 54 0.001572
21 55 0.005050
21 56 0.001149
21 57 0.000020
21 58 0.912324
21 59 0.004448
21 60 0.066696
21 61 0.017692
21 62 0.004448
21 63 0.000020
21 64 0.005050
21 65 0.991081
21 66 0.013139
21 67 0.001149
21 68 0.075609
21 69 0.013139
21 70 0.001149
21 71 0.001149
21 72 0.004448
21 73 0.001346
21 74 0.017692
21 75 0.000212
21 76 0.006452
21 77 0.075609
21 78 0.013139
21 79 0.000212
21 80 0.014543
21 81 0.013139
21 82 0.000026
21 83 0.184104
21 84 0.036693
21 85 0.014543
21 86 0.005050
21 87 0.013139
21 88 0.199118
21 89 0.013139
21 90 0.001149
21 91 0.014543
21 92 0.017692
21 93 0.988048
21 94 0.000212
21 95 0.013139
21 96 0.013139
21 97 0.046042
21 98 0.016059
21 99 0.066696
22 0 0.005050
22 1 0.004448
22 2 0.000020
22 3 0.001149
22 4 0.013139
22 5 0.001149
22 6 0.013139
22 7 0.000212
22 8 0.004448
22 9 0.000001
22 10 0.000001
22 11 0.036693
22 12 0.014543
22 13 0.001346
22 14 0.004448
22 15 0.786248
22 16 0.004448
22 17 0.033894
22 18 0.013139
22 19 0.013139
22 20 0.999674
22 21 0.000258
22 22 0.000000
22 23 0.000020
22 24 0.071066
22 25 0.049487
22 26 0.214575
22 27 0.004448
22 28 0.004448
22 29 0.000083
22 30 0.000313
22 31 0.000258
22 32 0.016059
22 33 0.004448
22 34 0.004448
22 35 0.000001
22 36 0.000002
22 37 0.975675
22 38 0.025489
22 39 0.126724
22 40 0.004448
22 41 0.004448
22 42 0.120595
22 43 0.881541
22 44 0.000020
22 45 0.001149
22 46 0.071066
22 47 0.004448
22 48 0.080326
22 49 0.001149
22 50 0.114625
22 51 0.005050
22 52 0.000033
22 53 0.000026
22 54 0.000026
22 55 0.000212
22 56 0.004448
22 57 0.033894
22 58 0.004448
22 59 0.000020
22 60 0.004448
22 61 0.930836
22 62 0.355984
22 63 0.120595
22 64 0.001149
22 65 0.013139
22 66 0.000258
22 67 0.000212
22 68 0.005717
22 69 0.004448
22 70 0.005050
22 71 0.042764
22 72 0.014543
22 73 0.014543
22 74 0.000020
22 75 0.004448
22 76 0.004448
22 77 0.000020
22 78 0.000313
22 79 0.036692
22 80 0.000020
22 81 0.000020
22 82 0.005050
22 83 0.005717
22 84 0.000001
22 85 0.000212
22 86 0.555926
22 87 0.001572
22 88 0.004448
22 89 0.001149
22 90 0.005717
22 91 0.001572
22 92 0.033894
22 93 0.000020
22 94 0.016059
22 95 0.013139
22 96 0.013139
22 97 0.014543
22 98 0.013139
22 99 0.004448
23 0 0.013139
23 1 0.000026
23 2 0.000026
23 3 0.000020
23 4 0.014543
23 5 0.001149
23 6 0.036693
23 7 0.017692
23 8 0.000020
23 9 0.013139
23 10 0.036692
23 11 0.004448
23 12 0.013139
23 13 0.005717
23 14 0.001149
23 15 0.004448
23 16 0.001149
23 17 0.001572
23 18 0.013139
23 19 0.046042
23 20 0.950818
23 21 0.001572
23 22 0.000020
23 23 0.000000
23 24 0.033894
23 25 0.005050
23 26 0.001149
23 27 0.001346
23 28 0.004448
23 29 0.016059
23 30 0.000212
23 31 0.004448
23 32 0.075609
23 33 0.000020
23 34 0.004448
23 35 0.004448
23 36 0.000020
23 37 0.013139
23 38 0.080327
23 39 0.000026
23 40 0.114625
23 41 0.004448
23 42 0.000212
23 43 0.019446
23 44 0.019447
23 45 0.000212
23 46 0.014543
23 47 0.114625
23 48 0.033894
23 49 0.446226
23 50 0.007261
23 51 0.000212
23 52 0.999993
23 53 0.013139
23 54 0.000020
23 55 0.206794
23 56 0.005050
23 57 0.004448
23 58 0.013139
23 59 0.999039
23 60 0.013139
23 61 0.013139
23 62 0.001149
23 63 0.004448
23 64 0.001346
23 65 0.013139
23 66 0.004448
23 67 0.001149
23 68 0.004448
23 69 0.001149
23 70 0.540296
23 71 0.016059
23 72 0.016059
23 73 0.000020
23 74 0.309052
23 75 0.014543
23 76 0.005050
23 77 0.000033
23 78 0.571090
23 79 0.001149
23 80 0.001346
23 81 0.008139
23 82 0.001346
23 83 0.013139
23 84 0.000212
23 85 0.000212
23 86 0.390863
23 87 0.000313
23 88 0.000026
23 89 0.004448
23 90 0.004448
23 91 0.071066
23 92 0.338564
23 93 0.039648
23 94 0.013139
23 95 0.019446
23 96 0.133011
23 97 0.001149
23 98 0.000001
23 99 0.120595
24 0 0.039648
24 1 0.071066
24 2 0.007262
24 3 0.896407
24 4 0.001149
24 5 0.005050
24 6 0.033894
24 7 0.004448
24 8 0.001149
24 9 0.039648
24 10 0.005050
24 11 0.000001
24 12 0.004448
24 13 0.001149
24 14 0.000020
24 15 0.001829
24 16 0.004448
24 17 0.000001
24 18 0.001149
24 19 0.004448
24 20 0.997137
24 21 0.139450
24 22 0.071066
24 23 0.033894
24 24 0.000000
24 25 0.000020
24 26 0.005050
24 27 0.000020
24 28 0.005050
24 29 0.000020
24 30 0.000020
24 31 0.000020
24 32 0.995202
24 33 0.016059
24 34 0.001149
24 35 0.013139
24 36 0.014543
24 37 0.016059
24 38 0.000378
24 39 0.066696
24 40 0.000001
24 41 0.000212
24 42 0.013139
24 43 0.611090
24 44 0.090280
24 45 0.000020
24 46 0.071066
24 47 0.004448
24 48 0.004448
24 49 0.016059
24 50 0.000002
24 51 0.001829
24 52 0.000212
24 53 0.000020
24 54 0.000020
24 55 0.071066
24 56 0.000020
24 57 0.013139
24 58 0.000258
24 59 0.014543
24 60 0.184104
24 61 0.013139
24 62 0.996927
24 63 0.013139
24 64 0.000026
24 65 0.001149
24 66 0.001149
24 67 0.004448
24 68 0.355984
24 69 0.000313
24 70 0.000026
24 71 0.001346
24 72 0.000020
24 73 0.000026
24 74 0.184104
24 75 0.000020
24 76 0.013139
24 77 0.000001
24 78 0.000020
24 79 0.000020
24 80 0.019446
24 81 0.005050
24 82 0.013139
24 83 0.005717
24 84 0.004448
24 85 0.000020
24 86 0.001149
24 87 0.014543
24 88 0.005050
24 89 0.014543
24 90 0.013139
24 91 0.416918
24 92 0.000020
24 93 0.001149
24 94 0.004448
24 95 0.471651
24 96 0.001149
24 97 0.013139
24 98 0.005050
24 99 0.013139
25 0 0.014543
25 1 0.004448
25 2 0.013139
25 3 0.005050
25 4 0.283418
25 5 0.004448
25 6 0.927605
25 7 0.005050
25 8 0.001572
25 9 0.729638
25 10 0.114626
25 11 0.000001
25 12 0.000212
25 13 0.014543
25 14 0.847674
25 15 0.004448
25 16 0.471652
25 17 0.004448
25 18 0.005050
25 19 0.000026
25 20 0.033894
25 21 0.016059
25 22 0.049487
25 23 0.005050
25 24 0.000020
25 25 0.000000
25 26 0.007262
25 27 0.000212
25 28 0.066696
25 29 0.033894
25 30 0.000212
25 31 0.004448
25 32 0.014543
25 33 0.114625
25 34 0.000212
25 35 0.066696
25 36 0.999976
25 37 0.014543
25 38 0.004448
25 39 0.927603
25 40 0.001149
25 41 0.013139
25 42 0.013139
25 43 0.013139
25 44 0.524377
25 45 0.013139
25 46 0.007262
25 47 0.000455
25 48 0.000313
25 49 0.004448
25 50 0.000001
25 51 0.987471
25 52 0.000020
25 53 0.004448
25 54 0.014543
25 55 0.000020
25 56 0.000020
25 57 0.001149
25 58 0.014543
25 59 0.114625
25 60 0.001149
25 61 0.274972
25 62 0.013139
25 63 0.013139
25 64 0.017692
25 65 0.013139
25 66 0.001346
25 67 0.005717
25 68 0.013139
25 69 0.004448
25 70 0.008151
25 71 0.555929
25 72 0.000212
25 73 0.013139
25 74 0.005717
25 75 0.001149
25 76 0.075609
25 77 0.066696
25 78 0.230426
25 79 0.013139
25 80 0.014543
25 81 0.004448
25 82 0.000026
25 83 0.066696
25 84 0.036692
25 85 0.001346
25 86 0.963969
25 87 0.000001
25 88 0.013139
25 89 0.000002
25 90 0.014543
25 91 0.004448
25 92 0.000020
25 93 0.075609
25 94 0.021328
25 95 0.001149
25 96 0.033894
25 97 0.977327
25 98 0.013139
25 99 0.013139
26 0 0.997648
26 1 0.019447
26 2 0.004448
26 3 0.000378
26 4 0.005050
26 5 0.004448
26 6 0.000212
26 7 0.000212
26 8 0.000258
26 9 0.014543
26 10 0.005050
26 11 0.540296
26 12 0.000212
26 13 0.013139
26 14 0.001149
26 15 0.004448
26 16 0.085217
26 17 0.071066
26 18 0.004448
26 19 0.000020
26 20 0.199118
26 21 0.000020
26 22 0.214575
26 23 0.001149
26 24 0.005050
26 25 0.007262
26 26 0.000000
26 27 0.013139
26 28 0.866458
26 29 0.001149
26 30 0.992688
26 31 0.013139
26 32 0.013139
26 33 0.001346
26 34 0.000001
26 35 0.004448
26 36 0.004448
26 37 0.152775
26 38 0.000020
26 39 0.004448
26 40 0.000020
26 41 0.004448
26 42 0.005717
26 43 0.001346
26 44 0.013139
26 45 0.000026
26 46 0.000212
26 47 0.014543
26 48 0.004448
26 49 0.266582
26 50 0.001149
26 51 0.013139
26 52 0.000020
26 53 0.000020
26 54 0.004448
26 55 0.021329
26 56 0.013139
26 57 0.114625
26 58 0.004448
26 59 0.000212
26 60 0.013139
26 61 0.013139
26 62 0.004448
26 63 0.000455
26 64 0.013139
26 65 0.581862
26 66 0.001149
26 67 0.004448
26 68 0.014543
26 69 0.000020
26 70 0.013139
26 71 0.004448
26 72 0.014543
26 73 0.004448
26 74 0.004448
26 75 0.004448
26 76 0.995465
26 77 0.001149
26 78 0.014543
26 79 0.184104
26 80 0.085222
26 81 0.004448
26 82 0.013139
26 83 0.001572
26 84 0.480035
26 85 0.013139
26 86 0.000020
26 87 0.000212
26 88 0.013139
26 89 0.001346
26 90 0.625202
26 91 0.004448
26 92 0.001149
26 93 0.033894
26 94 0.016059
26 95 0.000020
26 96 0.033894
26 97 0.014543
26 98 0.004448
26 99 0.017692
27 0 0.000002
27 1 0.033894
27 2 0.014543
27 3 0.016059
27 4 0.390883
27 5 0.000212
27 6 0.017692
27 7 0.013139
27 8 0.033894
27 9 0.013139
27 10 0.013139
27 11 0.036692
27 12 0.000020
27 13 0.548147
27 14 0.005050
27 15 0.000212
27 16 0.001149
27 17 0.042764
27 18 0.992515
27 19 0.463219
27 20 0.066696
27 21 0.004448
27 22 0.004448
27 23 0.001346
27 24 0.000020
27 25 0.000212
27 26 0.013139
27 27 0.000000
27 28 0.013139
27 29 0.013139
27 30 0.001149
27 31 0.013139
27 32 0.000026
27 33 0.004448
27 34 0.777116
27 35 0.863483
27 36 0.013139
27 37 0.004448
27 38 0.066696
27 39 0.006452
27 40 0.004448
27 41 0.071066
27 42 0.005050
27 43 0.013139
27 44 0.075609
27 45 0.004448
27 46 0.004448
27 47 0.004448
27 48 0.004448
27 49 0.000026
27 50 0.000020
27 51 0.036693
