0 0 0.000000
0 1 0.035762
0 2 0.060180
0 3 0.999543
0 4 0.882454
0 5 0.997073
0 6 0.999976
0 7 0.998698
0 8 0.980672
0 9 0.997398
0 10 0.998265
0 11 0.051779
0 12 0.569659
0 13 0.954189
0 14 0.999695
0 15 0.495294
0 16 0.998048
0 17 0.189109
0 18 0.862254
0 19 0.999783
0 20 0.999536
0 21 0.082237
0 22 0.477022
0 23 0.999897
0 24 0.999674
0 25 0.999970
0 26 0.029925
0 27 0.023583
0 28 0.997804
0 29 0.011782
0 30 0.035762
0 31 0.999997
0 32 0.997398
0 33 0.992215
0 34 0.999743
0 35 0.029925
0 36 0.999132
0 37 0.999924
0 38 0.310464
0 39 0.999187
0 40 0.911627
0 41 0.997259
0 42 0.868768
0 43 0.994803
0 44 0.573990
0 45 0.868768
0 46 0.967602
0 47 0.901145
0 48 0.999674
0 49 0.999863
0 50 0.590401
0 51 0.973968
0 52 0.530966
0 53 0.997259
0 54 0.910478
0 55 0.372722
0 56 0.999588
0 57 0.005177
0 58 0.999543
0 59 0.998698
0 60 0.999349
0 61 0.905921
0 62 0.999268
0 63 0.998901
0 64 0.959174
0 65 0.999871
0 66 0.051779
0 67 0.999995
0 68 0.998902
0 69 0.060180
0 70 0.999884
0 71 0.977134
0 72 0.997944
0 73 0.999614
0 74 0.687190
0 75 0.999228
0 76 0.999863
0 77 0.372722
0 78 0.071949
0 79 0.673535
0 80 0.989082
0 81 0.999964
0 82 0.999024
0 83 0.967602
0 84 0.998536
0 85 0.998147
0 86 0.992215
0 87 0.999997
0 88 0.992215
0 89 0.983668
0 90 0.329464
0 91 0.999923
0 92 0.972595
0 93 0.138922
0 94 0.999914
0 95 0.999657
0 96 0.995066
0 97 0.996708
0 98 0.992215
0 99 0.019299
1 0 0.035762
1 1 0.000000
1 2 0.951799
1 3 0.263461
1 4 0.999023
1 5 0.999783
1 6 0.996347
1 7 0.965899
1 8 0.846427
1 9 0.999512
1 10 0.573990
1 11 0.999928
1 12 0.999989
1 13 0.005177
1 14 0.372722
1 15 0.434867
1 16 0.999976
1 17 0.996100
1 18 0.910477
1 19 0.932077
1 20 0.999919
1 21 0.108547
1 22 0.999993
1 23 0.800669
1 24 0.999566
1 25 0.855444
1 26 0.999985
1 27 0.743482
1 28 0.023583
1 29 0.954188
1 30 0.005177
1 31 0.828969
1 32 0.005177
1 33 0.998536
1 34 0.997944
1 35 0.999928
1 36 0.999928
1 37 0.189109
1 38 0.992609
1 39 0.746454
1 40 0.981645
1 41 0.997804
1 42 0.999807
1 43 0.868767
1 44 0.673535
1 45 0.998147
1 46 0.029925
1 47 0.999989
1 48 0.999891
1 49 0.999999
1 50 0.999989
1 51 0.659444
1 52 0.963627
1 53 0.768376
1 54 0.999725
1 55 0.716438
1 56 0.082237
1 57 0.994156
1 58 0.939391
1 59 0.999450
1 60 0.051779
1 61 0.958629
1 62 0.982569
1 63 0.517913
1 64 0.992708
1 65 0.999983
1 66 0.093360
1 67 0.999807
1 68 0.998629
1 69 0.882454
1 70 0.005177
1 71 0.972594
1 72 0.999826
1 73 0.029925
1 74 0.082237
1 75 0.590401
1 76 0.071949
1 77 0.071949
1 78 0.995379
1 79 0.999966
1 80 0.029925
1 81 0.995133
1 82 0.268234
1 83 0.939390
1 84 0.535509
1 85 0.963627
1 86 0.998843
1 87 0.999995
1 88 0.227550
1 89 0.997073
1 90 0.019299
1 91 0.999421
1 92 0.993077
1 93 0.999794
1 94 0.019299
1 95 0.997655
1 96 0.905921
1 97 0.971149
1 98 0.791203
1 99 0.535509
2 0 0.060180
2 1 0.951799
2 2 0.000000
2 3 0.987725
2 4 0.999073
2 5 0.994156
2 6 0.035762
2 7 0.999845
2 8 0.965441
2 9 0.552765
2 10 0.999969
2 11 0.999995
2 12 0.923918
2 13 0.999989
2 14 0.999884
2 15 0.999132
2 16 0.970761
2 17 0.610510
2 18 0.997944
2 19 0.999024
2 20 0.138922
2 21 0.227550
2 22 0.893444
2 23 0.999969
2 24 0.999964
2 25 0.997804
2 26 0.060180
2 27 0.988345
2 28 0.999919
2 29 0.329464
2 30 0.999897
2 31 0.999936
2 32 0.051779
2 33 0.948613
2 34 0.999997
2 35 0.029925
2 36 0.986015
2 37 0.535509
2 38 0.189109
2 39 0.999837
2 40 0.138922
2 41 0.988345
2 42 0.986898
2 43 0.957037
2 44 0.999566
2 45 0.071949
2 46 0.051779
2 47 0.391878
2 48 0.245316
2 49 0.993427
2 50 0.999931
2 51 0.985469
2 52 0.999931
2 53 0.996533
2 54 0.999711
2 55 0.999969
2 56 1.000000
2 57 0.490569
2 58 0.029925
2 59 0.348574
2 60 0.999931
2 61 0.716438
2 62 0.029925
2 63 0.029925
2 64 0.975602
2 65 0.975602
2 66 0.999674
2 67 0.999891
2 68 0.999228
2 69 0.999349
2 70 0.051779
2 71 0.999817
2 72 0.993077
2 73 0.999964
2 74 0.999992
2 75 0.434867
2 76 0.979374
2 77 0.997398
2 78 1.000000
2 79 0.876570
2 80 0.982801
2 81 0.976826
2 82 0.172989
2 83 0.005177
2 84 0.957037
2 85 0.082237
2 86 0.108547
2 87 0.999729
2 88 0.011782
2 89 0.954792
2 90 0.965442
2 91 0.990780
2 92 0.980672
2 93 0.848329
2 94 0.029925
2 95 0.982568
2 96 0.999997
2 97 0.005177
2 98 0.999904
2 99 0.996708
3 0 0.999543
3 1 0.263461
3 2 0.987725
3 3 0.000000
3 4 0.975602
3 5 0.687190
3 6 0.999982
3 7 0.082237
3 8 0.005177
3 9 0.999989
3 10 0.268234
3 11 0.999878
3 12 0.060180
3 13 0.410971
3 14 0.980672
3 15 0.690668
3 16 0.997916
3 17 0.227550
3 18 0.999485
3 19 0.999794
3 20 0.999486
3 21 0.942377
3 22 0.019299
3 23 0.924902
3 24 0.904700
3 25 0.029925
3 26 0.286770
3 27 0.999845
3 28 0.999998
3 29 0.223001
3 30 0.963627
3 31 0.998843
3 32 0.976826
3 33 0.998971
3 34 0.981645
3 35 0.954189
3 36 0.999657
3 37 0.999756
3 38 0.957037
3 39 0.820692
3 40 0.999966
3 41 0.999981
3 42 0.153568
3 43 0.894801
3 44 0.227550
3 45 0.924902
3 46 0.999957
3 47 0.999566
3 48 0.768376
3 49 0.862254
3 50 0.957038
3 51 0.993844
3 52 0.996100
3 53 0.999966
3 54 0.989082
3 55 0.999536
3 56 0.586170
3 57 0.429954
3 58 0.992215
3 59 0.901145
3 60 0.138922
3 61 0.997687
3 62 0.434867
3 63 0.999995
3 64 0.999996
3 65 0.035762
3 66 0.943131
3 67 0.051779
3 68 0.071949
3 69 0.999485
3 70 0.071949
3 71 0.172989
3 72 0.977135
3 73 0.979374
3 74 0.932077
3 75 0.954792
3 76 0.996917
3 77 0.999878
3 78 0.999708
3 79 0.082237
3 80 0.606414
3 81 0.976826
3 82 0.121504
3 83 1.000000
3 84 0.005177
3 85 0.245316
3 86 0.348574
3 87 0.001279
3 88 0.980672
3 89 0.996152
3 90 0.029925
3 91 0.071949
3 92 0.942378
3 93 0.999919
3 94 0.731785
3 95 1.000000
3 96 0.991800
3 97 0.999931
3 98 0.995066
3 99 0.942378
4 0 0.882454
4 1 0.999023
4 2 0.999073
4 3 0.975602
4 4 0.000000
4 5 0.005177
4 6 0.029925
4 7 0.268234
4 8 0.051779
4 9 0.690668
4 10 0.963627
4 11 0.999566
4 12 0.999725
4 13 0.453650
4 14 0.901145
4 15 0.992609
4 16 0.029925
4 17 0.990780
4 18 0.994156
4 19 0.989082
4 20 0.999566
4 21 0.477022
4 22 0.999986
4 23 0.928576
4 24 0.999710
4 25 0.778726
4 26 0.999957
4 27 0.998353
4 28 0.998457
4 29 0.995836
4 30 0.999992
4 31 0.999536
4 32 0.998629
4 33 0.082237
4 34 0.987725
4 35 0.999855
4 36 0.853624
4 37 0.687190
4 38 0.060180
4 39 0.019299
4 40 0.999975
4 41 0.029925
4 42 0.882454
4 43 0.999966
4 44 0.996100
4 45 0.999536
4 46 0.999855
4 47 0.997073
4 48 0.999968
4 49 0.019299
4 50 0.999986
4 51 0.227550
4 52 0.329464
4 53 0.999512
4 54 0.082237
4 55 0.999904
4 56 0.975602
4 57 0.999871
4 58 0.981397
4 59 0.998457
4 60 0.189109
4 61 0.391878
4 62 0.915921
4 63 0.954189
4 64 0.999878
4 65 0.051779
4 66 1.000000
4 67 0.999797
4 68 0.996298
4 69 0.138922
4 70 0.006763
4 71 0.999725
4 72 0.998353
4 73 0.999985
4 74 0.781351
4 75 0.991800
4 76 0.329464
4 77 0.096388
4 78 0.071949
4 79 0.971149
4 80 0.391878
4 81 0.999711
4 82 0.999904
4 83 0.999228
4 84 0.071949
4 85 0.999268
4 86 0.992215
4 87 0.999998
4 88 0.029925
4 89 0.995066
4 90 0.996708
4 91 0.108547
4 92 0.998610
4 93 0.999917
4 94 0.138922
4 95 0.951799
4 96 0.641070
4 97 0.999969
4 98 0.978283
4 99 0.996917
5 0 0.997073
5 1 0.999783
5 2 0.994156
5 3 0.687190
5 4 0.005177
5 5 0.000000
5 6 0.969629
5 7 0.989082
5 8 1.000000
5 9 0.999964
5 10 0.999340
5 11 0.997398
5 12 0.954189
5 13 0.019299
5 14 0.051779
5 15 0.995380
5 16 0.961203
5 17 0.973967
5 18 0.071949
5 19 0.999919
5 20 0.791202
5 21 0.029925
5 22 0.472229
5 23 0.999846
5 24 0.981645
5 25 0.999743
5 26 0.936253
5 27 0.029925
5 28 0.573990
5 29 0.472229
5 30 0.995067
5 31 0.006763
5 32 0.999908
5 33 0.999957
5 34 0.999973
5 35 0.980672
5 36 0.996917
5 37 0.992983
5 38 0.901145
5 39 0.999314
5 40 0.997804
5 41 0.999086
5 42 0.391878
5 43 0.096388
5 44 0.932077
5 45 0.999783
5 46 0.979374
5 47 0.993427
5 48 0.999996
5 49 0.006763
5 50 0.172989
5 51 0.477022
5 52 0.954189
5 53 0.310464
5 54 0.956464
5 55 0.998265
5 56 0.986202
5 57 0.610510
5 58 0.999132
5 59 0.901145
5 60 0.999988
5 61 0.999871
5 62 0.029925
5 63 0.998536
5 64 0.882454
5 65 0.996100
5 66 0.997804
5 67 0.999588
5 68 0.999990
5 69 0.999878
5 70 0.999505
5 71 0.997398
5 72 0.028526
5 73 0.011782
5 74 0.999949
5 75 0.998698
5 76 0.138922
5 77 0.954189
5 78 0.172989
5 79 0.019299
5 80 0.005177
5 81 0.951157
5 82 0.999756
5 83 0.051779
5 84 0.987073
5 85 0.997259
5 86 0.189109
5 87 0.999349
5 88 0.999923
5 89 0.920015
5 90 0.999904
5 91 0.995836
5 92 0.999268
5 93 0.227550
5 94 0.108547
5 95 0.108547
5 96 0.999228
5 97 0.999980
5 98 0.997398
5 99 0.951799
6 0 0.999976
6 1 0.996347
6 2 0.035762
6 3 0.999982
6 4 0.029925
6 5 0.969629
6 6 0.000000
6 7 0.108547
6 8 0.998536
6 9 0.956464
6 10 0.029925
6 11 0.951798
6 12 0.999976
6 13 0.855444
6 14 0.999176
6 15 0.831064
6 16 0.948613
6 17 0.998698
6 18 0.989633
6 19 0.998457
6 20 0.999657
6 21 0.994526
6 22 0.108547
6 23 0.788678
6 24 0.999957
6 25 0.994803
6 26 0.876570
6 27 0.970761
6 28 0.828969
6 29 0.999614
6 30 0.998147
6 31 0.999674
6 32 0.051779
6 33 0.535509
6 34 0.035762
6 35 0.999980
6 36 0.999421
6 37 0.999993
6 38 0.948613
6 39 0.868768
6 40 0.998048
6 41 0.051779
6 42 0.998629
6 43 0.876571
6 44 0.999964
6 45 0.991363
6 46 0.999999
6 47 0.019299
6 48 0.999314
6 49 0.979374
6 50 0.035762
6 51 0.921048
6 52 0.997656
6 53 0.138922
6 54 0.994526
6 55 0.999413
6 56 0.901145
6 57 0.999871
6 58 0.995613
6 59 0.997687
6 60 0.999928
6 61 0.999891
6 62 0.999997
6 63 0.882454
6 64 0.513285
6 65 0.138922
6 66 0.372722
6 67 0.999878
6 68 0.999977
6 69 0.999957
6 70 0.995613
6 71 0.999691
6 72 0.998457
6 73 0.973967
6 74 0.035762
6 75 0.999132
6 76 0.096388
6 77 0.018287
6 78 0.999566
6 79 0.999451
6 80 0.490568
6 81 0.999999
6 82 0.977134
6 83 0.999946
6 84 0.788677
6 85 0.029925
6 86 0.268234
6 87 0.005177
6 88 0.999904
6 89 0.096388
6 90 0.993844
6 91 0.957037
6 92 0.959174
6 93 0.973967
6 94 0.999451
6 95 0.999783
6 96 0.996917
6 97 0.999634
6 98 0.998436
6 99 0.998536
7 0 0.998698
7 1 0.965899
7 2 0.999845
7 3 0.082237
7 4 0.268234
7 5 0.989082
7 6 0.108547
7 7 0.000000
7 8 0.029925
7 9 0.967602
7 10 0.552765
7 11 0.791203
7 12 0.731785
7 13 0.999946
7 14 0.981645
7 15 0.999959
7 16 0.999421
7 17 0.138922
7 18 0.993077
7 19 0.999349
7 20 0.791203
7 21 0.029925
7 22 0.985469
7 23 0.189109
7 24 0.999996
7 25 0.005177
7 26 0.999837
7 27 0.329464
7 28 0.019299
7 29 0.071949
7 30 0.999543
7 31 0.987559
7 32 0.002681
7 33 0.029925
7 34 0.999756
7 35 0.846427
7 36 0.997073
7 37 0.996753
7 38 0.029925
7 39 0.899866
7 40 0.989082
7 41 0.999863
7 42 0.172989
7 43 0.453650
7 44 0.999998
7 45 0.105307
7 46 0.998764
7 47 0.245316
7 48 0.999451
7 49 0.434867
7 50 0.268234
7 51 0.972594
7 52 0.997259
7 53 0.999935
7 54 0.945939
7 55 0.011782
7 56 0.999845
7 57 0.029925
7 58 0.005177
7 59 0.138922
7 60 0.996485
7 61 0.138922
7 62 0.998147
7 63 0.999992
7 64 0.999919
7 65 0.071949
7 66 0.999931
7 67 0.391878
7 68 0.999914
7 69 0.998902
7 70 0.995546
7 71 0.011782
7 72 0.999919
7 73 0.988345
7 74 0.894801
7 75 0.999884
7 76 0.998265
7 77 0.999986
7 78 0.029925
7 79 0.989633
7 80 0.990780
7 81 0.994155
7 82 0.999946
7 83 0.899866
7 84 0.997944
7 85 0.999634
7 86 0.999478
7 87 0.999691
7 88 0.029925
7 89 0.999990
7 90 0.071949
7 91 0.991800
7 92 0.868767
7 93 0.998629
7 94 0.999267
7 95 0.999845
7 96 0.263461
7 97 0.999485
7 98 0.999421
7 99 0.999939
8 0 0.980672
8 1 0.846427
8 2 0.965441
8 3 0.005177
8 4 0.051779
8 5 1.000000
8 6 0.998536
8 7 0.029925
8 8 0.000000
8 9 0.189109
8 10 0.820692
8 11 0.998902
8 12 0.051779
8 13 0.999797
8 14 0.999349
8 15 0.972594
8 16 0.999995
8 17 0.983668
8 18 0.988345
8 19 0.517913
8 20 0.999954
8 21 0.999931
8 22 0.019299
8 23 0.996347
8 24 0.991246
8 25 0.999566
8 26 0.978283
8 27 0.995379
8 28 0.029925
8 29 0.981645
8 30 0.995892
8 31 0.069412
8 32 0.997563
8 33 0.983446
8 34 0.999999
8 35 0.586171
8 36 0.999968
8 37 0.969222
8 38 0.996917
8 39 0.172989
8 40 0.999939
8 41 0.983668
8 42 0.005177
8 43 0.999919
8 44 0.035762
8 45 0.999086
8 46 0.573990
8 47 0.999999
8 48 0.029925
8 49 0.985469
8 50 0.999024
8 51 0.781351
8 52 0.924902
8 53 0.999997
8 54 0.999817
8 55 0.093360
8 56 0.980672
8 57 0.999996
8 58 0.999995
8 59 0.888076
8 60 0.969629
8 61 0.994803
8 62 0.954792
8 63 0.999132
8 64 0.932077
8 65 0.999984
8 66 0.973968
8 67 0.999999
8 68 0.999711
8 69 0.848329
8 70 0.889496
8 71 0.986202
8 72 0.994526
8 73 0.622015
8 74 0.999657
8 75 0.716439
8 76 0.995316
8 77 0.138922
8 78 0.754758
8 79 0.999691
8 80 0.999566
8 81 0.943131
8 82 0.855444
8 83 0.999711
8 84 0.029925
8 85 0.996532
8 86 0.998172
8 87 0.994156
8 88 0.993077
8 89 0.951157
8 90 0.985469
8 91 0.980411
8 92 0.999995
8 93 0.434867
8 94 0.622014
8 95 0.979374
8 96 0.999981
8 97 0.557193
8 98 0.990157
8 99 0.716439
9 0 0.997398
9 1 0.999512
9 2 0.552765
9 3 0.999989
9 4 0.690668
9 5 0.999964
9 6 0.956464
9 7 0.967602
9 8 0.189109
9 9 0.000000
9 10 0.997222
9 11 0.757621
9 12 0.985272
9 13 0.703771
9 14 0.975602
9 15 0.687190
9 16 0.778725
9 17 0.957038
9 18 0.999986
9 19 0.590401
9 20 0.999451
9 21 0.999566
9 22 0.011782
9 23 0.997398
9 24 0.999949
9 25 0.429954
9 26 0.988934
9 27 0.071949
9 28 0.995379
9 29 0.991800
9 30 0.999566
9 31 0.967602
9 32 0.999943
9 33 0.999024
9 34 0.998629
9 35 0.999817
9 36 0.245316
9 37 0.071949
9 38 0.999870
9 39 0.982569
9 40 0.517913
9 41 0.071949
9 42 0.999794
9 43 0.999954
9 44 0.995379
9 45 0.011782
9 46 0.999634
9 47 1.000000
9 48 0.573990
9 49 0.453650
9 50 0.227550
9 51 0.997073
9 52 0.000556
9 53 0.999973
9 54 0.305550
9 55 0.517913
9 56 0.828969
9 57 0.997530
9 58 0.003622
9 59 0.999421
9 60 0.998764
9 61 0.071949
9 62 0.757621
9 63 0.999991
9 64 0.994803
9 65 0.999923
9 66 0.957037
9 67 0.999845
9 68 0.245316
9 69 0.005177
9 70 0.410971
9 71 0.997804
9 72 0.999349
9 73 0.928576
9 74 0.999634
9 75 0.999807
9 76 0.975602
9 77 0.994803
9 78 0.999984
9 79 0.999976
9 80 0.035762
9 81 0.905921
9 82 0.979374
9 83 0.862254
9 84 0.005177
9 85 0.108547
9 86 0.999995
9 87 0.982569
9 88 0.998048
9 89 0.728674
9 90 0.999891
9 91 0.071949
9 92 0.995892
9 93 0.172989
9 94 0.999939
9 95 1.000000
9 96 0.703771
9 97 0.983668
9 98 0.227550
9 99 0.999024
10 0 0.998265
10 1 0.573990
10 2 0.999969
10 3 0.268234
10 4 0.963627
10 5 0.999340
10 6 0.029925
10 7 0.552765
10 8 0.820692
10 9 0.997222
10 10 0.000000
10 11 0.029925
10 12 0.986202
10 13 0.997222
10 14 0.997530
10 15 0.051779
10 16 0.997073
10 17 0.999566
10 18 0.999674
10 19 0.949286
10 20 0.448784
10 21 0.999390
10 22 0.981645
10 23 0.999807
10 24 0.915921
10 25 0.993516
10 26 0.011782
10 27 0.108547
10 28 0.999973
10 29 0.051779
10 30 0.310464
10 31 0.812062
10 32 0.999946
10 33 0.029925
10 34 0.959174
10 35 0.008716
10 36 0.820692
10 37 0.005177
10 38 0.999967
10 39 0.991800
10 40 0.999997
10 41 0.932960
10 42 0.999897
10 43 1.000000
10 44 0.954190
10 45 0.868767
10 46 0.996100
10 47 0.998536
10 48 0.029925
10 49 0.372722
10 50 0.029925
10 51 0.874996
10 52 0.889496
10 53 0.999837
10 54 0.998901
10 55 0.999711
10 56 0.999725
10 57 0.999674
10 58 0.005177
10 59 0.994155
10 60 0.999878
10 61 0.999908
10 62 0.999946
10 63 0.999966
10 64 0.969222
10 65 0.943131
10 66 0.999421
10 67 0.990157
10 68 0.998265
10 69 0.329464
10 70 0.477022
10 71 0.994155
10 72 0.990289
10 73 0.138922
10 74 0.993077
10 75 0.954792
10 76 0.996297
10 77 0.999756
10 78 0.809758
10 79 0.998901
10 80 0.998048
10 81 0.882454
10 82 0.998353
10 83 0.719662
10 84 0.184861
10 85 0.996347
10 86 1.000000
10 87 0.987725
10 88 0.999871
10 89 0.999978
10 90 0.999990
10 91 0.989082
10 92 0.029925
10 93 0.999512
10 94 0.994155
10 95 0.999948
10 96 0.999871
10 97 0.924902
10 98 0.990780
10 99 0.999451
11 0 0.051779
11 1 0.999928
11 2 0.999995
11 3 0.999878
11 4 0.999566
11 5 0.997398
11 6 0.951798
11 7 0.791203
11 8 0.998902
11 9 0.757621
11 10 0.029925
11 11 0.000000
11 12 0.993427
11 13 0.367737
11 14 0.999634
11 15 0.138922
11 16 0.996917
11 17 0.994526
11 18 0.967602
11 19 0.019299
11 20 0.999711
11 21 0.993077
11 22 0.999983
11 23 0.986898
11 24 0.268234
11 25 0.590401
11 26 0.999268
11 27 0.999946
11 28 0.998764
11 29 0.954189
11 30 0.998353
11 31 0.972594
11 32 0.060180
11 33 0.108547
11 34 0.189109
11 35 0.997687
11 36 0.980672
11 37 0.954189
11 38 0.882454
11 39 0.999566
11 40 0.979374
11 41 0.997073
11 42 0.999973
11 43 0.999711
11 44 0.999486
11 45 0.894801
11 46 0.245316
11 47 0.986015
11 48 0.051779
11 49 0.999936
11 50 0.939390
11 51 0.778725
11 52 0.999959
11 53 0.189109
11 54 0.999652
11 55 0.060180
11 56 0.989082
11 57 0.949286
11 58 0.986202
11 59 0.998843
11 60 0.268234
11 61 0.996347
11 62 0.990780
11 63 0.999218
11 64 0.984491
11 65 0.981645
11 66 0.703771
11 67 0.959174
11 68 0.071949
11 69 0.268234
11 70 0.999829
11 71 0.999711
11 72 0.999037
11 73 0.999629
11 74 0.990780
11 75 0.936253
11 76 0.415919
11 77 1.000000
11 78 0.992983
11 79 0.997804
11 80 0.978283
11 81 0.949286
11 82 0.999998
11 83 0.999794
11 84 0.999989
11 85 0.986898
11 86 0.659444
11 87 0.029925
11 88 0.573990
11 89 0.286770
11 90 0.999176
11 91 0.973968
11 92 0.999986
11 93 0.855444
11 94 0.495294
11 95 0.096388
11 96 0.820692
11 97 0.999314
11 98 0.989634
11 99 0.999614
12 0 0.569659
12 1 0.999989
12 2 0.923918
12 3 0.060180
12 4 0.999725
12 5 0.954189
12 6 0.999976
12 7 0.731785
12 8 0.051779
12 9 0.985272
12 10 0.986202
12 11 0.993427
12 12 0.000000
12 13 0.999228
12 14 0.029925
12 15 0.905921
12 16 0.768376
12 17 0.992609
12 18 0.019299
12 19 0.071949
12 20 0.998698
12 21 0.800669
12 22 0.517913
12 23 0.410971
12 24 0.995379
12 25 0.999976
12 26 0.310464
12 27 0.029925
12 28 0.000372
12 29 0.324511
12 30 0.986898
12 31 0.995379
12 32 0.951799
12 33 0.999957
12 34 0.999674
12 35 0.071949
12 36 0.569659
12 37 0.932077
12 38 0.993077
12 39 0.051779
12 40 0.153568
12 41 0.999756
12 42 0.996100
12 43 0.999349
12 44 0.999961
12 45 0.029925
12 46 0.051779
12 47 0.976826
12 48 0.051779
12 49 0.998901
12 50 0.999848
12 51 0.989633
12 52 0.743482
12 53 0.992983
12 54 0.846427
12 55 0.768376
12 56 0.268234
12 57 0.051779
12 58 0.868768
12 59 0.993077
12 60 0.999952
12 61 0.082237
12 62 0.999566
12 63 0.972594
12 64 0.989082
12 65 0.996100
12 66 0.019299
12 67 0.999187
12 68 0.071949
12 69 0.949286
12 70 0.924902
12 71 0.983667
12 72 0.999928
12 73 0.995892
12 74 1.000000
12 75 0.999674
12 76 0.035762
12 77 0.828969
12 78 0.999928
12 79 0.999997
12 80 0.999885
12 81 0.920015
12 82 0.641070
12 83 0.936253
12 84 0.990780
12 85 0.997398
12 86 0.329464
12 87 0.029925
12 88 0.690668
12 89 0.956465
12 90 0.914824
12 91 0.999891
12 92 0.999512
12 93 0.051779
12 94 1.000000
12 95 0.959712
12 96 0.969629
12 97 0.967602
12 98 0.997073
12 99 0.948613
13 0 0.954189
13 1 0.005177
13 2 0.999989
13 3 0.410971
13 4 0.453650
13 5 0.019299
13 6 0.855444
13 7 0.999946
13 8 0.999797
13 9 0.703771
13 10 0.997222
13 11 0.367737
13 12 0.999228
13 13 0.000000
13 14 0.495294
13 15 0.263461
13 16 0.984491
13 17 0.999783
13 18 0.998971
13 19 0.901145
13 20 0.939390
13 21 0.998353
13 22 0.999996
13 23 0.998457
13 24 0.820692
13 25 0.991800
13 26 0.999973
13 27 0.911627
13 28 0.082237
13 29 0.001794
13 30 0.999973
13 31 0.626001
13 32 0.391878
13 33 0.082237
13 34 0.997073
13 35 0.998843
13 36 0.999228
13 37 0.135231
13 38 0.263461
13 39 0.999969
13 40 0.999743
13 41 0.626001
13 42 0.997398
13 43 0.999863
13 44 0.977990
13 45 0.998698
13 46 0.963627
13 47 0.477022
13 48 0.990780
13 49 0.687190
13 50 0.590401
13 51 0.894801
13 52 0.999999
13 53 0.028526
13 54 0.573990
13 55 0.998680
13 56 0.641070
13 57 0.990289
13 58 0.590401
13 59 0.997916
13 60 0.019299
13 61 0.997688
13 62 0.999997
13 63 0.172989
13 64 0.965899
13 65 0.999421
13 66 0.846427
13 67 0.924902
13 68 0.996100
13 69 0.999587
13 70 0.410971
13 71 0.984280
13 72 0.060180
13 73 0.999984
13 74 0.984490
13 75 1.000000
13 76 0.703771
13 77 0.987726
13 78 0.993844
13 79 0.999826
13 80 0.268234
13 81 0.999964
13 82 0.943131
13 83 0.920015
13 84 0.999848
13 85 0.910477
13 86 0.991246
13 87 0.951158
13 88 0.999928
13 89 0.999987
13 90 0.999981
13 91 0.998265
13 92 0.998048
13 93 0.870414
13 94 0.980672
13 95 0.995379
13 96 0.999886
13 97 0.999657
13 98 0.989082
13 99 0.434867
14 0 0.999695
14 1 0.372722
14 2 0.999884
14 3 0.980672
14 4 0.901145
14 5 0.051779
14 6 0.999176
14 7 0.981645
14 8 0.999349
14 9 0.975602
14 10 0.997530
14 11 0.999634
14 12 0.029925
14 13 0.495294
14 14 0.000000
14 15 0.082237
14 16 0.910477
14 17 0.994156
14 18 0.768376
14 19 0.999837
14 20 0.997687
14 21 0.268234
14 22 0.961718
14 23 0.998457
14 24 0.999919
14 25 0.999756
14 26 0.979374
14 27 0.019299
14 28 0.986898
14 29 0.987073
14 30 0.005177
14 31 0.980412
14 32 0.999771
14 33 0.894801
14 34 0.972225
14 35 1.000000
14 36 0.995892
14 37 0.999566
14 38 0.990157
14 39 0.972594
14 40 0.372722
14 41 0.019299
14 42 0.552765
14 43 0.999314
14 44 0.029925
14 45 0.172989
14 46 0.996533
14 47 0.014763
14 48 0.997398
14 49 0.999897
14 50 0.999855
14 51 0.781351
14 52 0.855444
14 53 0.987725
14 54 0.998698
14 55 0.189109
14 56 0.996100
14 57 0.999807
14 58 0.138922
14 59 0.988934
14 60 0.999986
14 61 0.410971
14 62 0.135231
14 63 0.999837
14 64 0.005177
14 65 0.172989
14 66 0.029925
14 67 0.986202
14 68 0.999995
14 69 0.980672
14 70 0.999891
14 71 0.051779
14 72 0.999652
14 73 0.029925
14 74 0.876570
14 75 0.985272
14 76 0.990780
14 77 0.029925
14 78 0.019299
14 79 0.999871
14 80 0.999828
14 81 0.914826
14 82 0.472229
14 83 0.990157
14 84 0.923918
14 85 0.999998
14 86 0.976826
14 87 0.994449
14 88 0.999964
14 89 0.517913
14 90 0.999923
14 91 0.305549
14 92 0.999228
14 93 0.999132
14 94 0.920015
14 95 0.998902
14 96 0.979374
14 97 0.951799
14 98 0.988345
14 99 0.998048
15 0 0.495294
15 1 0.434867
15 2 0.999132
15 3 0.690668
15 4 0.992609
15 5 0.995380
15 6 0.831064
15 7 0.999959
15 8 0.972594
15 9 0.687190
15 10 0.051779
15 11 0.138922
15 12 0.905921
15 13 0.263461
15 14 0.082237
15 15 0.000000
15 16 0.820692
15 17 0.019299
15 18 0.999997
15 19 0.999986
15 20 0.051779
15 21 0.028526
15 22 0.800669
15 23 0.005177
15 24 0.999512
15 25 0.985272
15 26 0.951798
15 27 0.967602
15 28 0.993427
15 29 0.998437
15 30 0.108547
15 31 0.999024
15 32 0.945939
15 33 0.268234
15 34 0.138922
15 35 0.286770
15 36 0.999928
15 37 0.082237
15 38 0.472230
15 39 0.920015
15 40 0.901145
15 41 0.703771
15 42 0.998353
15 43 0.991689
15 44 0.999966
15 45 0.138922
15 46 0.999634
15 47 0.029925
15 48 0.999512
15 49 0.743482
15 50 0.019299
15 51 0.743482
15 52 0.939390
15 53 0.999991
15 54 0.992215
15 55 0.019299
15 56 0.998048
15 57 0.915921
15 58 0.999973
15 59 0.999998
15 60 0.372722
15 61 0.976826
15 62 0.019299
15 63 0.910477
15 64 0.999997
15 65 0.189109
15 66 0.305550
15 67 0.995892
15 68 0.999132
15 69 0.999969
15 70 0.999588
15 71 0.999837
15 72 0.108547
15 73 0.999991
15 74 0.992708
15 75 0.981644
15 76 0.019299
15 77 1.000000
15 78 0.029925
15 79 0.998764
15 80 0.820692
15 81 0.986386
15 82 0.874996
15 83 0.108547
15 84 0.996100
15 85 0.999543
15 86 0.997398
15 87 0.999073
15 88 0.984490
15 89 0.051779
15 90 0.920015
15 91 0.138922
15 92 1.000000
15 93 0.862254
15 94 0.051779
15 95 0.999904
15 96 0.999989
15 97 0.281925
15 98 0.997530
15 99 0.743482
16 0 0.998048
16 1 0.999976
16 2 0.970761
16 3 0.997916
16 4 0.029925
16 5 0.961203
16 6 0.948613
16 7 0.999421
16 8 0.999995
16 9 0.778725
16 10 0.997073
16 11 0.996917
16 12 0.768376
16 13 0.984491
16 14 0.910477
16 15 0.820692
16 16 0.000000
16 17 0.999991
16 18 0.108547
16 19 0.590401
16 20 0.994452
16 21 0.954189
16 22 0.999897
16 23 0.472229
16 24 0.999982
16 25 0.998901
16 26 0.820692
16 27 0.434867
16 28 0.029925
16 29 0.999566
16 30 0.973967
16 31 0.838911
16 32 0.035762
16 33 0.998353
16 34 0.954792
16 35 0.997222
16 36 0.999086
16 37 0.999985
16 38 0.305549
16 39 0.996298
16 40 0.999024
16 41 0.999973
16 42 0.998457
16 43 0.975273
16 44 0.800669
16 45 0.882454
16 46 0.035762
16 47 0.965441
16 48 0.999999
16 49 0.768376
16 50 0.997259
16 51 0.029925
16 52 0.993516
16 53 0.999711
16 54 0.227550
16 55 0.071949
16 56 0.989633
16 57 0.687189
16 58 0.999229
16 59 0.999756
16 60 0.019299
16 61 0.791203
16 62 0.997944
16 63 0.495294
16 64 0.019299
16 65 0.992708
16 66 0.980411
16 67 0.969221
16 68 0.535509
16 69 0.998457
16 70 0.994803
16 71 0.999566
16 72 0.002681
16 73 0.999837
16 74 0.082237
16 75 0.477022
16 76 0.673535
16 77 0.999990
16 78 1.000000
16 79 0.189109
16 80 0.121504
16 81 0.997398
16 82 0.029925
16 83 0.227550
16 84 0.999994
16 85 0.999985
16 86 0.995892
16 87 0.626001
16 88 0.999674
16 89 0.999973
16 90 0.590401
16 91 0.997074
16 92 1.000000
16 93 0.999942
16 94 0.731785
16 95 0.976826
16 96 0.205798
16 97 0.517913
16 98 0.999421
16 99 0.999996
17 0 0.189109
17 1 0.996100
17 2 0.610510
17 3 0.227550
17 4 0.990780
17 5 0.973967
17 6 0.998698
17 7 0.138922
17 8 0.983668
17 9 0.957038
17 10 0.999566
17 11 0.994526
17 12 0.992609
17 13 0.999783
17 14 0.994156
17 15 0.019299
17 16 0.999991
17 17 0.000000
17 18 0.954189
17 19 0.998698
17 20 0.997944
17 21 0.996752
17 22 0.999566
17 23 0.082237
17 24 0.992215
17 25 0.051779
17 26 0.994803
17 27 0.994155
17 28 0.434867
17 29 0.999999
17 30 0.791203
17 31 0.998843
17 32 0.999390
17 33 0.999982
17 34 0.754758
17 35 0.883941
17 36 0.996917
17 37 0.943131
17 38 0.984491
17 39 0.991363
17 40 0.995892
17 41 0.999982
17 42 0.978283
17 43 0.590401
17 44 0.999848
17 45 0.108547
17 46 0.014763
17 47 0.999968
17 48 0.227550
17 49 0.641070
17 50 0.999964
17 51 0.999999
17 52 0.923918
17 53 0.999878
17 54 0.828969
17 55 0.060180
17 56 0.644918
17 57 0.268234
17 58 0.987073
17 59 0.846427
17 60 0.969221
17 61 0.999691
17 62 0.011782
17 63 0.921048
17 64 0.999998
17 65 0.019299
17 66 0.998457
17 67 0.999132
17 68 0.996532
17 69 0.391878
17 70 0.943131
17 71 0.990780
17 72 0.993427
17 73 0.972594
17 74 0.905921
17 75 0.999314
17 76 0.999897
17 77 0.028526
17 78 1.000000
17 79 0.995379
17 80 0.999969
17 81 0.998172
17 82 0.999954
17 83 0.029925
17 84 0.812062
17 85 0.989633
17 86 0.831064
17 87 0.999846
17 88 0.999725
17 89 0.889496
17 90 0.999990
17 91 0.999998
17 92 0.820692
17 93 0.999954
17 94 0.999588
17 95 0.991800
17 96 0.999999
17 97 0.754758
17 98 0.936253
17 99 0.999268
18 0 0.862254
18 1 0.910477
18 2 0.997944
18 3 0.999485
18 4 0.994156
18 5 0.071949
18 6 0.989633
18 7 0.993077
18 8 0.988345
18 9 0.999986
18 10 0.999674
18 11 0.967602
18 12 0.019299
18 13 0.998971
18 14 0.768376
18 15 0.999997
18 16 0.108547
18 17 0.954189
18 18 0.000000
18 19 0.992708
18 20 0.999691
18 21 0.954189
18 22 0.011782
18 23 0.999132
18 24 0.051779
18 25 0.042353
18 26 0.992609
18 27 0.999783
18 28 0.992215
18 29 0.997687
18 30 0.838911
18 31 0.990023
18 32 0.995613
18 33 0.999982
18 34 0.999979
18 35 0.999086
18 36 0.768376
18 37 0.108547
18 38 0.999132
18 39 0.999817
18 40 0.957037
18 41 0.972594
18 42 0.997944
18 43 0.889496
18 44 0.994526
18 45 0.994452
18 46 0.626001
18 47 0.673535
18 48 0.996532
18 49 0.227550
18 50 0.999977
18 51 0.999634
18 52 0.051779
18 53 0.999609
18 54 0.985469
18 55 0.999878
18 56 0.997687
18 57 0.991800
18 58 0.995133
18 59 0.831064
18 60 0.889496
18 61 0.994803
18 62 0.703771
18 63 0.108547
18 64 0.976826
18 65 0.998681
18 66 0.019299
18 67 0.999923
18 68 0.998629
18 69 0.997073
18 70 0.998971
18 71 0.644918
18 72 0.434867
18 73 0.535509
18 74 0.999691
18 75 0.005177
18 76 0.999996
18 77 0.999897
18 78 0.994234
18 79 0.989633
18 80 0.978283
18 81 0.995892
18 82 0.996917
18 83 0.989633
18 84 0.998629
18 85 0.945939
18 86 0.999566
18 87 0.996100
18 88 0.959174
18 89 0.999961
18 90 0.995379
18 91 0.936253
18 92 0.986202
18 93 0.959174
18 94 0.768376
18 95 0.687190
18 96 0.997804
18 97 0.029925
18 98 0.011782
18 99 0.999421
19 0 0.999783
19 1 0.932077
19 2 0.999024
19 3 0.999794
19 4 0.989082
19 5 0.999919
19 6 0.998457
19 7 0.999349
19 8 0.517913
19 9 0.590401
19 10 0.949286
19 11 0.019299
19 12 0.071949
19 13 0.901145
19 14 0.999837
19 15 0.999986
19 16 0.590401
19 17 0.998698
19 18 0.992708
19 19 0.000000
19 20 0.965441
19 21 0.971149
19 22 0.999989
19 23 0.999828
19 24 0.005177
19 25 0.051779
19 26 0.997530
19 27 0.999991
19 28 0.915921
19 29 0.978283
19 30 0.996100
19 31 0.820692
19 32 0.998536
19 33 0.999891
19 34 0.999674
19 35 0.993427
19 36 0.828969
19 37 0.999771
19 38 0.286770
19 39 0.029925
19 40 0.905921
19 41 0.976826
19 42 0.988345
19 43 0.998698
19 44 0.995067
19 45 0.655710
19 46 0.999614
19 47 0.626001
19 48 0.517913
19 49 0.477022
19 50 0.812062
19 51 0.956463
19 52 0.172989
19 53 0.995066
19 54 0.998698
19 55 0.082237
19 56 0.998048
19 57 0.005177
19 58 0.999711
19 59 0.999939
19 60 0.975273
19 61 0.999995
19 62 0.874996
19 63 0.936253
19 64 0.999807
19 65 0.988345
19 66 0.999783
19 67 0.999543
19 68 0.108547
19 69 0.999771
19 70 0.979374
19 71 0.051779
19 72 0.959174
19 73 0.138922
19 74 0.961718
19 75 0.082237
19 76 0.051779
19 77 0.999421
19 78 0.997530
19 79 0.868768
19 80 0.999382
19 81 0.982568
19 82 0.993077
19 83 0.999132
19 84 0.999451
19 85 0.999914
19 86 0.029925
19 87 0.415919
19 88 0.999349
19 89 0.995066
19 90 0.991800
19 91 0.948613
19 92 0.999878
19 93 0.998901
19 94 0.999794
19 95 0.999975
19 96 0.610510
19 97 0.999999
19 98 0.268234
19 99 0.995067
20 0 0.999536
20 1 0.999919
20 2 0.138922
20 3 0.999486
20 4 0.999566
20 5 0.791202
20 6 0.999657
20 7 0.791203
20 8 0.999954
20 9 0.999451
20 10 0.448784
20 11 0.999711
20 12 0.998698
20 13 0.939390
20 14 0.997687
20 15 0.051779
20 16 0.994452
20 17 0.997944
20 18 0.999691
20 19 0.965441
20 20 0.000000
20 21 0.999566
20 22 1.000000
20 23 0.999349
20 24 0.002681
20 25 0.703771
20 26 0.983667
20 27 0.051779
20 28 0.999349
20 29 0.019299
20 30 0.999817
20 31 0.245316
20 32 0.915921
20 33 0.999936
20 34 0.768376
20 35 0.071949
20 36 0.939390
20 37 0.996752
20 38 0.999998
20 39 0.268234
20 40 0.812062
20 41 0.590401
20 42 0.060180
20 43 0.999855
20 44 0.999995
20 45 0.999908
20 46 0.999349
20 47 0.189109
20 48 0.997259
20 49 0.997944
20 50 0.035762
20 51 0.999943
20 52 0.994803
20 53 0.728674
20 54 0.994156
20 55 0.998843
20 56 0.999998
20 57 0.999349
20 58 0.641070
20 59 0.172989
20 60 0.995067
20 61 0.690668
20 62 0.019299
20 63 0.999725
20 64 0.138922
20 65 0.999946
20 66 0.988345
20 67 0.999957
20 68 0.305549
20 69 0.121504
20 70 0.028526
20 71 0.659444
20 72 0.223001
20 73 0.901145
20 74 0.071949
20 75 0.999967
20 76 0.999959
20 77 0.985469
20 78 0.071949
20 79 0.999977
20 80 0.981645
20 81 0.019299
20 82 0.029925
20 83 0.996100
20 84 0.993077
20 85 0.949286
20 86 0.974313
20 87 0.999725
20 88 1.000000
20 89 0.999995
20 90 0.245316
20 91 0.227550
20 92 0.071949
20 93 0.876571
20 94 0.005177
20 95 0.972594
20 96 0.999176
20 97 0.999794
20 98 0.060180
20 99 0.673535
21 0 0.082237
21 1 0.108547
21 2 0.227550
21 3 0.942377
21 4 0.477022
21 5 0.029925
21 6 0.994526
21 7 0.029925
21 8 0.999931
21 9 0.999566
21 10 0.999390
21 11 0.993077
21 12 0.800669
21 13 0.998353
21 14 0.268234
21 15 0.028526
21 16 0.954189
21 17 0.996752
21 18 0.954189
21 19 0.971149
21 20 0.999566
21 21 0.000000
21 22 0.093360
21 23 0.659444
21 24 0.996708
21 25 0.981645
21 26 0.862254
21 27 0.029925
21 28 0.999855
21 29 0.348574
21 30 0.029925
21 31 0.996100
21 32 0.963627
21 33 0.740482
21 34 0.391878
21 35 0.029925
21 36 0.976826
21 37 0.989633
21 38 0.998629
21 39 0.846427
21 40 0.986202
21 41 0.995613
21 42 0.999966
21 43 0.979374
21 44 0.768376
21 45 0.998265
21 46 0.029925
21 47 0.999421
21 48 0.999848
21 49 0.853624
21 50 0.971149
21 51 0.329464
21 52 0.998610
21 53 0.329464
21 54 0.987725
21 55 0.862254
21 56 0.999952
21 57 0.999975
21 58 0.999971
21 59 0.986898
21 60 0.096388
21 61 0.999999
21 62 0.731785
21 63 0.803068
21 64 0.972594
21 65 0.920015
21 66 0.999995
21 67 0.005177
21 68 0.138922
21 69 0.968808
21 70 0.996708
21 71 0.984490
21 72 0.791202
21 73 0.999451
21 74 0.994155
21 75 0.999710
21 76 0.993077
21 77 0.999935
21 78 0.998843
21 79 0.868768
21 80 0.999992
21 81 0.999954
21 82 0.453649
21 83 0.994526
21 84 0.999566
21 85 0.973617
21 86 0.999132
21 87 0.023583
21 88 0.999996
21 89 0.999588
21 90 0.996708
21 91 0.999797
21 92 0.975601
21 93 0.999382
21 94 0.096388
21 95 0.153568
21 96 0.990157
21 97 0.999964
21 98 0.967602
21 99 0.029925
22 0 0.477022
22 1 0.999993
22 2 0.893444
22 3 0.019299
22 4 0.999986
22 5 0.472229
22 6 0.108547
22 7 0.985469
22 8 0.019299
22 9 0.011782
22 10 0.981645
22 11 0.999983
22 12 0.517913
22 13 0.999996
22 14 0.961718
22 15 0.800669
22 16 0.999897
22 17 0.999566
22 18 0.011782
22 19 0.999989
22 20 1.000000
22 21 0.093360
22 22 0.000000
22 23 0.883941
22 24 0.959174
22 25 0.996708
22 26 0.108547
22 27 0.305549
22 28 0.999999
22 29 0.153568
22 30 0.029925
22 31 0.945939
22 32 0.138922
22 33 0.999421
22 34 0.999846
22 35 0.005177
22 36 0.997259
22 37 0.011782
22 38 0.999314
22 39 0.899866
22 40 0.108547
22 41 0.983447
22 42 0.513285
22 43 0.372722
22 44 0.999536
22 45 0.936253
22 46 0.978283
22 47 0.716439
22 48 0.986202
22 49 0.999863
22 50 0.820692
22 51 0.820692
22 52 0.029925
22 53 0.998971
22 54 0.998698
22 55 0.995133
22 56 0.999983
22 57 0.997563
22 58 0.998843
22 59 0.999952
22 60 0.998610
22 61 0.990780
22 62 0.979374
22 63 0.029925
22 64 0.999936
22 65 0.659444
22 66 0.999931
22 67 0.329464
22 68 0.999804
22 69 0.988345
22 70 0.999072
22 71 0.029925
22 72 0.999305
22 73 0.535509
22 74 0.998698
22 75 0.998172
22 76 0.997805
22 77 0.883941
22 78 0.980672
22 79 0.999845
22 80 0.999771
22 81 0.984491
22 82 0.998971
22 83 0.999994
22 84 0.227550
22 85 1.000000
22 86 0.965441
22 87 0.999797
22 88 0.999768
22 89 0.641070
22 90 1.000000
22 91 0.999997
22 92 0.932077
22 93 0.999421
22 94 0.999999
22 95 0.029925
22 96 0.980672
22 97 0.757621
22 98 0.999691
22 99 0.940181
23 0 0.999897
23 1 0.800669
23 2 0.999969
23 3 0.924902
23 4 0.928576
23 5 0.999846
23 6 0.788678
23 7 0.189109
23 8 0.996347
23 9 0.997398
23 10 0.999807
23 11 0.986898
23 12 0.410971
23 13 0.998457
23 14 0.998457
23 15 0.005177
23 16 0.472229
23 17 0.082237
23 18 0.999132
23 19 0.999828
23 20 0.999349
23 21 0.659444
23 22 0.883941
23 23 0.000000
23 24 0.991800
23 25 0.210224
23 26 0.943131
23 27 0.999994
23 28 0.994526
23 29 0.986015
23 30 0.172989
23 31 0.985272
23 32 0.987073
23 33 0.011782
23 34 0.993077
23 35 0.999878
23 36 0.268234
23 37 0.743482
23 38 0.108547
23 39 0.082237
23 40 0.993427
23 41 0.999674
23 42 0.999863
23 43 0.967602
23 44 0.999991
23 45 0.999817
23 46 0.999566
23 47 0.999931
23 48 0.989082
23 49 0.998172
23 50 0.999305
23 51 0.997398
23 52 0.983668
23 53 0.999826
23 54 0.019299
23 55 0.994803
23 56 0.994526
23 57 0.153568
23 58 0.994451
23 59 0.999946
23 60 0.108547
23 61 0.999974
23 62 0.999566
23 63 0.951799
23 64 0.995066
23 65 0.348574
23 66 0.998764
23 67 0.999919
23 68 0.963626
23 69 0.998629
23 70 0.971149
23 71 0.108547
23 72 0.434867
23 73 0.168897
23 74 0.610510
23 75 0.999891
23 76 0.999863
23 77 0.999919
23 78 0.019299
23 79 0.983668
23 80 0.999804
23 81 0.999863
23 82 0.998457
23 83 0.998536
23 84 0.848329
23 85 0.999566
23 86 0.626001
23 87 0.999657
23 88 0.999992
23 89 0.716439
23 90 0.626001
23 91 0.999994
23 92 0.928576
23 93 0.996917
23 94 0.999817
23 95 0.995066
23 96 0.901145
23 97 0.999998
23 98 0.999674
23 99 0.569659
24 0 0.999674
24 1 0.999566
24 2 0.999964
24 3 0.904700
24 4 0.999710
24 5 0.981645
24 6 0.999957
24 7 0.999996
24 8 0.991246
24 9 0.999949
24 10 0.915921
24 11 0.268234
24 12 0.995379
24 13 0.820692
24 14 0.999919
24 15 0.999512
24 16 0.999982
24 17 0.992215
24 18 0.051779
24 19 0.005177
24 20 0.002681
24 21 0.996708
24 22 0.959174
24 23 0.991800
24 24 0.000000
24 25 0.997398
24 26 0.997687
24 27 0.999997
24 28 0.108547
24 29 0.998610
24 30 0.982801
24 31 0.999959
24 32 0.997530
24 33 0.082237
24 34 0.989082
24 35 0.999512
24 36 0.999807
24 37 0.999756
24 38 0.019299
24 39 0.979374
24 40 0.999756
24 41 0.998536
24 42 0.998265
24 43 0.995836
24 44 0.996100
24 45 0.996347
24 46 0.999485
24 47 0.999919
24 48 0.974313
24 49 0.999984
24 50 0.023583
24 51 0.999543
24 52 0.999560
24 53 0.071949
24 54 0.999739
24 55 0.973967
24 56 0.999807
24 57 0.329464
24 58 0.716439
24 59 0.999450
24 60 0.846427
24 61 0.071949
24 62 0.029925
24 63 0.029925
24 64 0.914821
24 65 0.998265
24 66 0.999828
24 67 0.999268
24 68 0.999939
24 69 0.993077
24 70 0.006763
24 71 0.800669
24 72 1.000000
24 73 0.999931
24 74 0.999891
24 75 0.985272
24 76 0.429954
24 77 0.477022
24 78 0.959174
24 79 0.972594
24 80 1.000000
24 81 0.768376
24 82 0.999999
24 83 0.989082
24 84 0.999931
24 85 0.975602
24 86 0.999914
24 87 0.227550
24 88 0.071949
24 89 0.051779
24 90 0.472229
24 91 0.995133
24 92 0.999997
24 93 0.071949
24 94 0.029925
24 95 0.999228
24 96 0.997563
24 97 0.990780
24 98 0.853624
24 99 0.071949
25 0 0.999970
25 1 0.855444
25 2 0.997804
25 3 0.029925
25 4 0.778726
25 5 0.999743
25 6 0.994803
25 7 0.005177
25 8 0.999566
25 9 0.429954
25 10 0.993516
25 11 0.590401
25 12 0.999976
25 13 0.991800
25 14 0.999756
25 15 0.985272
25 16 0.998901
25 17 0.051779
25 18 0.042353
25 19 0.051779
25 20 0.703771
25 21 0.981645
25 22 0.996708
25 23 0.210224
25 24 0.997398
25 25 0.000000
25 26 0.005177
25 27 0.673535
25 28 0.945939
25 29 0.998147
25 30 1.000000
25 31 0.005177
25 32 0.138922
25 33 0.999991
25 34 0.990157
25 35 0.979374
25 36 0.768376
25 37 0.434867
25 38 0.989633
25 39 0.920015
25 40 0.992609
25 41 0.121504
25 42 0.999566
25 43 0.999961
25 44 0.882454
25 45 0.005177
25 46 0.999023
25 47 0.999997
25 48 0.990157
25 49 0.911627
25 50 0.999634
25 51 0.998902
25 52 0.690668
25 53 0.019299
25 54 1.000000
25 55 0.535509
25 56 0.999871
25 57 0.999976
25 58 0.894801
25 59 0.996917
25 60 0.019299
25 61 0.999987
25 62 0.205798
25 63 0.994452
25 64 0.828969
25 65 1.000000
25 66 0.984281
25 67 0.998074
25 68 0.019299
25 69 0.999024
25 70 0.999973
25 71 0.000372
25 72 0.999512
25 73 0.991800
25 74 0.999711
25 75 0.626001
25 76 0.998629
25 77 0.975602
25 78 0.998681
25 79 0.999986
25 80 0.999997
25 81 0.999957
25 82 0.002681
25 83 0.205798
25 84 0.999826
25 85 0.999994
25 86 0.991363
25 87 0.999904
25 88 0.995133
25 89 0.999634
25 90 0.988501
25 91 0.848329
25 92 0.993427
25 93 0.051779
25 94 0.948613
25 95 0.223001
25 96 0.983447
25 97 0.999566
25 98 0.999908
25 99 0.006763
26 0 0.029925
26 1 0.999985
26 2 0.060180
26 3 0.286770
26 4 0.999957
26 5 0.936253
26 6 0.876570
26 7 0.999837
26 8 0.978283
26 9 0.988934
26 10 0.011782
26 11 0.999268
26 12 0.310464
26 13 0.999973
26 14 0.979374
26 15 0.951798
26 16 0.820692
26 17 0.994803
26 18 0.992609
26 19 0.997530
26 20 0.983667
26 21 0.862254
26 22 0.108547
26 23 0.943131
26 24 0.997687
26 25 0.005177
26 26 0.000000
26 27 0.997687
26 28 0.999908
26 29 1.000000
26 30 0.982569
26 31 0.999891
26 32 0.029925
26 33 0.979649
26 34 0.993515
26 35 0.172989
26 36 0.655709
26 37 0.005177
26 38 0.999995
26 39 0.983667
26 40 0.051779
26 41 0.998436
26 42 0.051779
26 43 0.972594
26 44 0.453650
26 45 0.998610
26 46 0.096388
26 47 0.999073
26 48 0.836902
26 49 0.999725
26 50 0.999997
26 51 0.029925
26 52 1.000000
26 53 0.703771
26 54 0.029925
26 55 0.999845
26 56 0.999999
26 57 0.051779
26 58 0.999132
26 59 0.995892
26 60 0.227550
26 61 0.029925
26 62 0.998353
26 63 0.997530
26 64 0.019299
26 65 0.999952
26 66 0.999959
26 67 0.429953
26 68 0.348574
26 69 0.035762
26 70 0.998265
26 71 0.909314
26 72 0.999176
26 73 0.990780
26 74 0.997222
26 75 0.989633
26 76 0.019299
26 77 0.989633
26 78 0.999176
26 79 0.690668
26 80 0.999614
26 81 0.999711
26 82 0.108547
26 83 0.999990
26 84 0.999948
26 85 0.121504
26 86 0.641070
26 87 0.999817
26 88 0.096388
26 89 0.999946
26 90 0.998698
26 91 0.999964
26 92 0.999588
26 93 0.590401
26 94 0.517913
26 95 0.951799
26 96 0.153568
26 97 0.153568
26 98 0.999588
26 99 0.168897
27 0 0.023583
27 1 0.743482
27 2 0.988345
27 3 0.999845
27 4 0.998353
27 5 0.029925
27 6 0.970761
27 7 0.329464
27 8 0.995379
27 9 0.071949
27 10 0.108547
27 11 0.999946
27 12 0.029925
27 13 0.911627
27 14 0.019299
27 15 0.967602
27 16 0.434867
27 17 0.994155
27 18 0.999783
27 19 0.999991
27 20 0.051779
27 21 0.029925
27 22 0.305549
27 23 0.999994
27 24 0.999997
27 25 0.673535
27 26 0.997687
27 27 0.000000
27 28 0.096388
27 29 0.029925
27 30 0.888076
27 31 0.999634
27 32 0.999314
27 33 0.999228
27 34 0.999999
27 35 0.999451
27 36 0.993844
27 37 0.227550
27 38 0.991689
27 39 0.535509
27 40 0.973967
27 41 0.005177
27 42 0.172989
27 43 0.626001
27 44 0.993077
27 45 0.989082
27 46 0.172989
27 47 0.001279
27 48 0.996532
27 49 0.082237
27 50 0.719662
27 51 0.999997
