0 0 0.000000
0 1 0.035762
0 2 0.329464
0 3 0.988501
0 4 0.855444
0 5 0.991800
0 6 0.980672
0 7 0.987073
0 8 0.329464
0 9 0.991363
0 10 0.961718
0 11 0.051779
0 12 0.838911
0 13 0.971149
0 14 0.959712
0 15 0.329464
0 16 0.997259
0 17 0.227550
0 18 0.883941
0 19 0.971149
0 20 0.981645
0 21 0.329464
0 22 0.071949
0 23 0.999314
0 24 0.994526
0 25 0.999593
0 26 0.029925
0 27 0.189109
0 28 0.986202
0 29 0.011782
0 30 0.517913
0 31 0.999928
0 32 0.936253
0 33 0.768376
0 34 0.999593
0 35 0.029925
0 36 0.998781
0 37 0.995672
0 38 0.096388
0 39 0.883941
0 40 0.310464
0 41 0.969629
0 42 0.673535
0 43 0.998555
0 44 0.372722
0 45 0.743482
0 46 0.610510
0 47 0.746454
0 48 0.990289
0 49 0.998843
0 50 0.329464
0 51 0.994526
0 52 0.768376
0 53 0.994873
0 54 0.965899
0 55 0.268234
0 56 0.994526
0 57 0.029925
0 58 0.993170
0 59 0.996752
0 60 0.991363
0 61 0.659444
0 62 0.991800
0 63 0.980672
0 64 0.965899
0 65 0.980672
0 66 0.051779
0 67 0.999771
0 68 0.998971
0 69 0.153568
0 70 0.997687
0 71 0.310464
0 72 0.965899
0 73 0.961718
0 74 0.876570
0 75 0.961718
0 76 0.999543
0 77 0.071949
0 78 0.071949
0 79 0.901145
0 80 0.921048
0 81 0.997563
0 82 0.971149
0 83 0.848329
0 84 0.943131
0 85 0.998629
0 86 0.932960
0 87 0.999797
0 88 0.924902
0 89 0.954792
0 90 0.071949
0 91 0.999829
0 92 0.995672
0 93 0.172989
0 94 0.992319
0 95 0.988501
0 96 0.820692
0 97 0.951799
0 98 0.924902
0 99 0.071949
1 0 0.035762
1 1 0.000000
1 2 0.911627
1 3 0.305549
1 4 0.987073
1 5 0.999729
1 6 0.921048
1 7 0.719662
1 8 0.901145
1 9 0.999729
1 10 0.372722
1 11 0.987725
1 12 0.999981
1 13 0.029925
1 14 0.268234
1 15 0.372722
1 16 0.998781
1 17 0.991363
1 18 0.889496
1 19 0.641070
1 20 0.998781
1 21 0.372722
1 22 0.999390
1 23 0.768376
1 24 0.988501
1 25 0.781351
1 26 0.999771
1 27 0.870414
1 28 0.329464
1 29 0.978282
1 30 0.029925
1 31 0.791203
1 32 0.005177
1 33 0.990289
1 34 0.855444
1 35 0.997113
1 36 0.985469
1 37 0.035762
1 38 0.552766
1 39 0.096388
1 40 0.965899
1 41 0.998916
1 42 0.997563
1 43 0.876570
1 44 0.659444
1 45 0.989633
1 46 0.096388
1 47 0.999819
1 48 0.999864
1 49 0.999966
1 50 0.999277
1 51 0.557193
1 52 0.535509
1 53 0.781351
1 54 0.905921
1 55 0.495293
1 56 0.189109
1 57 0.901145
1 58 0.949287
1 59 0.995133
1 60 0.557193
1 61 0.997944
1 62 0.800668
1 63 0.415919
1 64 0.972958
1 65 0.999314
1 66 0.108547
1 67 0.870414
1 68 0.855444
1 69 0.626002
1 70 0.029925
1 71 0.943131
1 72 0.999485
1 73 0.096388
1 74 0.329464
1 75 0.573990
1 76 0.096388
1 77 0.071949
1 78 0.943131
1 79 0.967602
1 80 0.029925
1 81 0.781351
1 82 0.071949
1 83 0.924902
1 84 0.108547
1 85 0.690668
1 86 0.949286
1 87 0.999543
1 88 0.268234
1 89 0.967602
1 90 0.096388
1 91 0.988501
1 92 0.812062
1 93 0.999086
1 94 0.071949
1 95 0.972594
1 96 0.803068
1 97 0.969629
1 98 0.573990
1 99 0.477022
2 0 0.329464
2 1 0.911627
2 2 0.000000
2 3 0.573990
2 4 0.997259
2 5 0.996752
2 6 0.035762
2 7 0.965441
2 8 0.855444
2 9 0.495294
2 10 0.993844
2 11 0.995133
2 12 0.936253
2 13 0.999986
2 14 0.981645
2 15 0.993515
2 16 0.920014
2 17 0.071949
2 18 0.997834
2 19 0.998172
2 20 0.310464
2 21 0.071949
2 22 0.986202
2 23 0.999949
2 24 0.957037
2 25 0.936253
2 26 0.573990
2 27 0.990289
2 28 0.999390
2 29 0.108547
2 30 0.978283
2 31 0.980672
2 32 0.051779
2 33 0.978283
2 34 0.999864
2 35 0.096388
2 36 0.989082
2 37 0.138922
2 38 0.310464
2 39 0.876570
2 40 0.172989
2 41 0.967602
2 42 0.905921
2 43 0.932960
2 44 0.996752
2 45 0.005177
2 46 0.138922
2 47 0.329464
2 48 0.189109
2 49 0.987073
2 50 0.999458
2 51 0.946647
2 52 0.997259
2 53 0.998555
2 54 0.990289
2 55 0.997259
2 56 0.999924
2 57 0.641070
2 58 0.029925
2 59 0.573990
2 60 0.999458
2 61 0.924902
2 62 0.029925
2 63 0.029925
2 64 0.659444
2 65 0.901145
2 66 0.977134
2 67 0.998781
2 68 0.965899
2 69 0.985469
2 70 0.051779
2 71 0.975602
2 72 0.329464
2 73 0.997834
2 74 0.999819
2 75 0.517913
2 76 0.626001
2 77 0.998555
2 78 0.999996
2 79 0.757621
2 80 0.268234
2 81 0.673536
2 82 0.029925
2 83 0.029925
2 84 0.517913
2 85 0.329464
2 86 0.108547
2 87 0.986386
2 88 0.051779
2 89 0.310464
2 90 0.957038
2 91 0.954792
2 92 0.972958
2 93 0.458502
2 94 0.029925
2 95 0.998074
2 96 0.932960
2 97 0.005177
2 98 0.995672
2 99 0.980672
3 0 0.988501
3 1 0.305549
3 2 0.573990
3 3 0.000000
3 4 0.690668
3 5 0.924902
3 6 0.998172
3 7 0.477022
3 8 0.005177
3 9 0.999984
3 10 0.029925
3 11 0.998916
3 12 0.153568
3 13 0.949286
3 14 0.690668
3 15 0.268234
3 16 0.999228
3 17 0.644918
3 18 0.791203
3 19 0.999807
3 20 0.999277
3 21 0.939390
3 22 0.019299
3 23 0.781351
3 24 0.768376
3 25 0.029925
3 26 0.610510
3 27 0.999485
3 28 0.999880
3 29 0.205798
3 30 0.901145
3 31 0.940181
3 32 0.971149
3 33 0.980672
3 34 0.883941
3 35 0.982801
3 36 0.997113
3 37 0.996752
3 38 0.477022
3 39 0.831064
3 40 0.997687
3 41 0.999187
3 42 0.719662
3 43 0.791203
3 44 0.268234
3 45 0.690668
3 46 0.987073
3 47 0.999187
3 48 0.659444
3 49 0.911627
3 50 0.719662
3 51 0.757621
3 52 0.996347
3 53 0.994234
3 54 0.977135
3 55 0.998172
3 56 0.928576
3 57 0.862254
3 58 0.820692
3 59 0.051779
3 60 0.268234
3 61 0.924902
3 62 0.610510
3 63 0.999807
3 64 0.999960
3 65 0.108547
3 66 0.644918
3 67 0.138922
3 68 0.071949
3 69 0.995672
3 70 0.071949
3 71 0.172989
3 72 0.644918
3 73 0.791203
3 74 0.915921
3 75 0.719662
3 76 0.940181
3 77 0.978283
3 78 0.997259
3 79 0.644918
3 80 0.974313
3 81 0.961718
3 82 0.245316
3 83 0.999996
3 84 0.029925
3 85 0.189109
3 86 0.870415
3 87 0.011782
3 88 0.781351
3 89 0.517913
3 90 0.029925
3 91 0.096388
3 92 0.951798
3 93 0.999695
3 94 0.644918
3 95 0.999924
3 96 0.911628
3 97 0.993844
3 98 0.989082
3 99 0.820692
4 0 0.855444
4 1 0.987073
4 2 0.997259
4 3 0.690668
4 4 0.000000
4 5 0.005177
4 6 0.029925
4 7 0.096388
4 8 0.096388
4 9 0.071949
4 10 0.831064
4 11 0.980672
4 12 0.999614
4 13 0.477022
4 14 0.477022
4 15 0.997259
4 16 0.096388
4 17 0.870414
4 18 0.985469
4 19 0.812062
4 20 0.996152
4 21 0.517913
4 22 0.999970
4 23 0.535509
4 24 0.995133
4 25 0.949286
4 26 0.999458
4 27 0.997834
4 28 0.959712
4 29 0.989633
4 30 0.998555
4 31 0.996917
4 32 0.911627
4 33 0.268234
4 34 0.812062
4 35 0.999695
4 36 0.971149
4 37 0.348574
4 38 0.060180
4 39 0.071949
4 40 0.999518
4 41 0.029925
4 42 0.915921
4 43 0.998843
4 44 0.971149
4 45 0.876570
4 46 0.999639
4 47 0.965899
4 48 0.998916
4 49 0.019299
4 50 0.995133
4 51 0.268234
4 52 0.108547
4 53 0.997563
4 54 0.082237
4 55 0.996347
4 56 0.991363
4 57 0.992319
4 58 0.945939
4 59 0.791203
4 60 0.189109
4 61 0.329464
4 62 0.573990
4 63 0.980672
4 64 0.999695
4 65 0.138922
4 66 0.999994
4 67 0.991363
4 68 0.994526
4 69 0.071949
4 70 0.006763
4 71 0.997259
4 72 0.990289
4 73 0.998781
4 74 0.557193
4 75 0.659444
4 76 0.227550
4 77 0.096388
4 78 0.172989
4 79 0.940181
4 80 0.329464
4 81 0.996347
4 82 0.982801
4 83 0.998555
4 84 0.071949
4 85 0.876570
4 86 0.980672
4 87 0.998843
4 88 0.096388
4 89 0.998172
4 90 0.967602
4 91 0.644918
4 92 0.996533
4 93 0.998353
4 94 0.071949
4 95 0.954792
4 96 0.757621
4 97 0.997259
4 98 0.719662
4 99 0.659444
5 0 0.991800
5 1 0.999729
5 2 0.996752
5 3 0.924902
5 4 0.005177
5 5 0.000000
5 6 0.677128
5 7 0.921048
5 8 0.999999
5 9 0.992708
5 10 0.972594
5 11 0.990289
5 12 0.987073
5 13 0.019299
5 14 0.138922
5 15 0.997834
5 16 0.999085
5 17 0.659444
5 18 0.172989
5 19 0.997563
5 20 0.610510
5 21 0.096388
5 22 0.812062
5 23 0.998629
5 24 0.969629
5 25 0.994234
5 26 0.573990
5 27 0.029925
5 28 0.372722
5 29 0.831064
5 30 0.989082
5 31 0.035762
5 32 0.997563
5 33 0.972958
5 34 0.997259
5 35 0.719662
5 36 0.965899
5 37 0.951799
5 38 0.138922
5 39 0.987073
5 40 0.963627
5 41 0.998716
5 42 0.082237
5 43 0.096388
5 44 0.971149
5 45 0.998916
5 46 0.590402
5 47 0.703771
5 48 0.999928
5 49 0.108547
5 50 0.096388
5 51 0.644918
5 52 0.949287
5 53 0.096388
5 54 0.983667
5 55 0.982801
5 56 0.980672
5 57 0.071949
5 58 0.974313
5 59 0.268234
5 60 0.999458
5 61 0.932960
5 62 0.029925
5 63 0.992708
5 64 0.943131
5 65 0.838911
5 66 0.990289
5 67 0.999543
5 68 0.999711
5 69 0.996347
5 70 0.932077
5 71 0.996152
5 72 0.121504
5 73 0.011782
5 74 0.998555
5 75 0.980672
5 76 0.415919
5 77 0.876570
5 78 0.096388
5 79 0.019299
5 80 0.005177
5 81 0.920015
5 82 0.997259
5 83 0.138922
5 84 0.227550
5 85 0.961718
5 86 0.138922
5 87 0.989082
5 88 0.998971
5 89 0.659444
5 90 0.987073
5 91 0.986202
5 92 0.996347
5 93 0.172989
5 94 0.138922
5 95 0.517913
5 96 0.987073
5 97 0.999848
5 98 0.974313
5 99 0.659445
6 0 0.980672
6 1 0.921048
6 2 0.035762
6 3 0.998172
6 4 0.029925
6 5 0.677128
6 6 0.000000
6 7 0.415919
6 8 0.965899
6 9 0.951798
6 10 0.029925
6 11 0.731785
6 12 0.999390
6 13 0.781351
6 14 0.997259
6 15 0.610510
6 16 0.768376
6 17 0.967602
6 18 0.985469
6 19 0.901144
6 20 0.977135
6 21 0.996152
6 22 0.268234
6 23 0.820692
6 24 0.999593
6 25 0.980672
6 26 0.870414
6 27 0.971149
6 28 0.495294
6 29 0.997834
6 30 0.967602
6 31 0.999572
6 32 0.138922
6 33 0.372722
6 34 0.227550
6 35 0.992708
6 36 0.974313
6 37 0.997073
6 38 0.932960
6 39 0.905921
6 40 0.997259
6 41 0.415919
6 42 0.921048
6 43 0.883941
6 44 0.999847
6 45 0.719662
6 46 0.999987
6 47 0.071949
6 48 0.757621
6 49 0.870414
6 50 0.227550
6 51 0.172989
6 52 0.997398
6 53 0.415919
6 54 0.969629
6 55 0.986898
6 56 0.172989
6 57 0.855444
6 58 0.993515
6 59 0.977135
6 60 0.996753
6 61 0.999639
6 62 0.999314
6 63 0.994234
6 64 0.495294
6 65 0.172989
6 66 0.096388
6 67 0.996347
6 68 0.999729
6 69 0.994234
6 70 0.975602
6 71 0.987726
6 72 0.998916
6 73 0.949286
6 74 0.372722
6 75 0.992708
6 76 0.096388
6 77 0.901145
6 78 0.989772
6 79 0.995892
6 80 0.800668
6 81 0.999037
6 82 0.415919
6 83 0.995133
6 84 0.991363
6 85 0.029925
6 86 0.096388
6 87 0.029925
6 88 0.996347
6 89 0.096388
6 90 0.901145
6 91 0.848329
6 92 0.936253
6 93 0.889496
6 94 0.993844
6 95 0.993516
6 96 0.987073
6 97 0.999228
6 98 0.998843
6 99 0.991800
7 0 0.987073
7 1 0.719662
7 2 0.965441
7 3 0.477022
7 4 0.096388
7 5 0.921048
7 6 0.415919
7 7 0.000000
7 8 0.029925
7 9 0.434867
7 10 0.791202
7 11 0.415919
7 12 0.517913
7 13 0.985469
7 14 0.924902
7 15 0.999695
7 16 0.998555
7 17 0.096388
7 18 0.971149
7 19 0.989082
7 20 0.227550
7 21 0.029925
7 22 0.517913
7 23 0.227550
7 24 0.999458
7 25 0.005177
7 26 0.971149
7 27 0.108547
7 28 0.019299
7 29 0.096388
7 30 0.984698
7 31 0.894801
7 32 0.002681
7 33 0.096388
7 34 0.998781
7 35 0.703771
7 36 0.967602
7 37 0.984698
7 38 0.029925
7 39 0.905921
7 40 0.659444
7 41 0.995379
7 42 0.029925
7 43 0.391878
7 44 0.999940
7 45 0.673535
7 46 0.999314
7 47 0.434867
7 48 0.995379
7 49 0.372722
7 50 0.071949
7 51 0.980672
7 52 0.961718
7 53 0.999132
7 54 0.949286
7 55 0.011782
7 56 0.996532
7 57 0.029925
7 58 0.005177
7 59 0.268234
7 60 0.996100
7 61 0.172989
7 62 0.959174
7 63 0.998555
7 64 0.999277
7 65 0.071949
7 66 0.998629
7 67 0.082237
7 68 0.999797
7 69 0.991800
7 70 0.999928
7 71 0.011782
7 72 0.971149
7 73 0.838911
7 74 0.911627
7 75 0.999957
7 76 0.996752
7 77 0.998781
7 78 0.029925
7 79 0.961718
7 80 0.996152
7 81 0.943131
7 82 0.999729
7 83 0.936253
7 84 0.535509
7 85 0.998172
7 86 0.995892
7 87 0.998781
7 88 0.029925
7 89 0.999987
7 90 0.310464
7 91 0.495294
7 92 0.961718
7 93 0.982801
7 94 0.999657
7 95 0.999743
7 96 0.495294
7 97 0.999358
7 98 0.999639
7 99 0.999986
8 0 0.329464
8 1 0.901145
8 2 0.855444
8 3 0.005177
8 4 0.096388
8 5 0.999999
8 6 0.965899
8 7 0.029925
8 8 0.000000
8 9 0.227550
8 10 0.495294
8 11 0.994526
8 12 0.051779
8 13 0.954792
8 14 0.876570
8 15 0.757621
8 16 0.974313
8 17 0.988501
8 18 0.971149
8 19 0.310464
8 20 0.981645
8 21 0.972594
8 22 0.071949
8 23 0.883941
8 24 0.995672
8 25 0.978283
8 26 0.781351
8 27 0.911627
8 28 0.096388
8 29 0.921048
8 30 0.932960
8 31 0.391878
8 32 0.921048
8 33 0.987725
8 34 0.999970
8 35 0.983668
8 36 0.998375
8 37 0.855444
8 38 0.961718
8 39 0.029925
8 40 0.999486
8 41 0.870414
8 42 0.029925
8 43 0.989082
8 44 0.035762
8 45 0.996152
8 46 0.415919
8 47 0.998916
8 48 0.029925
8 49 0.659444
8 50 0.987726
8 51 0.310464
8 52 0.268234
8 53 0.999485
8 54 0.998457
8 55 0.205798
8 56 0.719662
8 57 0.999695
8 58 0.997944
8 59 0.983668
8 60 0.268234
8 61 0.924902
8 62 0.268234
8 63 0.978283
8 64 0.495294
8 65 0.990289
8 66 0.996753
8 67 0.999975
8 68 0.995672
8 69 0.096388
8 70 0.883941
8 71 0.994234
8 72 0.988501
8 73 0.995672
8 74 0.977134
8 75 0.915921
8 76 0.994155
8 77 0.310464
8 78 0.924902
8 79 0.998457
8 80 0.990289
8 81 0.477022
8 82 0.831065
8 83 0.999277
8 84 0.029925
8 85 0.932960
8 86 0.812062
8 87 0.965899
8 88 0.855444
8 89 0.324512
8 90 0.573990
8 91 0.983667
8 92 0.998916
8 93 0.227550
8 94 0.791203
8 95 0.924902
8 96 0.998916
8 97 0.096388
8 98 0.990289
8 99 0.943131
9 0 0.991363
9 1 0.999729
9 2 0.495294
9 3 0.999984
9 4 0.071949
9 5 0.992708
9 6 0.951798
9 7 0.434867
9 8 0.227550
9 9 0.000000
9 10 0.945939
9 11 0.719662
9 12 0.981645
9 13 0.781351
9 14 0.974313
9 15 0.838911
9 16 0.915921
9 17 0.781351
9 18 0.999187
9 19 0.189109
9 20 0.862254
9 21 0.987726
9 22 0.051779
9 23 0.245316
9 24 0.994234
9 25 0.105307
9 26 0.920015
9 27 0.071949
9 28 0.979649
9 29 0.573990
9 30 0.961718
9 31 0.644918
9 32 0.992319
9 33 0.978283
9 34 0.987073
9 35 0.999086
9 36 0.477022
9 37 0.071949
9 38 0.999614
9 39 0.943131
9 40 0.172989
9 41 0.071949
9 42 0.996532
9 43 0.992708
9 44 0.989082
9 45 0.138922
9 46 0.999486
9 47 0.999924
9 48 0.477022
9 49 0.626001
9 50 0.227550
9 51 0.980672
9 52 0.227550
9 53 0.999518
9 54 0.286771
9 55 0.415919
9 56 0.961718
9 57 0.993077
9 58 0.189109
9 59 0.961718
9 60 0.979374
9 61 0.172989
9 62 0.372722
9 63 0.999886
9 64 0.961719
9 65 0.995892
9 66 0.535509
9 67 0.994803
9 68 0.719662
9 69 0.096388
9 70 0.757621
9 71 0.985469
9 72 0.820692
9 73 0.883941
9 74 0.997944
9 75 0.998781
9 76 0.757621
9 77 0.965899
9 78 0.997834
9 79 0.999639
9 80 0.108547
9 81 0.659444
9 82 0.974313
9 83 0.911627
9 84 0.005177
9 85 0.138922
9 86 0.998716
9 87 0.768376
9 88 0.901145
9 89 0.876570
9 90 0.997563
9 91 0.096388
9 92 0.812062
9 93 0.029925
9 94 0.999086
9 95 0.999999
9 96 0.329464
9 97 0.848329
9 98 0.071949
9 99 0.987073
10 0 0.961718
10 1 0.372722
10 2 0.993844
10 3 0.029925
10 4 0.831064
10 5 0.972594
10 6 0.029925
10 7 0.791202
10 8 0.495294
10 9 0.945939
10 10 0.000000
10 11 0.029925
10 12 0.987073
10 13 0.996917
10 14 0.995379
10 15 0.138922
10 16 0.997834
10 17 0.998971
10 18 0.997563
10 19 0.883941
10 20 0.778725
10 21 0.984698
10 22 0.901145
10 23 0.915921
10 24 0.803068
10 25 0.227550
10 26 0.051779
10 27 0.108547
10 28 0.998375
10 29 0.071949
10 30 0.096388
10 31 0.227550
10 32 0.997944
10 33 0.029925
10 34 0.991363
10 35 0.391878
10 36 0.924902
10 37 0.005177
10 38 0.948613
10 39 0.974313
10 40 0.999848
10 41 0.310464
10 42 0.975602
10 43 0.999949
10 44 0.924902
10 45 0.889495
10 46 0.911627
10 47 0.989082
10 48 0.029925
10 49 0.071949
10 50 0.029925
10 51 0.969222
10 52 0.227550
10 53 0.993515
10 54 0.989082
10 55 0.972958
10 56 0.995379
10 57 0.989082
10 58 0.005177
10 59 0.876571
10 60 0.999848
10 61 0.999952
10 62 0.992708
10 63 0.999743
10 64 0.957037
10 65 0.781351
10 66 0.999639
10 67 0.846427
10 68 0.940181
10 69 0.517913
10 70 0.019299
10 71 0.990289
10 72 0.227550
10 73 0.138922
10 74 0.870414
10 75 0.268234
10 76 0.993844
10 77 0.998629
10 78 0.716439
10 79 0.997687
10 80 0.980672
10 81 0.820692
10 82 0.820692
10 83 0.172989
10 84 0.703771
10 85 0.946647
10 86 0.999593
10 87 0.901144
10 88 0.999943
10 89 0.998843
10 90 0.999886
10 91 0.979649
10 92 0.029925
10 93 0.984698
10 94 0.957037
10 95 0.998971
10 96 0.998716
10 97 0.138922
10 98 0.812062
10 99 0.994526
11 0 0.051779
11 1 0.987725
11 2 0.995133
11 3 0.998916
11 4 0.980672
11 5 0.990289
11 6 0.731785
11 7 0.415919
11 8 0.994526
11 9 0.719662
11 10 0.029925
11 11 0.000000
11 12 0.943131
11 13 0.855444
11 14 0.999914
11 15 0.415919
11 16 0.998555
11 17 0.959712
11 18 0.535510
11 19 0.071949
11 20 0.987073
11 21 0.932960
11 22 0.997433
11 23 0.905920
11 24 0.071949
11 25 0.831064
11 26 0.991800
11 27 0.998916
11 28 0.993844
11 29 0.791203
11 30 0.997687
11 31 0.703771
11 32 0.434867
11 33 0.372722
11 34 0.189109
11 35 0.954792
11 36 0.977134
11 37 0.978283
11 38 0.995672
11 39 0.990289
11 40 0.286770
11 41 0.999848
11 42 0.901145
11 43 0.997259
11 44 0.949286
11 45 0.153568
11 46 0.477022
11 47 0.992215
11 48 0.268234
11 49 0.999187
11 50 0.971149
11 51 0.495294
11 52 0.997944
11 53 0.268234
11 54 0.993077
11 55 0.153568
11 56 0.719662
11 57 0.896141
11 58 0.978283
11 59 0.812062
11 60 0.071949
11 61 0.954792
11 62 0.974313
11 63 0.999132
11 64 0.768376
11 65 0.659444
11 66 0.517913
11 67 0.286770
11 68 0.071949
11 69 0.268234
11 70 0.995672
11 71 0.957037
11 72 0.921048
11 73 0.994803
11 74 0.971149
11 75 0.746454
11 76 0.210224
11 77 0.999977
11 78 0.999314
11 79 0.838911
11 80 0.781351
11 81 0.803068
11 82 0.999848
11 83 0.999695
11 84 0.999898
11 85 0.924902
11 86 0.108547
11 87 0.029925
11 88 0.227550
11 89 0.517913
11 90 0.998375
11 91 0.889496
11 92 0.993516
11 93 0.227550
11 94 0.690668
11 95 0.096388
11 96 0.959712
11 97 0.999277
11 98 0.969629
11 99 0.969629
12 0 0.838911
12 1 0.999981
12 2 0.936253
12 3 0.153568
12 4 0.999614
12 5 0.987073
12 6 0.999390
12 7 0.517913
12 8 0.051779
12 9 0.981645
12 10 0.987073
12 11 0.943131
12 12 0.000000
12 13 0.999518
12 14 0.029925
12 15 0.610510
12 16 0.227550
12 17 0.999314
12 18 0.019299
12 19 0.071949
12 20 0.876570
12 21 0.153568
12 22 0.310464
12 23 0.731785
12 24 0.959712
12 25 0.999458
12 26 0.096388
12 27 0.096388
12 28 0.005177
12 29 0.768376
12 30 0.963627
12 31 0.998555
12 32 0.959712
12 33 0.982801
12 34 0.996753
12 35 0.172989
12 36 0.690668
12 37 0.846428
12 38 0.961718
12 39 0.051779
12 40 0.434867
12 41 0.998172
12 42 0.998781
12 43 0.971149
12 44 0.996347
12 45 0.029925
12 46 0.268234
12 47 0.876570
12 48 0.051779
12 49 0.993844
12 50 0.989772
12 51 0.969629
12 52 0.535509
12 53 0.981645
12 54 0.703771
12 55 0.659444
12 56 0.029925
12 57 0.138922
12 58 0.876571
12 59 0.949287
12 60 0.990289
12 61 0.227550
12 62 0.997834
12 63 0.703771
12 64 0.959712
12 65 0.862254
12 66 0.071949
12 67 0.972958
12 68 0.210224
12 69 0.071949
12 70 0.690668
12 71 0.896141
12 72 0.998629
12 73 0.883941
12 74 0.999994
12 75 0.999543
12 76 0.227550
12 77 0.820692
12 78 0.995133
12 79 0.999593
12 80 0.993170
12 81 0.757621
12 82 0.757621
12 83 0.781351
12 84 0.924902
12 85 0.992708
12 86 0.415919
12 87 0.029925
12 88 0.227550
12 89 0.971149
12 90 0.971149
12 91 0.999314
12 92 0.994526
12 93 0.268234
12 94 0.999992
12 95 0.172989
12 96 0.557193
12 97 0.731785
12 98 0.998172
12 99 0.974313
13 0 0.971149
13 1 0.029925
13 2 0.999986
13 3 0.949286
13 4 0.477022
13 5 0.019299
13 6 0.781351
13 7 0.985469
13 8 0.954792
13 9 0.781351
13 10 0.996917
13 11 0.855444
13 12 0.999518
13 13 0.000000
13 14 0.573990
13 15 0.453650
13 16 0.980672
13 17 0.996152
13 18 0.969629
13 19 0.310464
13 20 0.992319
13 21 0.957038
13 22 0.999910
13 23 0.996152
13 24 0.082237
13 25 0.961718
13 26 0.999880
13 27 0.138922
13 28 0.108547
13 29 0.153568
13 30 0.999871
13 31 0.108547
13 32 0.372722
13 33 0.051779
13 34 0.957037
13 35 0.974313
13 36 0.961718
13 37 0.168897
13 38 0.590401
13 39 0.998971
13 40 0.992319
13 41 0.227550
13 42 0.992708
13 43 0.996753
13 44 0.513285
13 45 0.957038
13 46 0.791202
13 47 0.415919
13 48 0.911627
13 49 0.967602
13 50 0.535510
13 51 0.911627
13 52 0.999086
13 53 0.205798
13 54 0.477022
13 55 0.997398
13 56 0.434867
13 57 0.870414
13 58 0.434867
13 59 0.945939
13 60 0.019299
13 61 0.999759
13 62 0.997073
13 63 0.029925
13 64 0.172989
13 65 0.971149
13 66 0.434867
13 67 0.415919
13 68 0.961718
13 69 0.999914
13 70 0.610510
13 71 0.997398
13 72 0.153568
13 73 0.997259
13 74 0.980672
13 75 0.999960
13 76 0.372722
13 77 0.995672
13 78 0.870414
13 79 0.992215
13 80 0.029925
13 81 0.999594
13 82 0.372722
13 83 0.949286
13 84 0.517913
13 85 0.552765
13 86 0.967602
13 87 0.994526
13 88 0.998457
13 89 0.999968
13 90 0.979649
13 91 0.967601
13 92 0.999086
13 93 0.227550
13 94 0.329464
13 95 0.791203
13 96 0.954792
13 97 0.993516
13 98 0.959712
13 99 0.268234
14 0 0.959712
14 1 0.268234
14 2 0.981645
14 3 0.690668
14 4 0.477022
14 5 0.138922
14 6 0.997259
14 7 0.924902
14 8 0.876570
14 9 0.974313
14 10 0.995379
14 11 0.999914
14 12 0.029925
14 13 0.573990
14 14 0.000000
14 15 0.108547
14 16 0.943131
14 17 0.983668
14 18 0.286770
14 19 0.996347
14 20 0.998375
14 21 0.096388
14 22 0.372722
14 23 0.940181
14 24 0.999910
14 25 0.999390
14 26 0.896141
14 27 0.071949
14 28 0.990289
14 29 0.911627
14 30 0.029925
14 31 0.989082
14 32 0.610510
14 33 0.434867
14 34 0.945939
14 35 0.999987
14 36 0.988501
14 37 0.961718
14 38 0.981645
14 39 0.924902
14 40 0.268234
14 41 0.019299
14 42 0.286770
14 43 0.994873
14 44 0.029925
14 45 0.172989
14 46 0.999458
14 47 0.060180
14 48 0.957037
14 49 0.999943
14 50 0.999277
14 51 0.310464
14 52 0.719662
14 53 0.932960
14 54 0.998172
14 55 0.227550
14 56 0.626001
14 57 0.998916
14 58 0.268234
14 59 0.928576
14 60 0.965899
14 61 0.659444
14 62 0.453650
14 63 0.996347
14 64 0.005177
14 65 0.172989
14 66 0.029925
14 67 0.932960
14 68 0.999968
14 69 0.690668
14 70 0.997259
14 71 0.051779
14 72 0.997687
14 73 0.029925
14 74 0.329464
14 75 0.894801
14 76 0.690668
14 77 0.029925
14 78 0.019299
14 79 0.855444
14 80 0.855444
14 81 0.986202
14 82 0.838911
14 83 0.972594
14 84 0.876571
14 85 0.999910
14 86 0.936253
14 87 0.999657
14 88 0.991363
14 89 0.029925
14 90 0.998457
14 91 0.348574
14 92 0.994234
14 93 0.996753
14 94 0.757621
14 95 0.989082
14 96 0.949286
14 97 0.434867
14 98 0.997259
14 99 0.994526
15 0 0.329464
15 1 0.372722
15 2 0.993515
15 3 0.268234
15 4 0.997259
15 5 0.997834
15 6 0.610510
15 7 0.999695
15 8 0.757621
15 9 0.838911
15 10 0.138922
15 11 0.415919
15 12 0.610510
15 13 0.453650
15 14 0.108547
15 15 0.000000
15 16 0.812062
15 17 0.071949
15 18 0.999390
15 19 0.999991
15 20 0.138922
15 21 0.391878
15 22 0.959712
15 23 0.005177
15 24 0.978283
15 25 0.963627
15 26 0.781351
15 27 0.757621
15 28 0.990289
15 29 0.999543
15 30 0.138922
15 31 0.998375
15 32 0.969629
15 33 0.096388
15 34 0.268234
15 35 0.138922
15 36 0.999187
15 37 0.477022
15 38 0.961718
15 39 0.961718
15 40 0.644918
15 41 0.477022
15 42 0.987073
15 43 0.928577
15 44 0.999657
15 45 0.268234
15 46 0.995892
15 47 0.029925
15 48 0.987725
15 49 0.731785
15 50 0.019299
15 51 0.812062
15 52 0.227550
15 53 0.999485
15 54 0.982801
15 55 0.029925
15 56 0.876570
15 57 0.268234
15 58 0.949287
15 59 0.995133
15 60 0.268234
15 61 0.961718
15 62 0.172989
15 63 0.889496
15 64 0.999743
15 65 0.227550
15 66 0.434867
15 67 0.719662
15 68 0.961718
15 69 0.889496
15 70 0.995133
15 71 0.996753
15 72 0.227550
15 73 0.999797
15 74 0.972958
15 75 0.987073
15 76 0.172989
15 77 0.999986
15 78 0.029925
15 79 0.989082
15 80 0.434867
15 81 0.310464
15 82 0.990780
15 83 0.051779
15 84 0.981645
15 85 0.969629
15 86 0.980672
15 87 0.984490
15 88 0.757621
15 89 0.051779
15 90 0.994234
15 91 0.071949
15 92 0.999904
15 93 0.517913
15 94 0.019299
15 95 0.995672
15 96 0.992708
15 97 0.943131
15 98 0.994526
15 99 0.153568
16 0 0.997259
16 1 0.998781
16 2 0.920014
16 3 0.999228
16 4 0.096388
16 5 0.999085
16 6 0.768376
16 7 0.998555
16 8 0.974313
16 9 0.915921
16 10 0.997834
16 11 0.998555
16 12 0.227550
16 13 0.980672
16 14 0.943131
16 15 0.812062
16 16 0.000000
16 17 0.999593
16 18 0.227550
16 19 0.245316
16 20 0.998457
16 21 0.552765
16 22 0.998629
16 23 0.590401
16 24 0.999864
16 25 0.997563
16 26 0.535509
16 27 0.517913
16 28 0.029925
16 29 0.998074
16 30 0.978283
16 31 0.781351
16 32 0.138922
16 33 0.981645
16 34 0.415919
16 35 0.972594
16 36 0.719662
16 37 0.999086
16 38 0.626002
16 39 0.961719
16 40 0.978283
16 41 0.999593
16 42 0.985469
16 43 0.943131
16 44 0.901145
16 45 0.911627
16 46 0.108547
16 47 0.983668
16 48 0.999886
16 49 0.329464
16 50 0.921048
16 51 0.029925
16 52 0.690668
16 53 0.967602
16 54 0.138922
16 55 0.172989
16 56 0.936254
16 57 0.870414
16 58 0.954792
16 59 0.996753
16 60 0.019299
16 61 0.557193
16 62 0.781351
16 63 0.391878
16 64 0.019299
16 65 0.757621
16 66 0.957037
16 67 0.996753
16 68 0.189109
16 69 0.980672
16 70 0.989082
16 71 0.998916
16 72 0.019299
16 73 0.998172
16 74 0.227550
16 75 0.268234
16 76 0.883941
16 77 0.999518
16 78 0.999997
16 79 0.372722
16 80 0.121504
16 81 0.994526
16 82 0.096388
16 83 0.227550
16 84 0.999657
16 85 0.993926
16 86 0.870414
16 87 0.329464
16 88 0.998916
16 89 0.999187
16 90 0.921048
16 91 0.997563
16 92 0.999940
16 93 0.990780
16 94 0.415919
16 95 0.703771
16 96 0.959712
16 97 0.172989
16 98 0.980672
16 99 0.949286
17 0 0.227550
17 1 0.991363
17 2 0.071949
17 3 0.644918
17 4 0.870414
17 5 0.659444
17 6 0.967602
17 7 0.096388
17 8 0.988501
17 9 0.781351
17 10 0.998971
17 11 0.959712
17 12 0.999314
17 13 0.996152
17 14 0.983668
17 15 0.071949
17 16 0.999593
17 17 0.000000
17 18 0.905921
17 19 0.590401
17 20 0.831064
17 21 0.719662
17 22 0.999277
17 23 0.189109
17 24 0.975602
17 25 0.172989
17 26 0.997113
17 27 0.978283
17 28 0.108547
17 29 0.999924
17 30 0.329464
17 31 0.978283
17 32 0.994234
17 33 0.996100
17 34 0.743482
17 35 0.268234
17 36 0.434867
17 37 0.610510
17 38 0.626002
17 39 0.964107
17 40 0.988501
17 41 0.999390
17 42 0.659444
17 43 0.659444
17 44 0.969629
17 45 0.108547
17 46 0.060180
17 47 0.994234
17 48 0.138922
17 49 0.889496
17 50 0.999518
17 51 0.999771
17 52 0.855444
17 53 0.990289
17 54 0.924902
17 55 0.060180
17 56 0.310464
17 57 0.172989
17 58 0.372722
17 59 0.690668
17 60 0.889496
17 61 0.998629
17 62 0.011782
17 63 0.310464
17 64 0.996753
17 65 0.019299
17 66 0.949286
17 67 0.997113
17 68 0.974313
17 69 0.803068
17 70 0.108547
17 71 0.911627
17 72 0.905921
17 73 0.974313
17 74 0.812062
17 75 0.997113
17 76 0.998843
17 77 0.028526
17 78 0.999991
17 79 0.812062
17 80 0.997944
17 81 0.954792
17 82 0.999486
17 83 0.029925
17 84 0.329464
17 85 0.989082
17 86 0.415919
17 87 0.999086
17 88 0.995672
17 89 0.719662
17 90 0.999924
17 91 0.999797
17 92 0.831064
17 93 0.985469
17 94 0.999614
17 95 0.831064
17 96 0.999975
17 97 0.800669
17 98 0.812062
17 99 0.993516
18 0 0.883941
18 1 0.889496
18 2 0.997834
18 3 0.791203
18 4 0.985469
18 5 0.172989
18 6 0.985469
18 7 0.971149
18 8 0.971149
18 9 0.999187
18 10 0.997563
18 11 0.535510
18 12 0.019299
18 13 0.969629
18 14 0.286770
18 15 0.999390
18 16 0.227550
18 17 0.905921
18 18 0.000000
18 19 0.883941
18 20 0.999848
18 21 0.590401
18 22 0.011782
18 23 0.971149
18 24 0.051779
18 25 0.245316
18 26 0.889496
18 27 0.999898
18 28 0.626001
18 29 0.831064
18 30 0.477022
18 31 0.994155
18 32 0.996917
18 33 0.999390
18 34 0.961718
18 35 0.932960
18 36 0.911627
18 37 0.372722
18 38 0.992708
18 39 0.983667
18 40 0.921048
18 41 0.889496
18 42 0.987073
18 43 0.803068
18 44 0.310464
18 45 0.975602
18 46 0.391878
18 47 0.954792
18 48 0.980672
18 49 0.138922
18 50 0.999962
18 51 0.990780
18 52 0.268234
18 53 0.998843
18 54 0.993170
18 55 0.993844
18 56 0.971149
18 57 0.855444
18 58 0.986386
18 59 0.096388
18 60 0.517913
18 61 0.989082
18 62 0.610510
18 63 0.557193
18 64 0.876570
18 65 0.991246
18 66 0.019299
18 67 0.999314
18 68 0.984698
18 69 0.876570
18 70 0.994873
18 71 0.172989
18 72 0.610510
18 73 0.138922
18 74 0.996917
18 75 0.005177
18 76 0.999886
18 77 0.999314
18 78 0.610510
18 79 0.703771
18 80 0.573990
18 81 0.985469
18 82 0.932960
18 83 0.924902
18 84 0.757621
18 85 0.965899
18 86 0.961719
18 87 0.791203
18 88 0.974313
18 89 0.999936
18 90 0.974313
18 91 0.391878
18 92 0.610510
18 93 0.495294
18 94 0.329464
18 95 0.870414
18 96 0.999771
18 97 0.029925
18 98 0.051779
18 99 0.993516
19 0 0.971149
19 1 0.641070
19 2 0.998172
19 3 0.999807
19 4 0.812062
19 5 0.997563
19 6 0.901144
19 7 0.989082
19 8 0.310464
19 9 0.189109
19 10 0.883941
19 11 0.071949
19 12 0.071949
19 13 0.310464
19 14 0.996347
19 15 0.999991
19 16 0.245316
19 17 0.590401
19 18 0.883941
19 19 0.000000
19 20 0.974313
19 21 0.719662
19 22 0.999268
19 23 0.994234
19 24 0.029925
19 25 0.268234
19 26 0.992708
19 27 0.980672
19 28 0.573990
19 29 0.896141
19 30 0.989082
19 31 0.870414
19 32 0.982801
19 33 0.998074
19 34 0.992708
19 35 0.820692
19 36 0.957037
19 37 0.998074
19 38 0.227550
19 39 0.029925
19 40 0.812062
19 41 0.838911
19 42 0.990289
19 43 0.985469
19 44 0.991363
19 45 0.876571
19 46 0.998074
19 47 0.517913
19 48 0.310464
19 49 0.138922
19 50 0.227550
19 51 0.951797
19 52 0.172989
19 53 0.998457
19 54 0.996753
19 55 0.415919
19 56 0.980672
19 57 0.005177
19 58 0.992708
19 59 0.961718
19 60 0.995892
19 61 0.996532
19 62 0.743482
19 63 0.757621
19 64 0.998375
19 65 0.978283
19 66 0.996917
19 67 0.988501
19 68 0.138922
19 69 0.996753
19 70 0.974313
19 71 0.051779
19 72 0.757621
19 73 0.138922
19 74 0.610510
19 75 0.189109
19 76 0.138922
19 77 0.997834
19 78 0.868768
19 79 0.889496
19 80 0.972594
19 81 0.998555
19 82 0.974313
19 83 0.990289
19 84 0.993516
19 85 0.998375
19 86 0.029925
19 87 0.029925
19 88 0.993516
19 89 0.975602
19 90 0.984698
19 91 0.987073
19 92 0.999829
19 93 0.967602
19 94 0.974313
19 95 0.979649
19 96 0.096388
19 97 0.999771
19 98 0.310464
19 99 0.876571
20 0 0.981645
20 1 0.998781
20 2 0.310464
20 3 0.999277
20 4 0.996152
20 5 0.610510
20 6 0.977135
20 7 0.227550
20 8 0.981645
20 9 0.862254
20 10 0.778725
20 11 0.987073
20 12 0.876570
20 13 0.992319
20 14 0.998375
20 15 0.138922
20 16 0.998457
20 17 0.831064
20 18 0.999848
20 19 0.974313
20 20 0.000000
20 21 0.946647
20 22 0.999977
20 23 0.997563
20 24 0.002681
20 25 0.573990
20 26 0.573990
20 27 0.138922
20 28 0.990289
20 29 0.071949
20 30 0.993844
20 31 0.286770
20 32 0.690668
20 33 0.997433
20 34 0.781351
20 35 0.096388
20 36 0.812062
20 37 0.988501
20 38 0.998375
20 39 0.029925
20 40 0.268234
20 41 0.245316
20 42 0.573990
20 43 0.974313
20 44 0.997944
20 45 0.999639
20 46 0.915921
20 47 0.268234
20 48 0.991363
20 49 0.940181
20 50 0.108547
20 51 0.997563
20 52 0.992708
20 53 0.889496
20 54 0.994234
20 55 0.969629
20 56 0.995892
20 57 0.995133
20 58 0.659444
20 59 0.029925
20 60 0.996917
20 61 0.517913
20 62 0.071949
20 63 0.999932
20 64 0.138922
20 65 0.999390
20 66 0.791203
20 67 0.997834
20 68 0.093360
20 69 0.121504
20 70 0.348574
20 71 0.517913
20 72 0.743482
20 73 0.227550
20 74 0.071949
20 75 0.999837
20 76 0.997113
20 77 0.477022
20 78 0.096388
20 79 0.999962
20 80 0.990289
20 81 0.019299
20 82 0.029925
20 83 0.974313
20 84 0.573990
20 85 0.831064
20 86 0.189109
20 87 0.967602
20 88 0.999729
20 89 0.999390
20 90 0.434867
20 91 0.172989
20 92 0.029925
20 93 0.911627
20 94 0.029925
20 95 0.984698
20 96 0.987726
20 97 0.971149
20 98 0.153568
20 99 0.731785
21 0 0.329464
21 1 0.372722
21 2 0.071949
21 3 0.939390
21 4 0.517913
21 5 0.096388
21 6 0.996152
21 7 0.029925
21 8 0.972594
21 9 0.987726
21 10 0.984698
21 11 0.932960
21 12 0.153568
21 13 0.957038
21 14 0.096388
21 15 0.391878
21 16 0.552765
21 17 0.719662
21 18 0.590401
21 19 0.719662
21 20 0.946647
21 21 0.000000
21 22 0.911627
21 23 0.477022
21 24 0.986202
21 25 0.977135
21 26 0.954792
21 27 0.096388
21 28 0.996753
21 29 0.245316
21 30 0.029925
21 31 0.626001
21 32 0.757621
21 33 0.981645
21 34 0.415919
21 35 0.029925
21 36 0.990289
21 37 0.989082
21 38 0.994234
21 39 0.979649
21 40 0.855444
21 41 0.990289
21 42 0.999593
21 43 0.889496
21 44 0.719662
21 45 0.980672
21 46 0.096388
21 47 0.994873
21 48 0.991363
21 49 0.975602
21 50 0.969629
21 51 0.517913
21 52 0.999657
21 53 0.071949
21 54 0.911627
21 55 0.855444
21 56 0.994234
21 57 0.999037
21 58 0.998555
21 59 0.961718
21 60 0.096388
21 61 0.998971
21 62 0.477022
21 63 0.096388
21 64 0.977135
21 65 0.924903
21 66 0.999998
21 67 0.029925
21 68 0.268234
21 69 0.954189
21 70 0.936253
21 71 0.982801
21 72 0.781351
21 73 0.991800
21 74 0.992319
21 75 0.997113
21 76 0.659444
21 77 0.979374
21 78 0.924902
21 79 0.915921
21 80 0.999458
21 81 0.999848
21 82 0.391877
21 83 0.954792
21 84 0.998781
21 85 0.914824
21 86 0.924902
21 87 0.082237
21 88 0.984698
21 89 0.985469
21 90 0.905921
21 91 0.996152
21 92 0.965898
21 93 0.992708
21 94 0.096388
21 95 0.644918
21 96 0.951798
21 97 0.999543
21 98 0.372722
21 99 0.029925
22 0 0.071949
22 1 0.999390
22 2 0.986202
22 3 0.019299
22 4 0.999970
22 5 0.812062
22 6 0.268234
22 7 0.517913
22 8 0.071949
22 9 0.051779
22 10 0.901145
22 11 0.997433
22 12 0.310464
22 13 0.999910
22 14 0.372722
22 15 0.959712
22 16 0.998629
22 17 0.999277
22 18 0.011782
22 19 0.999268
22 20 0.999977
22 21 0.911627
22 22 0.000000
22 23 0.415919
22 24 0.848329
22 25 0.978283
22 26 0.138922
22 27 0.719662
22 28 0.999614
22 29 0.477022
22 30 0.029925
22 31 0.949287
22 32 0.071949
22 33 0.998781
22 34 0.991800
22 35 0.029925
22 36 0.949286
22 37 0.051779
22 38 0.831064
22 39 0.978283
22 40 0.138922
22 41 0.995892
22 42 0.731785
22 43 0.071949
22 44 0.997687
22 45 0.372722
22 46 0.848329
22 47 0.348574
22 48 0.731785
22 49 0.998457
22 50 0.757621
22 51 0.659444
22 52 0.029925
22 53 0.998288
22 54 0.889496
22 55 0.940181
22 56 0.999904
22 57 0.863976
22 58 0.971149
22 59 0.995672
22 60 0.996917
22 61 0.990289
22 62 0.957037
22 63 0.029925
22 64 0.997834
22 65 0.477022
22 66 0.992708
22 67 0.138922
22 68 0.993844
22 69 0.963627
22 70 0.999886
22 71 0.029925
22 72 0.993077
22 73 0.610510
22 74 0.990289
22 75 0.959712
22 76 0.995133
22 77 0.071949
22 78 0.573990
22 79 0.998843
22 80 0.991363
22 81 0.915921
22 82 0.969629
22 83 0.999966
22 84 0.227550
22 85 0.999990
22 86 0.905921
22 87 0.911627
22 88 0.998698
22 89 0.434867
22 90 0.999970
22 91 0.999657
22 92 0.991363
22 93 0.993516
22 94 0.999984
22 95 0.029925
22 96 0.690668
22 97 0.172989
22 98 0.996347
22 99 0.210224
23 0 0.999314
23 1 0.768376
23 2 0.999949
23 3 0.781351
23 4 0.535509
23 5 0.998629
23 6 0.820692
23 7 0.227550
23 8 0.883941
23 9 0.245316
23 10 0.915921
23 11 0.905920
23 12 0.731785
23 13 0.996152
23 14 0.940181
23 15 0.005177
23 16 0.590401
23 17 0.189109
23 18 0.971149
23 19 0.994234
23 20 0.997563
23 21 0.477022
23 22 0.415919
23 23 0.000000
23 24 0.690668
23 25 0.210224
23 26 0.977134
23 27 0.999819
23 28 0.959712
23 29 0.997398
23 30 0.029925
23 31 0.951799
23 32 0.996579
23 33 0.138922
23 34 0.992319
23 35 0.983668
23 36 0.557193
23 37 0.791203
23 38 0.108547
23 39 0.082237
23 40 0.991800
23 41 0.997834
23 42 0.992708
23 43 0.831064
23 44 0.999314
23 45 0.997398
23 46 0.768376
23 47 0.998971
23 48 0.108547
23 49 0.984698
23 50 0.999898
23 51 0.971149
23 52 0.855444
23 53 0.999486
23 54 0.019299
23 55 0.993516
23 56 0.974313
23 57 0.108547
23 58 0.994526
23 59 0.996753
23 60 0.108547
23 61 0.990780
23 62 0.996347
23 63 0.943131
23 64 0.990780
23 65 0.644918
23 66 0.998843
23 67 0.998375
23 68 0.959712
23 69 0.982801
23 70 0.870414
23 71 0.227550
23 72 0.172989
23 73 0.535509
23 74 0.268234
23 75 0.999729
23 76 0.999797
23 77 0.998172
23 78 0.071949
23 79 0.329464
23 80 0.999268
23 81 0.998555
23 82 0.987073
23 83 0.992708
23 84 0.071949
23 85 0.996753
23 86 0.573990
23 87 0.954792
23 88 0.999946
23 89 0.961718
23 90 0.329464
23 91 0.999695
23 92 0.812062
23 93 0.329464
23 94 0.951799
23 95 0.997259
23 96 0.517913
23 97 0.999924
23 98 0.996347
23 99 0.703771
24 0 0.994526
24 1 0.988501
24 2 0.957037
24 3 0.768376
24 4 0.995133
24 5 0.969629
24 6 0.999593
24 7 0.999458
24 8 0.995672
24 9 0.994234
24 10 0.803068
24 11 0.071949
24 12 0.959712
24 13 0.082237
24 14 0.999910
24 15 0.978283
24 16 0.999864
24 17 0.975602
24 18 0.051779
24 19 0.029925
24 20 0.002681
24 21 0.986202
24 22 0.848329
24 23 0.690668
24 24 0.000000
24 25 0.905920
24 26 0.991363
24 27 0.999968
24 28 0.227550
24 29 0.986201
24 30 0.677128
24 31 0.997259
24 32 0.961719
24 33 0.082237
24 34 0.940181
24 35 0.998716
24 36 0.998375
24 37 0.996347
24 38 0.172989
24 39 0.977135
24 40 0.995133
24 41 0.978283
24 42 0.993516
24 43 0.998971
24 44 0.992708
24 45 0.757621
24 46 0.997834
24 47 0.998375
24 48 0.719662
24 49 0.999037
24 50 0.023583
24 51 0.977135
24 52 0.990157
24 53 0.096388
24 54 0.997687
24 55 0.453650
24 56 0.989772
24 57 0.227550
24 58 0.781351
24 59 0.998375
24 60 0.957037
24 61 0.172989
24 62 0.096388
24 63 0.029925
24 64 0.981644
24 65 0.768376
24 66 0.998555
24 67 0.978283
24 68 0.997563
24 69 0.993516
24 70 0.051779
24 71 0.348574
24 72 0.999910
24 73 0.999943
24 74 0.999390
24 75 0.983667
24 76 0.768376
24 77 0.051779
24 78 0.965899
24 79 0.905921
24 80 0.999997
24 81 0.690668
24 82 0.997687
24 83 0.992319
24 84 0.971149
24 85 0.984698
24 86 0.999940
24 87 0.051779
24 88 0.172989
24 89 0.268234
24 90 0.552765
24 91 0.822878
24 92 0.999797
24 93 0.071949
24 94 0.096388
24 95 0.997834
24 96 0.940181
24 97 0.965899
24 98 0.552765
24 99 0.071949
25 0 0.999593
25 1 0.781351
25 2 0.936253
25 3 0.029925
25 4 0.949286
25 5 0.994234
25 6 0.980672
25 7 0.005177
25 8 0.978283
25 9 0.105307
25 10 0.227550
25 11 0.831064
25 12 0.999458
25 13 0.961718
25 14 0.999390
25 15 0.963627
25 16 0.997563
25 17 0.172989
25 18 0.245316
25 19 0.268234
25 20 0.573990
25 21 0.977135
25 22 0.978283
25 23 0.210224
25 24 0.905920
25 25 0.000000
25 26 0.005177
25 27 0.757621
25 28 0.812062
25 29 0.998172
25 30 0.999904
25 31 0.005177
25 32 0.268234
25 33 0.999314
25 34 0.983668
25 35 0.936253
25 36 0.719662
25 37 0.610510
25 38 0.495294
25 39 0.954792
25 40 0.987725
25 41 0.153568
25 42 0.961718
25 43 0.990780
25 44 0.889496
25 45 0.005177
25 46 0.998375
25 47 0.999729
25 48 0.800669
25 49 0.746454
25 50 0.957037
25 51 0.978283
25 52 0.138922
25 53 0.019299
25 54 0.999999
25 55 0.372722
25 56 0.977134
25 57 0.999910
25 58 0.286771
25 59 0.974313
25 60 0.019299
25 61 0.999783
25 62 0.812062
25 63 0.997259
25 64 0.954792
25 65 0.999986
25 66 0.981645
25 67 0.929503
25 68 0.172989
25 69 0.982801
25 70 0.998916
25 71 0.005177
25 72 0.996917
25 73 0.990289
25 74 0.990289
25 75 0.517913
25 76 0.959712
25 77 0.911627
25 78 0.999024
25 79 0.999903
25 80 0.999970
25 81 0.998916
25 82 0.019299
25 83 0.870414
25 84 0.983667
25 85 0.998555
25 86 0.610510
25 87 0.999277
25 88 0.993170
25 89 0.862254
25 90 0.746454
25 91 0.172989
25 92 0.967602
25 93 0.268234
25 94 0.957037
25 95 0.703771
25 96 0.846427
25 97 0.703771
25 98 0.997687
25 99 0.108547
26 0 0.029925
26 1 0.999771
26 2 0.573990
26 3 0.610510
26 4 0.999458
26 5 0.573990
26 6 0.870414
26 7 0.971149
26 8 0.781351
26 9 0.920015
26 10 0.051779
26 11 0.991800
26 12 0.096388
26 13 0.999880
26 14 0.896141
26 15 0.781351
26 16 0.535509
26 17 0.997113
26 18 0.889496
26 19 0.992708
26 20 0.573990
26 21 0.954792
26 22 0.138922
26 23 0.977134
26 24 0.991363
26 25 0.005177
26 26 0.000000
26 27 0.988501
26 28 0.996917
26 29 0.999996
26 30 0.936253
26 31 0.980672
26 32 0.029925
26 33 0.644918
26 34 0.969629
26 35 0.096388
26 36 0.768376
26 37 0.005177
26 38 0.999759
26 39 0.372722
26 40 0.138922
26 41 0.948613
26 42 0.268234
26 43 0.831064
26 44 0.245316
26 45 0.995379
26 46 0.096388
26 47 0.993844
26 48 0.983668
26 49 0.999187
26 50 0.999949
26 51 0.029925
26 52 0.999999
26 53 0.719662
26 54 0.029925
26 55 0.987726
26 56 0.999797
26 57 0.138922
26 58 0.987073
26 59 0.961718
26 60 0.051779
26 61 0.029925
26 62 0.995379
26 63 0.997563
26 64 0.019299
26 65 0.997259
26 66 0.994526
26 67 0.905920
26 68 0.286770
26 69 0.035762
26 70 0.997113
26 71 0.986202
26 72 0.998781
26 73 0.985469
26 74 0.989633
26 75 0.996152
26 76 0.019299
26 77 0.974313
26 78 0.743481
26 79 0.071949
26 80 0.992319
26 81 0.996347
26 82 0.108547
26 83 0.987073
26 84 0.994803
26 85 0.189109
26 86 0.495294
26 87 0.996347
26 88 0.096388
26 89 0.989082
26 90 0.876570
26 91 0.999729
26 92 0.980672
26 93 0.495294
26 94 0.172989
26 95 0.757621
26 96 0.573990
26 97 0.477022
26 98 0.987725
26 99 0.870414
27 0 0.189109
27 1 0.870414
27 2 0.990289
27 3 0.999485
27 4 0.997834
27 5 0.029925
27 6 0.971149
27 7 0.108547
27 8 0.911627
27 9 0.071949
27 10 0.108547
27 11 0.998916
27 12 0.096388
27 13 0.138922
27 14 0.071949
27 15 0.757621
27 16 0.517913
27 17 0.978283
27 18 0.999898
27 19 0.980672
27 20 0.138922
27 21 0.096388
27 22 0.719662
27 23 0.999819
27 24 0.999968
27 25 0.757621
27 26 0.988501
27 27 0.000000
27 28 0.096388
27 29 0.029925
27 30 0.963627
27 31 0.999314
27 32 0.996152
27 33 0.974313
27 34 0.911627
27 35 0.889495
27 36 0.998074
27 37 0.071949
27 38 0.828969
27 39 0.781351
27 40 0.915921
27 41 0.029925
27 42 0.029925
27 43 0.082237
27 44 0.573990
27 45 0.932960
27 46 0.210224
27 47 0.011782
27 48 0.915921
27 49 0.189109
27 50 0.310464
27 51 0.999543
