0 0 0.000000
0 1 0.035762
0 2 0.153568
0 3 0.999187
0 4 0.967602
0 5 0.989633
0 6 0.999848
0 7 0.992708
0 8 0.932960
0 9 0.996753
0 10 0.989082
0 11 0.051779
0 12 0.800669
0 13 0.905921
0 14 0.977135
0 15 0.391878
0 16 0.998971
0 17 0.477022
0 18 0.977134
0 19 0.995892
0 20 0.999349
0 21 0.189109
0 22 0.071949
0 23 0.999871
0 24 0.981645
0 25 0.999996
0 26 0.029925
0 27 0.023583
0 28 0.989633
0 29 0.011782
0 30 0.517913
0 31 0.999986
0 32 0.967602
0 33 0.989633
0 34 0.999847
0 35 0.029925
0 36 0.997687
0 37 0.999458
0 38 0.096388
0 39 0.965899
0 40 0.644918
0 41 0.996753
0 42 0.862254
0 43 0.989082
0 44 0.108547
0 45 0.800669
0 46 0.831064
0 47 0.517913
0 48 0.999486
0 49 0.999566
0 50 0.659444
0 51 0.981645
0 52 0.778726
0 53 0.991363
0 54 0.838911
0 55 0.268234
0 56 0.994803
0 57 0.005177
0 58 0.991363
0 59 0.998172
0 60 0.996752
0 61 0.924902
0 62 0.999132
0 63 0.999086
0 64 0.993516
0 65 0.997259
0 66 0.051779
0 67 0.999914
0 68 0.999228
0 69 0.153568
0 70 0.999674
0 71 0.921048
0 72 0.980672
0 73 0.994526
0 74 0.716439
0 75 0.978283
0 76 0.999614
0 77 0.071949
0 78 0.071949
0 79 0.703771
0 80 0.974313
0 81 0.999314
0 82 0.995379
0 83 0.954792
0 84 0.981645
0 85 0.999349
0 86 0.980672
0 87 0.999952
0 88 0.978283
0 89 0.982801
0 90 0.268234
0 91 0.999936
0 92 0.995133
0 93 0.268234
0 94 0.995672
0 95 0.994234
0 96 0.972594
0 97 0.979374
0 98 0.957037
0 99 0.071949
1 0 0.035762
1 1 0.000000
1 2 0.965899
1 3 0.410971
1 4 0.999086
1 5 0.999829
1 6 0.977134
1 7 0.781351
1 8 0.943131
1 9 0.999924
1 10 0.477022
1 11 0.993844
1 12 0.999993
1 13 0.029925
1 14 0.268234
1 15 0.477022
1 16 0.999085
1 17 0.985469
1 18 0.920015
1 19 0.778725
1 20 0.998971
1 21 0.108547
1 22 0.999989
1 23 0.673536
1 24 0.997563
1 25 0.757621
1 26 0.999936
1 27 0.949286
1 28 0.189109
1 29 0.846423
1 30 0.029925
1 31 0.641070
1 32 0.005177
1 33 0.997259
1 34 0.971149
1 35 0.999187
1 36 0.994526
1 37 0.189109
1 38 0.606414
1 39 0.310464
1 40 0.978283
1 41 0.999543
1 42 0.998781
1 43 0.846426
1 44 0.791202
1 45 0.988345
1 46 0.096388
1 47 0.999819
1 48 0.999962
1 49 0.999986
1 50 0.999695
1 51 0.477022
1 52 0.535509
1 53 0.757621
1 54 0.986202
1 55 0.838911
1 56 0.189109
1 57 0.981645
1 58 0.961719
1 59 0.999695
1 60 0.268234
1 61 0.998265
1 62 0.716438
1 63 0.268234
1 64 0.989772
1 65 0.999807
1 66 0.573990
1 67 0.961718
1 68 0.971149
1 69 0.889496
1 70 0.029925
1 71 0.951799
1 72 0.999512
1 73 0.096388
1 74 0.189109
1 75 0.659444
1 76 0.310464
1 77 0.071949
1 78 0.978283
1 79 0.996532
1 80 0.029925
1 81 0.954792
1 82 0.071949
1 83 0.915921
1 84 0.189109
1 85 0.901145
1 86 0.985469
1 87 0.999979
1 88 0.138922
1 89 0.986202
1 90 0.096388
1 91 0.996753
1 92 0.889496
1 93 0.999228
1 94 0.019299
1 95 0.899865
1 96 0.984698
1 97 0.988501
1 98 0.870414
1 99 0.573990
2 0 0.153568
2 1 0.965899
2 2 0.000000
2 3 0.961718
2 4 0.994803
2 5 0.998781
2 6 0.035762
2 7 0.995066
2 8 0.862254
2 9 0.590401
2 10 0.998843
2 11 0.999943
2 12 0.981645
2 13 0.999999
2 14 0.993427
2 15 0.997944
2 16 0.932076
2 17 0.268234
2 18 0.995133
2 19 0.999543
2 20 0.415919
2 21 0.051779
2 22 0.986898
2 23 0.999986
2 24 0.997259
2 25 0.993077
2 26 0.286770
2 27 0.987725
2 28 0.999848
2 29 0.108547
2 30 0.998971
2 31 0.999390
2 32 0.051779
2 33 0.972594
2 34 0.999771
2 35 0.029925
2 36 0.939390
2 37 0.227550
2 38 0.557193
2 39 0.996917
2 40 0.415919
2 41 0.975602
2 42 0.972594
2 43 0.949286
2 44 0.998629
2 45 0.005177
2 46 0.138922
2 47 0.286770
2 48 0.082237
2 49 0.991800
2 50 0.999847
2 51 0.989772
2 52 0.999743
2 53 0.999729
2 54 0.994526
2 55 0.997687
2 56 0.999998
2 57 0.945939
2 58 0.029925
2 59 0.731785
2 60 0.999086
2 61 0.743481
2 62 0.029925
2 63 0.029925
2 64 0.961718
2 65 0.943131
2 66 0.936253
2 67 0.996917
2 68 0.967602
2 69 0.999543
2 70 0.051779
2 71 0.979374
2 72 0.889496
2 73 0.999797
2 74 0.999848
2 75 0.227550
2 76 0.743482
2 77 0.999187
2 78 0.999998
2 79 0.812062
2 80 0.719662
2 81 0.862254
2 82 0.029925
2 83 0.029925
2 84 0.831064
2 85 0.189109
2 86 0.108547
2 87 0.996152
2 88 0.051779
2 89 0.959712
2 90 0.894801
2 91 0.971149
2 92 0.812062
2 93 0.677128
2 94 0.029925
2 95 0.998781
2 96 0.995133
2 97 0.005177
2 98 0.996753
2 99 0.990780
3 0 0.999187
3 1 0.410971
3 2 0.961718
3 3 0.000000
3 4 0.870414
3 5 0.876570
3 6 0.995379
3 7 0.082237
3 8 0.005177
3 9 0.999983
3 10 0.071949
3 11 0.999086
3 12 0.153568
3 13 0.838911
3 14 0.535509
3 15 0.517913
3 16 0.997530
3 17 0.372722
3 18 0.996347
3 19 0.999837
3 20 0.999277
3 21 0.954189
3 22 0.019299
3 23 0.954792
3 24 0.972594
3 25 0.029925
3 26 0.610510
3 27 0.999903
3 28 0.999970
3 29 0.552765
3 30 0.949286
3 31 0.982801
3 32 0.989082
3 33 0.994526
3 34 0.974313
3 35 0.951799
3 36 0.999187
3 37 0.998172
3 38 0.434867
3 39 0.731785
3 40 0.999891
3 41 0.999871
3 42 0.690668
3 43 0.876570
3 44 0.372722
3 45 0.949286
3 46 0.971149
3 47 0.999314
3 48 0.812062
3 49 0.791203
3 50 0.781351
3 51 0.924902
3 52 0.995892
3 53 0.998555
3 54 0.982801
3 55 0.998843
3 56 0.981645
3 57 0.928576
3 58 0.800669
3 59 0.329464
3 60 0.138922
3 61 0.983667
3 62 0.477022
3 63 0.999837
3 64 0.999989
3 65 0.035762
3 66 0.831064
3 67 0.138922
3 68 0.071949
3 69 0.998916
3 70 0.071949
3 71 0.172989
3 72 0.517913
3 73 0.971149
3 74 0.862254
3 75 0.781351
3 76 0.997113
3 77 0.981645
3 78 0.999928
3 79 0.610510
3 80 0.943131
3 81 0.905921
3 82 0.245316
3 83 0.999997
3 84 0.029925
3 85 0.535509
3 86 0.626002
3 87 0.011782
3 88 0.940181
3 89 0.940181
3 90 0.029925
3 91 0.172989
3 92 0.959174
3 93 0.999771
3 94 0.848329
3 95 0.999984
3 96 0.990289
3 97 0.999421
3 98 0.998457
3 99 0.687190
4 0 0.967602
4 1 0.999086
4 2 0.994803
4 3 0.870414
4 4 0.000000
4 5 0.005177
4 6 0.029925
4 7 0.029925
4 8 0.415919
4 9 0.517913
4 10 0.812062
4 11 0.967602
4 12 0.998698
4 13 0.831064
4 14 0.573990
4 15 0.998843
4 16 0.029925
4 17 0.590401
4 18 0.997259
4 19 0.703771
4 20 0.999458
4 21 0.517913
4 22 0.999977
4 23 0.731785
4 24 0.999695
4 25 0.820692
4 26 0.998781
4 27 0.996917
4 28 0.995672
4 29 0.995066
4 30 0.999543
4 31 0.997398
4 32 0.949286
4 33 0.610510
4 34 0.703771
4 35 0.999829
4 36 0.928576
4 37 0.552766
4 38 0.060180
4 39 0.071949
4 40 0.999940
4 41 0.029925
4 42 0.800669
4 43 0.999783
4 44 0.975602
4 45 0.986202
4 46 0.999593
4 47 0.915921
4 48 0.998781
4 49 0.019299
4 50 0.999943
4 51 0.517913
4 52 0.108547
4 53 0.998971
4 54 0.082237
4 55 0.998629
4 56 0.995133
4 57 0.995672
4 58 0.954189
4 59 0.838911
4 60 0.189109
4 61 0.434867
4 62 0.434867
4 63 0.967602
4 64 0.999657
4 65 0.138922
4 66 0.999993
4 67 0.999458
4 68 0.989633
4 69 0.071949
4 70 0.006763
4 71 0.998698
4 72 0.998457
4 73 0.999957
4 74 0.517913
4 75 0.901145
4 76 0.227550
4 77 0.096388
4 78 0.172989
4 79 0.977134
4 80 0.329464
4 81 0.999086
4 82 0.978283
4 83 0.999458
4 84 0.071949
4 85 0.894801
4 86 0.990289
4 87 0.999794
4 88 0.096388
4 89 0.997687
4 90 0.995379
4 91 0.227550
4 92 0.994156
4 93 0.999826
4 94 0.138922
4 95 0.965899
4 96 0.590401
4 97 0.999614
4 98 0.883941
4 99 0.997563
5 0 0.989633
5 1 0.999829
5 2 0.998781
5 3 0.876570
5 4 0.005177
5 5 0.000000
5 6 0.822878
5 7 0.954792
5 8 1.000000
5 9 0.997944
5 10 0.998764
5 11 0.997259
5 12 0.905921
5 13 0.019299
5 14 0.051779
5 15 0.998172
5 16 0.995379
5 17 0.703771
5 18 0.071949
5 19 0.999314
5 20 0.434867
5 21 0.029925
5 22 0.915921
5 23 0.999711
5 24 0.991363
5 25 0.992708
5 26 0.731785
5 27 0.029925
5 28 0.372722
5 29 0.495294
5 30 0.990780
5 31 0.035762
5 32 0.996917
5 33 0.995672
5 34 0.999743
5 35 0.911627
5 36 0.971149
5 37 0.984491
5 38 0.911627
5 39 0.998375
5 40 0.989633
5 41 0.999037
5 42 0.286771
5 43 0.096388
5 44 0.687189
5 45 0.999314
5 46 0.768376
5 47 0.862254
5 48 0.999995
5 49 0.108547
5 50 0.310464
5 51 0.372722
5 52 0.980672
5 53 0.096388
5 54 0.969221
5 55 0.990289
5 56 0.905921
5 57 0.268234
5 58 0.987725
5 59 0.831064
5 60 0.999743
5 61 0.961718
5 62 0.029925
5 63 0.997944
5 64 0.951798
5 65 0.820692
5 66 0.995892
5 67 0.999349
5 68 0.999977
5 69 0.999614
5 70 0.997530
5 71 0.996753
5 72 0.348574
5 73 0.011782
5 74 0.997834
5 75 0.985469
5 76 0.268234
5 77 0.800667
5 78 0.310464
5 79 0.019299
5 80 0.005177
5 81 0.948613
5 82 0.996917
5 83 0.138922
5 84 0.690668
5 85 0.971149
5 86 0.138922
5 87 0.997944
5 88 0.999711
5 89 0.626001
5 90 0.998781
5 91 0.982569
5 92 0.998971
5 93 0.644918
5 94 0.227550
5 95 0.227550
5 96 0.999543
5 97 0.999657
5 98 0.990289
5 99 0.901145
6 0 0.999848
6 1 0.977134
6 2 0.035762
6 3 0.995379
6 4 0.029925
6 5 0.822878
6 6 0.000000
6 7 0.227550
6 8 0.992708
6 9 0.868766
6 10 0.029925
6 11 0.838911
6 12 0.999771
6 13 0.870414
6 14 0.998457
6 15 0.610510
6 16 0.800669
6 17 0.983668
6 18 0.951799
6 19 0.961718
6 20 0.998781
6 21 0.998375
6 22 0.108547
6 23 0.367737
6 24 0.999886
6 25 0.983668
6 26 0.626001
6 27 0.986202
6 28 0.936253
6 29 0.998781
6 30 0.999228
6 31 0.997563
6 32 0.138922
6 33 0.477022
6 34 0.108547
6 35 0.999871
6 36 0.980672
6 37 0.999794
6 38 0.928576
6 39 0.928576
6 40 0.993844
6 41 0.138922
6 42 0.992319
6 43 0.982801
6 44 0.999981
6 45 0.883941
6 46 0.999968
6 47 0.071949
6 48 0.974313
6 49 0.987073
6 50 0.108547
6 51 0.071949
6 52 0.997074
6 53 0.268234
6 54 0.977135
6 55 0.994452
6 56 0.719662
6 57 0.943131
6 58 0.994526
6 59 0.985469
6 60 0.999314
6 61 0.999085
6 62 0.999807
6 63 0.990289
6 64 0.590401
6 65 0.268234
6 66 0.172989
6 67 0.999132
6 68 0.999914
6 69 0.998916
6 70 0.972594
6 71 0.989633
6 72 0.999086
6 73 0.983668
6 74 0.108547
6 75 0.996917
6 76 0.096388
6 77 0.453650
6 78 0.998916
6 79 0.976825
6 80 0.655708
6 81 0.999932
6 82 0.268234
6 83 0.993844
6 84 0.987725
6 85 0.029925
6 86 0.172989
6 87 0.029925
6 88 0.998629
6 89 0.096388
6 90 0.957037
6 91 0.932960
6 92 0.967602
6 93 0.985469
6 94 0.997398
6 95 0.967603
6 96 0.998172
6 97 0.998842
6 98 0.999674
6 99 0.997687
7 0 0.992708
7 1 0.781351
7 2 0.995066
7 3 0.082237
7 4 0.029925
7 5 0.954792
7 6 0.227550
7 7 0.000000
7 8 0.029925
7 9 0.434867
7 10 0.590401
7 11 0.690668
7 12 0.690668
7 13 0.994526
7 14 0.943131
7 15 0.999543
7 16 0.999543
7 17 0.557193
7 18 0.983668
7 19 0.987725
7 20 0.329464
7 21 0.029925
7 22 0.979649
7 23 0.227550
7 24 0.999932
7 25 0.005177
7 26 0.990780
7 27 0.108547
7 28 0.019299
7 29 0.096388
7 30 0.991363
7 31 0.976826
7 32 0.002681
7 33 0.096388
7 34 0.999486
7 35 0.876570
7 36 0.993844
7 37 0.994234
7 38 0.029925
7 39 0.894801
7 40 0.535509
7 41 0.998698
7 42 0.029925
7 43 0.245316
7 44 0.999987
7 45 0.513285
7 46 0.999132
7 47 0.245316
7 48 0.999421
7 49 0.108547
7 50 0.071949
7 51 0.967602
7 52 0.985469
7 53 0.999451
7 54 0.971149
7 55 0.011782
7 56 0.999268
7 57 0.029925
7 58 0.005177
7 59 0.268234
7 60 0.983447
7 61 0.172989
7 62 0.991246
7 63 0.999949
7 64 0.999229
7 65 0.071949
7 66 0.996532
7 67 0.082237
7 68 0.999695
7 69 0.999614
7 70 0.999587
7 71 0.011782
7 72 0.994526
7 73 0.978283
7 74 0.932960
7 75 0.999993
7 76 0.997944
7 77 0.999903
7 78 0.029925
7 79 0.971149
7 80 0.997834
7 81 0.999086
7 82 0.999657
7 83 0.778725
7 84 0.957037
7 85 0.998971
7 86 0.998698
7 87 0.998457
7 88 0.029925
7 89 0.999993
7 90 0.172989
7 91 0.838911
7 92 0.989082
7 93 0.987073
7 94 0.999871
7 95 0.999837
7 96 0.305549
7 97 0.999458
7 98 0.999085
7 99 0.999989
8 0 0.932960
8 1 0.943131
8 2 0.862254
8 3 0.005177
8 4 0.415919
8 5 1.000000
8 6 0.992708
8 7 0.029925
8 8 0.000000
8 9 0.108547
8 10 0.348574
8 11 0.998843
8 12 0.051779
8 13 0.982801
8 14 0.862254
8 15 0.889496
8 16 0.999943
8 17 0.980672
8 18 0.945939
8 19 0.310464
8 20 0.998048
8 21 0.998048
8 22 0.071949
8 23 0.987073
8 24 0.996347
8 25 0.995892
8 26 0.690668
8 27 0.991363
8 28 0.096388
8 29 0.991363
8 30 0.987073
8 31 0.590401
8 32 0.959712
8 33 0.994803
8 34 0.999987
8 35 0.959174
8 36 0.999390
8 37 0.975602
8 38 0.992708
8 39 0.029925
8 40 0.999904
8 41 0.949286
8 42 0.029925
8 43 0.972594
8 44 0.035762
8 45 0.995672
8 46 0.138922
8 47 0.999932
8 48 0.029925
8 49 0.924902
8 50 0.993077
8 51 0.557193
8 52 0.883941
8 53 0.999982
8 54 0.999421
8 55 0.205798
8 56 0.988501
8 57 0.998843
8 58 0.999421
8 59 0.932077
8 60 0.268234
8 61 0.978283
8 62 0.848329
8 63 0.996917
8 64 0.957037
8 65 0.998172
8 66 0.995892
8 67 0.999943
8 68 0.999695
8 69 0.096388
8 70 0.911627
8 71 0.990289
8 72 0.987073
8 73 0.972594
8 74 0.994234
8 75 0.820692
8 76 0.993427
8 77 0.172989
8 78 0.820692
8 79 0.994155
8 80 0.983667
8 81 0.573990
8 82 0.911627
8 83 0.999458
8 84 0.029925
8 85 0.998375
8 86 0.961718
8 87 0.957038
8 88 0.967602
8 89 0.429955
8 90 0.932960
8 91 0.972594
8 92 0.999949
8 93 0.329464
8 94 0.905921
8 95 0.951799
8 96 0.999695
8 97 0.096388
8 98 0.990780
8 99 0.936253
9 0 0.996753
9 1 0.999924
9 2 0.590401
9 3 0.999983
9 4 0.517913
9 5 0.997944
9 6 0.868766
9 7 0.434867
9 8 0.108547
9 9 0.000000
9 10 0.969222
9 11 0.690668
9 12 0.969222
9 13 0.573990
9 14 0.943131
9 15 0.641070
9 16 0.905921
9 17 0.969629
9 18 0.999771
9 19 0.659444
9 20 0.997398
9 21 0.987726
9 22 0.051779
9 23 0.936253
9 24 0.997834
9 25 0.105307
9 26 0.988345
9 27 0.071949
9 28 0.997834
9 29 0.889496
9 30 0.928576
9 31 0.855444
9 32 0.999458
9 33 0.981645
9 34 0.997563
9 35 0.999743
9 36 0.535509
9 37 0.071949
9 38 0.998698
9 39 0.936253
9 40 0.172989
9 41 0.071949
9 42 0.999349
9 43 0.998265
9 44 0.998629
9 45 0.051779
9 46 0.999711
9 47 0.999946
9 48 0.477022
9 49 0.495294
9 50 0.227550
9 51 0.986202
9 52 0.035762
9 53 0.999695
9 54 0.245316
9 55 0.268234
9 56 0.989082
9 57 0.994803
9 58 0.023583
9 59 0.980672
9 60 0.995613
9 61 0.172989
9 62 0.227550
9 63 0.999979
9 64 0.928577
9 65 0.999855
9 66 0.535509
9 67 0.999512
9 68 0.690668
9 69 0.029925
9 70 0.590401
9 71 0.983668
9 72 0.951799
9 73 0.901145
9 74 0.994803
9 75 0.999086
9 76 0.901145
9 77 0.905921
9 78 0.999187
9 79 0.999848
9 80 0.035762
9 81 0.855444
9 82 0.905921
9 83 0.855444
9 84 0.005177
9 85 0.138922
9 86 0.999819
9 87 0.951799
9 88 0.971149
9 89 0.928576
9 90 0.998457
9 91 0.096388
9 92 0.943131
9 93 0.029925
9 94 0.999771
9 95 1.000000
9 96 0.189109
9 97 0.690668
9 98 0.372722
9 99 0.998172
10 0 0.989082
10 1 0.477022
10 2 0.998843
10 3 0.071949
10 4 0.812062
10 5 0.998764
10 6 0.029925
10 7 0.590401
10 8 0.348574
10 9 0.969222
10 10 0.000000
10 11 0.029925
10 12 0.957038
10 13 0.984490
10 14 0.988345
10 15 0.138922
10 16 0.997259
10 17 0.998457
10 18 0.999543
10 19 0.911627
10 20 0.778725
10 21 0.995672
10 22 0.943131
10 23 0.983668
10 24 0.911627
10 25 0.690668
10 26 0.051779
10 27 0.108547
10 28 0.998172
10 29 0.019299
10 30 0.096388
10 31 0.227550
10 32 0.999228
10 33 0.029925
10 34 0.995133
10 35 0.042353
10 36 0.924902
10 37 0.005177
10 38 0.992609
10 39 0.993516
10 40 0.999984
10 41 0.517913
10 42 0.986202
10 43 0.999957
10 44 0.978283
10 45 0.951798
10 46 0.985469
10 47 0.996917
10 48 0.029925
10 49 0.071949
10 50 0.029925
10 51 0.700406
10 52 0.477022
10 53 0.999086
10 54 0.997687
10 55 0.992319
10 56 0.998265
10 57 0.996917
10 58 0.005177
10 59 0.936254
10 60 0.999914
10 61 0.999891
10 62 0.998629
10 63 0.999891
10 64 0.905921
10 65 0.757621
10 66 0.998628
10 67 0.882454
10 68 0.998074
10 69 0.329464
10 70 0.019299
10 71 0.987725
10 72 0.477022
10 73 0.138922
10 74 0.982801
10 75 0.517913
10 76 0.996532
10 77 0.999486
10 78 0.846427
10 79 0.998698
10 80 0.996347
10 81 0.743482
10 82 0.981645
10 83 0.415919
10 84 0.743482
10 85 0.949287
10 86 0.999847
10 87 0.980672
10 88 0.999996
10 89 0.999919
10 90 0.999979
10 91 0.977134
10 92 0.029925
10 93 0.996753
10 94 0.928576
10 95 0.999421
10 96 0.999458
10 97 0.138922
10 98 0.889496
10 99 0.994803
11 0 0.051779
11 1 0.993844
11 2 0.999943
11 3 0.999086
11 4 0.967602
11 5 0.997259
11 6 0.838911
11 7 0.690668
11 8 0.998843
11 9 0.690668
11 10 0.029925
11 11 0.000000
11 12 0.990780
11 13 0.305549
11 14 0.999711
11 15 0.138922
11 16 0.995133
11 17 0.954792
11 18 0.855444
11 19 0.019299
11 20 0.999543
11 21 0.943131
11 22 0.999880
11 23 0.920015
11 24 0.071949
11 25 0.731785
11 26 0.994803
11 27 0.999314
11 28 0.995379
11 29 0.928576
11 30 0.992215
11 31 0.876570
11 32 0.060180
11 33 0.108547
11 34 0.189109
11 35 0.990289
11 36 0.988501
11 37 0.983668
11 38 0.990289
11 39 0.998971
11 40 0.889496
11 41 0.999771
11 42 0.961718
11 43 0.998971
11 44 0.992708
11 45 0.791203
11 46 0.434867
11 47 0.985272
11 48 0.268234
11 49 0.999848
11 50 0.978283
11 51 0.453650
11 52 0.997687
11 53 0.372722
11 54 0.997804
11 55 0.060180
11 56 0.954792
11 57 0.946647
11 58 0.991800
11 59 0.985469
11 60 0.071949
11 61 0.954792
11 62 0.957038
11 63 0.999268
11 64 0.905921
11 65 0.590401
11 66 0.535509
11 67 0.535509
11 68 0.071949
11 69 0.268234
11 70 0.997834
11 71 0.987725
11 72 0.959712
11 73 0.988934
11 74 0.996347
11 75 0.989772
11 76 0.310464
11 77 0.999986
11 78 0.999024
11 79 0.975602
11 80 0.535510
11 81 0.946647
11 82 0.999871
11 83 0.999132
11 84 0.999992
11 85 0.951799
11 86 0.108547
11 87 0.029925
11 88 0.227550
11 89 0.329464
11 90 0.998971
11 91 0.743482
11 92 0.999848
11 93 0.434867
11 94 0.391878
11 95 0.096388
11 96 0.838911
11 97 0.999729
11 98 0.998375
11 99 0.997563
12 0 0.800669
12 1 0.999993
12 2 0.981645
12 3 0.153568
12 4 0.998698
12 5 0.905921
12 6 0.999771
12 7 0.690668
12 8 0.051779
12 9 0.969222
12 10 0.957038
12 11 0.990780
12 12 0.000000
12 13 0.999593
12 14 0.029925
12 15 0.901145
12 16 0.831064
12 17 0.998843
12 18 0.019299
12 19 0.071949
12 20 0.963627
12 21 0.391878
12 22 0.415919
12 23 0.590401
12 24 0.994234
12 25 0.999797
12 26 0.096388
12 27 0.096388
12 28 0.005177
12 29 0.513285
12 30 0.910477
12 31 0.992708
12 32 0.855444
12 33 0.999797
12 34 0.999390
12 35 0.071949
12 36 0.924902
12 37 0.828969
12 38 0.951798
12 39 0.051779
12 40 0.286770
12 41 0.999314
12 42 0.998629
12 43 0.951799
12 44 0.999936
12 45 0.029925
12 46 0.138922
12 47 0.936253
12 48 0.051779
12 49 0.998265
12 50 0.997113
12 51 0.924903
12 52 0.626001
12 53 0.986898
12 54 0.768376
12 55 0.812062
12 56 0.029925
12 57 0.138922
12 58 0.820693
12 59 0.989082
12 60 0.998457
12 61 0.227550
12 62 0.996347
12 63 0.453650
12 64 0.965899
12 65 0.882454
12 66 0.071949
12 67 0.984698
12 68 0.310464
12 69 0.719662
12 70 0.690668
12 71 0.984698
12 72 0.999486
12 73 0.982801
12 74 0.999999
12 75 0.999614
12 76 0.108547
12 77 0.928576
12 78 0.999485
12 79 0.999924
12 80 0.999572
12 81 0.924902
12 82 0.812062
12 83 0.757621
12 84 0.971149
12 85 0.963626
12 86 0.719662
12 87 0.029925
12 88 0.227550
12 89 0.979374
12 90 0.969222
12 91 0.999614
12 92 0.995379
12 93 0.051779
12 94 0.999999
12 95 0.644918
12 96 0.803068
12 97 0.889496
12 98 0.999743
12 99 0.963627
13 0 0.905921
13 1 0.029925
13 2 0.999999
13 3 0.838911
13 4 0.831064
13 5 0.019299
13 6 0.870414
13 7 0.994526
13 8 0.982801
13 9 0.573990
13 10 0.984490
13 11 0.305549
13 12 0.999593
13 13 0.000000
13 14 0.434867
13 15 0.168897
13 16 0.967602
13 17 0.999187
13 18 0.996753
13 19 0.719662
13 20 0.957037
13 21 0.996917
13 22 0.999966
13 23 0.998375
13 24 0.153568
13 25 0.985469
13 26 0.999543
13 27 0.610510
13 28 0.189109
13 29 0.014763
13 30 0.999891
13 31 0.329464
13 32 0.883941
13 33 0.477022
13 34 0.983668
13 35 0.990289
13 36 0.992708
13 37 0.263461
13 38 0.410971
13 39 0.999421
13 40 0.999277
13 41 0.573990
13 42 0.991800
13 43 0.999086
13 44 0.846427
13 45 0.987725
13 46 0.943131
13 47 0.517913
13 48 0.949286
13 49 0.928576
13 50 0.391878
13 51 0.889496
13 52 0.999943
13 53 0.028526
13 54 0.477022
13 55 0.996708
13 56 0.659444
13 57 0.932960
13 58 0.535509
13 59 0.992215
13 60 0.019299
13 61 0.999594
13 62 0.991689
13 63 0.029925
13 64 0.517913
13 65 0.975602
13 66 0.915921
13 67 0.268234
13 68 0.967602
13 69 0.999674
13 70 0.812062
13 71 0.997073
13 72 0.153568
13 73 0.999314
13 74 0.967602
13 75 0.999999
13 76 0.477022
13 77 0.997834
13 78 0.870414
13 79 0.995613
13 80 0.029925
13 81 0.999695
13 82 0.659444
13 83 0.957038
13 84 0.831065
13 85 0.367737
13 86 0.998457
13 87 0.986202
13 88 0.999614
13 89 0.999976
13 90 0.999639
13 91 0.987725
13 92 0.998457
13 93 0.573990
13 94 0.189109
13 95 0.936253
13 96 0.980672
13 97 0.998375
13 98 0.994873
13 99 0.268234
14 0 0.977135
14 1 0.268234
14 2 0.993427
14 3 0.535509
14 4 0.573990
14 5 0.051779
14 6 0.998457
14 7 0.943131
14 8 0.862254
14 9 0.943131
14 10 0.988345
14 11 0.999711
14 12 0.029925
14 13 0.434867
14 14 0.000000
14 15 0.329464
14 16 0.951799
14 17 0.986202
14 18 0.153568
14 19 0.999828
14 20 0.999086
14 21 0.096388
14 22 0.227550
14 23 0.980672
14 24 0.999848
14 25 0.998457
14 26 0.812062
14 27 0.019299
14 28 0.987725
14 29 0.911627
14 30 0.029925
14 31 0.993844
14 32 0.988501
14 33 0.791202
14 34 0.910477
14 35 0.999976
14 36 0.961718
14 37 0.999771
14 38 0.976826
14 39 0.980672
14 40 0.268234
14 41 0.019299
14 42 0.535509
14 43 0.995672
14 44 0.029925
14 45 0.172989
14 46 0.999314
14 47 0.060180
14 48 0.981645
14 49 0.999992
14 50 0.999729
14 51 0.557193
14 52 0.831064
14 53 0.943131
14 54 0.995379
14 55 0.227550
14 56 0.951799
14 57 0.999695
14 58 0.138922
14 59 0.979374
14 60 0.995133
14 61 0.924902
14 62 0.410971
14 63 0.999485
14 64 0.005177
14 65 0.172989
14 66 0.029925
14 67 0.980672
14 68 0.999986
14 69 0.831064
14 70 0.999228
14 71 0.051779
14 72 0.998902
14 73 0.029925
14 74 0.812062
14 75 0.969221
14 76 0.870414
14 77 0.029925
14 78 0.019299
14 79 0.992708
14 80 0.943131
14 81 0.853627
14 82 0.552765
14 83 0.992215
14 84 0.963627
14 85 0.999996
14 86 0.972594
14 87 0.997397
14 88 0.999886
14 89 0.071949
14 90 0.999566
14 91 0.453650
14 92 0.995672
14 93 0.997944
14 94 0.978283
14 95 0.996532
14 96 0.936254
14 97 0.855444
14 98 0.995379
14 99 0.997687
15 0 0.391878
15 1 0.477022
15 2 0.997944
15 3 0.517913
15 4 0.998843
15 5 0.998172
15 6 0.610510
15 7 0.999543
15 8 0.889496
15 9 0.641070
15 10 0.138922
15 11 0.138922
15 12 0.901145
15 13 0.168897
15 14 0.329464
15 15 0.000000
15 16 0.791203
15 17 0.071949
15 18 0.999848
15 19 0.999995
15 20 0.138922
15 21 0.495294
15 22 0.932960
15 23 0.005177
15 24 0.972594
15 25 0.976826
15 26 0.812062
15 27 0.703771
15 28 0.979374
15 29 0.999349
15 30 0.138922
15 31 0.995379
15 32 0.974313
15 33 0.415919
15 34 0.138922
15 35 0.329464
15 36 0.997944
15 37 0.329464
15 38 0.641070
15 39 0.743482
15 40 0.883941
15 41 0.757621
15 42 0.987725
15 43 0.754758
15 44 0.999807
15 45 0.268234
15 46 0.998457
15 47 0.029925
15 48 0.996532
15 49 0.626001
15 50 0.019299
15 51 0.703771
15 52 0.870414
15 53 0.999946
15 54 0.989082
15 55 0.071949
15 56 0.920015
15 57 0.690668
15 58 0.996753
15 59 0.999657
15 60 0.268234
15 61 0.945939
15 62 0.071949
15 63 0.967602
15 64 0.999946
15 65 0.108547
15 66 0.535510
15 67 0.994234
15 68 0.999390
15 69 0.987725
15 70 0.995892
15 71 0.999543
15 72 0.227550
15 73 0.999924
15 74 0.969629
15 75 0.993515
15 76 0.019299
15 77 0.999997
15 78 0.029925
15 79 0.998629
15 80 0.901145
15 81 0.557193
15 82 0.954189
15 83 0.051779
15 84 0.989633
15 85 0.977135
15 86 0.990780
15 87 0.991246
15 88 0.949286
15 89 0.051779
15 90 0.957038
15 91 0.138922
15 92 0.999999
15 93 0.911627
15 94 0.138922
15 95 0.996753
15 96 0.990780
15 97 0.778725
15 98 0.998265
15 99 0.153568
16 0 0.998971
16 1 0.999085
16 2 0.932076
16 3 0.997530
16 4 0.029925
16 5 0.995379
16 6 0.800669
16 7 0.999543
16 8 0.999943
16 9 0.905921
16 10 0.997259
16 11 0.995133
16 12 0.831064
16 13 0.967602
16 14 0.951799
16 15 0.791203
16 16 0.000000
16 17 0.999943
16 18 0.108547
16 19 0.121504
16 20 0.999807
16 21 0.716439
16 22 0.999132
16 23 0.305549
16 24 0.999886
16 25 0.998457
16 26 0.391878
16 27 0.372722
16 28 0.029925
16 29 0.999187
16 30 0.963627
16 31 0.812062
16 32 0.138922
16 33 0.998265
16 34 0.803068
16 35 0.996100
16 36 0.977135
16 37 0.999871
16 38 0.791203
16 39 0.991800
16 40 0.998971
16 41 0.999886
16 42 0.998172
16 43 0.969222
16 44 0.855444
16 45 0.768376
16 46 0.108547
16 47 0.979374
16 48 0.999999
16 49 0.573990
16 50 0.954792
16 51 0.029925
16 52 0.659444
16 53 0.995892
16 54 0.138922
16 55 0.071949
16 56 0.963627
16 57 0.957037
16 58 0.991363
16 59 0.999797
16 60 0.019299
16 61 0.517913
16 62 0.901145
16 63 0.495294
16 64 0.019299
16 65 0.812062
16 66 0.998457
16 67 0.975602
16 68 0.082237
16 69 0.994526
16 70 0.987725
16 71 0.997259
16 72 0.019299
16 73 0.998971
16 74 0.329464
16 75 0.517913
16 76 0.812062
16 77 0.999910
16 78 0.999997
16 79 0.189109
16 80 0.121504
16 81 0.998457
16 82 0.029925
16 83 0.227550
16 84 0.999979
16 85 0.999239
16 86 0.987073
16 87 0.434867
16 88 0.999771
16 89 0.999614
16 90 0.932960
16 91 0.997944
16 92 0.999949
16 93 0.998048
16 94 0.517913
16 95 0.862254
16 96 0.870414
16 97 0.415919
16 98 0.996347
16 99 0.996753
17 0 0.477022
17 1 0.985469
17 2 0.268234
17 3 0.372722
17 4 0.590401
17 5 0.703771
17 6 0.983668
17 7 0.557193
17 8 0.980672
17 9 0.969629
17 10 0.998457
17 11 0.954792
17 12 0.998843
17 13 0.999187
17 14 0.986202
17 15 0.071949
17 16 0.999943
17 17 0.000000
17 18 0.928576
17 19 0.673535
17 20 0.949286
17 21 0.921048
17 22 0.993843
17 23 0.082237
17 24 0.959174
17 25 0.051779
17 26 0.991800
17 27 0.991800
17 28 0.189109
17 29 0.999993
17 30 0.757621
17 31 0.993844
17 32 0.999458
17 33 0.999451
17 34 0.606414
17 35 0.719662
17 36 0.943131
17 37 0.329464
17 38 0.673536
17 39 0.883941
17 40 0.961718
17 41 0.999828
17 42 0.855444
17 43 0.535509
17 44 0.991363
17 45 0.108547
17 46 0.014763
17 47 0.998375
17 48 0.138922
17 49 0.838911
17 50 0.998781
17 51 0.999995
17 52 0.305549
17 53 0.975602
17 54 0.876570
17 55 0.060180
17 56 0.172989
17 57 0.415919
17 58 0.883941
17 59 0.901145
17 60 0.820692
17 61 0.999807
17 62 0.011782
17 63 0.746454
17 64 0.998629
17 65 0.019299
17 66 0.995133
17 67 0.999695
17 68 0.951799
17 69 0.896141
17 70 0.434867
17 71 0.812062
17 72 0.972594
17 73 0.961718
17 74 0.855444
17 75 0.996752
17 76 0.999566
17 77 0.028526
17 78 0.999999
17 79 0.992708
17 80 0.999421
17 81 0.980672
17 82 0.999904
17 83 0.029925
17 84 0.573990
17 85 0.945939
17 86 0.415919
17 87 0.999228
17 88 0.998916
17 89 0.573990
17 90 0.999936
17 91 0.999975
17 92 0.901145
17 93 0.997259
17 94 0.999421
17 95 0.932960
17 96 0.999993
17 97 0.606413
17 98 0.855444
17 99 0.993844
18 0 0.977134
18 1 0.920015
18 2 0.995133
18 3 0.996347
18 4 0.997259
18 5 0.071949
18 6 0.951799
18 7 0.983668
18 8 0.945939
18 9 0.999771
18 10 0.999543
18 11 0.855444
18 12 0.019299
18 13 0.996753
18 14 0.153568
18 15 0.999848
18 16 0.108547
18 17 0.928576
18 18 0.000000
18 19 0.954792
18 20 0.998535
18 21 0.410971
18 22 0.011782
18 23 0.981645
18 24 0.051779
18 25 0.245316
18 26 0.951798
18 27 0.999871
18 28 0.987726
18 29 0.980672
18 30 0.391878
18 31 0.999176
18 32 0.998843
18 33 0.999936
18 34 0.998172
18 35 0.980672
18 36 0.954792
18 37 0.227550
18 38 0.998971
18 39 0.997687
18 40 0.911627
18 41 0.957038
18 42 0.996753
18 43 0.831064
18 44 0.883941
18 45 0.972594
18 46 0.391878
18 47 0.889496
18 48 0.994526
18 49 0.372722
18 50 0.999984
18 51 0.995379
18 52 0.138922
18 53 0.998048
18 54 0.965898
18 55 0.999711
18 56 0.975602
18 57 0.994526
18 58 0.999144
18 59 0.310464
18 60 0.610510
18 61 0.993844
18 62 0.911627
18 63 0.268234
18 64 0.981645
18 65 0.997222
18 66 0.019299
18 67 0.999952
18 68 0.991363
18 69 0.894801
18 70 0.997834
18 71 0.172989
18 72 0.329464
18 73 0.690668
18 74 0.998048
18 75 0.005177
18 76 0.999957
18 77 0.999807
18 78 0.781351
18 79 0.957037
18 80 0.659444
18 81 0.992708
18 82 0.889496
18 83 0.989082
18 84 0.980672
18 85 0.943131
18 86 0.983667
18 87 0.928576
18 88 0.985469
18 89 0.999982
18 90 0.996753
18 91 0.626002
18 92 0.812062
18 93 0.936253
18 94 0.329464
18 95 0.768376
18 96 0.999614
18 97 0.029925
18 98 0.011782
18 99 0.998375
19 0 0.995892
19 1 0.778725
19 2 0.999543
19 3 0.999837
19 4 0.703771
19 5 0.999314
19 6 0.961718
19 7 0.987725
19 8 0.310464
19 9 0.659444
19 10 0.911627
19 11 0.019299
19 12 0.071949
19 13 0.719662
19 14 0.999828
19 15 0.999995
19 16 0.121504
19 17 0.673535
19 18 0.954792
19 19 0.000000
19 20 0.862254
19 21 0.477022
19 22 0.999725
19 23 0.993516
19 24 0.005177
19 25 0.051779
19 26 0.996917
19 27 0.998629
19 28 0.286770
19 29 0.911627
19 30 0.996917
19 31 0.855444
19 32 0.998781
19 33 0.999187
19 34 0.998457
19 35 0.969221
19 36 0.905920
19 37 0.999729
19 38 0.573990
19 39 0.029925
19 40 0.924902
19 41 0.928576
19 42 0.998781
19 43 0.993844
19 44 0.987725
19 45 0.894801
19 46 0.999085
19 47 0.848329
19 48 0.172989
19 49 0.138922
19 50 0.329464
19 51 0.939389
19 52 0.172989
19 53 0.996100
19 54 0.992708
19 55 0.477022
19 56 0.987726
19 57 0.005177
19 58 0.997944
19 59 0.998629
19 60 0.992215
19 61 0.999969
19 62 0.981645
19 63 0.731785
19 64 0.999695
19 65 0.994526
19 66 0.999614
19 67 0.996753
19 68 0.108547
19 69 0.999797
19 70 0.992708
19 71 0.051779
19 72 0.980672
19 73 0.138922
19 74 0.965899
19 75 0.082237
19 76 0.138922
19 77 0.994526
19 78 0.973967
19 79 0.820692
19 80 0.969222
19 81 0.972592
19 82 0.967602
19 83 0.997944
19 84 0.993844
19 85 0.998781
19 86 0.029925
19 87 0.029925
19 88 0.997563
19 89 0.984490
19 90 0.961718
19 91 0.967602
19 92 0.999928
19 93 0.998971
19 94 0.972594
19 95 0.997113
19 96 0.029925
19 97 0.999995
19 98 0.172989
19 99 0.979374
20 0 0.999349
20 1 0.998971
20 2 0.415919
20 3 0.999277
20 4 0.999458
20 5 0.434867
20 6 0.998781
20 7 0.329464
20 8 0.998048
20 9 0.997398
20 10 0.778725
20 11 0.999543
20 12 0.963627
20 13 0.957037
20 14 0.999086
20 15 0.138922
20 16 0.999807
20 17 0.949286
20 18 0.998535
20 19 0.862254
20 20 0.000000
20 21 0.994234
20 22 0.999997
20 23 0.998843
20 24 0.002681
20 25 0.434867
20 26 0.812062
20 27 0.138922
20 28 0.999086
20 29 0.071949
20 30 0.996532
20 31 0.153568
20 32 0.932960
20 33 0.999940
20 34 0.434867
20 35 0.096388
20 36 0.703771
20 37 0.993515
20 38 0.999886
20 39 0.029925
20 40 0.227550
20 41 0.121504
20 42 0.434867
20 43 0.999187
20 44 0.999566
20 45 0.999390
20 46 0.990780
20 47 0.138922
20 48 0.990289
20 49 0.924902
20 50 0.035762
20 51 0.999086
20 52 0.991800
20 53 0.716439
20 54 0.998375
20 55 0.978283
20 56 0.999891
20 57 0.997944
20 58 0.901145
20 59 0.029925
20 60 0.994804
20 61 0.477022
20 62 0.019299
20 63 0.999743
20 64 0.138922
20 65 0.999847
20 66 0.673536
20 67 0.999848
20 68 0.093360
20 69 0.121504
20 70 0.093360
20 71 0.610510
20 72 0.743482
20 73 0.227550
20 74 0.071949
20 75 0.999908
20 76 0.999390
20 77 0.757621
20 78 0.172989
20 79 0.999989
20 80 0.991800
20 81 0.019299
20 82 0.029925
20 83 0.936254
20 84 0.812062
20 85 0.911627
20 86 0.189109
20 87 0.994803
20 88 0.999847
20 89 0.999886
20 90 0.391878
20 91 0.415919
20 92 0.172989
20 93 0.932960
20 94 0.005177
20 95 0.984698
20 96 0.984491
20 97 0.995892
20 98 0.153568
20 99 0.626001
21 0 0.189109
21 1 0.108547
21 2 0.051779
21 3 0.954189
21 4 0.517913
21 5 0.029925
21 6 0.998375
21 7 0.029925
21 8 0.998048
21 9 0.987726
21 10 0.995672
21 11 0.943131
21 12 0.391878
21 13 0.996917
21 14 0.096388
21 15 0.495294
21 16 0.716439
21 17 0.921048
21 18 0.410971
21 19 0.477022
21 20 0.994234
21 21 0.000000
21 22 0.495294
21 23 0.573990
21 24 0.996100
21 25 0.889496
21 26 0.949286
21 27 0.029925
21 28 0.999390
21 29 0.245316
21 30 0.029925
21 31 0.915921
21 32 0.855444
21 33 0.976826
21 34 0.477022
21 35 0.029925
21 36 0.983667
21 37 0.991800
21 38 0.999277
21 39 0.974313
21 40 0.936253
21 41 0.987725
21 42 0.999486
21 43 0.936253
21 44 0.329464
21 45 0.996347
21 46 0.096388
21 47 0.997834
21 48 0.997834
21 49 0.981645
21 50 0.949287
21 51 0.719662
21 52 0.999421
21 53 0.071949
21 54 0.791203
21 55 0.943131
21 56 0.996347
21 57 0.999458
21 58 0.998916
21 59 0.951798
21 60 0.096388
21 61 0.999421
21 62 0.189109
21 63 0.310464
21 64 0.987073
21 65 0.915921
21 66 0.999986
21 67 0.029925
21 68 0.138922
21 69 0.836903
21 70 0.996532
21 71 0.989082
21 72 0.434867
21 73 0.997687
21 74 0.990289
21 75 0.998781
21 76 0.838911
21 77 0.998902
21 78 0.995133
21 79 0.905921
21 80 0.999886
21 81 0.999952
21 82 0.626001
21 83 0.987073
21 84 0.999657
21 85 0.977990
21 86 0.957037
21 87 0.082237
21 88 0.998555
21 89 0.997687
21 90 0.975602
21 91 0.999759
21 92 0.995672
21 93 0.998843
21 94 0.096388
21 95 0.610510
21 96 0.990780
21 97 0.999828
21 98 0.932960
21 99 0.029925
22 0 0.071949
22 1 0.999989
22 2 0.986898
22 3 0.019299
22 4 0.999977
22 5 0.915921
22 6 0.108547
22 7 0.979649
22 8 0.071949
22 9 0.051779
22 10 0.943131
22 11 0.999880
22 12 0.415919
22 13 0.999966
22 14 0.227550
22 15 0.932960
22 16 0.999132
22 17 0.993843
22 18 0.011782
22 19 0.999725
22 20 0.999997
22 21 0.495294
22 22 0.000000
22 23 0.644918
22 24 0.949286
22 25 0.997687
22 26 0.051779
22 27 0.659444
22 28 0.999946
22 29 0.329464
22 30 0.029925
22 31 0.943131
22 32 0.138922
22 33 0.997944
22 34 0.999855
22 35 0.005177
22 36 0.985469
22 37 0.011782
22 38 0.993516
22 39 0.981645
22 40 0.051779
22 41 0.989633
22 42 0.453650
22 43 0.268234
22 44 0.999349
22 45 0.883941
22 46 0.965899
22 47 0.348574
22 48 0.838911
22 49 0.998265
22 50 0.495294
22 51 0.731785
22 52 0.029925
22 53 0.998375
22 54 0.983668
22 55 0.974313
22 56 0.999973
22 57 0.921048
22 58 0.992708
22 59 0.998781
22 60 0.998843
22 61 0.992708
22 62 0.983668
22 63 0.029925
22 64 0.999898
22 65 0.329464
22 66 0.999855
22 67 0.227550
22 68 0.998265
22 69 0.945939
22 70 0.999855
22 71 0.029925
22 72 0.994155
22 73 0.329464
22 74 0.951799
22 75 0.994873
22 76 0.998629
22 77 0.071949
22 78 0.659444
22 79 0.997398
22 80 0.997563
22 81 0.967602
22 82 0.985469
22 83 0.999990
22 84 0.227550
22 85 0.999999
22 86 0.828969
22 87 0.997834
22 88 0.997804
22 89 0.855444
22 90 0.999997
22 91 0.999711
22 92 0.990780
22 93 0.997563
22 94 0.999997
22 95 0.029925
22 96 0.757621
22 97 0.268234
22 98 0.999743
22 99 0.458502
23 0 0.999871
23 1 0.673536
23 2 0.999986
23 3 0.954792
23 4 0.731785
23 5 0.999711
23 6 0.367737
23 7 0.227550
23 8 0.987073
23 9 0.936253
23 10 0.983668
23 11 0.920015
23 12 0.590401
23 13 0.998375
23 14 0.980672
23 15 0.005177
23 16 0.305549
23 17 0.082237
23 18 0.981645
23 19 0.993516
23 20 0.998843
23 21 0.573990
23 22 0.644918
23 23 0.000000
23 24 0.870414
23 25 0.210224
23 26 0.924902
23 27 0.999886
23 28 0.977134
23 29 0.995066
23 30 0.029925
23 31 0.994803
23 32 0.992319
23 33 0.051779
23 34 0.991363
23 35 0.993844
23 36 0.415919
23 37 0.673535
23 38 0.108547
23 39 0.082237
23 40 0.969221
23 41 0.998629
23 42 0.999228
23 43 0.731785
23 44 0.999828
23 45 0.998048
23 46 0.975602
23 47 0.999349
23 48 0.573990
23 49 0.994234
23 50 0.999964
23 51 0.992708
23 52 0.889496
23 53 0.999566
23 54 0.019299
23 55 0.967602
23 56 0.971149
23 57 0.189109
23 58 0.996100
23 59 0.999829
23 60 0.108547
23 61 0.986898
23 62 0.991800
23 63 0.971149
23 64 0.976826
23 65 0.896141
23 66 0.999024
23 67 0.999962
23 68 0.982801
23 69 0.982801
23 70 0.855444
23 71 0.108547
23 72 0.372722
23 73 0.791202
23 74 0.268234
23 75 0.999924
23 76 0.999614
23 77 0.999807
23 78 0.071949
23 79 0.434867
23 80 0.999451
23 81 0.998629
23 82 0.996347
23 83 0.997944
23 84 0.071949
23 85 0.999390
23 86 0.659444
23 87 0.974313
23 88 0.999983
23 89 0.971149
23 90 0.573990
23 91 0.999871
23 92 0.971149
23 93 0.993516
23 94 0.990780
23 95 0.994803
23 96 0.781351
23 97 0.999993
23 98 0.997944
23 99 0.768376
24 0 0.981645
24 1 0.997563
24 2 0.997259
24 3 0.972594
24 4 0.999695
24 5 0.991363
24 6 0.999886
24 7 0.999932
24 8 0.996347
24 9 0.997834
24 10 0.911627
24 11 0.071949
24 12 0.994234
24 13 0.153568
24 14 0.999848
24 15 0.972594
24 16 0.999886
24 17 0.959174
24 18 0.051779
24 19 0.005177
24 20 0.002681
24 21 0.996100
24 22 0.949286
24 23 0.870414
24 24 0.000000
24 25 0.987725
24 26 0.993515
24 27 0.999995
24 28 0.227550
24 29 0.965440
24 30 0.921048
24 31 0.996917
24 32 0.997259
24 33 0.082237
24 34 0.982801
24 35 0.999797
24 36 0.999314
24 37 0.993844
24 38 0.071949
24 39 0.990289
24 40 0.998457
24 41 0.993844
24 42 0.992708
24 43 0.998843
24 44 0.997259
24 45 0.965899
24 46 0.998375
24 47 0.999485
24 48 0.940181
24 49 0.999819
24 50 0.023583
24 51 0.998375
24 52 0.996298
24 53 0.172989
24 54 0.997073
24 55 0.778725
24 56 0.998781
24 57 0.477022
24 58 0.535509
24 59 0.999886
24 60 0.862254
24 61 0.071949
24 62 0.096388
24 63 0.029925
24 64 0.984490
24 65 0.963627
24 66 0.999458
24 67 0.995379
24 68 0.999228
24 69 0.992708
24 70 0.035762
24 71 0.205798
24 72 0.999994
24 73 0.999855
24 74 0.998971
24 75 0.939390
24 76 0.716439
24 77 0.227550
24 78 0.943131
24 79 0.928576
24 80 0.999998
24 81 0.434866
24 82 0.998698
24 83 0.991363
24 84 0.996100
24 85 0.889496
24 86 0.999949
24 87 0.051779
24 88 0.172989
24 89 0.138922
24 90 0.513285
24 91 0.911627
24 92 0.999886
24 93 0.071949
24 94 0.096388
24 95 0.994526
24 96 0.812062
24 97 0.971149
24 98 0.928576
24 99 0.071949
25 0 0.999996
25 1 0.757621
25 2 0.993077
25 3 0.029925
25 4 0.820692
25 5 0.992708
25 6 0.983668
25 7 0.005177
25 8 0.995892
25 9 0.105307
25 10 0.690668
25 11 0.731785
25 12 0.999797
25 13 0.985469
25 14 0.998457
25 15 0.976826
25 16 0.998457
25 17 0.051779
25 18 0.245316
25 19 0.051779
25 20 0.434867
25 21 0.889496
25 22 0.997687
25 23 0.210224
25 24 0.987725
25 25 0.000000
25 26 0.005177
25 27 0.245316
25 28 0.924902
25 29 0.995379
25 30 0.999995
25 31 0.005177
25 32 0.268234
25 33 0.998843
25 34 0.939390
25 35 0.928576
25 36 0.870414
25 37 0.329464
25 38 0.936253
25 39 0.961718
25 40 0.994803
25 41 0.391878
25 42 0.985469
25 43 0.996100
25 44 0.967602
25 45 0.005177
25 46 0.991800
25 47 0.999797
25 48 0.778725
25 49 0.848329
25 50 0.996917
25 51 0.972594
25 52 0.138922
25 53 0.019299
25 54 0.999999
25 55 0.610510
25 56 0.996753
25 57 0.999771
25 58 0.731785
25 59 0.997563
25 60 0.019299
25 61 0.999973
25 62 0.495294
25 63 0.996100
25 64 0.936253
25 65 0.999998
25 66 0.997398
25 67 0.995441
25 68 0.071949
25 69 0.985469
25 70 0.999771
25 71 0.005177
25 72 0.997687
25 73 0.992708
25 74 0.997563
25 75 0.690668
25 76 0.901145
25 77 0.954792
25 78 0.999382
25 79 0.999878
25 80 0.999974
25 81 0.997563
25 82 0.019299
25 83 0.495294
25 84 0.998265
25 85 0.999657
25 86 0.969629
25 87 0.999086
25 88 0.977134
25 89 0.981645
25 90 0.896141
25 91 0.415919
25 92 0.986202
25 93 0.051779
25 94 0.963627
25 95 0.743482
25 96 0.932077
25 97 0.995892
25 98 0.999421
25 99 0.006763
26 0 0.029925
26 1 0.999936
26 2 0.286770
26 3 0.610510
26 4 0.998781
26 5 0.731785
26 6 0.626001
26 7 0.990780
26 8 0.690668
26 9 0.988345
26 10 0.051779
26 11 0.994803
26 12 0.096388
26 13 0.999543
26 14 0.812062
26 15 0.812062
26 16 0.391878
26 17 0.991800
26 18 0.951798
26 19 0.996917
26 20 0.812062
26 21 0.949286
26 22 0.051779
26 23 0.924902
26 24 0.993515
26 25 0.005177
26 26 0.000000
26 27 0.990289
26 28 0.998698
26 29 0.999997
26 30 0.981645
26 31 0.999314
26 32 0.029925
26 33 0.517913
26 34 0.988501
26 35 0.096388
26 36 0.552765
26 37 0.005177
26 38 0.999910
26 39 0.870414
26 40 0.138922
26 41 0.977990
26 42 0.138922
26 43 0.974313
26 44 0.348574
26 45 0.996100
26 46 0.096388
26 47 0.997398
26 48 0.969221
26 49 0.999228
26 50 0.999892
26 51 0.029925
26 52 0.999999
26 53 0.189109
26 54 0.029925
26 55 0.998265
26 56 0.999898
26 57 0.051779
26 58 0.985469
26 59 0.980672
26 60 0.051779
26 61 0.029925
26 62 0.997398
26 63 0.997944
26 64 0.019299
26 65 0.999743
26 66 0.996917
26 67 0.324510
26 68 0.153568
26 69 0.035762
26 70 0.987726
26 71 0.976826
26 72 0.998971
26 73 0.987726
26 74 0.997073
26 75 0.989082
26 76 0.019299
26 77 0.957037
26 78 0.959174
26 79 0.268234
26 80 0.993516
26 81 0.998629
26 82 0.108547
26 83 0.999390
26 84 0.994156
26 85 0.082237
26 86 0.768376
26 87 0.999743
26 88 0.096388
26 89 0.998629
26 90 0.995379
26 91 0.999771
26 92 0.972594
26 93 0.495294
26 94 0.415919
26 95 0.889496
26 96 0.286770
26 97 0.189109
26 98 0.989633
26 99 0.791203
27 0 0.023583
27 1 0.949286
27 2 0.987725
27 3 0.999903
27 4 0.996917
27 5 0.029925
27 6 0.986202
27 7 0.108547
27 8 0.991363
27 9 0.071949
27 10 0.108547
27 11 0.999314
27 12 0.096388
27 13 0.610510
27 14 0.019299
27 15 0.703771
27 16 0.372722
27 17 0.991800
27 18 0.999871
27 19 0.998629
27 20 0.138922
27 21 0.029925
27 22 0.659444
27 23 0.999886
27 24 0.999995
27 25 0.245316
27 26 0.990289
27 27 0.000000
27 28 0.096388
27 29 0.029925
27 30 0.969222
27 31 0.999421
27 32 0.997113
27 33 0.936254
27 34 0.999593
27 35 0.995892
27 36 0.996753
27 37 0.138922
27 38 0.982569
27 39 0.690668
27 40 0.951798
27 41 0.005177
27 42 0.029925
27 43 0.082237
27 44 0.901145
27 45 0.987073
27 46 0.096388
27 47 0.011782
27 48 0.997259
27 49 0.082237
27 50 0.310464
27 51 0.999914
