0 0 0.000000
0 1 0.227550
0 2 0.477022
0 3 0.984698
0 4 0.932960
0 5 0.982801
0 6 0.965899
0 7 0.870414
0 8 0.329464
0 9 0.954792
0 10 0.949286
0 11 0.051779
0 12 0.855444
0 13 0.949286
0 14 0.863976
0 15 0.329464
0 16 0.998781
0 17 0.415919
0 18 0.719662
0 19 0.954792
0 20 0.989082
0 21 0.610510
0 22 0.005177
0 23 0.998629
0 24 0.997834
0 25 0.999277
0 26 0.029925
0 27 0.189109
0 28 0.989082
0 29 0.051779
0 30 0.268234
0 31 0.999807
0 32 0.949286
0 33 0.838911
0 34 0.994234
0 35 0.029925
0 36 0.998375
0 37 0.993170
0 38 0.096388
0 39 0.781351
0 40 0.310464
0 41 0.896141
0 42 0.838911
0 43 0.996152
0 44 0.268234
0 45 0.889496
0 46 0.517913
0 47 0.310464
0 48 0.949286
0 49 0.999314
0 50 0.477023
0 51 0.990289
0 52 0.838911
0 53 0.921048
0 54 0.959712
0 55 0.268234
0 56 0.971149
0 57 0.029925
0 58 0.964107
0 59 0.998074
0 60 0.988501
0 61 0.477022
0 62 0.978283
0 63 0.954792
0 64 0.870414
0 65 0.949286
0 66 0.051779
0 67 0.999187
0 68 0.994526
0 69 0.286770
0 70 0.997259
0 71 0.096388
0 72 0.969629
0 73 0.954792
0 74 0.626002
0 75 0.690668
0 76 0.999277
0 77 0.172989
0 78 0.071949
0 79 0.932960
0 80 0.803068
0 81 0.995672
0 82 0.949286
0 83 0.929503
0 84 0.965898
0 85 0.997834
0 86 0.372722
0 87 0.998916
0 88 0.965899
0 89 0.959712
0 90 0.071949
0 91 0.999695
0 92 0.992319
0 93 0.172989
0 94 0.959712
0 95 0.972958
0 96 0.943131
0 97 0.980672
0 98 0.901145
0 99 0.071949
1 0 0.227550
1 1 0.000000
1 2 0.929503
1 3 0.453650
1 4 0.965899
1 5 0.999639
1 6 0.803068
1 7 0.415919
1 8 0.757621
1 9 0.999277
1 10 0.644918
1 11 0.876570
1 12 0.999864
1 13 0.029925
1 14 0.268234
1 15 0.268234
1 16 0.999277
1 17 0.977135
1 18 0.965899
1 19 0.876570
1 20 0.996752
1 21 0.138922
1 22 0.998916
1 23 0.791203
1 24 0.969629
1 25 0.896141
1 26 0.999910
1 27 0.781351
1 28 0.227550
1 29 0.980672
1 30 0.029925
1 31 0.812062
1 32 0.005177
1 33 0.977134
1 34 0.831064
1 35 0.992319
1 36 0.974313
1 37 0.108547
1 38 0.838911
1 39 0.096388
1 40 0.940181
1 41 0.996152
1 42 0.995672
1 43 0.961718
1 44 0.434867
1 45 0.998172
1 46 0.096388
1 47 0.999679
1 48 0.999358
1 49 0.999819
1 50 0.999518
1 51 0.210224
1 52 0.610510
1 53 0.863976
1 54 0.889496
1 55 0.870414
1 56 0.189109
1 57 0.870414
1 58 0.949287
1 59 0.974313
1 60 0.310464
1 61 0.998629
1 62 0.820691
1 63 0.172989
1 64 0.952432
1 65 0.999390
1 66 0.108547
1 67 0.831064
1 68 0.831064
1 69 0.659444
1 70 0.029925
1 71 0.932960
1 72 0.998629
1 73 0.096388
1 74 0.372722
1 75 0.051779
1 76 0.096388
1 77 0.071949
1 78 0.979649
1 79 0.982801
1 80 0.096388
1 81 0.803068
1 82 0.071949
1 83 0.911627
1 84 0.227550
1 85 0.372722
1 86 0.983886
1 87 0.995672
1 88 0.071949
1 89 0.915921
1 90 0.096388
1 91 0.940181
1 92 0.329464
1 93 0.992708
1 94 0.172989
1 95 0.894800
1 96 0.415919
1 97 0.959712
1 98 0.719662
1 99 0.227550
2 0 0.477022
2 1 0.929503
2 2 0.000000
2 3 0.690668
2 4 0.997834
2 5 0.988501
2 6 0.227550
2 7 0.939390
2 8 0.731785
2 9 0.812062
2 10 0.987725
2 11 0.993516
2 12 0.768375
2 13 0.999995
2 14 0.936253
2 15 0.994234
2 16 0.975601
2 17 0.071949
2 18 0.997113
2 19 0.998375
2 20 0.096388
2 21 0.071949
2 22 0.978283
2 23 0.999932
2 24 0.812062
2 25 0.943131
2 26 0.477022
2 27 0.977134
2 28 0.996753
2 29 0.227550
2 30 0.991363
2 31 0.994234
2 32 0.051779
2 33 0.974313
2 34 0.999518
2 35 0.096388
2 36 0.993515
2 37 0.138922
2 38 0.096388
2 39 0.915920
2 40 0.172989
2 41 0.961718
2 42 0.982801
2 43 0.969629
2 44 0.994873
2 45 0.029925
2 46 0.138922
2 47 0.329464
2 48 0.329464
2 49 0.965899
2 50 0.997113
2 51 0.863976
2 52 0.992708
2 53 0.993170
2 54 0.995672
2 55 0.998555
2 56 0.999898
2 57 0.305549
2 58 0.029925
2 59 0.477022
2 60 0.998916
2 61 0.965898
2 62 0.029925
2 63 0.029925
2 64 0.434867
2 65 0.781351
2 66 0.979649
2 67 0.982801
2 68 0.969629
2 69 0.924902
2 70 0.051779
2 71 0.876571
2 72 0.477022
2 73 0.988501
2 74 0.998555
2 75 0.172989
2 76 0.626001
2 77 0.993170
2 78 0.999949
2 79 0.690668
2 80 0.071949
2 81 0.791203
2 82 0.029925
2 83 0.029925
2 84 0.517913
2 85 0.477022
2 86 0.517913
2 87 0.964107
2 88 0.051779
2 89 0.096388
2 90 0.889496
2 91 0.940181
2 92 0.746454
2 93 0.458502
2 94 0.029925
2 95 0.998716
2 96 0.573990
2 97 0.005177
2 98 0.959712
2 99 0.855444
3 0 0.984698
3 1 0.453650
3 2 0.690668
3 3 0.000000
3 4 0.227550
3 5 0.954792
3 6 0.997834
3 7 0.610510
3 8 0.005177
3 9 0.999543
3 10 0.029925
3 11 0.998555
3 12 0.153568
3 13 0.831064
3 14 0.372722
3 15 0.172989
3 16 0.998172
3 17 0.310464
3 18 0.870414
3 19 0.999797
3 20 0.994234
3 21 0.820691
3 22 0.071949
3 23 0.719662
3 24 0.812062
3 25 0.029925
3 26 0.138922
3 27 0.999543
3 28 0.999786
3 29 0.348574
3 30 0.870414
3 31 0.863976
3 32 0.924902
3 33 0.949286
3 34 0.610510
3 35 0.883941
3 36 0.998074
3 37 0.994873
3 38 0.227550
3 39 0.372722
3 40 0.994526
3 41 0.997113
3 42 0.822878
3 43 0.911627
3 44 0.415919
3 45 0.227550
3 46 0.988501
3 47 0.999518
3 48 0.434867
3 49 0.883941
3 50 0.644918
3 51 0.329464
3 52 0.974313
3 53 0.940181
3 54 0.940181
3 55 0.995672
3 56 0.987073
3 57 0.889496
3 58 0.889496
3 59 0.138922
3 60 0.310464
3 61 0.901145
3 62 0.268234
3 63 0.999975
3 64 0.999358
3 65 0.108547
3 66 0.029925
3 67 0.138922
3 68 0.172989
3 69 0.982801
3 70 0.071949
3 71 0.310464
3 72 0.677128
3 73 0.757621
3 74 0.932960
3 75 0.415919
3 76 0.946647
3 77 0.974313
3 78 0.997259
3 79 0.415919
3 80 0.870414
3 81 0.954792
3 82 0.535510
3 83 0.999993
3 84 0.029925
3 85 0.189109
3 86 0.929503
3 87 0.051779
3 88 0.719662
3 89 0.268234
3 90 0.096388
3 91 0.096388
3 92 0.943131
3 93 0.999187
3 94 0.644918
3 95 0.999277
3 96 0.972958
3 97 0.998172
3 98 0.997113
3 99 0.453650
4 0 0.932960
4 1 0.965899
4 2 0.997834
4 3 0.227550
4 4 0.000000
4 5 0.005177
4 6 0.096388
4 7 0.096388
4 8 0.096388
4 9 0.172989
4 10 0.803068
4 11 0.949286
4 12 0.997944
4 13 0.610510
4 14 0.517913
4 15 0.989082
4 16 0.096388
4 17 0.921048
4 18 0.996152
4 19 0.883941
4 20 0.984698
4 21 0.517913
4 22 0.997433
4 23 0.757621
4 24 0.987073
4 25 0.932960
4 26 0.997113
4 27 0.979649
4 28 0.803068
4 29 0.994526
4 30 0.998074
4 31 0.994526
4 32 0.610510
4 33 0.415919
4 34 0.757621
4 35 0.991363
4 36 0.924902
4 37 0.812062
4 38 0.153568
4 39 0.071949
4 40 0.994873
4 41 0.029925
4 42 0.855444
4 43 0.998629
4 44 0.965899
4 45 0.889496
4 46 0.999358
4 47 0.977135
4 48 0.831064
4 49 0.019299
4 50 0.812062
4 51 0.415919
4 52 0.108547
4 53 0.993516
4 54 0.082237
4 55 0.987073
4 56 0.988501
4 57 0.969629
4 58 0.820692
4 59 0.626001
4 60 0.329464
4 61 0.108547
4 62 0.690668
4 63 0.870414
4 64 0.999819
4 65 0.138922
4 66 0.999946
4 67 0.996152
4 68 0.993516
4 69 0.071949
4 70 0.108547
4 71 0.996753
4 72 0.995672
4 73 0.998074
4 74 0.310464
4 75 0.690668
4 76 0.227550
4 77 0.096388
4 78 0.172989
4 79 0.929503
4 80 0.329464
4 81 0.982801
4 82 0.969629
4 83 0.997113
4 84 0.172989
4 85 0.924902
4 86 0.977134
4 87 0.999593
4 88 0.096388
4 89 0.999277
4 90 0.965898
4 91 0.415919
4 92 0.998629
4 93 0.997398
4 94 0.071949
4 95 0.831064
4 96 0.573990
4 97 0.996753
4 98 0.517913
4 99 0.434867
5 0 0.982801
5 1 0.999639
5 2 0.988501
5 3 0.954792
5 4 0.005177
5 5 0.000000
5 6 0.458502
5 7 0.644918
5 8 0.999975
5 9 0.971149
5 10 0.989082
5 11 0.988501
5 12 0.984698
5 13 0.071949
5 14 0.415919
5 15 0.999037
5 16 0.998781
5 17 0.434867
5 18 0.096388
5 19 0.997834
5 20 0.746454
5 21 0.096388
5 22 0.757621
5 23 0.999679
5 24 0.946647
5 25 0.992319
5 26 0.690668
5 27 0.029925
5 28 0.372722
5 29 0.372722
5 30 0.995672
5 31 0.035762
5 32 0.999037
5 33 0.746454
5 34 0.992708
5 35 0.803068
5 36 0.921048
5 37 0.901145
5 38 0.138922
5 39 0.982801
5 40 0.995133
5 41 0.998858
5 42 0.082237
5 43 0.096388
5 44 0.889496
5 45 0.999572
5 46 0.703771
5 47 0.535509
5 48 0.999314
5 49 0.138922
5 50 0.096388
5 51 0.677128
5 52 0.940181
5 53 0.096388
5 54 0.987073
5 55 0.959712
5 56 0.969629
5 57 0.071949
5 58 0.870414
5 59 0.268234
5 60 0.999277
5 61 0.831064
5 62 0.029925
5 63 0.982801
5 64 0.731785
5 65 0.932960
5 66 0.996152
5 67 0.998375
5 68 0.999543
5 69 0.987073
5 70 0.972594
5 71 0.986386
5 72 0.121504
5 73 0.011782
5 74 0.988501
5 75 0.940181
5 76 0.172989
5 77 0.961718
5 78 0.096388
5 79 0.019299
5 80 0.029925
5 81 0.945939
5 82 0.997563
5 83 0.138922
5 84 0.227550
5 85 0.949286
5 86 0.138922
5 87 0.980672
5 88 0.957037
5 89 0.329464
5 90 0.982801
5 91 0.943131
5 92 0.999277
5 93 0.172989
5 94 0.138922
5 95 0.415919
5 96 0.977134
5 97 0.998375
5 98 0.994873
5 99 0.883941
6 0 0.965899
6 1 0.803068
6 2 0.227550
6 3 0.997834
6 4 0.096388
6 5 0.458502
6 6 0.000000
6 7 0.415919
6 8 0.757621
6 9 0.978283
6 10 0.029925
6 11 0.690668
6 12 0.994234
6 13 0.517913
6 14 0.996752
6 15 0.415919
6 16 0.791203
6 17 0.838911
6 18 0.961719
6 19 0.969629
6 20 0.946647
6 21 0.994873
6 22 0.172989
6 23 0.901145
6 24 0.997834
6 25 0.980672
6 26 0.573990
6 27 0.987073
6 28 0.831064
6 29 0.996152
6 30 0.943130
6 31 0.998858
6 32 0.138922
6 33 0.644918
6 34 0.227550
6 35 0.995133
6 36 0.870414
6 37 0.996917
6 38 0.883941
6 39 0.889496
6 40 0.996753
6 41 0.172989
6 42 0.964107
6 43 0.803068
6 44 0.999797
6 45 0.172989
6 46 0.999955
6 47 0.172989
6 48 0.757621
6 49 0.883941
6 50 0.372722
6 51 0.172989
6 52 0.894801
6 53 0.415919
6 54 0.975926
6 55 0.954189
6 56 0.172989
6 57 0.812062
6 58 0.974313
6 59 0.972958
6 60 0.988501
6 61 0.999277
6 62 0.999390
6 63 0.940181
6 64 0.535509
6 65 0.310464
6 66 0.096388
6 67 0.949287
6 68 0.999358
6 69 0.994873
6 70 0.978283
6 71 0.991800
6 72 0.994873
6 73 0.979649
6 74 0.517913
6 75 0.961718
6 76 0.096388
6 77 0.812062
6 78 0.921048
6 79 0.978282
6 80 0.905920
6 81 0.998716
6 82 0.415919
6 83 0.990289
6 84 0.979649
6 85 0.029925
6 86 0.096388
6 87 0.029925
6 88 0.889496
6 89 0.096388
6 90 0.870414
6 91 0.517913
6 92 0.987073
6 93 0.977134
6 94 0.957037
6 95 0.991364
6 96 0.954792
6 97 0.999729
6 98 0.997259
6 99 0.985469
7 0 0.870414
7 1 0.415919
7 2 0.939390
7 3 0.610510
7 4 0.096388
7 5 0.644918
7 6 0.415919
7 7 0.000000
7 8 0.029925
7 9 0.434867
7 10 0.757621
7 11 0.310464
7 12 0.071949
7 13 0.932960
7 14 0.949286
7 15 0.997563
7 16 0.998716
7 17 0.096388
7 18 0.731785
7 19 0.980672
7 20 0.227550
7 21 0.029925
7 22 0.557193
7 23 0.517913
7 24 0.999277
7 25 0.005177
7 26 0.949287
7 27 0.108547
7 28 0.019299
7 29 0.096388
7 30 0.979649
7 31 0.971149
7 32 0.002681
7 33 0.096388
7 34 0.980672
7 35 0.791203
7 36 0.980672
7 37 0.969629
7 38 0.029925
7 39 0.924902
7 40 0.573990
7 41 0.996752
7 42 0.029925
7 43 0.286770
7 44 0.999714
7 45 0.855444
7 46 0.996347
7 47 0.189109
7 48 0.981645
7 49 0.268234
7 50 0.071949
7 51 0.965899
7 52 0.535509
7 53 0.990289
7 54 0.757621
7 55 0.011782
7 56 0.998457
7 57 0.096388
7 58 0.005177
7 59 0.172989
7 60 0.986202
7 61 0.172989
7 62 0.989082
7 63 0.992319
7 64 0.998716
7 65 0.071949
7 66 0.987073
7 67 0.082237
7 68 0.999458
7 69 0.994526
7 70 0.999871
7 71 0.051779
7 72 0.949286
7 73 0.838911
7 74 0.690668
7 75 0.999657
7 76 0.993515
7 77 0.998916
7 78 0.029925
7 79 0.954792
7 80 0.959712
7 81 0.954792
7 82 0.998555
7 83 0.957037
7 84 0.573990
7 85 0.992708
7 86 0.978283
7 87 0.997834
7 88 0.029925
7 89 0.999458
7 90 0.310464
7 91 0.245316
7 92 0.731785
7 93 0.977135
7 94 0.990289
7 95 0.993516
7 96 0.870414
7 97 0.996579
7 98 0.999037
7 99 0.999949
8 0 0.329464
8 1 0.757621
8 2 0.731785
8 3 0.005177
8 4 0.096388
8 5 0.999975
8 6 0.757621
8 7 0.029925
8 8 0.000000
8 9 0.644918
8 10 0.495294
8 11 0.997834
8 12 0.051779
8 13 0.911627
8 14 0.943131
8 15 0.690668
8 16 0.949286
8 17 0.969629
8 18 0.949286
8 19 0.310464
8 20 0.967602
8 21 0.975602
8 22 0.071949
8 23 0.964107
8 24 0.994234
8 25 0.971149
8 26 0.517913
8 27 0.911627
8 28 0.096388
8 29 0.946647
8 30 0.896141
8 31 0.659444
8 32 0.517913
8 33 0.978282
8 34 0.999839
8 35 0.982801
8 36 0.991363
8 37 0.812062
8 38 0.965899
8 39 0.029925
8 40 0.994526
8 41 0.946647
8 42 0.029925
8 43 0.932960
8 44 0.035762
8 45 0.940181
8 46 0.415919
8 47 0.996152
8 48 0.029925
8 49 0.477022
8 50 0.915921
8 51 0.096388
8 52 0.268234
8 53 0.994526
8 54 0.998172
8 55 0.535509
8 56 0.644918
8 57 0.998916
8 58 0.996347
8 59 0.987073
8 60 0.677128
8 61 0.831064
8 62 0.415919
8 63 0.990289
8 64 0.535509
8 65 0.954792
8 66 0.982801
8 67 0.999940
8 68 0.991363
8 69 0.096388
8 70 0.848329
8 71 0.969629
8 72 0.940181
8 73 0.988501
8 74 0.979649
8 75 0.924902
8 76 0.945939
8 77 0.310464
8 78 0.883941
8 79 0.989082
8 80 0.977135
8 81 0.227550
8 82 0.781351
8 83 0.998555
8 84 0.029925
8 85 0.940181
8 86 0.573990
8 87 0.984698
8 88 0.940181
8 89 0.800669
8 90 0.610510
8 91 0.971149
8 92 0.994234
8 93 0.517913
8 94 0.901145
8 95 0.870414
8 96 0.999277
8 97 0.096388
8 98 0.980672
8 99 0.870414
9 0 0.954792
9 1 0.999277
9 2 0.812062
9 3 0.999543
9 4 0.172989
9 5 0.971149
9 6 0.978283
9 7 0.434867
9 8 0.644918
9 9 0.000000
9 10 0.961718
9 11 0.517913
9 12 0.943131
9 13 0.517913
9 14 0.932960
9 15 0.889496
9 16 0.855444
9 17 0.781351
9 18 0.995672
9 19 0.477023
9 20 0.943131
9 21 0.978283
9 22 0.051779
9 23 0.286770
9 24 0.946647
9 25 0.223000
9 26 0.800668
9 27 0.071949
9 28 0.803068
9 29 0.329464
9 30 0.988501
9 31 0.557193
9 32 0.984698
9 33 0.978283
9 34 0.996152
9 35 0.998916
9 36 0.719662
9 37 0.071949
9 38 0.998172
9 39 0.965899
9 40 0.172989
9 41 0.071949
9 42 0.951799
9 43 0.924902
9 44 0.993515
9 45 0.138922
9 46 0.996347
9 47 0.999695
9 48 0.477022
9 49 0.535509
9 50 0.227550
9 51 0.911627
9 52 0.227550
9 53 0.998074
9 54 0.434867
9 55 0.458502
9 56 0.954792
9 57 0.996347
9 58 0.189109
9 59 0.965899
9 60 0.905921
9 61 0.172989
9 62 0.372722
9 63 0.999797
9 64 0.992319
9 65 0.991800
9 66 0.690668
9 67 0.993077
9 68 0.268234
9 69 0.096388
9 70 0.477022
9 71 0.987073
9 72 0.924902
9 73 0.946647
9 74 0.999187
9 75 0.992319
9 76 0.831065
9 77 0.831064
9 78 0.996152
9 79 0.986386
9 80 0.108547
9 81 0.781351
9 82 0.940181
9 83 0.883941
9 84 0.005177
9 85 0.138922
9 86 0.998858
9 87 0.731785
9 88 0.954792
9 89 0.924902
9 90 0.974313
9 91 0.096388
9 92 0.329464
9 93 0.029925
9 94 0.990289
9 95 0.999966
9 96 0.227550
9 97 0.644918
9 98 0.071949
9 99 0.969629
10 0 0.949286
10 1 0.644918
10 2 0.987725
10 3 0.029925
10 4 0.803068
10 5 0.989082
10 6 0.029925
10 7 0.757621
10 8 0.495294
10 9 0.961718
10 10 0.000000
10 11 0.029925
10 12 0.988501
10 13 0.995892
10 14 0.961718
10 15 0.138922
10 16 0.995672
10 17 0.997563
10 18 0.988501
10 19 0.921048
10 20 0.552765
10 21 0.989772
10 22 0.573990
10 23 0.949286
10 24 0.822878
10 25 0.268234
10 26 0.268234
10 27 0.108547
10 28 0.996753
10 29 0.071949
10 30 0.096388
10 31 0.227550
10 32 0.997563
10 33 0.029925
10 34 0.984698
10 35 0.329464
10 36 0.831064
10 37 0.005177
10 38 0.990780
10 39 0.911627
10 40 0.999593
10 41 0.458502
10 42 0.990289
10 43 0.998916
10 44 0.954792
10 45 0.901144
10 46 0.921048
10 47 0.993516
10 48 0.029925
10 49 0.071949
10 50 0.029925
10 51 0.928576
10 52 0.517913
10 53 0.988501
10 54 0.994234
10 55 0.803068
10 56 0.997259
10 57 0.995672
10 58 0.005177
10 59 0.974313
10 60 0.993516
10 61 0.999228
10 62 0.987073
10 63 0.999729
10 64 0.791203
10 65 0.268234
10 66 0.998074
10 67 0.951799
10 68 0.781351
10 69 0.644918
10 70 0.071949
10 71 0.949286
10 72 0.227550
10 73 0.138922
10 74 0.896141
10 75 0.071949
10 76 0.936253
10 77 0.987073
10 78 0.957037
10 79 0.994526
10 80 0.982801
10 81 0.838911
10 82 0.924902
10 83 0.172989
10 84 0.391878
10 85 0.803068
10 86 0.998555
10 87 0.932960
10 88 0.999695
10 89 0.998457
10 90 0.999593
10 91 0.803068
10 92 0.029925
10 93 0.979649
10 94 0.957037
10 95 0.997259
10 96 0.999429
10 97 0.138922
10 98 0.372722
10 99 0.998555
11 0 0.051779
11 1 0.876570
11 2 0.993516
11 3 0.998555
11 4 0.949286
11 5 0.988501
11 6 0.690668
11 7 0.310464
11 8 0.997834
11 9 0.517913
11 10 0.029925
11 11 0.000000
11 12 0.731785
11 13 0.932960
11 14 0.999314
11 15 0.172989
11 16 0.997113
11 17 0.719662
11 18 0.831065
11 19 0.071949
11 20 0.977135
11 21 0.921048
11 22 0.990903
11 23 0.768375
11 24 0.172989
11 25 0.372722
11 26 0.957037
11 27 0.995672
11 28 0.994526
11 29 0.883941
11 30 0.951798
11 31 0.626001
11 32 0.189109
11 33 0.372722
11 34 0.329464
11 35 0.940181
11 36 0.989772
11 37 0.987073
11 38 0.984698
11 39 0.987073
11 40 0.434867
11 41 0.999910
11 42 0.870414
11 43 0.961718
11 44 0.573990
11 45 0.153568
11 46 0.719662
11 47 0.979374
11 48 0.268234
11 49 0.998074
11 50 0.901145
11 51 0.495294
11 52 0.791203
11 53 0.415919
11 54 0.991800
11 55 0.329464
11 56 0.803068
11 57 0.929503
11 58 0.971149
11 59 0.781351
11 60 0.172989
11 61 0.921048
11 62 0.911627
11 63 0.996347
11 64 0.889496
11 65 0.690668
11 66 0.172989
11 67 0.434867
11 68 0.071949
11 69 0.268234
11 70 0.998716
11 71 0.971149
11 72 0.803068
11 73 0.951799
11 74 0.961718
11 75 0.310464
11 76 0.210224
11 77 0.999518
11 78 0.997259
11 79 0.855444
11 80 0.610510
11 81 0.557193
11 82 0.999458
11 83 0.998555
11 84 0.999819
11 85 0.731785
11 86 0.227550
11 87 0.029925
11 88 0.227550
11 89 0.268234
11 90 0.999518
11 91 0.901145
11 92 0.991363
11 93 0.227550
11 94 0.477022
11 95 0.096388
11 96 0.848329
11 97 0.998555
11 98 0.921048
11 99 0.979649
12 0 0.855444
12 1 0.999864
12 2 0.768375
12 3 0.153568
12 4 0.997944
12 5 0.984698
12 6 0.994234
12 7 0.071949
12 8 0.051779
12 9 0.943131
12 10 0.988501
12 11 0.731785
12 12 0.000000
12 13 0.995441
12 14 0.029925
12 15 0.172989
12 16 0.227550
12 17 0.998555
12 18 0.071949
12 19 0.071949
12 20 0.838911
12 21 0.153568
12 22 0.310464
12 23 0.573990
12 24 0.921048
12 25 0.994234
12 26 0.096388
12 27 0.096388
12 28 0.005177
12 29 0.535509
12 30 0.991363
12 31 0.883941
12 32 0.921048
12 33 0.977135
12 34 0.996152
12 35 0.172989
12 36 0.848329
12 37 0.820693
12 38 0.984698
12 39 0.051779
12 40 0.573990
12 41 0.997834
12 42 0.993515
12 43 0.982801
12 44 0.932960
12 45 0.029925
12 46 0.071949
12 47 0.855444
12 48 0.051779
12 49 0.996753
12 50 0.986386
12 51 0.848329
12 52 0.573990
12 53 0.876570
12 54 0.286771
12 55 0.883941
12 56 0.096388
12 57 0.415919
12 58 0.965899
12 59 0.959712
12 60 0.982801
12 61 0.644918
12 62 0.911627
12 63 0.286770
12 64 0.268234
12 65 0.915921
12 66 0.071949
12 67 0.952432
12 68 0.210224
12 69 0.071949
12 70 0.719662
12 71 0.415919
12 72 0.999086
12 73 0.644918
12 74 0.999729
12 75 0.996347
12 76 0.372722
12 77 0.876570
12 78 0.998555
12 79 0.999639
12 80 0.896141
12 81 0.610510
12 82 0.831064
12 83 0.610510
12 84 0.883941
12 85 0.994234
12 86 0.310464
12 87 0.029925
12 88 0.227550
12 89 0.965899
12 90 0.961718
12 91 0.999639
12 92 0.985469
12 93 0.268234
12 94 0.999998
12 95 0.310464
12 96 0.557193
12 97 0.434867
12 98 0.998074
12 99 0.932960
13 0 0.949286
13 1 0.029925
13 2 0.999995
13 3 0.831064
13 4 0.610510
13 5 0.071949
13 6 0.517913
13 7 0.932960
13 8 0.911627
13 9 0.517913
13 10 0.995892
13 11 0.932960
13 12 0.995441
13 13 0.000000
13 14 0.477022
13 15 0.626001
13 16 0.992319
13 17 0.984698
13 18 0.517913
13 19 0.310464
13 20 0.986386
13 21 0.943131
13 22 0.999940
13 23 0.994873
13 24 0.189109
13 25 0.870414
13 26 0.999880
13 27 0.268234
13 28 0.227550
13 29 0.286770
13 30 0.999949
13 31 0.108547
13 32 0.517913
13 33 0.138922
13 34 0.838911
13 35 0.965899
13 36 0.965898
13 37 0.168897
13 38 0.901145
13 39 0.997259
13 40 0.990903
13 41 0.372722
13 42 0.991363
13 43 0.949286
13 44 0.915921
13 45 0.901145
13 46 0.329464
13 47 0.172989
13 48 0.848329
13 49 0.943131
13 50 0.757621
13 51 0.896141
13 52 0.995672
13 53 0.391878
13 54 0.477022
13 55 0.981645
13 56 0.573990
13 57 0.870414
13 58 0.517913
13 59 0.743481
13 60 0.071949
13 61 0.998716
13 62 0.981645
13 63 0.029925
13 64 0.172989
13 65 0.974313
13 66 0.189109
13 67 0.415919
13 68 0.932960
13 69 0.999695
13 70 0.372722
13 71 0.999314
13 72 0.153568
13 73 0.995133
13 74 0.988501
13 75 0.999946
13 76 0.517913
13 77 0.984698
13 78 0.781351
13 79 0.972594
13 80 0.096388
13 81 0.999639
13 82 0.557193
13 83 0.932960
13 84 0.517913
13 85 0.838911
13 86 0.915921
13 87 0.998916
13 88 0.991800
13 89 0.999593
13 90 0.896141
13 91 0.985469
13 92 0.992708
13 93 0.051779
13 94 0.108547
13 95 0.911627
13 96 0.921048
13 97 0.982801
13 98 0.848329
13 99 0.557193
14 0 0.863976
14 1 0.268234
14 2 0.936253
14 3 0.372722
14 4 0.517913
14 5 0.415919
14 6 0.996752
14 7 0.949286
14 8 0.943131
14 9 0.932960
14 10 0.961718
14 11 0.999314
14 12 0.029925
14 13 0.477022
14 14 0.000000
14 15 0.227550
14 16 0.791203
14 17 0.985469
14 18 0.434867
14 19 0.993516
14 20 0.998916
14 21 0.096388
14 22 0.268234
14 23 0.863976
14 24 0.992319
14 25 0.998375
14 26 0.415919
14 27 0.071949
14 28 0.954792
14 29 0.781351
14 30 0.029925
14 31 0.949286
14 32 0.372722
14 33 0.573990
14 34 0.894801
14 35 0.999819
14 36 0.972958
14 37 0.988501
14 38 0.951799
14 39 0.870414
14 40 0.415919
14 41 0.071949
14 42 0.434867
14 43 0.993170
14 44 0.029925
14 45 0.310464
14 46 0.999518
14 47 0.153568
14 48 0.924902
14 49 0.999639
14 50 0.998555
14 51 0.210224
14 52 0.517913
14 53 0.946647
14 54 0.997113
14 55 0.372722
14 56 0.812062
14 57 0.994234
14 58 0.071949
14 59 0.924902
14 60 0.883941
14 61 0.189109
14 62 0.495294
14 63 0.987073
14 64 0.005177
14 65 0.172989
14 66 0.029925
14 67 0.959712
14 68 0.999771
14 69 0.268234
14 70 0.995133
14 71 0.051779
14 72 0.991800
14 73 0.029925
14 74 0.477022
14 75 0.961718
14 76 0.896141
14 77 0.096388
14 78 0.019299
14 79 0.911627
14 80 0.610510
14 81 0.996347
14 82 0.626001
14 83 0.983668
14 84 0.915921
14 85 0.999940
14 86 0.855445
14 87 0.999819
14 88 0.969629
14 89 0.029925
14 90 0.996917
14 91 0.731785
14 92 0.690668
14 93 0.995672
14 94 0.477022
14 95 0.980672
14 96 0.911627
14 97 0.573990
14 98 0.997563
14 99 0.997834
15 0 0.329464
15 1 0.268234
15 2 0.994234
15 3 0.172989
15 4 0.989082
15 5 0.999037
15 6 0.415919
15 7 0.997563
15 8 0.690668
15 9 0.889496
15 10 0.138922
15 11 0.172989
15 12 0.172989
15 13 0.626001
15 14 0.227550
15 15 0.000000
15 16 0.477022
15 17 0.071949
15 18 0.995672
15 19 0.999960
15 20 0.138922
15 21 0.535509
15 22 0.644918
15 23 0.005177
15 24 0.949286
15 25 0.453650
15 26 0.781351
15 27 0.610510
15 28 0.984698
15 29 0.999187
15 30 0.557193
15 31 0.998555
15 32 0.883941
15 33 0.096388
15 34 0.172989
15 35 0.268234
15 36 0.998916
15 37 0.477022
15 38 0.812062
15 39 0.949286
15 40 0.172989
15 41 0.610510
15 42 0.988501
15 43 0.905921
15 44 0.999314
15 45 0.268234
15 46 0.995672
15 47 0.029925
15 48 0.991363
15 49 0.911627
15 50 0.019299
15 51 0.848329
15 52 0.227550
15 53 0.996347
15 54 0.990903
15 55 0.096388
15 56 0.915921
15 57 0.268234
15 58 0.959712
15 59 0.974313
15 60 0.071949
15 61 0.812062
15 62 0.172989
15 63 0.731785
15 64 0.999314
15 65 0.372722
15 66 0.329464
15 67 0.803068
15 68 0.982801
15 69 0.870414
15 70 0.991363
15 71 0.999037
15 72 0.372722
15 73 0.999960
15 74 0.964107
15 75 0.994873
15 76 0.172989
15 77 0.999848
15 78 0.029925
15 79 0.901145
15 80 0.227550
15 81 0.310464
15 82 0.983667
15 83 0.051779
15 84 0.936253
15 85 0.644918
15 86 0.965899
15 87 0.820692
15 88 0.690668
15 89 0.051779
15 90 0.969629
15 91 0.071949
15 92 0.998971
15 93 0.268234
15 94 0.019299
15 95 0.954792
15 96 0.996753
15 97 0.901145
15 98 0.998375
15 99 0.286771
16 0 0.998781
16 1 0.999277
16 2 0.975601
16 3 0.998172
16 4 0.096388
16 5 0.998781
16 6 0.791203
16 7 0.998716
16 8 0.949286
16 9 0.855444
16 10 0.995672
16 11 0.997113
16 12 0.227550
16 13 0.992319
16 14 0.791203
16 15 0.477022
16 16 0.000000
16 17 0.995672
16 18 0.517913
16 19 0.535510
16 20 0.996347
16 21 0.673536
16 22 0.997834
16 23 0.703771
16 24 0.999518
16 25 0.998555
16 26 0.659444
16 27 0.268234
16 28 0.096388
16 29 0.994873
16 30 0.791203
16 31 0.138922
16 32 0.138922
16 33 0.876571
16 34 0.415919
16 35 0.980672
16 36 0.803068
16 37 0.998375
16 38 0.731785
16 39 0.940181
16 40 0.971149
16 41 0.997113
16 42 0.924902
16 43 0.965899
16 44 0.911627
16 45 0.848329
16 46 0.227550
16 47 0.990289
16 48 0.999797
16 49 0.227550
16 50 0.896141
16 51 0.029925
16 52 0.372722
16 53 0.980672
16 54 0.268234
16 55 0.172989
16 56 0.949287
16 57 0.690668
16 58 0.848329
16 59 0.996753
16 60 0.019299
16 61 0.310464
16 62 0.517913
16 63 0.757621
16 64 0.019299
16 65 0.573990
16 66 0.889496
16 67 0.988501
16 68 0.189109
16 69 0.988501
16 70 0.965899
16 71 0.977134
16 72 0.019299
16 73 0.990289
16 74 0.372722
16 75 0.071949
16 76 0.896141
16 77 0.998716
16 78 0.999970
16 79 0.415919
16 80 0.245316
16 81 0.996347
16 82 0.096388
16 83 0.138922
16 84 0.998172
16 85 0.991910
16 86 0.372722
16 87 0.477022
16 88 0.998074
16 89 0.997834
16 90 0.719662
16 91 0.996753
16 92 0.999893
16 93 0.993844
16 94 0.172989
16 95 0.731785
16 96 0.964107
16 97 0.172989
16 98 0.855444
16 99 0.932960
17 0 0.415919
17 1 0.977135
17 2 0.071949
17 3 0.310464
17 4 0.921048
17 5 0.434867
17 6 0.838911
17 7 0.096388
17 8 0.969629
17 9 0.781351
17 10 0.997563
17 11 0.719662
17 12 0.998555
17 13 0.984698
17 14 0.985469
17 15 0.071949
17 16 0.995672
17 17 0.000000
17 18 0.768376
17 19 0.870414
17 20 0.719662
17 21 0.644918
17 22 0.994873
17 23 0.189109
17 24 0.943131
17 25 0.172989
17 26 0.989772
17 27 0.974313
17 28 0.372722
17 29 0.998781
17 30 0.329464
17 31 0.855444
17 32 0.921048
17 33 0.990780
17 34 0.673536
17 35 0.415919
17 36 0.690668
17 37 0.138922
17 38 0.535510
17 39 0.907126
17 40 0.946647
17 41 0.999187
17 42 0.434867
17 43 0.690668
17 44 0.610510
17 45 0.138922
17 46 0.286770
17 47 0.988501
17 48 0.138922
17 49 0.757621
17 50 0.993170
17 51 0.999729
17 52 0.286770
17 53 0.855444
17 54 0.812062
17 55 0.060180
17 56 0.310464
17 57 0.310464
17 58 0.517913
17 59 0.477022
17 60 0.889496
17 61 0.985469
17 62 0.011782
17 63 0.096388
17 64 0.984698
17 65 0.019299
17 66 0.940181
17 67 0.992319
17 68 0.932960
17 69 0.644918
17 70 0.108547
17 71 0.831064
17 72 0.936254
17 73 0.954792
17 74 0.883941
17 75 0.984698
17 76 0.999543
17 77 0.093360
17 78 0.999819
17 79 0.659444
17 80 0.991800
17 81 0.883941
17 82 0.989082
17 83 0.029925
17 84 0.329464
17 85 0.990289
17 86 0.415919
17 87 0.999277
17 88 0.997113
17 89 0.517913
17 90 0.999864
17 91 0.996753
17 92 0.863976
17 93 0.974313
17 94 0.997944
17 95 0.719662
17 96 0.999797
17 97 0.876570
17 98 0.921048
17 99 0.988501
18 0 0.719662
18 1 0.965899
18 2 0.997113
18 3 0.870414
18 4 0.996152
18 5 0.096388
18 6 0.961719
18 7 0.731785
18 8 0.949286
18 9 0.995672
18 10 0.988501
18 11 0.831065
18 12 0.071949
18 13 0.517913
18 14 0.434867
18 15 0.995672
18 16 0.517913
18 17 0.768376
18 18 0.000000
18 19 0.946647
18 20 0.999277
18 21 0.495294
18 22 0.011782
18 23 0.991363
18 24 0.138922
18 25 0.245316
18 26 0.901145
18 27 0.998074
18 28 0.848329
18 29 0.610510
18 30 0.372722
18 31 0.997687
18 32 0.998172
18 33 0.999458
18 34 0.812062
18 35 0.690668
18 36 0.831064
18 37 0.415919
18 38 0.943131
18 39 0.980672
18 40 0.964107
18 41 0.977135
18 42 0.982801
18 43 0.644918
18 44 0.310464
18 45 0.957038
18 46 0.535509
18 47 0.781351
18 48 0.870414
18 49 0.268234
18 50 0.997563
18 51 0.983668
18 52 0.415919
18 53 0.983668
18 54 0.896141
18 55 0.998375
18 56 0.954792
18 57 0.969629
18 58 0.929503
18 59 0.096388
18 60 0.268234
18 61 0.992708
18 62 0.719662
18 63 0.310464
18 64 0.870414
18 65 0.998971
18 66 0.019299
18 67 0.999086
18 68 0.719662
18 69 0.812062
18 70 0.997718
18 71 0.172989
18 72 0.517913
18 73 0.268234
18 74 0.995892
18 75 0.029925
18 76 0.999593
18 77 0.998629
18 78 0.372722
18 79 0.932960
18 80 0.517913
18 81 0.991363
18 82 0.781351
18 83 0.921048
18 84 0.781351
18 85 0.911627
18 86 0.965899
18 87 0.831064
18 88 0.954792
18 89 0.999797
18 90 0.984698
18 91 0.573990
18 92 0.719662
18 93 0.659445
18 94 0.477022
18 95 0.848329
18 96 0.999458
18 97 0.029925
18 98 0.138922
18 99 0.984698
19 0 0.954792
19 1 0.876570
19 2 0.998375
19 3 0.999797
19 4 0.883941
19 5 0.997834
19 6 0.969629
19 7 0.980672
19 8 0.310464
19 9 0.477023
19 10 0.921048
19 11 0.071949
19 12 0.071949
19 13 0.310464
19 14 0.993516
19 15 0.999960
19 16 0.535510
19 17 0.870414
19 18 0.946647
19 19 0.000000
19 20 0.911627
19 21 0.268234
19 22 0.994803
19 23 0.977134
19 24 0.029925
19 25 0.415919
19 26 0.943131
19 27 0.961719
19 28 0.573990
19 29 0.896141
19 30 0.982801
19 31 0.848329
19 32 0.959712
19 33 0.993170
19 34 0.997834
19 35 0.924902
19 36 0.924902
19 37 0.996152
19 38 0.415919
19 39 0.096388
19 40 0.757621
19 41 0.812062
19 42 0.924902
19 43 0.993516
19 44 0.965899
19 45 0.982801
19 46 0.998478
19 47 0.310464
19 48 0.210224
19 49 0.268234
19 50 0.644918
19 51 0.985469
19 52 0.172989
19 53 0.998629
19 54 0.997113
19 55 0.172989
19 56 0.954792
19 57 0.005177
19 58 0.991363
19 59 0.954792
19 60 0.978283
19 61 0.957038
19 62 0.876570
19 63 0.690668
19 64 0.997113
19 65 0.943131
19 66 0.997834
19 67 0.988501
19 68 0.138922
19 69 0.998074
19 70 0.690668
19 71 0.051779
19 72 0.781351
19 73 0.138922
19 74 0.372722
19 75 0.189109
19 76 0.138922
19 77 0.954792
19 78 0.882454
19 79 0.855444
19 80 0.951799
19 81 0.998074
19 82 0.965899
19 83 0.987073
19 84 0.982801
19 85 0.997113
19 86 0.029925
19 87 0.029925
19 88 0.994234
19 89 0.971149
19 90 0.972958
19 91 0.982801
19 92 0.999695
19 93 0.838911
19 94 0.870414
19 95 0.946647
19 96 0.096388
19 97 0.998916
19 98 0.096388
19 99 0.982801
20 0 0.989082
20 1 0.996752
20 2 0.096388
20 3 0.994234
20 4 0.984698
20 5 0.746454
20 6 0.946647
20 7 0.227550
20 8 0.967602
20 9 0.943131
20 10 0.552765
20 11 0.977135
20 12 0.838911
20 13 0.986386
20 14 0.998916
20 15 0.138922
20 16 0.996347
20 17 0.719662
20 18 0.999277
20 19 0.911627
20 20 0.000000
20 21 0.415919
20 22 0.999910
20 23 0.994234
20 24 0.002681
20 25 0.108547
20 26 0.329464
20 27 0.268234
20 28 0.901145
20 29 0.071949
20 30 0.991800
20 31 0.082237
20 32 0.719662
20 33 0.994873
20 34 0.415919
20 35 0.096388
20 36 0.757621
20 37 0.972958
20 38 0.987073
20 39 0.029925
20 40 0.268234
20 41 0.245316
20 42 0.477022
20 43 0.954792
20 44 0.997563
20 45 0.999810
20 46 0.791203
20 47 0.268234
20 48 0.954792
20 49 0.848329
20 50 0.108547
20 51 0.949287
20 52 0.991363
20 53 0.984698
20 54 0.979649
20 55 0.883941
20 56 0.999277
20 57 0.949286
20 58 0.719662
20 59 0.029925
20 60 0.997563
20 61 0.458502
20 62 0.172989
20 63 0.999819
20 64 0.138922
20 65 0.999759
20 66 0.731785
20 67 0.995672
20 68 0.093360
20 69 0.121504
20 70 0.626001
20 71 0.517913
20 72 0.924902
20 73 0.517913
20 74 0.071949
20 75 0.998457
20 76 0.972958
20 77 0.372722
20 78 0.096388
20 79 0.999639
20 80 0.992319
20 81 0.071949
20 82 0.029925
20 83 0.988501
20 84 0.329464
20 85 0.848329
20 86 0.477022
20 87 0.703771
20 88 0.997113
20 89 0.993515
20 90 0.781351
20 91 0.172989
20 92 0.029925
20 93 0.781351
20 94 0.029925
20 95 0.989772
20 96 0.995672
20 97 0.731785
20 98 0.434867
20 99 0.883941
21 0 0.610510
21 1 0.138922
21 2 0.071949
21 3 0.820691
21 4 0.517913
21 5 0.096388
21 6 0.994873
21 7 0.029925
21 8 0.975602
21 9 0.978283
21 10 0.989772
21 11 0.921048
21 12 0.153568
21 13 0.943131
21 14 0.096388
21 15 0.535509
21 16 0.673536
21 17 0.644918
21 18 0.495294
21 19 0.268234
21 20 0.415919
21 21 0.000000
21 22 0.781351
21 23 0.227550
21 24 0.983668
21 25 0.921048
21 26 0.972958
21 27 0.096388
21 28 0.999037
21 29 0.391878
21 30 0.029925
21 31 0.659444
21 32 0.781351
21 33 0.967602
21 34 0.458502
21 35 0.096388
21 36 0.980672
21 37 0.924902
21 38 0.984698
21 39 0.972958
21 40 0.286770
21 41 0.991363
21 42 0.997834
21 43 0.791203
21 44 0.644918
21 45 0.988501
21 46 0.096388
21 47 0.993170
21 48 0.984698
21 49 0.978283
21 50 0.981890
21 51 0.415919
21 52 0.998375
21 53 0.071949
21 54 0.921048
21 55 0.731785
21 56 0.954792
21 57 0.996152
21 58 0.994234
21 59 0.974313
21 60 0.096388
21 61 0.999390
21 62 0.719662
21 63 0.096388
21 64 0.984698
21 65 0.954792
21 66 0.999924
21 67 0.029925
21 68 0.268234
21 69 0.975602
21 70 0.876570
21 71 0.969629
21 72 0.896141
21 73 0.980672
21 74 0.986386
21 75 0.994234
21 76 0.831064
21 77 0.987725
21 78 0.535509
21 79 0.855444
21 80 0.998555
21 81 0.998916
21 82 0.391877
21 83 0.781351
21 84 0.987073
21 85 0.882454
21 86 0.984698
21 87 0.082237
21 88 0.959712
21 89 0.987073
21 90 0.791203
21 91 0.996579
21 92 0.986386
21 93 0.997113
21 94 0.096388
21 95 0.310464
21 96 0.915921
21 97 0.999085
21 98 0.372722
21 99 0.029925
22 0 0.005177
22 1 0.998916
22 2 0.978283
22 3 0.071949
22 4 0.997433
22 5 0.757621
22 6 0.172989
22 7 0.557193
22 8 0.071949
22 9 0.051779
22 10 0.573990
22 11 0.990903
22 12 0.310464
22 13 0.999940
22 14 0.268234
22 15 0.644918
22 16 0.997834
22 17 0.994873
22 18 0.011782
22 19 0.994803
22 20 0.999910
22 21 0.781351
22 22 0.000000
22 23 0.415919
22 24 0.863976
22 25 0.943131
22 26 0.138922
22 27 0.644918
22 28 0.997259
22 29 0.517913
22 30 0.029925
22 31 0.911627
22 32 0.172989
22 33 0.995672
22 34 0.996752
22 35 0.029925
22 36 0.901145
22 37 0.051779
22 38 0.921048
22 39 0.978283
22 40 0.268234
22 41 0.971149
22 42 0.659444
22 43 0.071949
22 44 0.998629
22 45 0.268234
22 46 0.803068
22 47 0.626001
22 48 0.659444
22 49 0.995892
22 50 0.477022
22 51 0.690668
22 52 0.029925
22 53 0.995441
22 54 0.535509
22 55 0.921048
22 56 0.999828
22 57 0.863976
22 58 0.977134
22 59 0.969629
22 60 0.989082
22 61 0.901145
22 62 0.791202
22 63 0.029925
22 64 0.998074
22 65 0.227550
22 66 0.991363
22 67 0.138922
22 68 0.998172
22 69 0.943131
22 70 0.999932
22 71 0.029925
22 72 0.987725
22 73 0.719662
22 74 0.977134
22 75 0.803068
22 76 0.924902
22 77 0.071949
22 78 0.690668
22 79 0.993844
22 80 0.969629
22 81 0.961718
22 82 0.959712
22 83 0.999932
22 84 0.227550
22 85 0.999932
22 86 0.936253
22 87 0.781351
22 88 0.999743
22 89 0.329464
22 90 0.999839
22 91 0.998781
22 92 0.911627
22 93 0.992319
22 94 0.999914
22 95 0.029925
22 96 0.610510
22 97 0.310464
22 98 0.992708
22 99 0.210224
23 0 0.998629
23 1 0.791203
23 2 0.999932
23 3 0.719662
23 4 0.757621
23 5 0.999679
23 6 0.901145
23 7 0.517913
23 8 0.964107
23 9 0.286770
23 10 0.949286
23 11 0.768375
23 12 0.573990
23 13 0.994873
23 14 0.863976
23 15 0.005177
23 16 0.703771
23 17 0.189109
23 18 0.991363
23 19 0.977134
23 20 0.994234
23 21 0.227550
23 22 0.415919
23 23 0.000000
23 24 0.848329
23 25 0.210224
23 26 0.911627
23 27 0.998716
23 28 0.803068
23 29 0.999086
23 30 0.029925
23 31 0.768376
23 32 0.995441
23 33 0.071949
23 34 0.992319
23 35 0.985469
23 36 0.096388
23 37 0.855444
23 38 0.227550
23 39 0.329464
23 40 0.967602
23 41 0.994234
23 42 0.995672
23 43 0.477022
23 44 0.991363
23 45 0.995379
23 46 0.924902
23 47 0.985469
23 48 0.108547
23 49 0.972958
23 50 0.999932
23 51 0.855444
23 52 0.573990
23 53 0.997259
23 54 0.071949
23 55 0.982801
23 56 0.954792
23 57 0.108547
23 58 0.889496
23 59 0.982801
23 60 0.108547
23 61 0.983668
23 62 0.994234
23 63 0.870414
23 64 0.957037
23 65 0.310464
23 66 0.997259
23 67 0.994234
23 68 0.921048
23 69 0.954792
23 70 0.757621
23 71 0.051779
23 72 0.172989
23 73 0.573990
23 74 0.071949
23 75 0.999518
23 76 0.998916
23 77 0.961718
23 78 0.071949
23 79 0.477022
23 80 0.998265
23 81 0.992319
23 82 0.812062
23 83 0.996152
23 84 0.071949
23 85 0.999037
23 86 0.781351
23 87 0.972958
23 88 0.999857
23 89 0.831064
23 90 0.477022
23 91 0.990289
23 92 0.757621
23 93 0.477022
23 94 0.838911
23 95 0.995672
23 96 0.415919
23 97 0.999910
23 98 0.987073
23 99 0.626001
24 0 0.997834
24 1 0.969629
24 2 0.812062
24 3 0.812062
24 4 0.987073
24 5 0.946647
24 6 0.997834
24 7 0.999277
24 8 0.994234
24 9 0.946647
24 10 0.822878
24 11 0.172989
24 12 0.921048
24 13 0.189109
24 14 0.992319
24 15 0.949286
24 16 0.999518
24 17 0.943131
24 18 0.138922
24 19 0.029925
24 20 0.002681
24 21 0.983668
24 22 0.863976
24 23 0.848329
24 24 0.000000
24 25 0.971149
24 26 0.996152
24 27 0.999886
24 28 0.227550
24 29 0.997259
24 30 0.677128
24 31 0.989082
24 32 0.974313
24 33 0.082237
24 34 0.946647
24 35 0.994873
24 36 0.987073
24 37 0.993515
24 38 0.310464
24 39 0.940181
24 40 0.995672
24 41 0.949286
24 42 0.982801
24 43 0.999314
24 44 0.949286
24 45 0.477022
24 46 0.998716
24 47 0.998074
24 48 0.557193
24 49 0.979649
24 50 0.023583
24 51 0.984698
24 52 0.990780
24 53 0.096388
24 54 0.995379
24 55 0.731785
24 56 0.946647
24 57 0.372722
24 58 0.268234
24 59 0.998916
24 60 0.924902
24 61 0.172989
24 62 0.096388
24 63 0.029925
24 64 0.996752
24 65 0.731785
24 66 0.690668
24 67 0.971149
24 68 0.991363
24 69 0.991363
24 70 0.051779
24 71 0.348574
24 72 0.989772
24 73 0.999729
24 74 0.997834
24 75 0.993516
24 76 0.791203
24 77 0.138922
24 78 0.975926
24 79 0.838911
24 80 0.999639
24 81 0.929503
24 82 0.999085
24 83 0.986386
24 84 0.987073
24 85 0.969629
24 86 0.999679
24 87 0.138922
24 88 0.172989
24 89 0.268234
24 90 0.838911
24 91 0.594604
24 92 0.996753
24 93 0.071949
24 94 0.096388
24 95 0.988501
24 96 0.946647
24 97 0.911627
24 98 0.791203
24 99 0.071949
25 0 0.999277
25 1 0.896141
25 2 0.943131
25 3 0.029925
25 4 0.932960
25 5 0.992319
25 6 0.980672
25 7 0.005177
25 8 0.971149
25 9 0.223000
25 10 0.268234
25 11 0.372722
25 12 0.994234
25 13 0.870414
25 14 0.998375
25 15 0.453650
25 16 0.998555
25 17 0.172989
25 18 0.245316
25 19 0.415919
25 20 0.108547
25 21 0.921048
25 22 0.943131
25 23 0.210224
25 24 0.971149
25 25 0.000000
25 26 0.005177
25 27 0.690668
25 28 0.911627
25 29 0.994234
25 30 0.999949
25 31 0.005177
25 32 0.268234
25 33 0.996347
25 34 0.915921
25 35 0.943131
25 36 0.803068
25 37 0.517913
25 38 0.870414
25 39 0.781351
25 40 0.967602
25 41 0.286770
25 42 0.954792
25 43 0.983668
25 44 0.812062
25 45 0.005177
25 46 0.998555
25 47 0.999358
25 48 0.855444
25 49 0.310464
25 50 0.791203
25 51 0.991363
25 52 0.268234
25 53 0.019299
25 54 0.999992
25 55 0.517913
25 56 0.883941
25 57 0.999037
25 58 0.434867
25 59 0.969629
25 60 0.019299
25 61 0.999593
25 62 0.690668
25 63 0.985469
25 64 0.831065
25 65 0.999543
25 66 0.975602
25 67 0.677128
25 68 0.310464
25 69 0.965899
25 70 0.996152
25 71 0.005177
25 72 0.996752
25 73 0.901145
25 74 0.932960
25 75 0.310464
25 76 0.803068
25 77 0.610510
25 78 0.999566
25 79 0.999828
25 80 0.999960
25 81 0.994873
25 82 0.071949
25 83 0.921048
25 84 0.987073
25 85 0.954792
25 86 0.644918
25 87 0.999144
25 88 0.896141
25 89 0.943131
25 90 0.594604
25 91 0.310464
25 92 0.915921
25 93 0.415919
25 94 0.812062
25 95 0.901145
25 96 0.905921
25 97 0.703771
25 98 0.992708
25 99 0.108547
26 0 0.029925
26 1 0.999910
26 2 0.477022
26 3 0.138922
26 4 0.997113
26 5 0.690668
26 6 0.573990
26 7 0.949287
26 8 0.517913
26 9 0.800668
26 10 0.268234
26 11 0.957037
26 12 0.096388
26 13 0.999880
26 14 0.415919
26 15 0.781351
26 16 0.659444
26 17 0.989772
26 18 0.901145
26 19 0.943131
26 20 0.329464
26 21 0.972958
26 22 0.138922
26 23 0.911627
26 24 0.996152
26 25 0.005177
26 26 0.000000
26 27 0.984698
26 28 0.980672
26 29 0.999981
26 30 0.889496
26 31 0.988501
26 32 0.029925
26 33 0.415919
26 34 0.952432
26 35 0.096388
26 36 0.703771
26 37 0.029925
26 38 0.999857
26 39 0.268234
26 40 0.415919
26 41 0.954189
26 42 0.310464
26 43 0.517913
26 44 0.659444
26 45 0.957037
26 46 0.096388
26 47 0.997563
26 48 0.838911
26 49 0.998916
26 50 0.999955
26 51 0.096388
26 52 0.999997
26 53 0.415919
26 54 0.096388
26 55 0.965899
26 56 0.997834
26 57 0.268234
26 58 0.982801
26 59 0.977134
26 60 0.051779
26 61 0.029925
26 62 0.974313
26 63 0.997834
26 64 0.019299
26 65 0.997834
26 66 0.980672
26 67 0.820692
26 68 0.781351
26 69 0.035762
26 70 0.995441
26 71 0.991800
26 72 0.987073
26 73 0.982801
26 74 0.975602
26 75 0.984698
26 76 0.071949
26 77 0.984698
26 78 0.768375
26 79 0.071949
26 80 0.517913
26 81 0.993516
26 82 0.108547
26 83 0.992319
26 84 0.972594
26 85 0.477022
26 86 0.731785
26 87 0.987073
26 88 0.096388
26 89 0.980672
26 90 0.915921
26 91 0.991363
26 92 0.988501
26 93 0.659444
26 94 0.172989
26 95 0.831064
26 96 0.477022
26 97 0.610510
26 98 0.993515
26 99 0.940181
27 0 0.189109
27 1 0.781351
27 2 0.977134
27 3 0.999543
27 4 0.979649
27 5 0.029925
27 6 0.987073
27 7 0.108547
27 8 0.911627
27 9 0.071949
27 10 0.108547
27 11 0.995672
27 12 0.096388
27 13 0.268234
27 14 0.071949
27 15 0.610510
27 16 0.268234
27 17 0.974313
27 18 0.998074
27 19 0.961719
27 20 0.268234
27 21 0.096388
27 22 0.644918
27 23 0.998716
27 24 0.999886
27 25 0.690668
27 26 0.984698
27 27 0.000000
27 28 0.096388
27 29 0.029925
27 30 0.975602
27 31 0.997563
27 32 0.989772
27 33 0.954792
27 34 0.848329
27 35 0.901144
27 36 0.994873
27 37 0.172989
27 38 0.974313
27 39 0.610510
27 40 0.943131
27 41 0.096388
27 42 0.096388
27 43 0.329464
27 44 0.781351
27 45 0.870414
27 46 0.210224
27 47 0.138922
27 48 0.924902
27 49 0.477022
27 50 0.310464
27 51 0.998916
