0 0 0.000000
0 1 0.006763
0 2 0.495294
0 3 0.999936
0 4 0.655708
0 5 0.996875
0 6 0.999999
0 7 0.999176
0 8 0.945939
0 9 0.977991
0 10 0.998353
0 11 0.051779
0 12 0.728674
0 13 0.973968
0 14 0.999996
0 15 0.820692
0 16 0.999897
0 17 0.189109
0 18 0.986202
0 19 0.999863
0 20 0.999560
0 21 0.082237
0 22 0.855444
0 23 0.999902
0 24 0.999634
0 25 0.999978
0 26 0.029925
0 27 0.003622
0 28 0.999913
0 29 0.011782
0 30 0.035762
0 31 0.999998
0 32 0.995066
0 33 0.997530
0 34 0.999994
0 35 0.172989
0 36 0.999768
0 37 0.999998
0 38 0.517913
0 39 0.999314
0 40 0.999848
0 41 0.999566
0 42 0.986898
0 43 0.998353
0 44 0.876570
0 45 0.948613
0 46 0.976826
0 47 0.943131
0 48 0.999382
0 49 0.999992
0 50 0.716439
0 51 0.927639
0 52 0.490569
0 53 0.994155
0 54 0.992609
0 55 0.372722
0 56 0.999826
0 57 0.005177
0 58 0.999943
0 59 0.999588
0 60 0.987559
0 61 0.882454
0 62 0.999870
0 63 0.999652
0 64 0.992215
0 65 0.999928
0 66 0.051779
0 67 0.999991
0 68 0.999986
0 69 0.060180
0 70 0.999780
0 71 0.998781
0 72 0.997073
0 73 0.998902
0 74 0.655709
0 75 0.999268
0 76 0.999942
0 77 0.610510
0 78 0.071949
0 79 0.552765
0 80 0.993077
0 81 0.999990
0 82 0.999305
0 83 0.993077
0 84 0.999691
0 85 0.999739
0 86 0.992609
0 87 1.000000
0 88 0.980411
0 89 0.932078
0 90 0.434867
0 91 0.999935
0 92 0.973968
0 93 0.138922
0 94 0.999976
0 95 0.999990
0 96 0.990655
0 97 0.997655
0 98 0.996297
0 99 0.019299
1 0 0.006763
1 1 0.000000
1 2 0.998457
1 3 0.687189
1 4 0.999725
1 5 0.999990
1 6 0.996917
1 7 0.999086
1 8 0.977990
1 9 0.999768
1 10 0.703771
1 11 0.999986
1 12 0.999998
1 13 0.005177
1 14 0.108547
1 15 0.060180
1 16 0.999998
1 17 0.993760
1 18 0.990157
1 19 0.985272
1 20 0.999993
1 21 0.035762
1 22 0.999999
1 23 0.923918
1 24 0.999756
1 25 0.994526
1 26 0.999994
1 27 0.999421
1 28 0.023583
1 29 0.935411
1 30 0.005177
1 31 0.970761
1 32 0.005177
1 33 0.999768
1 34 0.999132
1 35 0.999982
1 36 0.999997
1 37 0.731785
1 38 0.968808
1 39 0.719662
1 40 0.999863
1 41 0.999923
1 42 0.999959
1 43 0.999176
1 44 0.846427
1 45 0.999609
1 46 0.005177
1 47 0.999990
1 48 0.999652
1 49 1.000000
1 50 1.000000
1 51 0.838911
1 52 0.969221
1 53 0.967602
1 54 0.999826
1 55 0.969221
1 56 0.082237
1 57 0.998764
1 58 0.728675
1 59 0.998956
1 60 0.011782
1 61 0.988187
1 62 0.999479
1 63 0.870414
1 64 0.996532
1 65 0.999995
1 66 0.168897
1 67 0.999919
1 68 0.999837
1 69 0.999073
1 70 0.005177
1 71 0.991246
1 72 0.999990
1 73 0.029925
1 74 0.286770
1 75 0.820692
1 76 0.719662
1 77 0.071949
1 78 0.996708
1 79 0.999826
1 80 0.029925
1 81 0.999936
1 82 0.690668
1 83 0.965441
1 84 0.348573
1 85 0.989633
1 86 0.999878
1 87 1.000000
1 88 0.477022
1 89 0.999971
1 90 0.019299
1 91 0.999536
1 92 0.998536
1 93 0.999978
1 94 0.002681
1 95 0.995554
1 96 0.969222
1 97 0.989082
1 98 0.876570
1 99 0.348574
2 0 0.495294
2 1 0.998457
2 2 0.000000
2 3 0.965441
2 4 0.998827
2 5 0.997530
2 6 0.035762
2 7 0.999913
2 8 0.973967
2 9 0.135231
2 10 0.999974
2 11 0.999959
2 12 0.987559
2 13 0.999998
2 14 0.999990
2 15 0.999863
2 16 0.972225
2 17 0.477022
2 18 0.998698
2 19 0.999923
2 20 0.138922
2 21 0.477022
2 22 0.960687
2 23 0.999999
2 24 0.999997
2 25 0.997222
2 26 0.060180
2 27 0.988934
2 28 0.999989
2 29 0.082237
2 30 0.999995
2 31 0.999998
2 32 0.011782
2 33 0.942378
2 34 1.000000
2 35 0.005177
2 36 0.998021
2 37 0.889496
2 38 0.060180
2 39 0.999954
2 40 0.138922
2 41 0.999176
2 42 0.995316
2 43 0.989633
2 44 0.998902
2 45 0.019299
2 46 0.051779
2 47 0.876570
2 48 0.205798
2 49 0.988934
2 50 0.999956
2 51 0.998843
2 52 0.999971
2 53 0.999634
2 54 0.999908
2 55 0.999998
2 56 1.000000
2 57 0.090388
2 58 0.029925
2 59 0.590401
2 60 0.999998
2 61 0.979374
2 62 0.029925
2 63 0.029925
2 64 0.986202
2 65 0.998048
2 66 0.999942
2 67 0.999923
2 68 0.999973
2 69 0.999897
2 70 0.051779
2 71 0.999942
2 72 0.973967
2 73 0.999993
2 74 0.999999
2 75 0.391878
2 76 0.965441
2 77 0.997073
2 78 1.000000
2 79 0.975602
2 80 0.993516
2 81 0.999725
2 82 0.415919
2 83 0.005177
2 84 0.986202
2 85 0.082237
2 86 0.189109
2 87 0.999871
2 88 0.011782
2 89 0.989082
2 90 0.990157
2 91 0.995066
2 92 0.987725
2 93 0.831064
2 94 0.029925
2 95 0.999794
2 96 1.000000
2 97 0.005177
2 98 0.999939
2 99 0.996485
3 0 0.999936
3 1 0.687189
3 2 0.965441
3 3 0.000000
3 4 0.995379
3 5 0.942378
3 6 1.000000
3 7 0.535509
3 8 0.005177
3 9 0.999998
3 10 0.268234
3 11 0.999990
3 12 0.121504
3 13 0.959174
3 14 0.991800
3 15 0.731785
3 16 0.999258
3 17 0.690668
3 18 0.999871
3 19 0.999994
3 20 0.999132
3 21 0.904700
3 22 0.002681
3 23 0.995892
3 24 0.893445
3 25 0.803068
3 26 0.391878
3 27 0.999902
3 28 0.999999
3 29 0.184861
3 30 0.868768
3 31 0.998764
3 32 0.918969
3 33 0.999228
3 34 0.969222
3 35 0.996708
3 36 0.999919
3 37 0.999073
3 38 0.991800
3 39 0.959174
3 40 0.999985
3 41 0.999990
3 42 0.153568
3 43 0.853624
3 44 0.227550
3 45 0.972594
3 46 0.999999
3 47 0.999451
3 48 0.846427
3 49 0.932077
3 50 0.928576
3 51 0.993077
3 52 0.998353
3 53 0.999986
3 54 0.996532
3 55 0.999967
3 56 0.300644
3 57 0.240658
3 58 0.998147
3 59 0.915921
3 60 0.329464
3 61 0.996708
3 62 0.535509
3 63 1.000000
3 64 0.999999
3 65 0.434867
3 66 0.920015
3 67 0.051779
3 68 0.071949
3 69 0.999982
3 70 0.071949
3 71 0.921048
3 72 0.997259
3 73 0.997073
3 74 0.983447
3 75 0.980672
3 76 0.998048
3 77 0.999961
3 78 0.999792
3 79 0.082237
3 80 0.184861
3 81 0.893445
3 82 0.121504
3 83 1.000000
3 84 0.005177
3 85 0.876570
3 86 0.590402
3 87 0.001279
3 88 0.998457
3 89 0.999932
3 90 0.029925
3 91 0.019299
3 92 0.818482
3 93 0.999537
3 94 0.957037
3 95 1.000000
3 96 0.998698
3 97 0.999993
3 98 0.958628
3 99 0.958629
4 0 0.655708
4 1 0.999725
4 2 0.998827
4 3 0.995379
4 4 0.000000
4 5 0.005177
4 6 0.029925
4 7 0.831064
4 8 0.051779
4 9 0.855444
4 10 0.992215
4 11 0.999948
4 12 0.996047
4 13 0.743482
4 14 0.915921
4 15 0.999479
4 16 0.029925
4 17 0.998048
4 18 0.996298
4 19 0.998843
4 20 0.999954
4 21 0.932960
4 22 1.000000
4 23 0.997398
4 24 0.999756
4 25 0.986898
4 26 0.999991
4 27 0.998957
4 28 0.988346
4 29 0.997363
4 30 0.999992
4 31 0.999870
4 32 0.999939
4 33 0.082237
4 34 0.986202
4 35 0.999919
4 36 0.935412
4 37 0.956464
4 38 0.060180
4 39 0.019299
4 40 0.999971
4 41 0.029925
4 42 0.932077
4 43 0.999971
4 44 0.999897
4 45 0.999670
4 46 0.999884
4 47 0.998957
4 48 0.999959
4 49 0.019299
4 50 0.999998
4 51 0.035762
4 52 0.205798
4 53 0.999478
4 54 0.082237
4 55 0.999954
4 56 0.982569
4 57 0.999969
4 58 0.999505
4 59 0.999990
4 60 0.023583
4 61 0.245316
4 62 0.928576
4 63 0.923918
4 64 0.999948
4 65 0.051779
4 66 0.999999
4 67 0.999855
4 68 0.999609
4 69 0.051779
4 70 0.006763
4 71 0.999536
4 72 0.999884
4 73 0.999951
4 74 0.703771
4 75 0.994803
4 76 0.495294
4 77 0.096388
4 78 0.071949
4 79 0.990780
4 80 0.348574
4 81 0.999985
4 82 0.999817
4 83 0.999756
4 84 0.268234
4 85 0.999826
4 86 0.992609
4 87 1.000000
4 88 0.029925
4 89 0.999413
4 90 0.999935
4 91 0.108547
4 92 0.999010
4 93 0.999996
4 94 0.051779
4 95 0.853624
4 96 0.472229
4 97 0.999996
4 98 0.965442
4 99 0.996100
5 0 0.996875
5 1 0.999990
5 2 0.997530
5 3 0.942378
5 4 0.005177
5 5 0.000000
5 6 0.998375
5 7 0.987725
5 8 1.000000
5 9 0.999997
5 10 0.998887
5 11 0.997074
5 12 0.935413
5 13 0.019299
5 14 0.011782
5 15 0.997530
5 16 0.986014
5 17 0.985272
5 18 0.071949
5 19 0.999954
5 20 0.915921
5 21 0.029925
5 22 0.079481
5 23 0.999984
5 24 0.996708
5 25 0.999674
5 26 0.995379
5 27 0.029925
5 28 0.573990
5 29 0.809759
5 30 0.996298
5 31 0.006763
5 32 0.999948
5 33 0.999996
5 34 0.999969
5 35 0.986202
5 36 0.999878
5 37 0.994076
5 38 0.936253
5 39 0.999132
5 40 0.999768
5 41 0.999928
5 42 0.348574
5 43 0.096388
5 44 0.988934
5 45 0.999176
5 46 0.948613
5 47 0.999652
5 48 1.000000
5 49 0.006763
5 50 0.172989
5 51 0.189109
5 52 0.994451
5 53 0.415919
5 54 0.968808
5 55 0.998902
5 56 0.982569
5 57 0.329464
5 58 0.997916
5 59 0.915921
5 60 0.999999
5 61 0.999998
5 62 0.029925
5 63 0.999652
5 64 0.809758
5 65 0.985272
5 66 0.999536
5 67 0.997655
5 68 0.999998
5 69 0.999739
5 70 0.999648
5 71 0.995066
5 72 0.028526
5 73 0.011782
5 74 0.999984
5 75 0.999817
5 76 0.051779
5 77 0.994451
5 78 0.644918
5 79 0.019299
5 80 0.005177
5 81 0.972225
5 82 0.997221
5 83 0.011782
5 84 0.987726
5 85 0.998843
5 86 0.189109
5 87 0.999588
5 88 0.999870
5 89 0.954189
5 90 0.999986
5 91 0.999340
5 92 0.999989
5 93 0.573990
5 94 0.108547
5 95 0.189109
5 96 0.999794
5 97 0.999985
5 98 0.996708
5 99 0.989633
6 0 0.999999
6 1 0.996917
6 2 0.035762
6 3 1.000000
6 4 0.029925
6 5 0.998375
6 6 0.000000
6 7 0.082237
6 8 0.999073
6 9 0.683679
6 10 0.029925
6 11 0.993077
6 12 0.999997
6 13 0.985469
6 14 0.999560
6 15 0.915921
6 16 0.942378
6 17 0.999176
6 18 0.980411
6 19 0.999268
6 20 0.999512
6 21 0.990779
6 22 0.108547
6 23 0.951157
6 24 0.999986
6 25 0.997073
6 26 0.920015
6 27 0.998827
6 28 0.910477
6 29 0.999891
6 30 0.999479
6 31 0.999450
6 32 0.051779
6 33 0.042353
6 34 0.035762
6 35 0.999996
6 36 0.997073
6 37 0.999998
6 38 0.990655
6 39 0.967167
6 40 0.999512
6 41 0.051779
6 42 0.999936
6 43 0.996917
6 44 0.999990
6 45 0.983668
6 46 0.999999
6 47 0.019299
6 48 0.999132
6 49 0.990157
6 50 0.035762
6 51 0.984698
6 52 0.999992
6 53 0.138922
6 54 0.989633
6 55 0.998516
6 56 0.967602
6 57 0.999959
6 58 0.996297
6 59 0.998048
6 60 0.999996
6 61 0.999897
6 62 1.000000
6 63 0.809759
6 64 0.223001
6 65 0.051779
6 66 0.227550
6 67 0.999971
6 68 0.999998
6 69 0.999997
6 70 0.981397
6 71 0.999976
6 72 0.999969
6 73 0.994452
6 74 0.035762
6 75 0.996297
6 76 0.029925
6 77 0.018287
6 78 0.999992
6 79 0.999992
6 80 0.343597
6 81 0.999999
6 82 0.996753
6 83 0.999845
6 84 0.448781
6 85 0.029925
6 86 0.138922
6 87 0.005177
6 88 0.999928
6 89 0.029925
6 90 0.999807
6 91 0.945939
6 92 0.954189
6 93 0.997222
6 94 0.999073
6 95 0.999948
6 96 0.996100
6 97 0.998609
6 98 0.999780
6 99 0.999845
7 0 0.999176
7 1 0.999086
7 2 0.999913
7 3 0.535509
7 4 0.831064
7 5 0.987725
7 6 0.082237
7 7 0.000000
7 8 0.029925
7 9 0.963627
7 10 0.920015
7 11 0.928576
7 12 0.978283
7 13 1.000000
7 14 0.982569
7 15 0.999974
7 16 0.999725
7 17 0.051779
7 18 0.995613
7 19 0.998146
7 20 0.894801
7 21 0.029925
7 22 0.972594
7 23 0.286770
7 24 0.999997
7 25 0.005177
7 26 0.999768
7 27 0.855444
7 28 0.019299
7 29 0.019299
7 30 0.999928
7 31 0.999780
7 32 0.002681
7 33 0.029925
7 34 0.999537
7 35 0.655709
7 36 0.999725
7 37 0.997944
7 38 0.005177
7 39 0.818482
7 40 0.992215
7 41 0.999935
7 42 0.071949
7 43 0.069412
7 44 1.000000
7 45 0.105307
7 46 0.998516
7 47 0.205798
7 48 0.999993
7 49 0.673535
7 50 0.268234
7 51 0.948613
7 52 0.997687
7 53 0.999629
7 54 0.982569
7 55 0.011782
7 56 0.999997
7 57 0.172989
7 58 0.005177
7 59 0.051779
7 60 0.999948
7 61 0.051779
7 62 0.999218
7 63 0.999999
7 64 0.999985
7 65 0.372722
7 66 0.999999
7 67 0.348574
7 68 0.999991
7 69 0.997916
7 70 0.999470
7 71 0.011782
7 72 0.999949
7 73 0.995613
7 74 0.988345
7 75 0.999999
7 76 0.999931
7 77 0.999999
7 78 0.029925
7 79 0.999588
7 80 0.997804
7 81 0.994452
7 82 0.999935
7 83 0.995066
7 84 0.998698
7 85 0.999948
7 86 0.999853
7 87 0.999935
7 88 0.029925
7 89 0.999995
7 90 0.610510
7 91 0.999928
7 92 0.788677
7 93 0.999891
7 94 0.999536
7 95 0.999609
7 96 0.135231
7 97 0.999919
7 98 0.999176
7 99 0.999989
8 0 0.945939
8 1 0.977990
8 2 0.973967
8 3 0.005177
8 4 0.051779
8 5 1.000000
8 6 0.999073
8 7 0.029925
8 8 0.000000
8 9 0.626001
8 10 0.513285
8 11 0.999536
8 12 0.011782
8 13 0.999829
8 14 0.999817
8 15 0.996100
8 16 0.999991
8 17 0.984490
8 18 0.935413
8 19 0.883941
8 20 0.999951
8 21 0.999998
8 22 0.019299
8 23 0.997687
8 24 0.996298
8 25 0.999999
8 26 0.963627
8 27 0.999451
8 28 0.029925
8 29 0.728675
8 30 0.998843
8 31 0.263461
8 32 0.988345
8 33 0.996485
8 34 1.000000
8 35 0.981397
8 36 1.000000
8 37 0.967167
8 38 0.980411
8 39 0.071949
8 40 0.999997
8 41 0.997073
8 42 0.005177
8 43 0.999974
8 44 0.035762
8 45 0.999421
8 46 0.961718
8 47 1.000000
8 48 0.029925
8 49 0.995892
8 50 0.999977
8 51 0.573990
8 52 0.862254
8 53 0.999999
8 54 0.999961
8 55 0.410971
8 56 0.981645
8 57 0.999999
8 58 1.000000
8 59 0.935412
8 60 0.987073
8 61 0.996100
8 62 0.889496
8 63 0.998902
8 64 0.997655
8 65 0.999959
8 66 0.995066
8 67 1.000000
8 68 0.999073
8 69 0.940181
8 70 0.936253
8 71 0.965441
8 72 0.999928
8 73 0.669915
8 74 0.999939
8 75 0.910477
8 76 0.999340
8 77 0.051779
8 78 0.343598
8 79 0.999989
8 80 0.999959
8 81 0.987725
8 82 0.978283
8 83 0.999946
8 84 0.005177
8 85 0.995614
8 86 0.999614
8 87 0.999897
8 88 0.986898
8 89 0.989493
8 90 0.987725
8 91 0.998957
8 92 0.999996
8 93 0.535509
8 94 0.300647
8 95 0.977990
8 96 0.999999
8 97 0.268234
8 98 0.981397
8 99 0.281925
9 0 0.977991
9 1 0.999768
9 2 0.135231
9 3 0.999998
9 4 0.855444
9 5 0.999997
9 6 0.683679
9 7 0.963627
9 8 0.626001
9 9 0.000000
9 10 0.997655
9 11 0.889496
9 12 0.972226
9 13 0.673535
9 14 0.954190
9 15 0.973968
9 16 0.888076
9 17 0.996533
9 18 0.999999
9 19 0.641070
9 20 0.999913
9 21 0.999939
9 22 0.011782
9 23 0.993760
9 24 0.999986
9 25 0.240657
9 26 0.968809
9 27 0.138922
9 28 0.999756
9 29 0.997398
9 30 0.999725
9 31 0.998265
9 32 0.999995
9 33 0.999768
9 34 0.999855
9 35 0.999609
9 36 0.042353
9 37 0.071949
9 38 0.999853
9 39 0.983447
9 40 0.035762
9 41 0.071949
9 42 0.999935
9 43 0.999913
9 44 0.997804
9 45 0.011782
9 46 0.999536
9 47 1.000000
9 48 0.731785
9 49 0.928576
9 50 0.227550
9 51 0.998436
9 52 0.000556
9 53 0.999948
9 54 0.862254
9 55 0.911627
9 56 0.655708
9 57 0.999073
9 58 0.003622
9 59 0.998698
9 60 0.999609
9 61 0.268234
9 62 0.991363
9 63 0.999994
9 64 0.998353
9 65 0.999951
9 66 0.910477
9 67 0.999945
9 68 0.905921
9 69 0.005177
9 70 0.135231
9 71 0.998827
9 72 0.999931
9 73 0.754758
9 74 0.999923
9 75 0.999817
9 76 0.998048
9 77 0.995066
9 78 0.999998
9 79 0.999966
9 80 0.035762
9 81 0.920015
9 82 0.942378
9 83 0.920015
9 84 0.005177
9 85 0.329464
9 86 0.999999
9 87 0.998147
9 88 0.998147
9 89 0.740481
9 90 0.999977
9 91 0.019299
9 92 0.982569
9 93 0.172989
9 94 0.999985
9 95 1.000000
9 96 0.936253
9 97 0.996532
9 98 0.901145
9 99 0.999971
10 0 0.998353
10 1 0.703771
10 2 0.999974
10 3 0.268234
10 4 0.992215
10 5 0.998887
10 6 0.029925
10 7 0.920015
10 8 0.513285
10 9 0.997655
10 10 0.000000
10 11 0.029925
10 12 0.999756
10 13 0.999479
10 14 0.998764
10 15 0.051779
10 16 0.998147
10 17 0.999756
10 18 0.999942
10 19 0.972594
10 20 0.164848
10 21 0.999711
10 22 0.997073
10 23 0.999878
10 24 0.963627
10 25 0.972594
10 26 0.011782
10 27 0.434867
10 28 0.999923
10 29 0.051779
10 30 0.172989
10 31 0.768376
10 32 0.999884
10 33 0.029925
10 34 0.986898
10 35 0.008716
10 36 0.992215
10 37 0.005177
10 38 0.999984
10 39 0.999132
10 40 0.999995
10 41 0.998781
10 42 0.999990
10 43 1.000000
10 44 0.996298
10 45 0.888075
10 46 0.998764
10 47 0.999794
10 48 0.005177
10 49 0.329464
10 50 0.029925
10 51 0.992983
10 52 0.963627
10 53 0.999794
10 54 0.999948
10 55 0.999634
10 56 0.999691
10 57 0.999997
10 58 0.005177
10 59 0.999451
10 60 0.999923
10 61 0.999870
10 62 0.999794
10 63 0.999993
10 64 0.986898
10 65 0.951799
10 66 0.999267
10 67 0.996485
10 68 0.999931
10 69 0.153568
10 70 0.477022
10 71 0.998957
10 72 0.998172
10 73 0.051779
10 74 0.986898
10 75 0.943131
10 76 0.995836
10 77 0.999588
10 78 0.765618
10 79 0.999305
10 80 0.999634
10 81 0.991246
10 82 0.999963
10 83 0.855444
10 84 0.184861
10 85 0.999349
10 86 1.000000
10 87 0.961206
10 88 0.999909
10 89 0.999996
10 90 0.999999
10 91 0.973967
10 92 0.029925
10 93 0.999995
10 94 0.994451
10 95 0.999991
10 96 0.999996
10 97 0.673535
10 98 0.998698
10 99 0.999897
11 0 0.051779
11 1 0.999986
11 2 0.999959
11 3 0.999990
11 4 0.999948
11 5 0.997074
11 6 0.993077
11 7 0.928576
11 8 0.999536
11 9 0.889496
11 10 0.029925
11 11 0.000000
11 12 0.999884
11 13 0.367737
11 14 0.999990
11 15 0.138922
11 16 0.999855
11 17 0.999486
11 18 0.954189
11 19 0.019299
11 20 0.999305
11 21 0.976826
11 22 0.999998
11 23 0.999479
11 24 0.268234
11 25 0.606413
11 26 0.999073
11 27 0.999897
11 28 0.999971
11 29 0.994452
11 30 0.999479
11 31 0.973967
11 32 0.060180
11 33 0.035762
11 34 0.153568
11 35 0.999349
11 36 0.993077
11 37 0.977990
11 38 0.490570
11 39 0.999768
11 40 0.982569
11 41 0.997530
11 42 0.999966
11 43 0.999634
11 44 0.999959
11 45 0.281925
11 46 0.673535
11 47 0.999120
11 48 0.051779
11 49 0.999985
11 50 0.988934
11 51 0.754758
11 52 0.999931
11 53 0.189109
11 54 0.999670
11 55 0.060180
11 56 0.996917
11 57 0.996347
11 58 0.965441
11 59 0.998536
11 60 0.329464
11 61 0.998457
11 62 0.999176
11 63 0.999979
11 64 0.998353
11 65 0.982569
11 66 0.986202
11 67 0.990157
11 68 0.268234
11 69 0.372722
11 70 0.999998
11 71 0.999908
11 72 0.999729
11 73 0.999980
11 74 0.992215
11 75 0.998048
11 76 0.138922
11 77 1.000000
11 78 0.995554
11 79 0.999794
11 80 0.920015
11 81 0.980672
11 82 0.999998
11 83 0.999999
11 84 0.999998
11 85 0.918969
11 86 0.673535
11 87 0.029925
11 88 0.901145
11 89 0.060180
11 90 0.999996
11 91 0.996875
11 92 0.999995
11 93 0.992708
11 94 0.205798
11 95 0.172989
11 96 0.969222
11 97 0.999903
11 98 0.995066
11 99 0.999349
12 0 0.728674
12 1 0.999998
12 2 0.987559
12 3 0.121504
12 4 0.996047
12 5 0.935413
12 6 0.999997
12 7 0.978283
12 8 0.011782
12 9 0.972226
12 10 0.999756
12 11 0.999884
12 12 0.000000
12 13 0.999878
12 14 0.029925
12 15 0.569659
12 16 0.963627
12 17 0.993760
12 18 0.019299
12 19 0.071949
12 20 0.998147
12 21 0.945939
12 22 0.227550
12 23 0.828969
12 24 0.995614
12 25 0.999985
12 26 0.310464
12 27 0.005177
12 28 0.000372
12 29 0.853624
12 30 0.945223
12 31 0.999451
12 32 0.939390
12 33 0.999986
12 34 0.999725
12 35 0.071949
12 36 0.386901
12 37 0.977990
12 38 0.999756
12 39 0.051779
12 40 0.153568
12 41 0.999845
12 42 0.999073
12 43 0.998764
12 44 0.999918
12 45 0.029925
12 46 0.051779
12 47 0.970761
12 48 0.011782
12 49 0.996875
12 50 0.999132
12 51 0.998536
12 52 0.945939
12 53 0.999258
12 54 0.932077
12 55 0.928576
12 56 0.372722
12 57 0.051779
12 58 0.970761
12 59 0.997074
12 60 0.999948
12 61 0.082237
12 62 0.998353
12 63 0.999817
12 64 0.997259
12 65 0.990157
12 66 0.019299
12 67 0.999771
12 68 0.019299
12 69 0.971149
12 70 0.820692
12 71 0.954189
12 72 0.999897
12 73 0.999566
12 74 1.000000
12 75 0.999942
12 76 0.035762
12 77 0.948613
12 78 0.999908
12 79 0.999970
12 80 0.999783
12 81 0.899866
12 82 0.910477
12 83 0.959174
12 84 0.982569
12 85 0.999634
12 86 0.703771
12 87 0.029925
12 88 0.659444
12 89 0.995316
12 90 0.987559
12 91 0.999999
12 92 0.999845
12 93 0.051779
12 94 1.000000
12 95 0.985469
12 96 0.998916
12 97 0.998457
12 98 0.997221
12 99 0.997222
13 0 0.973968
13 1 0.005177
13 2 0.999998
13 3 0.959174
13 4 0.743482
13 5 0.019299
13 6 0.985469
13 7 1.000000
13 8 0.999829
13 9 0.673535
13 10 0.999479
13 11 0.367737
13 12 0.999878
13 13 0.000000
13 14 0.263461
13 15 0.778725
13 16 0.993427
13 17 0.999983
13 18 0.999228
13 19 0.410971
13 20 0.888075
13 21 0.997656
13 22 0.999999
13 23 0.998843
13 24 0.894801
13 25 0.996532
13 26 0.999994
13 27 0.791203
13 28 0.023583
13 29 0.001794
13 30 0.999987
13 31 0.590401
13 32 0.391878
13 33 0.082237
13 34 0.997530
13 35 0.999939
13 36 0.999268
13 37 0.049729
13 38 0.606413
13 39 0.999995
13 40 0.999855
13 41 0.838911
13 42 0.999817
13 43 0.999951
13 44 0.997655
13 45 0.998147
13 46 0.948613
13 47 0.329464
13 48 0.997073
13 49 0.910478
13 50 0.552765
13 51 0.989633
13 52 0.999999
13 53 0.028526
13 54 0.391878
13 55 0.999687
13 56 0.828969
13 57 0.995892
13 58 0.453650
13 59 0.996047
13 60 0.002681
13 61 0.999931
13 62 0.999999
13 63 0.172989
13 64 0.943131
13 65 0.999512
13 66 0.655709
13 67 0.936253
13 68 0.999451
13 69 0.999804
13 70 0.263461
13 71 0.998747
13 72 0.060180
13 73 0.999998
13 74 0.991246
13 75 1.000000
13 76 0.995892
13 77 0.989633
13 78 0.997073
13 79 0.999907
13 80 0.035762
13 81 0.999074
13 82 0.986202
13 83 0.240659
13 84 0.999566
13 85 0.961206
13 86 0.981397
13 87 0.984281
13 88 0.999931
13 89 0.999992
13 90 0.999959
13 91 0.999817
13 92 0.983446
13 93 0.915921
13 94 0.997259
13 95 0.997074
13 96 0.999989
13 97 0.999349
13 98 0.995892
13 99 0.153568
14 0 0.999996
14 1 0.108547
14 2 0.999990
14 3 0.991800
14 4 0.915921
14 5 0.011782
14 6 0.999560
14 7 0.982569
14 8 0.999817
14 9 0.954190
14 10 0.998764
14 11 0.999990
14 12 0.029925
14 13 0.263461
14 14 0.000000
14 15 0.535509
14 16 0.942378
14 17 0.998610
14 18 0.716439
14 19 0.999961
14 20 0.998536
14 21 0.781351
14 22 0.967602
14 23 0.997398
14 24 0.999974
14 25 0.999908
14 26 0.982569
14 27 0.019299
14 28 0.987559
14 29 0.989082
14 30 0.005177
14 31 0.967168
14 32 0.999132
14 33 0.954189
14 34 0.996047
14 35 1.000000
14 36 0.999421
14 37 0.999674
14 38 0.999691
14 39 0.976826
14 40 0.227550
14 41 0.019299
14 42 0.862254
14 43 0.999891
14 44 0.029925
14 45 0.071949
14 46 0.998353
14 47 0.121504
14 48 0.999451
14 49 0.999928
14 50 0.999969
14 51 0.961718
14 52 0.905921
14 53 0.995613
14 54 0.999878
14 55 0.286770
14 56 0.996708
14 57 0.999846
14 58 0.911627
14 59 0.986015
14 60 0.999996
14 61 0.367737
14 62 0.135231
14 63 0.999845
14 64 0.005177
14 65 0.172989
14 66 0.029925
14 67 0.996100
14 68 0.999982
14 69 0.999829
14 70 0.999588
14 71 0.051779
14 72 0.999963
14 73 0.172989
14 74 0.988345
14 75 0.999305
14 76 0.982569
14 77 0.029925
14 78 0.019299
14 79 0.999919
14 80 0.999998
14 81 0.945223
14 82 0.788679
14 83 0.999413
14 84 0.998436
14 85 1.000000
14 86 0.987559
14 87 0.999835
14 88 0.999998
14 89 0.329464
14 90 0.999967
14 91 0.641070
14 92 0.999711
14 93 0.999817
14 94 0.914824
14 95 0.998827
14 96 0.999024
14 97 0.984491
14 98 0.995066
14 99 0.999176
15 0 0.820692
15 1 0.060180
15 2 0.999863
15 3 0.731785
15 4 0.999479
15 5 0.997530
15 6 0.915921
15 7 0.999974
15 8 0.996100
15 9 0.973968
15 10 0.051779
15 11 0.138922
15 12 0.569659
15 13 0.778725
15 14 0.535509
15 15 0.000000
15 16 0.754758
15 17 0.002681
15 18 1.000000
15 19 0.999996
15 20 0.051779
15 21 0.028526
15 22 0.914824
15 23 0.005177
15 24 0.998764
15 25 0.998436
15 26 0.993077
15 27 0.996917
15 28 0.998957
15 29 0.999120
15 30 0.108547
15 31 0.999691
15 32 0.932077
15 33 0.517913
15 34 0.372722
15 35 0.535509
15 36 0.999999
15 37 0.023583
15 38 0.184861
15 39 0.991246
15 40 0.990780
15 41 0.969221
15 42 0.998436
15 43 0.976514
15 44 0.999956
15 45 0.610510
15 46 0.999382
15 47 0.029925
15 48 0.999993
15 49 0.980411
15 50 0.019299
15 51 0.655709
15 52 0.988345
15 53 0.999999
15 54 0.999817
15 55 0.019299
15 56 0.998764
15 57 0.959174
15 58 0.999999
15 59 0.999976
15 60 0.108547
15 61 0.994452
15 62 0.019299
15 63 0.888076
15 64 1.000000
15 65 0.082237
15 66 0.410971
15 67 0.998843
15 68 0.999878
15 69 0.999987
15 70 0.999923
15 71 0.999863
15 72 0.108547
15 73 0.999998
15 74 0.998265
15 75 0.990157
15 76 0.019299
15 77 1.000000
15 78 0.005177
15 79 0.998957
15 80 0.828969
15 81 0.977134
15 82 0.999560
15 83 0.535509
15 84 0.996708
15 85 0.999964
15 86 0.999817
15 87 0.999340
15 88 0.999634
15 89 0.051779
15 90 0.788679
15 91 0.610510
15 92 1.000000
15 93 0.992215
15 94 0.477022
15 95 0.999954
15 96 0.999996
15 97 0.530966
15 98 0.998436
15 99 0.828969
16 0 0.999897
16 1 0.999998
16 2 0.972225
16 3 0.999258
16 4 0.029925
16 5 0.986014
16 6 0.942378
16 7 0.999725
16 8 0.999991
16 9 0.888076
16 10 0.998147
16 11 0.999855
16 12 0.963627
16 13 0.993427
16 14 0.942378
16 15 0.754758
16 16 0.000000
16 17 0.999999
16 18 0.286770
16 19 0.928576
16 20 0.996876
16 21 0.997804
16 22 0.999923
16 23 0.281925
16 24 0.999942
16 25 0.997222
16 26 0.754757
16 27 0.286770
16 28 0.029925
16 29 0.999512
16 30 0.985272
16 31 0.951799
16 32 0.035762
16 33 0.998957
16 34 0.975602
16 35 0.989493
16 36 0.999936
16 37 0.999961
16 38 0.513285
16 39 0.999984
16 40 0.999991
16 41 0.999996
16 42 0.999024
16 43 0.976514
16 44 0.882454
16 45 0.991246
16 46 0.035762
16 47 0.988934
16 48 1.000000
16 49 0.951799
16 50 0.999228
16 51 0.029925
16 52 0.993844
16 53 0.999897
16 54 0.329464
16 55 0.019299
16 56 0.997073
16 57 0.990157
16 58 0.999132
16 59 0.999931
16 60 0.019299
16 61 0.993844
16 62 0.999878
16 63 0.590401
16 64 0.002681
16 65 0.998457
16 66 0.991689
16 67 0.967167
16 68 0.967602
16 69 0.999878
16 70 0.993427
16 71 0.999725
16 72 0.002681
16 73 0.999974
16 74 0.245316
16 75 0.954792
16 76 0.367737
16 77 0.999976
16 78 1.000000
16 79 0.961718
16 80 0.042353
16 81 0.997530
16 82 0.071949
16 83 0.757621
16 84 0.999973
16 85 0.999856
16 86 0.999928
16 87 0.838911
16 88 0.999845
16 89 0.999949
16 90 0.743482
16 91 0.999908
16 92 0.999999
16 93 0.999979
16 94 0.205798
16 95 0.874997
16 96 0.093360
16 97 0.719662
16 98 0.999512
16 99 0.999999
17 0 0.189109
17 1 0.993760
17 2 0.477022
17 3 0.690668
17 4 0.998048
17 5 0.985272
17 6 0.999176
17 7 0.051779
17 8 0.984490
17 9 0.996533
17 10 0.999756
17 11 0.999486
17 12 0.993760
17 13 0.999983
17 14 0.998610
17 15 0.002681
17 16 0.999999
17 17 0.000000
17 18 0.998764
17 19 0.999073
17 20 0.999674
17 21 0.999421
17 22 0.999817
17 23 0.153568
17 24 0.991689
17 25 0.051779
17 26 0.994155
17 27 0.998764
17 28 0.992708
17 29 0.999996
17 30 0.876570
17 31 0.996708
17 32 0.999543
17 33 0.999991
17 34 0.700407
17 35 0.731785
17 36 0.998265
17 37 0.967602
17 38 0.973968
17 39 0.997563
17 40 0.999228
17 41 0.999997
17 42 0.993844
17 43 0.552765
17 44 0.999952
17 45 0.108547
17 46 0.014763
17 47 0.999993
17 48 0.227550
17 49 0.976826
17 50 0.999908
17 51 1.000000
17 52 0.927638
17 53 0.999951
17 54 0.700406
17 55 0.060180
17 56 0.949286
17 57 0.138922
17 58 0.999390
17 59 0.995613
17 60 0.976826
17 61 0.999835
17 62 0.011782
17 63 0.994873
17 64 0.999999
17 65 0.138922
17 66 0.999349
17 67 0.999176
17 68 0.999863
17 69 0.245316
17 70 0.999871
17 71 0.999512
17 72 0.999305
17 73 0.923918
17 74 0.996532
17 75 0.999936
17 76 0.999951
17 77 0.028526
17 78 1.000000
17 79 0.996708
17 80 0.999995
17 81 0.998629
17 82 0.999974
17 83 0.029925
17 84 0.985469
17 85 0.999268
17 86 0.889496
17 87 0.999876
17 88 0.999990
17 89 0.943131
17 90 0.999996
17 91 1.000000
17 92 0.472229
17 93 0.999997
17 94 0.999826
17 95 0.998698
17 96 0.999999
17 97 0.980411
17 98 0.993077
17 99 0.999804
18 0 0.986202
18 1 0.990157
18 2 0.998698
18 3 0.999871
18 4 0.996298
18 5 0.071949
18 6 0.980411
18 7 0.995613
18 8 0.935413
18 9 0.999999
18 10 0.999942
18 11 0.954189
18 12 0.019299
18 13 0.999228
18 14 0.716439
18 15 1.000000
18 16 0.286770
18 17 0.998764
18 18 0.000000
18 19 0.986202
18 20 0.999982
18 21 0.942378
18 22 0.011782
18 23 0.999674
18 24 0.051779
18 25 0.042353
18 26 0.996047
18 27 0.999949
18 28 0.998764
18 29 0.998048
18 30 0.552765
18 31 0.971851
18 32 0.995836
18 33 0.999987
18 34 1.000000
18 35 0.999878
18 36 0.743482
18 37 0.006763
18 38 0.999725
18 39 0.999974
18 40 0.965441
18 41 0.996708
18 42 0.999946
18 43 0.975602
18 44 0.998265
18 45 0.999305
18 46 0.348574
18 47 0.979374
18 48 0.999512
18 49 0.227550
18 50 0.999870
18 51 0.999794
18 52 0.001279
18 53 0.999753
18 54 0.983667
18 55 0.999981
18 56 0.998048
18 57 0.992215
18 58 0.997259
18 59 0.924902
18 60 0.996917
18 61 0.988934
18 62 0.894801
18 63 0.108547
18 64 0.997530
18 65 0.999861
18 66 0.002681
18 67 0.999984
18 68 0.998048
18 69 0.997222
18 70 0.998698
18 71 0.517913
18 72 0.535509
18 73 0.626001
18 74 0.999560
18 75 0.005177
18 76 0.999998
18 77 0.999853
18 78 0.996347
18 79 0.997398
18 80 0.954190
18 81 0.999936
18 82 0.984490
18 83 0.997073
18 84 0.999023
18 85 0.992215
18 86 0.999817
18 87 0.996298
18 88 0.977990
18 89 0.999976
18 90 0.994155
18 91 0.990780
18 92 0.999931
18 93 0.961206
18 94 0.945939
18 95 0.809759
18 96 0.997221
18 97 0.029925
18 98 0.011782
18 99 0.999919
19 0 0.999863
19 1 0.985272
19 2 0.999923
19 3 0.999994
19 4 0.998843
19 5 0.999954
19 6 0.999268
19 7 0.998146
19 8 0.883941
19 9 0.641070
19 10 0.972594
19 11 0.019299
19 12 0.071949
19 13 0.410971
19 14 0.999961
19 15 0.999996
19 16 0.928576
19 17 0.999073
19 18 0.986202
19 19 0.000000
19 20 0.994451
19 21 0.972594
19 22 0.999977
19 23 0.999986
19 24 0.005177
19 25 0.189109
19 26 0.998957
19 27 0.999997
19 28 0.882454
19 29 0.954189
19 30 0.983446
19 31 0.894801
19 32 0.999176
19 33 0.999994
19 34 0.999817
19 35 0.991689
19 36 0.982569
19 37 0.999891
19 38 0.391878
19 39 0.029925
19 40 0.754757
19 41 0.942378
19 42 0.981397
19 43 0.999863
19 44 0.998827
19 45 0.343598
19 46 0.999878
19 47 0.975602
19 48 0.690668
19 49 0.965899
19 50 0.980672
19 51 0.951156
19 52 0.268234
19 53 0.999670
19 54 0.998353
19 55 0.082237
19 56 0.998902
19 57 0.005177
19 58 0.998147
19 59 0.999961
19 60 0.984280
19 61 0.999979
19 62 0.963140
19 63 0.951798
19 64 0.999980
19 65 0.999691
19 66 0.999992
19 67 0.997804
19 68 0.108547
19 69 0.999855
19 70 0.969221
19 71 0.831064
19 72 0.986898
19 73 0.051779
19 74 0.999743
19 75 0.082237
19 76 0.051779
19 77 0.999923
19 78 0.999768
19 79 0.980411
19 80 0.999218
19 81 0.996297
19 82 0.994155
19 83 0.999176
19 84 0.999870
19 85 0.999855
19 86 0.029925
19 87 0.610510
19 88 0.999863
19 89 0.987559
19 90 0.995379
19 91 0.904700
19 92 0.999961
19 93 0.998827
19 94 0.999978
19 95 0.999997
19 96 0.477022
19 97 1.000000
19 98 0.372722
19 99 0.999560
20 0 0.999560
20 1 0.999993
20 2 0.138922
20 3 0.999132
20 4 0.999954
20 5 0.915921
20 6 0.999512
20 7 0.894801
20 8 0.999951
20 9 0.999913
20 10 0.164848
20 11 0.999305
20 12 0.998147
20 13 0.888075
20 14 0.998536
20 15 0.051779
20 16 0.996876
20 17 0.999674
20 18 0.999982
20 19 0.994451
20 20 0.000000
20 21 0.999954
20 22 1.000000
20 23 0.999794
20 24 0.002681
20 25 0.673535
20 26 0.999711
20 27 0.329464
20 28 0.997804
20 29 0.019299
20 30 0.999966
20 31 0.121504
20 32 0.981645
20 33 0.999994
20 34 0.862254
20 35 0.071949
20 36 0.991246
20 37 0.999543
20 38 1.000000
20 39 0.517913
20 40 0.943131
20 41 0.410971
20 42 0.951799
20 43 0.999966
20 44 0.999985
20 45 0.999949
20 46 0.997655
20 47 0.434867
20 48 0.994803
20 49 0.999891
20 50 0.035762
20 51 0.999976
20 52 0.973968
20 53 0.818483
20 54 0.995836
20 55 0.998698
20 56 0.999999
20 57 0.999305
20 58 0.472229
20 59 0.071949
20 60 0.999609
20 61 0.870414
20 62 0.019299
20 63 0.999974
20 64 0.610510
20 65 0.999985
20 66 0.999725
20 67 0.999976
20 68 0.800669
20 69 0.121504
20 70 0.004818
20 71 0.791203
20 72 0.034173
20 73 0.924902
20 74 0.071949
20 75 0.999999
20 76 0.999985
20 77 0.999228
20 78 0.071949
20 79 0.999913
20 80 0.997398
20 81 0.019299
20 82 0.029925
20 83 0.998147
20 84 0.997073
20 85 0.994526
20 86 0.995892
20 87 0.999942
20 88 1.000000
20 89 0.999998
20 90 0.915921
20 91 0.035762
20 92 0.071949
20 93 0.986898
20 94 0.005177
20 95 0.997804
20 96 0.996486
20 97 0.982327
20 98 0.060180
20 99 0.716439
21 0 0.082237
21 1 0.035762
21 2 0.477022
21 3 0.904700
21 4 0.932960
21 5 0.029925
21 6 0.990779
21 7 0.029925
21 8 0.999998
21 9 0.999939
21 10 0.999711
21 11 0.976826
21 12 0.945939
21 13 0.997656
21 14 0.781351
21 15 0.028526
21 16 0.997804
21 17 0.999421
21 18 0.942378
21 19 0.972594
21 20 0.999954
21 21 0.000000
21 22 0.028526
21 23 0.943131
21 24 0.999652
21 25 0.994155
21 26 0.828969
21 27 0.029925
21 28 0.999997
21 29 0.205798
21 30 0.005177
21 31 0.999725
21 32 0.993077
21 33 0.992983
21 34 0.121503
21 35 0.029925
21 36 0.998353
21 37 0.965441
21 38 0.998048
21 39 0.965442
21 40 0.999132
21 41 0.999691
21 42 0.999956
21 43 0.993427
21 44 0.862254
21 45 0.994155
21 46 0.029925
21 47 0.999891
21 48 0.999936
21 49 0.836903
21 50 0.999421
21 51 0.915921
21 52 0.997033
21 53 0.659444
21 54 0.999421
21 55 0.569659
21 56 0.999977
21 57 1.000000
21 58 0.999862
21 59 0.998241
21 60 0.029925
21 61 0.999999
21 62 0.590401
21 63 0.921048
21 64 0.976826
21 65 0.990157
21 66 0.999997
21 67 0.005177
21 68 0.477022
21 69 0.973617
21 70 0.999768
21 71 0.993427
21 72 0.862254
21 73 0.999739
21 74 0.999725
21 75 0.999674
21 76 0.993427
21 77 0.999907
21 78 0.977990
21 79 0.765618
21 80 0.999997
21 81 0.999845
21 82 0.168896
21 83 0.989633
21 84 0.999908
21 85 0.994376
21 86 0.999768
21 87 0.023583
21 88 1.000000
21 89 0.999739
21 90 0.996875
21 91 0.999968
21 92 0.984490
21 93 0.999753
21 94 0.029925
21 95 0.153568
21 96 0.994452
21 97 0.999992
21 98 0.990780
21 99 0.029925
22 0 0.855444
22 1 0.999999
22 2 0.960687
22 3 0.002681
22 4 1.000000
22 5 0.079481
22 6 0.108547
22 7 0.972594
22 8 0.019299
22 9 0.011782
22 10 0.997073
22 11 0.999998
22 12 0.227550
22 13 0.999999
22 14 0.967602
22 15 0.914824
22 16 0.999923
22 17 0.999817
22 18 0.011782
22 19 0.999977
22 20 1.000000
22 21 0.028526
22 22 0.000000
22 23 0.965899
22 24 0.948613
22 25 0.999853
22 26 0.108547
22 27 0.410971
22 28 1.000000
22 29 0.060180
22 30 0.005177
22 31 0.991246
22 32 0.138922
22 33 0.999983
22 34 0.999996
22 35 0.005177
22 36 0.999807
22 37 0.011782
22 38 0.999566
22 39 0.448784
22 40 0.108547
22 41 0.990655
22 42 0.846427
22 43 0.108547
22 44 0.999505
22 45 0.894801
22 46 0.982569
22 47 0.569659
22 48 0.923918
22 49 0.999971
22 50 0.809759
22 51 0.910477
22 52 0.029925
22 53 0.999982
22 54 0.999794
22 55 0.998457
22 56 0.999995
22 57 0.999566
22 58 0.999946
22 59 0.999878
22 60 0.999890
22 61 0.999024
22 62 0.998048
22 63 0.029925
22 64 0.999691
22 65 0.495294
22 66 0.999988
22 67 0.659444
22 68 0.999997
22 69 0.988934
22 70 0.992103
22 71 0.172989
22 72 0.999120
22 73 0.876570
22 74 0.999691
22 75 0.999783
22 76 0.999691
22 77 0.855444
22 78 0.992708
22 79 0.999951
22 80 0.999989
22 81 0.997804
22 82 0.999952
22 83 0.999965
22 84 0.035762
22 85 0.999999
22 86 0.997916
22 87 0.999743
22 88 0.999835
22 89 0.932077
22 90 1.000000
22 91 0.999999
22 92 0.986898
22 93 0.999908
22 94 0.999999
22 95 0.029925
22 96 0.995892
22 97 0.974313
22 98 0.999978
22 99 0.971149
23 0 0.999902
23 1 0.923918
23 2 0.999999
23 3 0.995892
23 4 0.997398
23 5 0.999984
23 6 0.951157
23 7 0.286770
23 8 0.997687
23 9 0.993760
23 10 0.999878
23 11 0.999479
23 12 0.828969
23 13 0.998843
23 14 0.997398
23 15 0.005177
23 16 0.281925
23 17 0.153568
23 18 0.999674
23 19 0.999986
23 20 0.999794
23 21 0.943131
23 22 0.965899
23 23 0.000000
23 24 0.994803
23 25 0.096388
23 26 0.846427
23 27 0.999998
23 28 0.999743
23 29 0.997497
23 30 0.019299
23 31 0.996485
23 32 0.998172
23 33 0.011782
23 34 0.998698
23 35 0.999999
23 36 0.921048
23 37 0.800668
23 38 0.006763
23 39 0.082237
23 40 0.998147
23 41 0.999987
23 42 0.999897
23 43 0.994803
23 44 0.999999
23 45 0.999768
23 46 0.999451
23 47 0.999971
23 48 0.999566
23 49 0.998457
23 50 0.999341
23 51 0.999451
23 52 0.986202
23 53 0.999890
23 54 0.019299
23 55 0.991246
23 56 0.999421
23 57 0.245316
23 58 0.968807
23 59 0.999939
23 60 0.329464
23 61 0.999984
23 62 0.999725
23 63 0.994803
23 64 0.999768
23 65 0.093360
23 66 0.999120
23 67 0.999954
23 68 0.954189
23 69 0.999566
23 70 0.959174
23 71 0.108547
23 72 0.245316
23 73 0.069412
23 74 0.883941
23 75 0.999991
23 76 0.999995
23 77 0.999983
23 78 0.019299
23 79 0.969221
23 80 0.999876
23 81 0.999993
23 82 0.999024
23 83 0.999382
23 84 0.768376
23 85 0.999908
23 86 0.978283
23 87 0.998902
23 88 0.999998
23 89 0.472230
23 90 0.820692
23 91 0.999996
23 92 0.986202
23 93 0.999024
23 94 0.999989
23 95 0.995836
23 96 0.992708
23 97 1.000000
23 98 0.999966
23 99 0.728674
24 0 0.999634
24 1 0.999756
24 2 0.999997
24 3 0.893445
24 4 0.999756
24 5 0.996708
24 6 0.999986
24 7 0.999997
24 8 0.996298
24 9 0.999986
24 10 0.963627
24 11 0.268234
24 12 0.995614
24 13 0.894801
24 14 0.999974
24 15 0.998764
24 16 0.999942
24 17 0.991689
24 18 0.051779
24 19 0.005177
24 20 0.002681
24 21 0.999652
24 22 0.948613
24 23 0.994803
24 24 0.000000
24 25 0.999451
24 26 0.999512
24 27 0.999997
24 28 0.108547
24 29 0.999120
24 30 0.983668
24 31 0.999994
24 32 0.999652
24 33 0.082237
24 34 0.959174
24 35 0.999609
24 36 0.999725
24 37 0.999942
24 38 0.019299
24 39 0.997804
24 40 0.999897
24 41 0.999863
24 42 0.998353
24 43 0.995316
24 44 0.991689
24 45 0.986202
24 46 0.999988
24 47 0.999987
24 48 0.967602
24 49 0.999992
24 50 0.023583
24 51 0.999512
24 52 0.999843
24 53 0.071949
24 54 0.999853
24 55 0.998764
24 56 0.999980
24 57 0.189109
24 58 0.979374
24 59 0.999652
24 60 0.853624
24 61 0.268234
24 62 0.029925
24 63 0.029925
24 64 0.983446
24 65 0.998536
24 66 0.999674
24 67 0.999948
24 68 0.999990
24 69 0.998048
24 70 0.006763
24 71 0.998536
24 72 1.000000
24 73 0.999923
24 74 0.999931
24 75 0.991689
24 76 0.622014
24 77 0.573990
24 78 0.999845
24 79 0.973968
24 80 1.000000
24 81 0.945939
24 82 0.999999
24 83 0.959175
24 84 0.999985
24 85 0.986202
24 86 0.999992
24 87 0.757621
24 88 0.019299
24 89 0.051779
24 90 0.429954
24 91 0.998971
24 92 0.999991
24 93 0.051779
24 94 0.029925
24 95 0.999982
24 96 0.997687
24 97 0.988345
24 98 0.942378
24 99 0.019299
25 0 0.999978
25 1 0.994526
25 2 0.997222
25 3 0.803068
25 4 0.986898
25 5 0.999674
25 6 0.997073
25 7 0.005177
25 8 0.999999
25 9 0.240657
25 10 0.972594
25 11 0.606413
25 12 0.999985
25 13 0.996532
25 14 0.999908
25 15 0.998436
25 16 0.997222
25 17 0.051779
25 18 0.042353
25 19 0.189109
25 20 0.673535
25 21 0.994155
25 22 0.999853
25 23 0.096388
25 24 0.999451
25 25 0.000000
25 26 0.005177
25 27 0.846427
25 28 0.976826
25 29 0.999120
25 30 1.000000
25 31 0.005177
25 32 0.051779
25 33 0.999993
25 34 0.997916
25 35 0.998764
25 36 0.983668
25 37 0.286770
25 38 0.985272
25 39 0.530965
25 40 0.993760
25 41 0.121504
25 42 0.999878
25 43 0.999945
25 44 0.888076
25 45 0.005177
25 46 0.999954
25 47 1.000000
25 48 0.996875
25 49 0.928576
25 50 0.999768
25 51 0.999536
25 52 0.855444
25 53 0.019299
25 54 1.000000
25 55 0.391878
25 56 0.999855
25 57 0.999994
25 58 0.994156
25 59 0.999711
25 60 0.019299
25 61 0.999999
25 62 0.205798
25 63 0.998827
25 64 0.836903
25 65 1.000000
25 66 0.990024
25 67 0.992708
25 68 0.019299
25 69 0.999691
25 70 0.999990
25 71 0.000372
25 72 0.999305
25 73 0.998048
25 74 0.999946
25 75 0.905921
25 76 0.999928
25 77 0.965442
25 78 0.999948
25 79 0.999982
25 80 0.999988
25 81 0.999994
25 82 0.002681
25 83 0.673535
25 84 0.999753
25 85 0.999999
25 86 0.990780
25 87 0.999863
25 88 0.999543
25 89 0.999884
25 90 0.994526
25 91 0.932960
25 92 0.997222
25 93 0.011782
25 94 0.951157
25 95 0.429954
25 96 0.998021
25 97 0.999268
25 98 0.999956
25 99 0.006763
26 0 0.029925
26 1 0.999994
26 2 0.060180
26 3 0.391878
26 4 0.999991
26 5 0.995379
26 6 0.920015
26 7 0.999768
26 8 0.963627
26 9 0.968809
26 10 0.011782
26 11 0.999073
26 12 0.310464
26 13 0.999994
26 14 0.982569
26 15 0.993077
26 16 0.754757
26 17 0.994155
26 18 0.996047
26 19 0.998957
26 20 0.999711
26 21 0.828969
26 22 0.108547
26 23 0.846427
26 24 0.999512
26 25 0.005177
26 26 0.000000
26 27 0.996298
26 28 0.999990
26 29 1.000000
26 30 0.998353
26 31 0.999845
26 32 0.005177
26 33 0.936254
26 34 0.996532
26 35 0.372722
26 36 0.490569
26 37 0.005177
26 38 0.999997
26 39 0.998265
26 40 0.051779
26 41 0.999670
26 42 0.051779
26 43 0.986898
26 44 0.606413
26 45 0.999707
26 46 0.029925
26 47 0.973617
26 48 0.951157
26 49 0.999768
26 50 0.999999
26 51 0.029925
26 52 1.000000
26 53 0.513285
26 54 0.029925
26 55 0.999814
26 56 1.000000
26 57 0.051779
26 58 0.999725
26 59 0.994803
26 60 0.535509
26 61 0.029925
26 62 0.999884
26 63 0.992983
26 64 0.138922
26 65 0.999997
26 66 0.999999
26 67 0.622013
26 68 0.205798
26 69 0.035762
26 70 0.999969
26 71 0.973617
26 72 0.999981
26 73 0.986898
26 74 0.999609
26 75 0.998536
26 76 0.019299
26 77 0.996298
26 78 0.999978
26 79 0.924902
26 80 0.999817
26 81 0.999959
26 82 0.035762
26 83 0.999999
26 84 0.999963
26 85 0.042353
26 86 0.948613
26 87 0.999971
26 88 0.644918
26 89 0.999073
26 90 0.999176
26 91 0.999966
26 92 0.999010
26 93 0.846427
26 94 0.911627
26 95 0.868768
26 96 0.014763
26 97 0.153568
26 98 0.999976
26 99 0.168897
27 0 0.003622
27 1 0.999421
27 2 0.988934
27 3 0.999902
27 4 0.998957
27 5 0.029925
27 6 0.998827
27 7 0.855444
27 8 0.999451
27 9 0.138922
27 10 0.434867
27 11 0.999897
27 12 0.005177
27 13 0.791203
27 14 0.019299
27 15 0.996917
27 16 0.286770
27 17 0.998764
27 18 0.999949
27 19 0.999997
27 20 0.329464
27 21 0.029925
27 22 0.410971
27 23 0.999998
27 24 0.999997
27 25 0.846427
27 26 0.996298
27 27 0.000000
27 28 0.863976
27 29 0.029925
27 30 0.918969
27 31 0.999478
27 32 0.999783
27 33 0.999939
27 34 1.000000
27 35 0.999652
27 36 0.982569
27 37 0.957037
27 38 0.998680
27 39 0.245316
27 40 0.963140
27 41 0.005177
27 42 0.172989
27 43 0.838911
27 44 0.995066
27 45 0.994156
27 46 0.071949
27 47 0.001279
27 48 0.999512
27 49 0.082237
27 50 0.477022
27 51 0.999999
