0 0 0.000000
0 1 0.006763
0 2 0.641070
0 3 0.999942
0 4 0.996663
0 5 0.999992
0 6 1.000000
0 7 0.999999
0 8 0.999954
0 9 0.997887
0 10 1.000000
0 11 0.051779
0 12 0.958629
0 13 0.999648
0 14 0.999998
0 15 0.508635
0 16 1.000000
0 17 0.082237
0 18 0.999258
0 19 1.000000
0 20 0.999981
0 21 0.876570
0 22 0.669913
0 23 1.000000
0 24 0.999988
0 25 1.000000
0 26 0.002681
0 27 0.928576
0 28 0.999944
0 29 0.011782
0 30 0.006763
0 31 1.000000
0 32 0.892072
0 33 0.999993
0 34 1.000000
0 35 0.019299
0 36 0.999961
0 37 1.000000
0 38 0.641070
0 39 1.000000
0 40 0.999984
0 41 1.000000
0 42 0.996247
0 43 0.998663
0 44 0.997222
0 45 0.994076
0 46 0.999814
0 47 0.918969
0 48 0.999994
0 49 0.999999
0 50 0.935412
0 51 0.824711
0 52 0.999207
0 53 0.999997
0 54 0.999994
0 55 0.986202
0 56 0.999868
0 57 0.999314
0 58 0.999999
0 59 1.000000
0 60 0.999975
0 61 0.999560
0 62 0.999987
0 63 0.999997
0 64 1.000000
0 65 0.999985
0 66 0.011782
0 67 0.999999
0 68 1.000000
0 69 0.060180
0 70 0.999990
0 71 0.998610
0 72 0.999985
0 73 0.999165
0 74 0.995554
0 75 0.999974
0 76 1.000000
0 77 0.590401
0 78 0.994526
0 79 0.999998
0 80 0.999814
0 81 0.999997
0 82 0.999992
0 83 0.999995
0 84 0.999941
0 85 0.999999
0 86 0.999965
0 87 1.000000
0 88 0.992508
0 89 0.938590
0 90 0.205798
0 91 0.999992
0 92 0.999995
0 93 0.011782
0 94 0.999999
0 95 0.999961
0 96 0.098992
0 97 0.999994
0 98 0.999374
0 99 0.051779
1 0 0.006763
1 1 0.000000
1 2 0.999981
1 3 0.993760
1 4 0.999996
1 5 1.000000
1 6 0.996485
1 7 0.999938
1 8 0.999295
1 9 0.999983
1 10 0.992983
1 11 1.000000
1 12 0.999999
1 13 0.005177
1 14 0.659444
1 15 0.121504
1 16 1.000000
1 17 0.978814
1 18 0.999998
1 19 0.999824
1 20 1.000000
1 21 0.035762
1 22 1.000000
1 23 0.999722
1 24 0.999999
1 25 0.999984
1 26 1.000000
1 27 0.999959
1 28 0.014763
1 29 0.999814
1 30 0.000372
1 31 0.999582
1 32 0.005177
1 33 0.999815
1 34 0.999996
1 35 1.000000
1 36 1.000000
1 37 0.997530
1 38 0.991006
1 39 0.969221
1 40 1.000000
1 41 1.000000
1 42 1.000000
1 43 0.999995
1 44 0.860512
1 45 0.999999
1 46 0.005177
1 47 1.000000
1 48 0.999999
1 49 1.000000
1 50 1.000000
1 51 0.988934
1 52 0.995554
1 53 0.999990
1 54 0.999996
1 55 0.999907
1 56 0.082237
1 57 0.999999
1 58 0.319568
1 59 0.999999
1 60 0.011782
1 61 0.999881
1 62 0.999998
1 63 0.998957
1 64 0.976513
1 65 1.000000
1 66 0.429954
1 67 0.999997
1 68 0.999998
1 69 1.000000
1 70 0.071949
1 71 0.997496
1 72 0.999999
1 73 0.005177
1 74 0.972594
1 75 0.987559
1 76 0.994803
1 77 0.002681
1 78 0.999998
1 79 0.999997
1 80 0.005177
1 81 0.999826
1 82 0.998698
1 83 0.999996
1 84 0.168897
1 85 0.999010
1 86 1.000000
1 87 1.000000
1 88 0.003622
1 89 1.000000
1 90 0.019299
1 91 0.999987
1 92 0.999985
1 93 1.000000
1 94 0.002681
1 95 0.999929
1 96 0.999999
1 97 0.999997
1 98 0.986015
1 99 0.986898
2 0 0.641070
2 1 0.999981
2 2 0.000000
2 3 0.997887
2 4 0.999888
2 5 0.999926
2 6 0.996917
2 7 0.999996
2 8 0.986720
2 9 0.049729
2 10 0.999956
2 11 0.999994
2 12 1.000000
2 13 0.999999
2 14 1.000000
2 15 0.999993
2 16 0.999604
2 17 0.996753
2 18 1.000000
2 19 1.000000
2 20 0.051779
2 21 0.981645
2 22 0.999970
2 23 1.000000
2 24 1.000000
2 25 0.999912
2 26 0.590401
2 27 0.999999
2 28 0.999993
2 29 0.082237
2 30 0.999999
2 31 1.000000
2 32 0.001279
2 33 0.998811
2 34 1.000000
2 35 0.005177
2 36 0.999851
2 37 0.970761
2 38 0.410971
2 39 0.999998
2 40 0.051779
2 41 1.000000
2 42 0.999922
2 43 0.999923
2 44 0.999890
2 45 0.019299
2 46 0.051779
2 47 0.996485
2 48 0.754757
2 49 0.996247
2 50 0.999995
2 51 0.999739
2 52 1.000000
2 53 0.999979
2 54 0.999998
2 55 1.000000
2 56 1.000000
2 57 0.164848
2 58 0.029925
2 59 0.935412
2 60 1.000000
2 61 0.999999
2 62 0.029925
2 63 0.005177
2 64 0.990024
2 65 0.999938
2 66 1.000000
2 67 1.000000
2 68 1.000000
2 69 0.999999
2 70 0.329464
2 71 1.000000
2 72 0.873404
2 73 1.000000
2 74 0.999995
2 75 0.754757
2 76 0.999721
2 77 0.999991
2 78 1.000000
2 79 0.999967
2 80 0.999120
2 81 0.999994
2 82 0.189109
2 83 0.005177
2 84 0.999804
2 85 0.986202
2 86 0.121504
2 87 0.999994
2 88 0.035762
2 89 0.999997
2 90 0.974940
2 91 0.999926
2 92 0.997222
2 93 0.999588
2 94 0.268234
2 95 0.999993
2 96 1.000000
2 97 0.005177
2 98 1.000000
2 99 0.999999
3 0 0.999942
3 1 0.993760
3 2 0.997887
3 3 0.000000
3 4 0.999998
3 5 0.816249
3 6 1.000000
3 7 0.990157
3 8 0.005177
3 9 1.000000
3 10 0.998843
3 11 1.000000
3 12 0.386901
3 13 0.996664
3 14 0.999870
3 15 0.988345
3 16 0.999979
3 17 0.999711
3 18 0.999997
3 19 1.000000
3 20 0.999998
3 21 0.944497
3 22 0.002681
3 23 0.999853
3 24 0.997995
3 25 0.999390
3 26 0.168897
3 27 0.999999
3 28 1.000000
3 29 0.992508
3 30 0.999060
3 31 0.999934
3 32 0.865420
3 33 0.999999
3 34 0.999982
3 35 0.999974
3 36 0.999982
3 37 0.999987
3 38 0.999794
3 39 0.972225
3 40 0.999997
3 41 0.999999
3 42 0.105307
3 43 0.937778
3 44 0.035762
3 45 0.999999
3 46 1.000000
3 47 0.999997
3 48 0.984281
3 49 0.999722
3 50 0.991689
3 51 0.999963
3 52 0.917908
3 53 0.999999
3 54 0.999959
3 55 0.999969
3 56 0.970368
3 57 0.999835
3 58 0.999777
3 59 0.986898
3 60 0.003622
3 61 0.992888
3 62 0.972594
3 63 1.000000
3 64 1.000000
3 65 0.996917
3 66 0.964978
3 67 0.011782
3 68 0.883941
3 69 0.999967
3 70 0.071949
3 71 0.999928
3 72 0.996298
3 73 0.999912
3 74 0.994661
3 75 0.998902
3 76 0.999582
3 77 0.999990
3 78 0.999996
3 79 0.495294
3 80 0.057916
3 81 0.999934
3 82 0.992215
3 83 1.000000
3 84 0.005177
3 85 0.992609
3 86 0.184861
3 87 0.001279
3 88 0.999969
3 89 0.999999
3 90 0.005177
3 91 0.019299
3 92 0.996663
3 93 0.999648
3 94 0.995836
3 95 1.000000
3 96 0.999978
3 97 1.000000
3 98 0.999978
3 99 0.995993
4 0 0.996663
4 1 0.999996
4 2 0.999888
4 3 0.999998
4 4 0.000000
4 5 0.005177
4 6 0.029925
4 7 0.998265
4 8 0.051779
4 9 0.945222
4 10 0.999753
4 11 1.000000
4 12 0.999916
4 13 0.975273
4 14 0.995316
4 15 0.999994
4 16 0.029925
4 17 0.999165
4 18 0.999718
4 19 0.993338
4 20 1.000000
4 21 0.998957
4 22 1.000000
4 23 0.999582
4 24 0.999985
4 25 0.999990
4 26 1.000000
4 27 0.999979
4 28 0.999777
4 29 1.000000
4 30 1.000000
4 31 0.999989
4 32 1.000000
4 33 0.245316
4 34 0.998957
4 35 1.000000
4 36 0.944496
4 37 0.999061
4 38 0.014763
4 39 0.019299
4 40 1.000000
4 41 0.029925
4 42 0.999896
4 43 1.000000
4 44 0.999999
4 45 0.999963
4 46 0.999934
4 47 0.999969
4 48 0.999999
4 49 0.019299
4 50 1.000000
4 51 0.006763
4 52 0.893445
4 53 0.999965
4 54 0.082237
4 55 1.000000
4 56 0.999980
4 57 1.000000
4 58 0.998096
4 59 1.000000
4 60 0.023583
4 61 0.069412
4 62 0.999853
4 63 0.968808
4 64 0.999997
4 65 0.051779
4 66 1.000000
4 67 0.999982
4 68 0.999994
4 69 0.286770
4 70 0.082237
4 71 0.997887
4 72 0.999996
4 73 1.000000
4 74 0.868768
4 75 0.999896
4 76 0.034173
4 77 0.071949
4 78 0.889496
4 79 0.988784
4 80 0.809759
4 81 1.000000
4 82 1.000000
4 83 0.999934
4 84 0.993844
4 85 0.999969
4 86 0.999993
4 87 1.000000
4 88 0.029925
4 89 0.999994
4 90 0.999993
4 91 0.035762
4 92 0.999997
4 93 1.000000
4 94 0.051779
4 95 0.985073
4 96 0.880950
4 97 0.999999
4 98 0.999948
4 99 0.996438
5 0 0.999992
5 1 1.000000
5 2 0.999926
5 3 0.816249
5 4 0.005177
5 5 0.000000
5 6 0.999999
5 7 0.999804
5 8 1.000000
5 9 1.000000
5 10 0.999999
5 11 0.999582
5 12 0.999997
5 13 0.002681
5 14 0.573990
5 15 0.999978
5 16 0.992001
5 17 0.998591
5 18 0.019299
5 19 0.999997
5 20 0.508635
5 21 0.029925
5 22 0.079481
5 23 0.999999
5 24 0.999988
5 25 0.999948
5 26 0.999890
5 27 0.610510
5 28 0.936253
5 29 0.362752
5 30 0.997887
5 31 0.006763
5 32 1.000000
5 33 0.999999
5 34 1.000000
5 35 0.999972
5 36 1.000000
5 37 0.996196
5 38 0.999983
5 39 0.999992
5 40 0.999999
5 41 1.000000
5 42 0.687190
5 43 0.590401
5 44 0.999950
5 45 1.000000
5 46 0.999374
5 47 0.999996
5 48 1.000000
5 49 0.082237
5 50 0.051779
5 51 0.535509
5 52 0.999980
5 53 0.391878
5 54 0.998308
5 55 0.999956
5 56 0.991576
5 57 0.928576
5 58 0.999824
5 59 0.999536
5 60 1.000000
5 61 1.000000
5 62 0.029925
5 63 0.999999
5 64 0.999120
5 65 0.999997
5 66 0.999978
5 67 0.991999
5 68 0.999999
5 69 0.999868
5 70 0.999997
5 71 0.999971
5 72 0.028526
5 73 0.011782
5 74 0.999999
5 75 0.999987
5 76 0.227550
5 77 0.999999
5 78 0.410971
5 79 0.002681
5 80 0.000372
5 81 0.985826
5 82 0.999997
5 83 0.001279
5 84 0.992509
5 85 0.999999
5 86 0.060180
5 87 0.999992
5 88 0.999894
5 89 0.999989
5 90 1.000000
5 91 0.999999
5 92 0.999993
5 93 0.996532
5 94 0.035762
5 95 0.060180
5 96 0.999995
5 97 0.999991
5 98 0.999976
5 99 0.999736
6 0 1.000000
6 1 0.996485
6 2 0.996917
6 3 1.000000
6 4 0.029925
6 5 0.999999
6 6 0.000000
6 7 0.999512
6 8 0.999980
6 9 0.997327
6 10 0.071949
6 11 0.999991
6 12 1.000000
6 13 0.999974
6 14 0.998730
6 15 0.983447
6 16 0.977693
6 17 0.999530
6 18 0.999108
6 19 0.999997
6 20 0.999978
6 21 0.999992
6 22 0.000556
6 23 0.937778
6 24 0.999941
6 25 0.737453
6 26 0.999918
6 27 0.999940
6 28 0.999340
6 29 0.999930
6 30 0.998997
6 31 0.999995
6 32 0.082237
6 33 0.042353
6 34 0.006763
6 35 1.000000
6 36 0.998886
6 37 1.000000
6 38 0.999554
6 39 0.996993
6 40 0.999986
6 41 0.051779
6 42 0.999967
6 43 0.999926
6 44 1.000000
6 45 0.998827
6 46 1.000000
6 47 0.019299
6 48 0.999996
6 49 0.999977
6 50 0.035762
6 51 0.999996
6 52 0.999999
6 53 0.051779
6 54 0.992109
6 55 0.999996
6 56 0.999609
6 57 0.999998
6 58 0.944495
6 59 0.999890
6 60 1.000000
6 61 0.999824
6 62 1.000000
6 63 0.406016
6 64 0.034173
6 65 0.011782
6 66 0.035762
6 67 0.999999
6 68 1.000000
6 69 1.000000
6 70 0.992002
6 71 1.000000
6 72 0.999996
6 73 0.999922
6 74 0.006763
6 75 0.999530
6 76 0.029925
6 77 0.018287
6 78 1.000000
6 79 1.000000
6 80 0.955884
6 81 1.000000
6 82 0.999989
6 83 0.999687
6 84 0.218479
6 85 0.029925
6 86 0.051779
6 87 0.005177
6 88 0.999994
6 89 0.029925
6 90 1.000000
6 91 0.999258
6 92 0.922920
6 93 0.999554
6 94 0.999993
6 95 0.999967
6 96 0.999907
6 97 0.999998
6 98 0.999995
6 99 0.998997
7 0 0.999999
7 1 0.999938
7 2 0.999996
7 3 0.990157
7 4 0.998265
7 5 0.999804
7 6 0.999512
7 7 0.000000
7 8 0.029925
7 9 0.988187
7 10 0.867102
7 11 0.860512
7 12 0.999560
7 13 1.000000
7 14 0.999978
7 15 1.000000
7 16 0.999961
7 17 0.011782
7 18 0.999965
7 19 0.999926
7 20 0.994076
7 21 0.029925
7 22 0.999780
7 23 0.905921
7 24 0.999972
7 25 0.005177
7 26 0.999944
7 27 0.606413
7 28 0.019299
7 29 0.138922
7 30 1.000000
7 31 0.999996
7 32 0.002681
7 33 0.029925
7 34 0.997463
7 35 0.999165
7 36 0.999999
7 37 0.999995
7 38 0.268234
7 39 0.102123
7 40 0.737451
7 41 1.000000
7 42 0.019299
7 43 0.069412
7 44 1.000000
7 45 0.034173
7 46 0.999998
7 47 0.996298
7 48 0.999999
7 49 0.751866
7 50 0.590401
7 51 0.996247
7 52 0.999780
7 53 0.999812
7 54 0.999853
7 55 0.011782
7 56 1.000000
7 57 0.227550
7 58 0.005177
7 59 0.011782
7 60 0.999999
7 61 0.011782
7 62 0.999665
7 63 0.999999
7 64 0.999994
7 65 0.189109
7 66 1.000000
7 67 0.982569
7 68 1.000000
7 69 0.995779
7 70 0.999950
7 71 0.035762
7 72 1.000000
7 73 0.999959
7 74 0.999917
7 75 0.999999
7 76 1.000000
7 77 1.000000
7 78 0.029925
7 79 0.999648
7 80 0.999971
7 81 0.999953
7 82 1.000000
7 83 0.999530
7 84 0.983223
7 85 0.999996
7 86 1.000000
7 87 1.000000
7 88 0.029925
7 89 1.000000
7 90 0.998536
7 91 0.999994
7 92 0.867101
7 93 1.000000
7 94 0.999978
7 95 0.999996
7 96 0.105307
7 97 0.999961
7 98 1.000000
7 99 0.999999
8 0 0.999954
8 1 0.999295
8 2 0.986720
8 3 0.005177
8 4 0.051779
8 5 1.000000
8 6 0.999980
8 7 0.029925
8 8 0.000000
8 9 0.999512
8 10 0.999305
8 11 1.000000
8 12 0.011782
8 13 0.999992
8 14 0.999992
8 15 0.999995
8 16 1.000000
8 17 0.999582
8 18 0.998415
8 19 0.998843
8 20 0.999995
8 21 1.000000
8 22 0.019299
8 23 0.999945
8 24 0.999802
8 25 1.000000
8 26 0.979096
8 27 0.999907
8 28 0.029925
8 29 0.953579
8 30 0.999986
8 31 0.844504
8 32 0.581911
8 33 0.999996
8 34 1.000000
8 35 0.998943
8 36 1.000000
8 37 0.999868
8 38 0.999258
8 39 0.019299
8 40 1.000000
8 41 0.999922
8 42 0.005177
8 43 1.000000
8 44 0.035762
8 45 0.999997
8 46 0.362753
8 47 1.000000
8 48 0.029925
8 49 0.979096
8 50 1.000000
8 51 0.778725
8 52 0.999845
8 53 1.000000
8 54 0.999975
8 55 0.997530
8 56 0.999963
8 57 1.000000
8 58 1.000000
8 59 0.998943
8 60 0.999756
8 61 0.999938
8 62 0.977990
8 63 0.999996
8 64 0.999972
8 65 1.000000
8 66 0.999993
8 67 1.000000
8 68 0.999524
8 69 0.998457
8 70 0.979096
8 71 0.983223
8 72 0.999997
8 73 0.993675
8 74 0.999999
8 75 0.999991
8 76 0.999970
8 77 0.011782
8 78 0.934561
8 79 0.999999
8 80 1.000000
8 81 0.918970
8 82 0.999413
8 83 0.999961
8 84 0.005177
8 85 0.999765
8 86 0.999999
8 87 1.000000
8 88 0.998122
8 89 0.999973
8 90 0.999986
8 91 0.999963
8 92 1.000000
8 93 0.994803
8 94 0.991127
8 95 0.998330
8 96 1.000000
8 97 0.329464
8 98 0.999888
8 99 0.057916
9 0 0.997887
9 1 0.999983
9 2 0.049729
9 3 1.000000
9 4 0.945222
9 5 1.000000
9 6 0.997327
9 7 0.988187
9 8 0.999512
9 9 0.000000
9 10 0.314625
9 11 0.997530
9 12 0.997327
9 13 0.997530
9 14 0.999951
9 15 0.999941
9 16 0.999980
9 17 0.995554
9 18 1.000000
9 19 0.996875
9 20 0.999988
9 21 0.999373
9 22 0.001279
9 23 0.999944
9 24 1.000000
9 25 0.826850
9 26 0.998663
9 27 0.189109
9 28 0.999890
9 29 0.999994
9 30 0.999981
9 31 0.999994
9 32 1.000000
9 33 0.999997
9 34 0.999999
9 35 0.999405
9 36 0.008716
9 37 0.989082
9 38 1.000000
9 39 0.983223
9 40 0.035762
9 41 0.002681
9 42 0.999999
9 43 0.999958
9 44 0.999895
9 45 0.011782
9 46 0.999995
9 47 1.000000
9 48 0.999023
9 49 0.999951
9 50 0.189109
9 51 0.999373
9 52 0.000556
9 53 0.999999
9 54 0.914824
9 55 0.986898
9 56 0.713186
9 57 0.999999
9 58 0.003622
9 59 0.999987
9 60 0.999981
9 61 0.189109
9 62 0.999939
9 63 0.999995
9 64 0.999983
9 65 0.999996
9 66 0.999938
9 67 0.999994
9 68 0.988934
9 69 0.005177
9 70 0.049729
9 71 0.999286
9 72 0.999996
9 73 0.996664
9 74 1.000000
9 75 0.999999
9 76 0.999560
9 77 0.999997
9 78 0.999999
9 79 0.999999
9 80 0.006763
9 81 0.999948
9 82 0.999890
9 83 0.956464
9 84 0.005177
9 85 0.305549
9 86 1.000000
9 87 0.999992
9 88 0.996437
9 89 0.997887
9 90 1.000000
9 91 0.019299
9 92 0.999999
9 93 0.870414
9 94 1.000000
9 95 1.000000
9 96 0.999996
9 97 1.000000
9 98 0.999971
9 99 1.000000
10 0 1.000000
10 1 0.992983
10 2 0.999956
10 3 0.998843
10 4 0.999753
10 5 0.999999
10 6 0.071949
10 7 0.867102
10 8 0.999305
10 9 0.314625
10 10 0.000000
10 11 0.029925
10 12 1.000000
10 13 0.999777
10 14 0.842560
10 15 0.791203
10 16 0.999780
10 17 0.999961
10 18 0.999999
10 19 0.999780
10 20 0.998747
10 21 0.999995
10 22 0.998591
10 23 0.999987
10 24 0.999853
10 25 0.996833
10 26 0.011782
10 27 0.965441
10 28 0.999900
10 29 0.108547
10 30 0.071949
10 31 0.999010
10 32 0.999998
10 33 0.005177
10 34 0.984068
10 35 0.846427
10 36 0.999951
10 37 0.005177
10 38 1.000000
10 39 0.995554
10 40 0.999751
10 41 0.981397
10 42 0.999993
10 43 1.000000
10 44 0.999987
10 45 0.988784
10 46 0.999971
10 47 0.999937
10 48 0.005177
10 49 0.868768
10 50 0.029925
10 51 0.999989
10 52 0.998827
10 53 0.999930
10 54 1.000000
10 55 0.999994
10 56 0.999985
10 57 1.000000
10 58 0.005177
10 59 0.999985
10 60 1.000000
10 61 0.999975
10 62 0.999988
10 63 1.000000
10 64 0.999258
10 65 0.998827
10 66 0.999974
10 67 0.999991
10 68 0.999997
10 69 0.984491
10 70 0.986202
10 71 0.999554
10 72 0.998764
10 73 0.011782
10 74 0.997034
10 75 0.997655
10 76 0.987219
10 77 1.000000
10 78 0.999999
10 79 0.999956
10 80 0.999969
10 81 0.999922
10 82 0.999994
10 83 0.992215
10 84 0.951157
10 85 0.999670
10 86 1.000000
10 87 0.999948
10 88 0.999998
10 89 0.999999
10 90 1.000000
10 91 0.998887
10 92 0.029925
10 93 0.999999
10 94 0.999988
10 95 0.999994
10 96 1.000000
10 97 0.999971
10 98 0.999629
10 99 0.999991
11 0 0.051779
11 1 1.000000
11 2 0.999994
11 3 1.000000
11 4 1.000000
11 5 0.999582
11 6 0.999991
11 7 0.860512
11 8 1.000000
11 9 0.997530
11 10 0.029925
11 11 0.000000
11 12 0.999971
11 13 0.990157
11 14 0.999997
11 15 0.082237
11 16 0.999207
11 17 0.999998
11 18 0.985072
11 19 0.019299
11 20 0.999762
11 21 0.999982
11 22 0.999993
11 23 0.999868
11 24 0.082237
11 25 0.149692
11 26 0.999718
11 27 0.999975
11 28 0.999997
11 29 0.984871
11 30 0.439012
11 31 0.998330
11 32 0.014763
11 33 0.006763
11 34 0.042353
11 35 1.000000
11 36 0.994999
11 37 0.999998
11 38 0.999918
11 39 0.999999
11 40 0.998943
11 41 0.985825
11 42 0.999999
11 43 0.999896
11 44 0.999997
11 45 0.999907
11 46 0.942378
11 47 0.999912
11 48 0.011782
11 49 1.000000
11 50 0.997034
11 51 0.300647
11 52 1.000000
11 53 0.928576
11 54 1.000000
11 55 0.060180
11 56 0.999956
11 57 0.999817
11 58 0.973617
11 59 0.999896
11 60 0.391878
11 61 1.000000
11 62 0.999985
11 63 1.000000
11 64 0.999896
11 65 0.994076
11 66 0.992109
11 67 0.984068
11 68 0.051779
11 69 0.573990
11 70 0.999999
11 71 0.999997
11 72 0.999609
11 73 1.000000
11 74 0.998827
11 75 0.999969
11 76 0.998901
11 77 1.000000
11 78 0.999998
11 79 0.999926
11 80 0.989493
11 81 0.965441
11 82 1.000000
11 83 1.000000
11 84 1.000000
11 85 0.997994
11 86 0.996875
11 87 0.029925
11 88 0.998436
11 89 0.014763
11 90 0.999998
11 91 0.999971
11 92 1.000000
11 93 0.999998
11 94 0.028526
11 95 0.138922
11 96 0.834873
11 97 0.999984
11 98 0.999907
11 99 0.998414
12 0 0.958629
12 1 0.999999
12 2 1.000000
12 3 0.386901
12 4 0.999916
12 5 0.999997
12 6 1.000000
12 7 0.999560
12 8 0.011782
12 9 0.997327
12 10 1.000000
12 11 0.999971
12 12 0.000000
12 13 0.999647
12 14 0.415919
12 15 0.999814
12 16 0.999997
12 17 0.999665
12 18 0.019299
12 19 0.051779
12 20 0.999987
12 21 0.751866
12 22 0.035762
12 23 0.938589
12 24 0.999648
12 25 1.000000
12 26 0.997944
12 27 0.005177
12 28 0.000372
12 29 0.997887
12 30 0.581919
12 31 0.999883
12 32 0.996485
12 33 0.999999
12 34 1.000000
12 35 0.138922
12 36 0.425031
12 37 0.992508
12 38 0.999965
12 39 0.051779
12 40 0.060180
12 41 0.999989
12 42 0.996832
12 43 0.999295
12 44 0.999993
12 45 0.172989
12 46 0.535509
12 47 0.990528
12 48 0.011782
12 49 0.998996
12 50 0.999995
12 51 1.000000
12 52 0.997916
12 53 0.999976
12 54 0.997774
12 55 0.988187
12 56 0.023583
12 57 0.108547
12 58 0.997774
12 59 0.999883
12 60 0.999777
12 61 0.153568
12 62 1.000000
12 63 1.000000
12 64 0.999258
12 65 1.000000
12 66 0.019299
12 67 0.999984
12 68 0.019299
12 69 0.997530
12 70 0.990655
12 71 0.999843
12 72 1.000000
12 73 0.999980
12 74 1.000000
12 75 0.999999
12 76 0.035762
12 77 0.999443
12 78 0.999999
12 79 1.000000
12 80 0.999996
12 81 0.998680
12 82 0.994376
12 83 0.979096
12 84 0.998516
12 85 0.998591
12 86 0.998957
12 87 0.005177
12 88 0.970761
12 89 0.999999
12 90 0.999498
12 91 1.000000
12 92 0.999980
12 93 0.001279
12 94 1.000000
12 95 0.999725
12 96 0.999707
12 97 0.993338
12 98 0.998943
12 99 0.999956
13 0 0.999648
13 1 0.005177
13 2 0.999999
13 3 0.996664
13 4 0.975273
13 5 0.002681
13 6 0.999974
13 7 1.000000
13 8 0.999992
13 9 0.997530
13 10 0.999777
13 11 0.990157
13 12 0.999647
13 13 0.000000
13 14 0.001168
13 15 0.998681
13 16 0.999883
13 17 1.000000
13 18 0.999935
13 19 0.057916
13 20 0.993675
13 21 0.999929
13 22 1.000000
13 23 0.999997
13 24 0.999982
13 25 0.999918
13 26 1.000000
13 27 0.998536
13 28 0.023583
13 29 0.001794
13 30 1.000000
13 31 0.899866
13 32 0.874996
13 33 0.082237
13 34 0.999471
13 35 1.000000
13 36 0.999996
13 37 0.049729
13 38 0.988187
13 39 1.000000
13 40 0.999999
13 41 0.788678
13 42 0.999988
13 43 0.999999
13 44 0.995993
13 45 0.999985
13 46 0.999765
13 47 0.082237
13 48 0.999609
13 49 0.918969
13 50 0.980411
13 51 0.999951
13 52 1.000000
13 53 0.028526
13 54 0.093360
13 55 0.999999
13 56 0.997363
13 57 0.994733
13 58 0.932077
13 59 0.998217
13 60 0.002681
13 61 1.000000
13 62 1.000000
13 63 0.019299
13 64 0.999826
13 65 0.999861
13 66 0.999835
13 67 0.995316
13 68 0.999791
13 69 0.999998
13 70 0.223001
13 71 0.999598
13 72 0.042353
13 73 0.999999
13 74 0.999963
13 75 1.000000
13 76 0.999853
13 77 0.997624
13 78 0.999791
13 79 1.000000
13 80 0.006763
13 81 0.999472
13 82 0.999707
13 83 0.040565
13 84 0.999965
13 85 0.996247
13 86 0.997887
13 87 0.999916
13 88 0.999999
13 89 1.000000
13 90 0.999997
13 91 0.999999
13 92 0.999853
13 93 0.999919
13 94 0.999990
13 95 0.999991
13 96 0.999999
13 97 0.999907
13 98 0.999951
13 99 0.121504
14 0 0.999998
14 1 0.659444
14 2 1.000000
14 3 0.999870
14 4 0.995316
14 5 0.573990
14 6 0.998730
14 7 0.999978
14 8 0.999992
14 9 0.999951
14 10 0.842560
14 11 0.999997
14 12 0.415919
14 13 0.001168
14 14 0.000000
14 15 0.996100
14 16 0.968390
14 17 0.999993
14 18 0.998241
14 19 0.999735
14 20 1.000000
14 21 0.998698
14 22 0.999992
14 23 0.999997
14 24 1.000000
14 25 1.000000
14 26 0.999687
14 27 0.002681
14 28 0.999295
14 29 0.999804
14 30 0.005177
14 31 0.462602
14 32 0.999951
14 33 0.999997
14 34 0.999777
14 35 1.000000
14 36 0.999998
14 37 0.999982
14 38 0.999998
14 39 0.998516
14 40 0.082237
14 41 0.019299
14 42 0.981397
14 43 1.000000
14 44 0.071949
14 45 0.989082
14 46 0.999997
14 47 0.348574
14 48 0.999895
14 49 0.999992
14 50 1.000000
14 51 0.999652
14 52 0.993760
14 53 0.999972
14 54 1.000000
14 55 0.060180
14 56 0.999868
14 57 1.000000
14 58 0.069412
14 59 0.999108
14 60 1.000000
14 61 0.798244
14 62 0.184861
14 63 0.999986
14 64 0.005177
14 65 0.227550
14 66 0.029925
14 67 0.999373
14 68 1.000000
14 69 0.999989
14 70 0.999994
14 71 0.051779
14 72 0.999997
14 73 0.082237
14 74 0.996663
14 75 0.999901
14 76 0.992508
14 77 0.000372
14 78 0.002681
14 79 0.999965
14 80 1.000000
14 81 0.982095
14 82 0.999934
14 83 0.999996
14 84 0.999998
14 85 1.000000
14 86 0.999974
14 87 1.000000
14 88 1.000000
14 89 0.975602
14 90 0.999888
14 91 0.999536
14 92 0.999959
14 93 0.999998
14 94 0.381923
14 95 1.000000
14 96 0.999998
14 97 0.999707
14 98 0.999994
14 99 0.999995
15 0 0.508635
15 1 0.121504
15 2 0.999993
15 3 0.988345
15 4 0.999994
15 5 0.999978
15 6 0.983447
15 7 1.000000
15 8 0.999995
15 9 0.999941
15 10 0.791203
15 11 0.082237
15 12 0.999814
15 13 0.998681
15 14 0.996100
15 15 0.000000
15 16 0.999010
15 17 0.002681
15 18 0.999999
15 19 0.999994
15 20 0.051779
15 21 0.004818
15 22 0.999906
15 23 0.005177
15 24 0.999861
15 25 0.999365
15 26 0.999996
15 27 0.999999
15 28 0.999997
15 29 0.999999
15 30 0.035762
15 31 0.999985
15 32 0.999985
15 33 0.513285
15 34 0.367737
15 35 0.149692
15 36 1.000000
15 37 0.003622
15 38 0.057916
15 39 0.998330
15 40 0.986015
15 41 0.999972
15 42 0.999604
15 43 0.999976
15 44 1.000000
15 45 0.998048
15 46 0.999930
15 47 0.029925
15 48 1.000000
15 49 0.993675
15 50 0.002681
15 51 0.218482
15 52 0.999890
15 53 1.000000
15 54 0.999998
15 55 0.019299
15 56 0.997745
15 57 0.993338
15 58 0.999998
15 59 1.000000
15 60 0.495294
15 61 0.999802
15 62 0.002681
15 63 0.986720
15 64 1.000000
15 65 0.023583
15 66 0.049729
15 67 0.999981
15 68 0.999993
15 69 1.000000
15 70 0.999703
15 71 0.999991
15 72 0.035762
15 73 0.999997
15 74 0.999982
15 75 0.998330
15 76 0.051779
15 77 1.000000
15 78 0.005177
15 79 0.999997
15 80 0.999479
15 81 0.998957
15 82 0.999999
15 83 0.998048
15 84 0.999965
15 85 1.000000
15 86 0.999994
15 87 0.998496
15 88 1.000000
15 89 0.286770
15 90 0.131590
15 91 0.999973
15 92 1.000000
15 93 0.999876
15 94 0.410971
15 95 0.999998
15 96 1.000000
15 97 0.995554
15 98 1.000000
15 99 0.947930
16 0 1.000000
16 1 1.000000
16 2 0.999604
16 3 0.999979
16 4 0.029925
16 5 0.992001
16 6 0.977693
16 7 0.999961
16 8 1.000000
16 9 0.999980
16 10 0.999780
16 11 0.999207
16 12 0.999997
16 13 0.999883
16 14 0.968390
16 15 0.999010
16 16 0.000000
16 17 1.000000
16 18 0.838911
16 19 0.904700
16 20 0.999248
16 21 0.999861
16 22 1.000000
16 23 0.118059
16 24 0.999999
16 25 0.999868
16 26 0.999258
16 27 0.899866
16 28 0.029925
16 29 0.999969
16 30 0.991576
16 31 0.977990
16 32 0.035762
16 33 0.996617
16 34 0.999897
16 35 0.998217
16 36 0.999996
16 37 1.000000
16 38 0.999982
16 39 1.000000
16 40 0.999999
16 41 1.000000
16 42 0.999999
16 43 0.267500
16 44 0.989493
16 45 0.999996
16 46 0.391878
16 47 0.999983
16 48 1.000000
16 49 0.999588
16 50 0.999853
16 51 0.029925
16 52 0.999218
16 53 1.000000
16 54 0.768376
16 55 0.019299
16 56 0.999988
16 57 0.998330
16 58 0.999942
16 59 0.999583
16 60 0.690668
16 61 0.999722
16 62 0.999996
16 63 0.754758
16 64 0.002681
16 65 0.999814
16 66 0.999777
16 67 0.999926
16 68 0.958629
16 69 1.000000
16 70 0.999374
16 71 1.000000
16 72 0.000139
16 73 1.000000
16 74 0.305549
16 75 0.997222
16 76 0.429954
16 77 0.999999
16 78 1.000000
16 79 0.999176
16 80 0.093360
16 81 0.999983
16 82 0.573990
16 83 0.994155
16 84 1.000000
16 85 1.000000
16 86 0.999999
16 87 0.999814
16 88 1.000000
16 89 0.999995
16 90 0.034173
16 91 0.999938
16 92 0.999995
16 93 1.000000
16 94 0.263461
16 95 0.737453
16 96 0.069412
16 97 0.999988
16 98 0.999505
16 99 1.000000
17 0 0.082237
17 1 0.978814
17 2 0.996753
17 3 0.999711
17 4 0.999165
17 5 0.998591
17 6 0.999530
17 7 0.011782
17 8 0.999582
17 9 0.995554
17 10 0.999961
17 11 0.999998
17 12 0.999665
17 13 1.000000
17 14 0.999993
17 15 0.002681
17 16 1.000000
17 17 0.000000
17 18 0.999629
17 19 0.999993
17 20 1.000000
17 21 0.999999
17 22 0.999165
17 23 0.060180
17 24 0.999926
17 25 0.971149
17 26 0.999258
17 27 0.999998
17 28 0.999652
17 29 1.000000
17 30 0.983447
17 31 0.988784
17 32 1.000000
17 33 1.000000
17 34 0.565303
17 35 0.999268
17 36 0.999948
17 37 0.999739
17 38 0.999165
17 39 0.995066
17 40 1.000000
17 41 1.000000
17 42 0.999981
17 43 0.844504
17 44 0.999999
17 45 0.035762
17 46 0.014763
17 47 1.000000
17 48 0.035762
17 49 0.999471
17 50 0.999843
17 51 1.000000
17 52 0.995993
17 53 0.999917
17 54 0.999530
17 55 0.060180
17 56 0.914825
17 57 0.348574
17 58 0.999998
17 59 0.999991
17 60 0.999752
17 61 0.999984
17 62 0.011782
17 63 0.999985
17 64 1.000000
17 65 0.227550
17 66 0.999582
17 67 0.999930
17 68 1.000000
17 69 0.927638
17 70 1.000000
17 71 0.999206
17 72 0.999765
17 73 0.999997
17 74 0.999996
17 75 0.999997
17 76 0.999953
17 77 0.028526
17 78 1.000000
17 79 0.999687
17 80 1.000000
17 81 0.999707
17 82 1.000000
17 83 0.005177
17 84 0.999983
17 85 0.999961
17 86 0.998610
17 87 0.999841
17 88 1.000000
17 89 0.999945
17 90 1.000000
17 91 1.000000
17 92 0.669913
17 93 0.999999
17 94 0.999287
17 95 0.999996
17 96 1.000000
17 97 0.999998
17 98 0.999826
17 99 0.999998
18 0 0.999258
18 1 0.999998
18 2 1.000000
18 3 0.999997
18 4 0.999718
18 5 0.019299
18 6 0.999108
18 7 0.999965
18 8 0.998415
18 9 1.000000
18 10 0.999999
18 11 0.985072
18 12 0.019299
18 13 0.999935
18 14 0.998241
18 15 0.999999
18 16 0.838911
18 17 0.999629
18 18 0.000000
18 19 0.999979
18 20 0.999970
18 21 0.981146
18 22 0.011782
18 23 0.999995
18 24 0.011782
18 25 0.004818
18 26 0.997744
18 27 0.999999
18 28 0.950512
18 29 0.999999
18 30 0.765619
18 31 0.957516
18 32 0.999996
18 33 0.999999
18 34 1.000000
18 35 1.000000
18 36 0.994732
18 37 0.006763
18 38 0.999993
18 39 1.000000
18 40 0.999061
18 41 0.997327
18 42 1.000000
18 43 0.999999
18 44 0.999995
18 45 0.999987
18 46 0.920015
18 47 0.997655
18 48 1.000000
18 49 0.006763
18 50 1.000000
18 51 0.999984
18 52 0.001279
18 53 0.999999
18 54 0.860511
18 55 1.000000
18 56 0.997034
18 57 0.999986
18 58 0.999853
18 59 0.967167
18 60 0.999780
18 61 0.999883
18 62 0.995316
18 63 0.035762
18 64 0.999883
18 65 0.999992
18 66 0.002681
18 67 1.000000
18 68 0.999648
18 69 0.999554
18 70 0.999997
18 71 0.988345
18 72 0.093360
18 73 0.995613
18 74 0.999851
18 75 0.000372
18 76 0.999996
18 77 1.000000
18 78 0.999739
18 79 0.999956
18 80 0.970369
18 81 0.999984
18 82 0.999443
18 83 0.999999
18 84 0.999965
18 85 0.999890
18 86 0.999971
18 87 0.997327
18 88 0.997994
18 89 1.000000
18 90 0.994376
18 91 0.913714
18 92 0.999998
18 93 0.964978
18 94 0.999752
18 95 0.999010
18 96 0.998662
18 97 0.029925
18 98 0.011782
18 99 0.999912
19 0 1.000000
19 1 0.999824
19 2 1.000000
19 3 1.000000
19 4 0.993338
19 5 0.999997
19 6 0.999997
19 7 0.999926
19 8 0.998843
19 9 0.996875
19 10 0.999780
19 11 0.019299
19 12 0.051779
19 13 0.057916
19 14 0.999735
19 15 0.999994
19 16 0.904700
19 17 0.999993
19 18 0.999979
19 19 0.000000
19 20 0.999961
19 21 0.992109
19 22 0.999998
19 23 1.000000
19 24 0.071949
19 25 0.990780
19 26 1.000000
19 27 1.000000
19 28 0.981397
19 29 0.999707
19 30 0.999604
19 31 0.998827
19 32 0.999986
19 33 1.000000
19 34 1.000000
19 35 0.997994
19 36 0.996663
19 37 0.999927
19 38 0.939390
19 39 0.029925
19 40 0.938589
19 41 0.737453
19 42 0.992002
19 43 0.999985
19 44 0.999867
19 45 0.886639
19 46 0.999999
19 47 0.995316
19 48 0.997398
19 49 0.999176
19 50 0.999908
19 51 0.617991
19 52 0.889496
19 53 0.999960
19 54 0.999941
19 55 0.472230
19 56 0.999883
19 57 0.005177
19 58 0.999980
19 59 0.999992
19 60 0.999934
19 61 0.999999
19 62 0.917910
19 63 0.977990
19 64 1.000000
19 65 0.999994
19 66 0.999999
19 67 0.999998
19 68 0.305549
19 69 0.999890
19 70 0.999691
19 71 0.882454
19 72 0.999373
19 73 0.011782
19 74 0.999967
19 75 0.535509
19 76 0.189109
19 77 1.000000
19 78 0.999944
19 79 0.998122
19 80 0.999999
19 81 0.999926
19 82 0.999907
19 83 0.999993
19 84 1.000000
19 85 1.000000
19 86 0.954792
19 87 0.994156
19 88 0.999998
19 89 0.999994
19 90 0.999739
19 91 0.999912
19 92 1.000000
19 93 0.999997
19 94 1.000000
19 95 0.999992
19 96 0.959174
19 97 1.000000
19 98 0.626001
19 99 1.000000
20 0 0.999981
20 1 1.000000
20 2 0.051779
20 3 0.999998
20 4 1.000000
20 5 0.508635
20 6 0.999978
20 7 0.994076
20 8 0.999995
20 9 0.999988
20 10 0.998747
20 11 0.999762
20 12 0.999987
20 13 0.993675
20 14 1.000000
20 15 0.051779
20 16 0.999248
20 17 1.000000
20 18 0.999970
20 19 0.999961
20 20 0.000000
20 21 0.999997
20 22 1.000000
20 23 0.999295
20 24 0.002681
20 25 0.993760
20 26 0.999999
20 27 0.986898
20 28 0.999374
20 29 0.138922
20 30 0.999999
20 31 0.042353
20 32 0.999853
20 33 0.999999
20 34 0.998827
20 35 0.035762
20 36 0.873402
20 37 0.999992
20 38 1.000000
20 39 0.996533
20 40 0.999878
20 41 0.490569
20 42 0.958629
20 43 0.999967
20 44 1.000000
20 45 0.998944
20 46 0.999953
20 47 0.348574
20 48 0.999721
20 49 0.999752
20 50 0.035762
20 51 0.999998
20 52 0.997624
20 53 0.998591
20 54 0.947242
20 55 0.999722
20 56 1.000000
20 57 0.999999
20 58 0.960688
20 59 0.002681
20 60 0.999999
20 61 0.997073
20 62 0.019299
20 63 1.000000
20 64 0.915921
20 65 0.999995
20 66 0.999994
20 67 1.000000
20 68 0.201407
20 69 0.263461
20 70 0.004818
20 71 0.997530
20 72 0.034173
20 73 0.998147
20 74 0.227550
20 75 1.000000
20 76 1.000000
20 77 0.999999
20 78 0.227550
20 79 0.999997
20 80 0.999976
20 81 0.002681
20 82 0.029925
20 83 0.999950
20 84 0.985825
20 85 1.000000
20 86 0.999853
20 87 0.999995
20 88 1.000000
20 89 1.000000
20 90 0.999908
20 91 0.035762
20 92 0.138922
20 93 0.999060
20 94 0.005177
20 95 0.999948
20 96 0.999718
20 97 0.999788
20 98 0.168897
20 99 0.999935
21 0 0.876570
21 1 0.035762
21 2 0.981645
21 3 0.944497
21 4 0.998957
21 5 0.029925
21 6 0.999992
21 7 0.029925
21 8 1.000000
21 9 0.999373
21 10 0.999995
21 11 0.999982
21 12 0.751866
21 13 0.999929
21 14 0.998698
21 15 0.004818
21 16 0.999861
21 17 0.999999
21 18 0.981146
21 19 0.992109
21 20 0.999997
21 21 0.000000
21 22 0.004818
21 23 0.967167
21 24 0.999750
21 25 0.999951
21 26 0.968808
21 27 0.848329
21 28 0.999993
21 29 0.980411
21 30 0.005177
21 31 1.000000
21 32 0.999870
21 33 0.999777
21 34 0.862254
21 35 0.029925
21 36 0.999999
21 37 0.102122
21 38 0.998122
21 39 0.999956
21 40 1.000000
21 41 0.999998
21 42 1.000000
21 43 0.996664
21 44 0.996708
21 45 0.999258
21 46 0.005177
21 47 0.999990
21 48 0.999978
21 49 0.998330
21 50 0.999999
21 51 0.343598
21 52 0.999916
21 53 0.997804
21 54 0.999985
21 55 0.986720
21 56 1.000000
21 57 1.000000
21 58 0.999997
21 59 0.999812
21 60 0.172989
21 61 1.000000
21 62 0.999990
21 63 0.999485
21 64 0.999413
21 65 0.816250
21 66 0.999999
21 67 0.071949
21 68 0.923918
21 69 0.999749
21 70 0.999994
21 71 0.999956
21 72 0.999961
21 73 1.000000
21 74 0.999985
21 75 0.999993
21 76 0.999990
21 77 0.999858
21 78 0.999937
21 79 0.982333
21 80 0.999999
21 81 0.999999
21 82 0.069411
21 83 0.999752
21 84 0.999999
21 85 0.999955
21 86 0.999999
21 87 0.003622
21 88 1.000000
21 89 0.999859
21 90 0.978814
21 91 1.000000
21 92 0.999687
21 93 0.999999
21 94 0.029925
21 95 0.999908
21 96 0.999958
21 97 1.000000
21 98 0.999999
21 99 0.029925
22 0 0.669913
22 1 1.000000
22 2 0.999970
22 3 0.002681
22 4 1.000000
22 5 0.079481
22 6 0.000556
22 7 0.999780
22 8 0.019299
22 9 0.001279
22 10 0.998591
22 11 0.999993
22 12 0.035762
22 13 1.000000
22 14 0.999992
22 15 0.999906
22 16 1.000000
22 17 0.999165
22 18 0.011782
22 19 0.999998
22 20 1.000000
22 21 0.004818
22 22 0.000000
22 23 0.990655
22 24 0.999896
22 25 0.999665
22 26 0.791203
22 27 0.999479
22 28 1.000000
22 29 0.001794
22 30 0.000372
22 31 0.999988
22 32 0.051779
22 33 1.000000
22 34 1.000000
22 35 0.005177
22 36 0.999918
22 37 0.011782
22 38 0.999998
22 39 0.319566
22 40 0.901145
22 41 0.996993
22 42 0.997916
22 43 0.820692
22 44 0.999999
22 45 0.992983
22 46 0.999974
22 47 0.149692
22 48 0.997887
22 49 0.999998
22 50 0.993675
22 51 0.997034
22 52 0.029925
22 53 1.000000
22 54 0.999941
22 55 0.990023
22 56 0.999999
22 57 0.999999
22 58 0.999983
22 59 0.999964
22 60 0.999999
22 61 0.997774
22 62 1.000000
22 63 0.172989
22 64 0.999921
22 65 0.986898
22 66 0.999999
22 67 0.999691
22 68 1.000000
22 69 0.999868
22 70 0.999735
22 71 0.477022
22 72 0.999996
22 73 0.999897
22 74 1.000000
22 75 0.999982
22 76 0.999999
22 77 1.000000
22 78 0.999942
22 79 0.999997
22 80 0.999990
22 81 1.000000
22 82 0.999999
22 83 0.999999
22 84 0.006763
22 85 1.000000
22 86 0.999993
22 87 0.999998
22 88 0.999993
22 89 0.996833
22 90 1.000000
22 91 0.999997
22 92 0.999930
22 93 0.999991
22 94 1.000000
22 95 0.029925
22 96 0.999976
22 97 0.998436
22 98 1.000000
22 99 0.319567
23 0 1.000000
23 1 0.999722
23 2 1.000000
23 3 0.999853
23 4 0.999582
23 5 0.999999
23 6 0.937778
23 7 0.905921
23 8 0.999945
23 9 0.999944
23 10 0.999987
23 11 0.999868
23 12 0.938589
23 13 0.999997
23 14 0.999997
23 15 0.005177
23 16 0.118059
23 17 0.060180
23 18 0.999995
23 19 1.000000
23 20 0.999295
23 21 0.967167
23 22 0.990655
23 23 0.000000
23 24 0.999994
23 25 0.029925
23 26 0.987559
23 27 1.000000
23 28 0.999609
23 29 0.982996
23 30 0.138922
23 31 0.999998
23 32 0.999609
23 33 0.011782
23 34 0.999988
23 35 0.999999
23 36 0.997687
23 37 0.996875
23 38 0.006763
23 39 0.023583
23 40 0.999983
23 41 1.000000
23 42 0.999981
23 43 0.999896
23 44 1.000000
23 45 0.999998
23 46 0.999861
23 47 0.999971
23 48 0.999945
23 49 0.999707
23 50 0.999999
23 51 0.999954
23 52 0.999165
23 53 1.000000
23 54 0.019299
23 55 0.998516
23 56 0.999853
23 57 0.168897
23 58 0.999937
23 59 0.999999
23 60 0.951799
23 61 0.999999
23 62 1.000000
23 63 0.996663
23 64 0.999972
23 65 0.069412
23 66 1.000000
23 67 1.000000
23 68 0.683679
23 69 0.999954
23 70 0.999987
23 71 0.006763
23 72 0.305549
23 73 0.069412
23 74 0.996532
23 75 0.986429
23 76 0.999998
23 77 1.000000
23 78 0.011782
23 79 0.776072
23 80 1.000000
23 81 0.999808
23 82 0.999652
23 83 0.998330
23 84 0.993760
23 85 1.000000
23 86 0.999691
23 87 0.999843
23 88 1.000000
23 89 0.938590
23 90 0.490569
23 91 0.999993
23 92 0.997774
23 93 0.999982
23 94 0.999993
23 95 1.000000
23 96 0.999985
23 97 1.000000
23 98 1.000000
23 99 0.909313
24 0 0.999988
24 1 0.999999
24 2 1.000000
24 3 0.997995
24 4 0.999985
24 5 0.999988
24 6 0.999941
24 7 0.999972
24 8 0.999802
24 9 1.000000
24 10 0.999853
24 11 0.082237
24 12 0.999648
24 13 0.999982
24 14 1.000000
24 15 0.999861
24 16 0.999999
24 17 0.999926
24 18 0.011782
24 19 0.071949
24 20 0.002681
24 21 0.999750
24 22 0.999896
24 23 0.999994
24 24 0.000000
24 25 0.999998
24 26 1.000000
24 27 1.000000
24 28 0.108547
24 29 1.000000
24 30 0.999652
24 31 1.000000
24 32 0.999997
24 33 0.998698
24 34 0.996663
24 35 0.997995
24 36 0.999802
24 37 0.999994
24 38 0.019299
24 39 0.999974
24 40 1.000000
24 41 0.999999
24 42 1.000000
24 43 0.999851
24 44 0.999988
24 45 0.999340
24 46 0.999999
24 47 1.000000
24 48 0.998436
24 49 0.999992
24 50 0.023583
24 51 0.999974
24 52 0.999960
24 53 0.610510
24 54 0.999999
24 55 0.999998
24 56 0.999998
24 57 0.915921
24 58 0.807431
24 59 0.999991
24 60 0.980147
24 61 0.051779
24 62 0.029925
24 63 0.071949
24 64 0.999999
24 65 0.999295
24 66 0.999998
24 67 0.999999
24 68 0.999993
24 69 0.998610
24 70 0.006763
24 71 0.999907
24 72 1.000000
24 73 0.999991
24 74 0.999791
24 75 0.998415
24 76 0.319567
24 77 0.894801
24 78 1.000000
24 79 0.999861
24 80 1.000000
24 81 0.999870
24 82 1.000000
24 83 0.997497
24 84 1.000000
24 85 0.999976
24 86 1.000000
24 87 0.999942
24 88 0.019299
24 89 0.051779
24 90 0.490569
24 91 1.000000
24 92 1.000000
24 93 0.001279
24 94 0.029925
24 95 1.000000
24 96 0.999739
24 97 0.999752
24 98 0.994999
24 99 0.138922
25 0 1.000000
25 1 0.999984
25 2 0.999912
25 3 0.999390
25 4 0.999990
25 5 0.999948
25 6 0.737453
25 7 0.005177
25 8 1.000000
25 9 0.826850
25 10 0.996833
25 11 0.149692
25 12 1.000000
25 13 0.999918
25 14 1.000000
25 15 0.999365
25 16 0.999868
25 17 0.971149
25 18 0.004818
25 19 0.990780
25 20 0.993760
25 21 0.999951
25 22 0.999665
25 23 0.029925
25 24 0.999998
25 25 0.000000
25 26 0.138922
25 27 0.988187
25 28 0.990024
25 29 0.999991
25 30 1.000000
25 31 0.000372
25 32 0.011782
25 33 1.000000
25 34 0.999989
25 35 1.000000
25 36 0.999971
25 37 0.999588
25 38 0.999994
25 39 0.548312
25 40 0.999648
25 41 0.641070
25 42 0.999995
25 43 0.999996
25 44 0.996437
25 45 0.005177
25 46 0.999999
25 47 1.000000
25 48 0.999703
25 49 0.999967
25 50 0.999554
25 51 0.999994
25 52 0.809758
25 53 0.002681
25 54 1.000000
25 55 0.999634
25 56 0.998122
25 57 1.000000
25 58 0.999967
25 59 1.000000
25 60 0.019299
25 61 1.000000
25 62 0.988934
25 63 0.999405
25 64 0.999999
25 65 1.000000
25 66 0.999286
25 67 0.995066
25 68 0.002681
25 69 0.999999
25 70 1.000000
25 71 0.000372
25 72 0.999922
25 73 0.999954
25 74 0.999998
25 75 0.922920
25 76 1.000000
25 77 0.997363
25 78 0.999994
25 79 0.999998
25 80 0.999999
25 81 1.000000
25 82 0.002681
25 83 0.655709
25 84 0.999997
25 85 1.000000
25 86 0.999999
25 87 1.000000
25 88 0.999835
25 89 0.999958
25 90 0.999998
25 91 0.984491
25 92 0.998943
25 93 0.035762
25 94 0.995779
25 95 0.057916
25 96 0.999998
25 97 0.999988
25 98 0.999623
25 99 0.006763
26 0 0.002681
26 1 1.000000
26 2 0.590401
26 3 0.168897
26 4 1.000000
26 5 0.999890
26 6 0.999918
26 7 0.999944
26 8 0.979096
26 9 0.998663
26 10 0.011782
26 11 0.999718
26 12 0.997944
26 13 1.000000
26 14 0.999687
26 15 0.999996
26 16 0.999258
26 17 0.999258
26 18 0.997744
26 19 1.000000
26 20 0.999999
26 21 0.968808
26 22 0.791203
26 23 0.987559
26 24 1.000000
26 25 0.138922
26 26 0.000000
26 27 0.998495
26 28 0.999998
26 29 1.000000
26 30 0.999989
26 31 0.999998
26 32 0.005177
26 33 0.999560
26 34 0.999890
26 35 0.023583
26 36 0.955884
26 37 0.005177
26 38 1.000000
26 39 0.999780
26 40 0.189109
26 41 0.999732
26 42 0.999314
26 43 0.981146
26 44 0.765619
26 45 0.999995
26 46 0.029925
26 47 0.999965
26 48 0.996832
26 49 0.999896
26 50 1.000000
26 51 0.029925
26 52 1.000000
26 53 0.184861
26 54 0.029925
26 55 0.999999
26 56 1.000000
26 57 0.001279
26 58 0.981146
26 59 0.997774
26 60 0.121504
26 61 0.029925
26 62 1.000000
26 63 0.999988
26 64 0.051779
26 65 1.000000
26 66 1.000000
26 67 0.798243
26 68 0.920015
26 69 0.006763
26 70 1.000000
26 71 0.999969
26 72 0.999997
26 73 0.999752
26 74 1.000000
26 75 1.000000
26 76 0.993516
26 77 0.998997
26 78 1.000000
26 79 0.914824
26 80 1.000000
26 81 1.000000
26 82 0.006763
26 83 1.000000
26 84 0.999989
26 85 0.008716
26 86 0.999965
26 87 0.999995
26 88 0.998536
26 89 0.999988
26 90 0.999961
26 91 1.000000
26 92 0.999982
26 93 0.972225
26 94 0.999996
26 95 0.994661
26 96 0.014763
26 97 0.042353
26 98 1.000000
26 99 0.853624
27 0 0.928576
27 1 0.999959
27 2 0.999999
27 3 0.999999
27 4 0.999979
27 5 0.610510
27 6 0.999940
27 7 0.606413
27 8 0.999907
27 9 0.189109
27 10 0.965441
27 11 0.999975
27 12 0.005177
27 13 0.998536
27 14 0.002681
27 15 0.999999
27 16 0.899866
27 17 0.999998
27 18 0.999999
27 19 1.000000
27 20 0.986898
27 21 0.848329
27 22 0.999479
27 23 1.000000
27 24 1.000000
27 25 0.988187
27 26 0.998495
27 27 0.000000
27 28 0.998457
27 29 0.029925
27 30 0.999471
27 31 0.999969
27 32 0.999969
27 33 0.999996
27 34 1.000000
27 35 0.999665
27 36 0.995779
27 37 0.976514
27 38 0.999992
27 39 0.135231
27 40 0.999802
27 41 0.005177
27 42 0.372722
27 43 0.999305
27 44 0.999687
27 45 0.999165
27 46 0.071949
27 47 0.001279
27 48 0.996484
27 49 0.023583
27 50 0.990780
27 51 1.000000
