0 0 0.000000
0 1 0.003622
0 2 0.001646
0 3 0.066931
0 4 0.022408
0 5 0.172355
0 6 0.001508
0 7 0.121504
0 8 0.002279
0 9 0.003622
0 10 0.028526
0 11 0.183559
0 12 0.005177
0 13 0.000334
0 14 0.105307
0 15 0.209540
0 16 0.013938
0 17 0.028526
0 18 0.001279
0 19 0.004818
0 20 0.023583
0 21 0.401053
0 22 0.011782
0 23 0.105307
0 24 0.006763
0 25 0.004480
0 26 0.035762
0 27 0.028526
0 28 0.051779
0 29 0.011782
0 30 0.149692
0 31 0.114667
0 32 0.003103
0 33 0.022408
0 34 0.038829
0 35 0.002473
0 36 0.084612
0 37 0.035762
0 38 0.798244
0 39 0.062139
0 40 0.001279
0 41 0.057916
0 42 0.949748
0 43 0.064507
0 44 0.347807
0 45 0.002473
0 46 0.089935
0 47 0.035762
0 48 0.011090
0 49 0.076783
0 50 0.007651
0 51 0.107542
0 52 0.172355
0 53 0.002681
0 54 0.249277
0 55 0.000556
0 56 0.001279
0 57 0.022408
0 58 0.000556
0 59 0.725534
0 60 0.013938
0 61 0.013938
0 62 0.013938
0 63 0.005177
0 64 0.011782
0 65 0.000268
0 66 0.314631
0 67 0.005177
0 68 0.006317
0 69 0.019141
0 70 0.037146
0 71 0.009800
0 72 0.004161
0 73 0.004480
0 74 0.034173
0 75 0.003622
0 76 0.003622
0 77 0.092439
0 78 0.006317
0 79 0.014763
0 80 0.017316
0 81 0.102123
0 82 0.021276
0 83 0.000814
0 84 0.014763
0 85 0.319566
0 86 0.043907
0 87 0.001168
0 88 0.000556
0 89 0.000218
0 90 0.000334
0 91 0.025871
0 92 0.004818
0 93 0.001646
0 94 0.027175
0 95 0.007651
0 96 0.002681
0 97 0.049729
0 98 0.000556
0 99 0.011782
1 0 0.003622
1 1 0.000000
1 2 0.019299
1 3 0.149692
1 4 0.040294
1 5 0.034173
1 6 0.014763
1 7 0.002473
1 8 0.037146
1 9 0.184861
1 10 0.034173
1 11 0.007159
1 12 0.005177
1 13 0.002473
1 14 0.006317
1 15 0.001645
1 16 0.002681
1 17 0.000814
1 18 0.038829
1 19 0.095918
1 20 0.031146
1 21 0.424272
1 22 0.047734
1 23 0.038829
1 24 0.028526
1 25 0.002681
1 26 0.034173
1 27 0.001279
1 28 0.001279
1 29 0.127998
1 30 0.002681
1 31 0.047432
1 32 0.011782
1 33 0.105307
1 34 0.006317
1 35 0.006317
1 36 0.006763
1 37 0.010986
1 38 0.000814
1 39 0.008716
1 40 0.002681
1 41 0.008716
1 42 0.462595
1 43 0.022408
1 44 0.023583
1 45 0.005177
1 46 0.014763
1 47 0.008716
1 48 0.011090
1 49 0.576970
1 50 0.008716
1 51 0.011782
1 52 0.008716
1 53 0.026971
1 54 0.000814
1 55 0.038829
1 56 0.051460
1 57 0.008716
1 58 0.000139
1 59 0.898370
1 60 0.188452
1 61 0.001168
1 62 0.034173
1 63 0.011090
1 64 0.006317
1 65 0.027175
1 66 0.017316
1 67 0.004818
1 68 0.005177
1 69 0.035762
1 70 0.001279
1 71 0.114667
1 72 0.003622
1 73 0.765190
1 74 0.006763
1 75 0.009800
1 76 0.003622
1 77 0.011782
1 78 0.110818
1 79 0.160843
1 80 0.000372
1 81 0.008716
1 82 0.003354
1 83 0.004818
1 84 0.589751
1 85 0.001279
1 86 0.017316
1 87 0.001794
1 88 0.047734
1 89 0.022408
1 90 0.003622
1 91 0.001646
1 92 0.006763
1 93 0.002681
1 94 0.090388
1 95 0.160843
1 96 0.005177
1 97 0.105307
1 98 0.027175
1 99 0.055708
2 0 0.001646
2 1 0.019299
2 2 0.000000
2 3 0.028526
2 4 0.006763
2 5 0.002681
2 6 0.828644
2 7 0.419336
2 8 0.005896
2 9 0.000334
2 10 0.008170
2 11 0.034173
2 12 0.045794
2 13 0.098993
2 14 0.014763
2 15 0.007651
2 16 0.022408
2 17 0.000814
2 18 0.098993
2 19 0.773393
2 20 0.001279
2 21 0.200733
2 22 0.001380
2 23 0.022408
2 24 0.006763
2 25 0.011090
2 26 0.045794
2 27 0.004161
2 28 0.102123
2 29 0.002473
2 30 0.007159
2 31 0.087472
2 32 0.020187
2 33 0.000194
2 34 0.016383
2 35 0.011090
2 36 0.002473
2 37 0.000814
2 38 0.005497
2 39 0.000814
2 40 0.008170
2 41 0.042353
2 42 0.042353
2 43 0.104813
2 44 0.006763
2 45 0.012394
2 46 0.027175
2 47 0.011782
2 48 0.000814
2 49 0.006763
2 50 0.003354
2 51 0.001794
2 52 0.001794
2 53 0.003622
2 54 0.003622
2 55 0.045794
2 56 0.069026
2 57 0.053556
2 58 0.069412
2 59 0.087027
2 60 0.001279
2 61 0.008170
2 62 0.226847
2 63 0.020187
2 64 0.003622
2 65 0.021276
2 66 0.006763
2 67 0.006763
2 68 0.017316
2 69 0.001794
2 70 0.001279
2 71 0.079482
2 72 0.003622
2 73 0.031146
2 74 0.023583
2 75 0.209540
2 76 0.008170
2 77 0.006763
2 78 0.018287
2 79 0.002681
2 80 0.014763
2 81 0.002681
2 82 0.006763
2 83 0.000372
2 84 0.055708
2 85 0.049729
2 86 0.003354
2 87 0.008716
2 88 0.010429
2 89 0.042074
2 90 0.011782
2 91 0.008170
2 92 0.018287
2 93 0.002473
2 94 0.007574
2 95 0.001928
2 96 0.019299
2 97 0.002681
2 98 0.253254
2 99 0.013149
3 0 0.066931
3 1 0.149692
3 2 0.028526
3 3 0.000000
3 4 0.042074
3 5 0.011090
3 6 0.004818
3 7 0.576971
3 8 0.014763
3 9 0.706595
3 10 0.004818
3 11 0.160843
3 12 0.011090
3 13 0.066931
3 14 0.018287
3 15 0.034173
3 16 0.156883
3 17 0.008716
3 18 0.008716
3 19 0.005896
3 20 0.059827
3 21 0.006763
3 22 0.006763
3 23 0.069412
3 24 0.658870
3 25 0.092440
3 26 0.045794
3 27 0.012394
3 28 0.004818
3 29 0.079482
3 30 0.008716
3 31 0.003622
3 32 0.092899
3 33 0.025871
3 34 0.028526
3 35 0.023583
3 36 0.401053
3 37 0.006317
3 38 0.007651
3 39 0.149692
3 40 0.003354
3 41 0.003861
3 42 0.057916
3 43 0.135230
3 44 0.000372
3 45 0.069412
3 46 0.003622
3 47 0.005177
3 48 0.613953
3 49 0.503966
3 50 0.005177
3 51 0.057916
3 52 0.023583
3 53 0.008716
3 54 0.011090
3 55 0.001065
3 56 0.102123
3 57 0.093360
3 58 0.006763
3 59 0.168897
3 60 0.000669
3 61 0.003861
3 62 0.069412
3 63 0.059828
3 64 0.010429
3 65 0.006763
3 66 0.055373
3 67 0.108044
3 68 0.002279
3 69 0.008716
3 70 0.281925
3 71 0.011782
3 72 0.002097
3 73 0.000556
3 74 0.005177
3 75 0.060180
3 76 0.003622
3 77 0.037146
3 78 0.003622
3 79 0.003622
3 80 0.014763
3 81 0.034173
3 82 0.003622
3 83 0.023583
3 84 0.005177
3 85 0.008716
3 86 0.006763
3 87 0.057916
3 88 0.011674
3 89 0.098516
3 90 0.000814
3 91 0.049729
3 92 0.006763
3 93 0.164848
3 94 0.003354
3 95 0.005120
3 96 0.004480
3 97 0.751418
3 98 0.556513
3 99 0.931940
4 0 0.022408
4 1 0.040294
4 2 0.006763
4 3 0.042074
4 4 0.000000
4 5 0.011090
4 6 0.006763
4 7 0.006763
4 8 0.028526
4 9 0.026971
4 10 0.043907
4 11 0.001279
4 12 0.093360
4 13 0.001279
4 14 0.004818
4 15 0.005177
4 16 0.003861
4 17 0.029706
4 18 0.000556
4 19 0.003622
4 20 0.053556
4 21 0.010429
4 22 0.092899
4 23 0.001279
4 24 0.014763
4 25 0.000814
4 26 0.002681
4 27 0.002473
4 28 0.008170
4 29 0.000023
4 30 0.013149
4 31 0.098993
4 32 0.011782
4 33 0.000814
4 34 0.004818
4 35 0.001794
4 36 0.213994
4 37 0.064507
4 38 0.018287
4 39 0.006763
4 40 0.019299
4 41 0.019299
4 42 0.000556
4 43 0.010429
4 44 0.020187
4 45 0.001794
4 46 0.002279
4 47 0.003622
4 48 0.012394
4 49 0.001279
4 50 0.006317
4 51 0.160843
4 52 0.011782
4 53 0.034173
4 54 0.004818
4 55 0.006763
4 56 0.001065
4 57 0.003622
4 58 0.005177
4 59 0.004818
4 60 0.004818
4 61 0.004818
4 62 0.007651
4 63 0.003622
4 64 0.001794
4 65 0.013938
4 66 0.001794
4 67 0.020187
4 68 0.006763
4 69 0.643140
4 70 0.018287
4 71 0.006763
4 72 0.069412
4 73 0.314631
4 74 0.007086
4 75 0.000334
4 76 0.011782
4 77 0.001794
4 78 0.000372
4 79 0.004818
4 80 0.004818
4 81 0.295757
4 82 0.001168
4 83 0.000814
4 84 0.001279
4 85 0.040294
4 86 0.011090
4 87 0.697012
4 88 0.156882
4 89 0.267497
4 90 0.153568
4 91 0.027175
4 92 0.013938
4 93 0.004818
4 94 0.066931
4 95 0.010429
4 96 0.002473
4 97 0.001380
4 98 0.001279
4 99 0.005896
5 0 0.172355
5 1 0.034173
5 2 0.002681
5 3 0.011090
5 4 0.011090
5 5 0.000000
5 6 0.023399
5 7 0.001794
5 8 0.013938
5 9 0.018287
5 10 0.008170
5 11 0.004818
5 12 0.105307
5 13 0.010429
5 14 0.011090
5 15 0.000814
5 16 0.003622
5 17 0.011782
5 18 0.000334
5 19 0.005177
5 20 0.002473
5 21 0.023583
5 22 0.002473
5 23 0.022408
5 24 0.032635
5 25 0.001279
5 26 0.028526
5 27 0.006317
5 28 0.001508
5 29 0.003622
5 30 0.031146
5 31 0.000139
5 32 0.002279
5 33 0.003354
5 34 0.022408
5 35 0.002473
5 36 0.002681
5 37 0.001794
5 38 0.028526
5 39 0.114150
5 40 0.060180
5 41 0.001794
5 42 0.047734
5 43 0.002473
5 44 0.002681
5 45 0.019299
5 46 0.011090
5 47 0.004818
5 48 0.003861
5 49 0.049729
5 50 0.002473
5 51 0.013938
5 52 0.000109
5 53 0.019299
5 54 0.002681
5 55 0.043907
5 56 0.000139
5 57 0.014763
5 58 0.002681
5 59 0.878956
5 60 0.149099
5 61 0.003354
5 62 0.017316
5 63 0.004818
5 64 0.004818
5 65 0.027175
5 66 0.034173
5 67 0.064507
5 68 0.004818
5 69 0.047734
5 70 0.003622
5 71 0.008630
5 72 0.013149
5 73 0.013149
5 74 0.019299
5 75 0.108547
5 76 0.114668
5 77 0.000556
5 78 0.053556
5 79 0.002473
5 80 0.011090
5 81 0.002681
5 82 0.286770
5 83 0.000738
5 84 0.003354
5 85 0.489839
5 86 0.032635
5 87 0.002681
5 88 0.997713
5 89 0.002097
5 90 0.102123
5 91 0.042353
5 92 0.108044
5 93 0.004818
5 94 0.013149
5 95 0.000738
5 96 0.027175
5 97 0.053556
5 98 0.047734
5 99 0.014763
6 0 0.001508
6 1 0.014763
6 2 0.828644
6 3 0.004818
6 4 0.006763
6 5 0.023399
6 6 0.000000
6 7 0.001794
6 8 0.003622
6 9 0.000139
6 10 0.003622
6 11 0.000502
6 12 0.006317
6 13 0.064507
6 14 0.245316
6 15 0.895935
6 16 0.021276
6 17 0.034173
6 18 0.001794
6 19 0.002442
6 20 0.004818
6 21 0.239942
6 22 0.008716
6 23 0.002473
6 24 0.008716
6 25 0.003622
6 26 0.020187
6 27 0.017316
6 28 0.006763
6 29 0.008170
6 30 0.111329
6 31 0.003622
6 32 0.076782
6 33 0.019299
6 34 0.002473
6 35 0.272287
6 36 0.003622
6 37 0.014763
6 38 0.040565
6 39 0.121504
6 40 0.013149
6 41 0.060180
6 42 0.149692
6 43 0.028526
6 44 0.028526
6 45 0.042353
6 46 0.000738
6 47 0.002473
6 48 0.032635
6 49 0.031146
6 50 0.005177
6 51 0.000556
6 52 0.004818
6 53 0.013938
6 54 0.008716
6 55 0.002473
6 56 0.002681
6 57 0.047734
6 58 0.051779
6 59 0.001168
6 60 0.001646
6 61 0.348574
6 62 0.797868
6 63 0.319566
6 64 0.014763
6 65 0.087028
6 66 0.000556
6 67 0.021276
6 68 0.074140
6 69 0.786128
6 70 0.560920
6 71 0.022408
6 72 0.005177
6 73 0.038829
6 74 0.059828
6 75 0.184860
6 76 0.028526
6 77 0.001279
6 78 0.014763
6 79 0.121503
6 80 0.004818
6 81 0.023583
6 82 0.038567
6 83 0.003622
6 84 0.071555
6 85 0.027175
6 86 0.145863
6 87 0.209540
6 88 0.013938
6 89 0.000502
6 90 0.002681
6 91 0.000556
6 92 0.013149
6 93 0.025871
6 94 0.064507
6 95 0.005177
6 96 0.008716
6 97 0.014763
6 98 0.084612
6 99 0.001794
7 0 0.121504
7 1 0.002473
7 2 0.419336
7 3 0.576971
7 4 0.006763
7 5 0.001794
7 6 0.001794
7 7 0.000000
7 8 0.006763
7 9 0.017316
7 10 0.021276
7 11 0.381921
7 12 0.008716
7 13 0.022408
7 14 0.016383
7 15 0.008716
7 16 0.021276
7 17 0.004818
7 18 0.003622
7 19 0.013938
7 20 0.343597
7 21 0.005177
7 22 0.281180
7 23 0.011090
7 24 0.005497
7 25 0.189109
7 26 0.005497
7 27 0.605780
7 28 0.209540
7 29 0.002681
7 30 0.006317
7 31 0.034173
7 32 0.001168
7 33 0.135231
7 34 0.014763
7 35 0.092899
7 36 0.003354
7 37 0.003622
7 38 0.013938
7 39 0.057916
7 40 0.004818
7 41 0.034173
7 42 0.032635
7 43 0.008170
7 44 0.053556
7 45 0.098993
7 46 0.429196
7 47 0.972846
7 48 0.000139
7 49 0.038829
7 50 0.040565
7 51 0.051779
7 52 0.005896
7 53 0.000139
7 54 0.006763
7 55 0.034173
7 56 0.022408
7 57 0.008716
7 58 0.002473
7 59 0.001794
7 60 0.290882
7 61 0.004818
7 62 0.001168
7 63 0.013938
7 64 0.006763
7 65 0.000556
7 66 0.022408
7 67 0.003354
7 68 0.023583
7 69 0.037146
7 70 0.008716
7 71 0.257980
7 72 0.028526
7 73 0.401053
7 74 0.060180
7 75 0.002097
7 76 0.498552
7 77 0.000334
7 78 0.087472
7 79 0.006317
7 80 0.042353
7 81 0.004818
7 82 0.002681
7 83 0.014763
7 84 0.040565
7 85 0.028526
7 86 0.011782
7 87 0.002279
7 88 0.022408
7 89 0.010429
7 90 0.011782
7 91 0.002681
7 92 0.489839
7 93 0.023583
7 94 0.001794
7 95 0.013149
7 96 0.164848
7 97 0.002279
7 98 0.043907
7 99 0.002681
8 0 0.002279
8 1 0.037146
8 2 0.005896
8 3 0.014763
8 4 0.028526
8 5 0.013938
8 6 0.003622
8 7 0.006763
8 8 0.000000
8 9 0.020187
8 10 0.045794
8 11 0.003354
8 12 0.069412
8 13 0.011090
8 14 0.002681
8 15 0.011782
8 16 0.055708
8 17 0.000502
8 18 0.087472
8 19 0.004764
8 20 0.000372
8 21 0.006763
8 22 0.005177
8 23 0.001794
8 24 0.028315
8 25 0.168271
8 26 0.213994
8 27 0.022408
8 28 0.042353
8 29 0.028526
8 30 0.011090
8 31 0.055708
8 32 0.004818
8 33 0.053556
8 34 0.001279
8 35 0.000046
8 36 0.002473
8 37 0.145864
8 38 0.003354
8 39 0.049729
8 40 0.032635
8 41 0.001168
8 42 0.008716
8 43 0.062139
8 44 0.002681
8 45 0.001646
8 46 0.090388
8 47 0.006763
8 48 0.028526
8 49 0.003354
8 50 0.003103
8 51 0.006763
8 52 0.461849
8 53 0.006317
8 54 0.018287
8 55 0.008716
8 56 0.009200
8 57 0.004818
8 58 0.028315
8 59 0.055708
8 60 0.001646
8 61 0.000218
8 62 0.164848
8 63 0.443152
8 64 0.160843
8 65 0.028526
8 66 0.028315
8 67 0.027175
8 68 0.002681
8 69 0.034173
8 70 0.016383
8 71 0.018287
8 72 0.003622
8 73 0.001794
8 74 0.001279
8 75 0.005177
8 76 0.015490
8 77 0.002473
8 78 0.074140
8 79 0.006763
8 80 0.002473
8 81 0.014763
8 82 0.000334
8 83 0.001646
8 84 0.003354
8 85 0.000372
8 86 0.098993
8 87 0.008716
8 88 0.023399
8 89 0.034173
8 90 0.120969
8 91 0.002681
8 92 0.040294
8 93 0.018287
8 94 0.008170
8 95 0.011090
8 96 0.011090
8 97 0.011782
8 98 0.001794
8 99 0.093360
9 0 0.003622
9 1 0.184861
9 2 0.000334
9 3 0.706595
9 4 0.026971
9 5 0.018287
9 6 0.000139
9 7 0.017316
9 8 0.020187
9 9 0.000000
9 10 0.023583
9 11 0.114667
9 12 0.011782
9 13 0.003622
9 14 0.001794
9 15 0.003622
9 16 0.014763
9 17 0.002868
9 18 0.000372
9 19 0.001279
9 20 0.051779
9 21 0.000738
9 22 0.011782
9 23 0.011782
9 24 0.011090
9 25 0.003622
9 26 0.000556
9 27 0.000502
9 28 0.004818
9 29 0.095918
9 30 0.004818
9 31 0.006763
9 32 0.006763
9 33 0.047734
9 34 0.011782
9 35 0.022408
9 36 0.008716
9 37 0.032402
9 38 0.038829
9 39 0.013938
9 40 0.003622
9 41 0.022408
9 42 0.001794
9 43 0.001794
9 44 0.025871
9 45 0.011090
9 46 0.000738
9 47 0.027175
9 48 0.034173
9 49 0.006763
9 50 0.069412
9 51 0.057916
9 52 0.022230
9 53 0.019299
9 54 0.002681
9 55 0.003354
9 56 0.081809
9 57 0.040565
9 58 0.012394
9 59 0.004480
9 60 0.011090
9 61 0.110819
9 62 0.290131
9 63 0.004818
9 64 0.507918
9 65 0.028526
9 66 0.008716
9 67 0.018287
9 68 0.004480
9 69 0.002648
9 70 0.002681
9 71 0.005896
9 72 0.004818
9 73 0.035762
9 74 0.448784
9 75 0.121504
9 76 0.003622
9 77 0.135231
9 78 0.001794
9 79 0.004480
9 80 0.002681
9 81 0.111329
9 82 0.420099
9 83 0.001279
9 84 0.057238
9 85 0.006317
9 86 0.011782
9 87 0.003103
9 88 0.414396
9 89 0.003315
9 90 0.023583
9 91 0.051460
9 92 0.076782
9 93 0.004480
9 94 0.006763
9 95 0.034173
9 96 0.145864
9 97 0.172356
9 98 0.114667
9 99 0.011782
10 0 0.028526
10 1 0.034173
10 2 0.008170
10 3 0.004818
10 4 0.043907
10 5 0.008170
10 6 0.003622
10 7 0.021276
10 8 0.045794
10 9 0.023583
10 10 0.000000
10 11 0.069412
10 12 0.006763
10 13 0.023583
10 14 0.016383
10 15 0.002868
10 16 0.098514
10 17 0.014763
10 18 0.005497
10 19 0.108044
10 20 0.011782
10 21 0.019299
10 22 0.003622
10 23 0.013938
10 24 0.002681
10 25 0.000173
10 26 0.018287
10 27 0.000334
10 28 0.003354
10 29 0.010429
10 30 0.011782
10 31 0.000556
10 32 0.011782
10 33 0.006317
10 34 0.006763
10 35 0.008716
10 36 0.011090
10 37 0.121504
10 38 0.004818
10 39 0.028526
10 40 0.164848
10 41 0.011782
10 42 0.053556
10 43 0.064507
10 44 0.962570
10 45 0.047734
10 46 0.098993
10 47 0.095918
10 48 0.011782
10 49 0.003622
10 50 0.023583
10 51 0.004818
10 52 0.060180
10 53 0.007159
10 54 0.035762
10 55 0.121504
10 56 0.069412
10 57 0.004818
10 58 0.003354
10 59 0.028526
10 60 0.001279
10 61 0.263461
10 62 0.001279
10 63 0.021276
10 64 0.076783
10 65 0.014634
10 66 0.034173
10 67 0.118059
10 68 0.646975
10 69 0.000556
10 70 0.003354
10 71 0.004765
10 72 0.337861
10 73 0.006763
10 74 0.438260
10 75 0.000194
10 76 0.023583
10 77 0.051779
10 78 0.000814
10 79 0.042353
10 80 0.131589
10 81 0.000453
10 82 0.895729
10 83 0.327928
10 84 0.002473
10 85 0.000669
10 86 0.000814
10 87 0.051779
10 88 0.014763
10 89 0.149692
10 90 0.003622
10 91 0.010429
10 92 0.019299
10 93 0.015490
10 94 0.007159
10 95 0.004480
10 96 0.034173
10 97 0.000372
10 98 0.002473
10 99 0.017316
11 0 0.183559
11 1 0.007159
11 2 0.034173
11 3 0.160843
11 4 0.001279
11 5 0.004818
11 6 0.000502
11 7 0.381921
11 8 0.003354
11 9 0.114667
11 10 0.069412
11 11 0.000000
11 12 0.019141
11 13 0.006763
11 14 0.003622
11 15 0.001646
11 16 0.028526
11 17 0.004161
11 18 0.011782
11 19 0.466677
11 20 0.000738
11 21 0.006763
11 22 0.003622
11 23 0.135231
11 24 0.017316
11 25 0.004161
11 26 0.049418
11 27 0.000268
11 28 0.018287
11 29 0.076371
11 30 0.006763
11 31 0.022408
11 32 0.002681
11 33 0.011782
11 34 0.098993
11 35 0.014763
11 36 0.008716
11 37 0.004765
11 38 0.004818
11 39 0.240658
11 40 0.002681
11 41 0.135230
11 42 0.138350
11 43 0.001794
11 44 0.022408
11 45 0.007651
11 46 0.003622
11 47 0.410971
11 48 0.011782
11 49 0.001279
11 50 0.047734
11 51 0.002681
11 52 0.095918
11 53 0.018287
11 54 0.319566
11 55 0.047734
11 56 0.008716
11 57 0.005177
11 58 0.420098
11 59 0.034173
11 60 0.027175
11 61 0.000814
11 62 0.002681
11 63 0.022231
11 64 0.008716
11 65 0.145864
11 66 0.309706
11 67 0.014763
11 68 0.059827
11 69 0.028526
11 70 0.042353
11 71 0.004818
11 72 0.003622
11 73 0.049729
11 74 0.000556
11 75 0.011090
11 76 0.011090
11 77 0.014763
11 78 0.011090
11 79 0.003354
11 80 0.027175
11 81 0.025870
11 82 0.000556
11 83 0.338626
11 84 0.004480
11 85 0.011782
11 86 0.014763
11 87 0.011782
11 88 0.000218
11 89 0.027175
11 90 0.006317
11 91 0.002473
11 92 0.006317
11 93 0.267497
11 94 0.258710
11 95 0.014763
11 96 0.004480
11 97 0.002681
11 98 0.024612
11 99 0.031146
12 0 0.005177
12 1 0.005177
12 2 0.045794
12 3 0.011090
12 4 0.093360
12 5 0.105307
12 6 0.006317
12 7 0.008716
12 8 0.069412
12 9 0.011782
12 10 0.006763
12 11 0.019141
12 12 0.000000
12 13 0.002648
12 14 0.004161
12 15 0.003103
12 16 0.013030
12 17 0.008716
12 18 0.027175
12 19 0.176483
12 20 0.011090
12 21 0.017316
12 22 0.018135
12 23 0.003622
12 24 0.049729
12 25 0.006763
12 26 0.003354
12 27 0.042353
12 28 0.009800
12 29 0.006763
12 30 0.035762
12 31 0.042353
12 32 0.049729
12 33 0.145278
12 34 0.002681
12 35 0.014763
12 36 0.168897
12 37 0.011782
12 38 0.037146
12 39 0.040565
12 40 0.004480
12 41 0.138350
12 42 0.008630
12 43 0.001794
12 44 0.022408
12 45 0.014763
12 46 0.034173
12 47 0.013938
12 48 0.277097
12 49 0.002681
12 50 0.002473
12 51 0.002473
12 52 0.034173
12 53 0.000453
12 54 0.015490
12 55 0.004161
12 56 0.017316
12 57 0.013149
12 58 0.006763
12 59 0.001794
12 60 0.016383
12 61 0.003354
12 62 0.002473
12 63 0.076782
12 64 0.047734
12 65 0.002681
12 66 0.028526
12 67 0.863448
12 68 0.004480
12 69 0.013938
12 70 0.008170
12 71 0.003622
12 72 0.001794
12 73 0.006763
12 74 0.006763
12 75 0.000334
12 76 0.011782
12 77 0.000814
12 78 0.003622
12 79 0.019299
12 80 0.004480
12 81 0.000502
12 82 0.000453
12 83 0.005896
12 84 0.000659
12 85 0.018287
12 86 0.066554
12 87 0.003622
12 88 0.008716
12 89 0.001794
12 90 0.006763
12 91 0.006763
12 92 0.745998
12 93 0.123917
12 94 0.001794
12 95 0.004480
12 96 0.014763
12 97 0.000970
12 98 0.019299
12 99 0.002473
13 0 0.000334
13 1 0.002473
13 2 0.098993
13 3 0.066931
13 4 0.001279
13 5 0.010429
13 6 0.064507
13 7 0.022408
13 8 0.011090
13 9 0.003622
13 10 0.023583
13 11 0.006763
13 12 0.002648
13 13 0.000000
13 14 0.276355
13 15 0.027175
13 16 0.001794
13 17 0.035762
13 18 0.059827
13 19 0.006763
13 20 0.089935
13 21 0.011090
13 22 0.002681
13 23 0.001279
13 24 0.025871
13 25 0.014634
13 26 0.309706
13 27 0.082237
13 28 0.007651
13 29 0.014763
13 30 0.034173
13 31 0.023583
13 32 0.051779
13 33 0.672979
13 34 0.006317
13 35 0.010429
13 36 0.272287
13 37 0.028526
13 38 0.005497
13 39 0.160843
13 40 0.001279
13 41 0.011782
13 42 0.001279
13 43 0.090388
13 44 0.001794
13 45 0.011090
13 46 0.209540
13 47 0.022408
13 48 0.168271
13 49 0.111329
13 50 0.001168
13 51 0.082237
13 52 0.001794
13 53 0.042353
13 54 0.006317
13 55 0.108043
13 56 0.000173
13 57 0.018287
13 58 0.135231
13 59 0.011782
13 60 0.016383
13 61 0.002681
13 62 0.004480
13 63 0.017316
13 64 0.002681
13 65 0.236026
13 66 0.034173
13 67 0.131589
13 68 0.003622
13 69 0.008170
13 70 0.006763
13 71 0.018287
13 72 0.064507
13 73 0.222302
13 74 0.012394
13 75 0.040565
13 76 0.008716
13 77 0.049729
13 78 0.057916
13 79 0.006763
13 80 0.018287
13 81 0.921757
13 82 0.352786
13 83 0.108044
13 84 0.014763
13 85 0.020187
13 86 0.539335
13 87 0.001794
13 88 0.002681
13 89 0.055708
13 90 0.047734
13 91 0.018287
13 92 0.027175
13 93 0.168897
13 94 0.281180
13 95 0.027175
13 96 0.038829
13 97 0.010429
13 98 0.743021
13 99 0.002681
14 0 0.105307
14 1 0.006317
14 2 0.014763
14 3 0.018287
14 4 0.004818
14 5 0.011090
14 6 0.245316
14 7 0.016383
14 8 0.002681
14 9 0.001794
14 10 0.016383
14 11 0.003622
14 12 0.004161
14 13 0.276355
14 14 0.000000
14 15 0.023583
14 16 0.006763
14 17 0.019299
14 18 0.003103
14 19 0.005177
14 20 0.006317
14 21 0.121504
14 22 0.006763
14 23 0.001168
14 24 0.079482
14 25 0.013149
14 26 0.002681
14 27 0.011782
14 28 0.090388
14 29 0.038829
14 30 0.003622
14 31 0.049729
14 32 0.593958
14 33 0.057916
14 34 0.004480
14 35 0.045794
14 36 0.035762
14 37 0.011090
14 38 0.118059
14 39 0.017316
14 40 0.027175
14 41 0.092899
14 42 0.024612
14 43 0.017316
14 44 0.004818
14 45 0.004818
14 46 0.051460
14 47 0.662013
14 48 0.011090
14 49 0.001279
14 50 0.001794
14 51 0.021276
14 52 0.069412
14 53 0.001508
14 54 0.001928
14 55 0.093360
14 56 0.005177
14 57 0.633287
14 58 0.013149
14 59 0.008170
14 60 0.526400
14 61 0.006763
14 62 0.001794
14 63 0.028315
14 64 0.000814
14 65 0.925576
14 66 0.069412
14 67 0.008716
14 68 0.071555
14 69 0.007651
14 70 0.008716
14 71 0.042353
14 72 0.000738
14 73 0.840592
14 74 0.014763
14 75 0.038829
14 76 0.004480
14 77 0.573324
14 78 0.008170
14 79 0.008716
14 80 0.035762
14 81 0.035762
14 82 0.003354
14 83 0.218481
14 84 0.000372
14 85 0.015490
14 86 0.000218
14 87 0.018287
14 88 0.452900
14 89 0.014763
14 90 0.011090
14 91 0.007159
14 92 0.011782
14 93 0.014763
14 94 0.001279
14 95 0.757182
14 96 0.295757
14 97 0.011090
14 98 0.003622
14 99 0.022408
15 0 0.209540
15 1 0.001645
15 2 0.007651
15 3 0.034173
15 4 0.005177
15 5 0.000814
15 6 0.895935
15 7 0.008716
15 8 0.011782
15 9 0.003622
15 10 0.002868
15 11 0.001646
15 12 0.003103
15 13 0.027175
15 14 0.023583
15 15 0.000000
15 16 0.245316
15 17 0.000139
15 18 0.005177
15 19 0.029706
15 20 0.000502
15 21 0.069412
15 22 0.035762
15 23 0.001279
15 24 0.001279
15 25 0.003354
15 26 0.001279
15 27 0.033933
15 28 0.035762
15 29 0.003354
15 30 0.010429
15 31 0.003622
15 32 0.000556
15 33 0.011782
15 34 0.010429
15 35 0.003354
15 36 0.002097
15 37 0.006763
15 38 0.471489
15 39 0.105307
15 40 0.001168
15 41 0.007651
15 42 0.313871
15 43 0.002473
15 44 0.000556
15 45 0.003103
15 46 0.008716
15 47 0.001794
15 48 0.002681
15 49 0.013938
15 50 0.093360
15 51 0.031146
15 52 0.281180
15 53 0.025871
15 54 0.020187
15 55 0.027175
15 56 0.076783
15 57 0.011090
15 58 0.001794
15 59 0.000556
15 60 0.000334
15 61 0.003622
15 62 0.019299
15 63 0.001794
15 64 0.000814
15 65 0.019299
15 66 0.009800
15 67 0.000372
15 68 0.023583
15 69 0.003103
15 70 0.006317
15 71 0.004818
15 72 0.745998
15 73 0.008170
15 74 0.114667
15 75 0.381921
15 76 0.009800
15 77 0.262728
15 78 0.011782
15 79 0.467420
15 80 0.001168
15 81 0.007159
15 82 0.008716
15 83 0.131589
15 84 0.001279
15 85 0.014763
15 86 0.022231
15 87 0.014763
15 88 0.038829
15 89 0.006763
15 90 0.021276
15 91 0.006317
15 92 0.002681
15 93 0.008716
15 94 0.003622
15 95 0.386134
15 96 0.002473
15 97 0.011674
15 98 0.008716
15 99 0.009800
16 0 0.013938
16 1 0.002681
16 2 0.022408
16 3 0.156883
16 4 0.003861
16 5 0.003622
16 6 0.021276
16 7 0.021276
16 8 0.055708
16 9 0.014763
16 10 0.098514
16 11 0.028526
16 12 0.013030
16 13 0.001794
16 14 0.006763
16 15 0.245316
16 16 0.000000
16 17 0.022408
16 18 0.018287
16 19 0.008716
16 20 0.003354
16 21 0.079482
16 22 0.025871
16 23 0.788287
16 24 0.007651
16 25 0.022408
16 26 0.060180
16 27 0.004818
16 28 0.006317
16 29 0.002681
16 30 0.004818
16 31 0.005177
16 32 0.013149
16 33 0.008716
16 34 0.003622
16 35 0.069026
16 36 0.560241
16 37 0.064507
16 38 0.060180
16 39 0.066931
16 40 0.045794
16 41 0.000814
16 42 0.152369
16 43 0.314631
16 44 0.016383
16 45 0.258710
16 46 0.042353
16 47 0.946431
16 48 0.009800
16 49 0.003622
16 50 0.014763
16 51 0.008716
16 52 0.034173
16 53 0.022408
16 54 0.164848
16 55 0.002868
16 56 0.045794
16 57 0.001168
16 58 0.003622
16 59 0.034173
16 60 0.004818
16 61 0.027175
16 62 0.002473
16 63 0.011782
16 64 0.104813
16 65 0.001279
16 66 0.003622
16 67 0.005896
16 68 0.003622
16 69 0.008170
16 70 0.042074
16 71 0.005896
16 72 0.051779
16 73 0.064507
16 74 0.051779
16 75 0.003622
16 76 0.005177
16 77 0.021276
16 78 0.006763
16 79 0.004480
16 80 0.003622
16 81 0.028526
16 82 0.049729
16 83 0.011090
16 84 0.021276
16 85 0.000814
16 86 0.069412
16 87 0.006763
16 88 0.016383
16 89 0.019299
16 90 0.043907
16 91 0.079482
16 92 0.000372
16 93 0.004818
16 94 0.006763
16 95 0.010429
16 96 0.005177
16 97 0.114149
16 98 0.038829
16 99 0.003622
17 0 0.028526
17 1 0.000814
17 2 0.000814
17 3 0.008716
17 4 0.029706
17 5 0.011782
17 6 0.034173
17 7 0.004818
17 8 0.000502
17 9 0.002868
17 10 0.014763
17 11 0.004161
17 12 0.008716
17 13 0.035762
17 14 0.019299
17 15 0.000139
17 16 0.022408
17 17 0.000000
17 18 0.003103
17 19 0.003354
17 20 0.434110
17 21 0.004818
17 22 0.001794
17 23 0.023583
17 24 0.011782
17 25 0.000218
17 26 0.006693
17 27 0.011782
17 28 0.002681
17 29 0.002681
17 30 0.010429
17 31 0.014763
17 32 0.004480
17 33 0.253981
17 34 0.062139
17 35 0.000502
17 36 0.000123
17 37 0.002473
17 38 0.002681
17 39 0.073738
17 40 0.023583
17 41 0.002681
17 42 0.069412
17 43 0.002681
17 44 0.095918
17 45 0.008170
17 46 0.032402
17 47 0.011782
17 48 0.110819
17 49 0.003622
17 50 0.131033
17 51 0.006317
17 52 0.105307
17 53 0.034173
17 54 0.484360
17 55 0.000300
17 56 0.245316
17 57 0.023583
17 58 0.010429
17 59 0.003622
17 60 0.006763
17 61 0.002473
17 62 0.045794
17 63 0.001279
17 64 0.008716
17 65 0.008170
17 66 0.004818
17 67 0.644327
17 68 0.231422
17 69 0.069412
17 70 0.003622
17 71 0.000502
17 72 0.168270
17 73 0.001279
17 74 0.966211
17 75 0.002681
17 76 0.093360
17 77 0.009200
17 78 0.020187
17 79 0.001794
17 80 0.003622
17 81 0.019299
17 82 0.118059
17 83 0.000814
17 84 0.006317
17 85 0.006763
17 86 0.017316
17 87 0.018135
17 88 0.006763
17 89 0.168270
17 90 0.004818
17 91 0.013938
17 92 0.011782
17 93 0.001794
17 94 0.013938
17 95 0.010429
17 96 0.105307
17 97 0.022408
17 98 0.057916
17 99 0.019141
18 0 0.001279
18 1 0.038829
18 2 0.098993
18 3 0.008716
18 4 0.000556
18 5 0.000334
18 6 0.001794
18 7 0.003622
18 8 0.087472
18 9 0.000372
18 10 0.005497
18 11 0.011782
18 12 0.027175
18 13 0.059827
18 14 0.003103
18 15 0.005177
18 16 0.018287
18 17 0.003103
18 18 0.000000
18 19 0.049729
18 20 0.002681
18 21 0.006317
18 22 0.029925
18 23 0.002097
18 24 0.977899
18 25 0.000669
18 26 0.008170
18 27 0.018287
18 28 0.105307
18 29 0.000814
18 30 0.004818
18 31 0.000738
18 32 0.018287
18 33 0.015490
18 34 0.023583
18 35 0.069026
18 36 0.006763
18 37 0.145863
18 38 0.062139
18 39 0.023583
18 40 0.022230
18 41 0.003622
18 42 0.008170
18 43 0.004480
18 44 0.005177
18 45 0.008170
18 46 0.019299
18 47 0.049729
18 48 0.000814
18 49 0.001794
18 50 0.000372
18 51 0.019299
18 52 0.006317
18 53 0.062139
18 54 0.034173
18 55 0.014763
18 56 0.018287
18 57 0.002279
18 58 0.000669
18 59 0.037146
18 60 0.000556
18 61 0.011090
18 62 0.011782
18 63 0.530264
18 64 0.008716
18 65 0.008170
18 66 0.042353
18 67 0.051460
18 68 0.002681
18 69 0.023583
18 70 0.018287
18 71 0.014763
18 72 0.003622
18 73 0.008716
18 74 0.023583
18 75 0.037146
18 76 0.013938
18 77 0.003622
18 78 0.076783
18 79 0.011090
18 80 0.406015
18 81 0.000556
18 82 0.003103
18 83 0.005177
18 84 0.967965
18 85 0.956375
18 86 0.000334
18 87 0.000970
18 88 0.000556
18 89 0.022408
18 90 0.000218
18 91 0.104813
18 92 0.008716
18 93 0.000814
18 94 0.000556
18 95 0.022408
18 96 0.013938
18 97 0.029706
18 98 0.002473
18 99 0.101636
19 0 0.004818
19 1 0.095918
19 2 0.773393
19 3 0.005896
19 4 0.003622
19 5 0.005177
19 6 0.002442
19 7 0.013938
19 8 0.004764
19 9 0.001279
19 10 0.108044
19 11 0.466677
19 12 0.176483
19 13 0.006763
19 14 0.005177
19 15 0.029706
19 16 0.008716
19 17 0.003354
19 18 0.049729
19 19 0.000000
19 20 0.006317
19 21 0.160843
19 22 0.002473
19 23 0.000669
19 24 0.013938
19 25 0.000556
19 26 0.028526
19 27 0.060180
19 28 0.090388
19 29 0.002681
19 30 0.008716
19 31 0.008170
19 32 0.005177
19 33 0.082237
19 34 0.004480
19 35 0.005177
19 36 0.019299
19 37 0.035762
19 38 0.001279
19 39 0.004818
19 40 0.098515
19 41 0.012394
19 42 0.008716
19 43 0.209540
19 44 0.000814
19 45 0.002473
19 46 0.002473
19 47 0.145864
19 48 0.218482
19 49 0.004818
19 50 0.003622
19 51 0.014763
19 52 0.022408
19 53 0.003622
19 54 0.014763
19 55 0.007651
19 56 0.014763
19 57 0.376938
19 58 0.009200
19 59 0.001279
19 60 0.001168
19 61 0.009200
19 62 0.011090
19 63 0.011090
19 64 0.028526
19 65 0.020187
19 66 0.028526
19 67 0.093360
19 68 0.000139
19 69 0.023583
19 70 0.024612
19 71 0.013149
19 72 0.095918
19 73 0.004480
19 74 0.040565
19 75 0.410208
19 76 0.010429
19 77 0.006763
19 78 0.023583
19 79 0.049729
19 80 0.026971
19 81 0.093360
19 82 0.034173
19 83 0.005177
19 84 0.000372
19 85 0.004818
19 86 0.008716
19 87 0.005177
19 88 0.000372
19 89 0.693588
19 90 0.064138
19 91 0.693587
19 92 0.258710
19 93 0.201407
19 94 0.049729
19 95 0.249277
19 96 0.005177
19 97 0.001794
19 98 0.000556
19 99 0.539335
20 0 0.023583
20 1 0.031146
20 2 0.001279
20 3 0.059827
20 4 0.053556
20 5 0.002473
20 6 0.004818
20 7 0.343597
20 8 0.000372
20 9 0.051779
20 10 0.011782
20 11 0.000738
20 12 0.011090
20 13 0.089935
20 14 0.006317
20 15 0.000502
20 16 0.003354
20 17 0.434110
20 18 0.002681
20 19 0.006317
20 20 0.000000
20 21 0.018287
20 22 0.003354
20 23 0.028526
20 24 0.002279
20 25 0.001646
20 26 0.001065
20 27 0.014763
20 28 0.023583
20 29 0.939144
20 30 0.076372
20 31 0.023583
20 32 0.032635
20 33 0.022408
20 34 0.003622
20 35 0.000372
20 36 0.003354
20 37 0.011090
20 38 0.002473
20 39 0.047734
20 40 0.022408
20 41 0.006763
20 42 0.011090
20 43 0.026971
20 44 0.024612
20 45 0.060180
20 46 0.002681
20 47 0.000372
20 48 0.002279
20 49 0.043621
20 50 0.153568
20 51 0.042353
20 52 0.043621
20 53 0.135230
20 54 0.081809
20 55 0.023583
20 56 0.071555
20 57 0.014763
20 58 0.011782
20 59 0.019299
20 60 0.059828
20 61 0.014763
20 62 0.022408
20 63 0.025871
20 64 0.069412
20 65 0.009800
20 66 0.108547
20 67 0.011090
20 68 0.145863
20 69 0.002681
20 70 0.971736
20 71 0.007159
20 72 0.004818
20 73 0.034173
20 74 0.014763
20 75 0.006763
20 76 0.006763
20 77 0.014763
20 78 0.071555
20 79 0.006763
20 80 0.047734
20 81 0.040565
20 82 0.013938
20 83 0.005497
20 84 0.014763
20 85 0.071949
20 86 0.079482
20 87 0.008716
20 88 0.003103
20 89 0.001794
20 90 0.001794
20 91 0.000372
20 92 0.180651
20 93 0.000139
20 94 0.001168
20 95 0.000814
20 96 0.023583
20 97 0.003622
20 98 0.410971
20 99 0.362752
21 0 0.401053
21 1 0.424272
21 2 0.200733
21 3 0.006763
21 4 0.010429
21 5 0.023583
21 6 0.239942
21 7 0.005177
21 8 0.006763
21 9 0.000738
21 10 0.019299
21 11 0.006763
21 12 0.017316
21 13 0.011090
21 14 0.121504
21 15 0.069412
21 16 0.079482
21 17 0.004818
21 18 0.006317
21 19 0.160843
21 20 0.018287
21 21 0.000000
21 22 0.381153
21 23 0.013938
21 24 0.023583
21 25 0.003622
21 26 0.118059
21 27 0.060180
21 28 0.003354
21 29 0.462595
21 30 0.034173
21 31 0.008170
21 32 0.034173
21 33 0.124458
21 34 0.057916
21 35 0.023583
21 36 0.367737
21 37 0.003354
21 38 0.609880
21 39 0.060180
21 40 0.029706
21 41 0.200734
21 42 0.153568
21 43 0.040565
21 44 0.035514
21 45 0.003354
21 46 0.002681
21 47 0.049729
21 48 0.006763
21 49 0.017316
21 50 0.006763
21 51 0.443905
21 52 0.005177
21 53 0.001168
21 54 0.003622
21 55 0.011782
21 56 0.049729
21 57 0.906756
21 58 0.006317
21 59 0.064506
21 60 0.001279
21 61 0.013814
21 62 0.168897
21 63 0.004161
21 64 0.027175
21 65 0.007651
21 66 0.008716
21 67 0.015490
21 68 0.069412
21 69 0.013149
21 70 0.004818
21 71 0.899667
21 72 0.028526
21 73 0.010429
21 74 0.003622
21 75 0.003622
21 76 0.011782
21 77 0.015490
21 78 0.006317
21 79 0.439014
21 80 0.131589
21 81 0.689600
21 82 0.013938
21 83 0.014763
21 84 0.004818
21 85 0.022408
21 86 0.000372
21 87 0.003622
21 88 0.205798
21 89 0.000556
21 90 0.008716
21 91 0.017316
21 92 0.038829
21 93 0.011782
21 94 0.000556
21 95 0.494567
21 96 0.508635
21 97 0.006763
21 98 0.051460
21 99 0.005896
22 0 0.011782
22 1 0.047734
22 2 0.001380
22 3 0.006763
22 4 0.092899
22 5 0.002473
22 6 0.008716
22 7 0.281180
22 8 0.005177
22 9 0.011782
22 10 0.003622
22 11 0.003622
22 12 0.018135
22 13 0.002681
22 14 0.006763
22 15 0.035762
22 16 0.025871
22 17 0.001794
22 18 0.029925
22 19 0.002473
22 20 0.003354
22 21 0.381153
22 22 0.000000
22 23 0.023583
22 24 0.006763
22 25 0.008716
22 26 0.027175
22 27 0.000802
22 28 0.002279
22 29 0.001794
22 30 0.014763
22 31 0.014763
22 32 0.001168
22 33 0.205119
22 34 0.002681
22 35 0.042353
22 36 0.013030
22 37 0.024612
22 38 0.011090
22 39 0.005896
22 40 0.102123
22 41 0.002681
22 42 0.017316
22 43 0.069412
22 44 0.001279
22 45 0.004480
22 46 0.025871
22 47 0.014763
22 48 0.000970
22 49 0.164848
22 50 0.011782
22 51 0.042353
22 52 0.027175
22 53 0.006763
22 54 0.017316
22 55 0.014763
22 56 0.002681
22 57 0.410209
22 58 0.006317
22 59 0.004161
22 60 0.118059
22 61 0.001794
22 62 0.001279
22 63 0.038829
22 64 0.006763
22 65 0.111329
22 66 0.005120
22 67 0.135231
22 68 0.009200
22 69 0.071554
22 70 0.018287
22 71 0.000556
22 72 0.013938
22 73 0.042353
22 74 0.006763
22 75 0.008716
22 76 0.001279
22 77 0.000814
22 78 0.000556
22 79 0.035762
22 80 0.001646
22 81 0.022408
22 82 0.004818
22 83 0.028526
22 84 0.022231
22 85 0.003622
22 86 0.009800
22 87 0.005177
22 88 0.001168
22 89 0.005896
22 90 0.040565
22 91 0.001168
22 92 0.018287
22 93 0.168897
22 94 0.049729
22 95 0.002473
22 96 0.069412
22 97 0.000814
22 98 0.004161
22 99 0.001279
23 0 0.105307
23 1 0.038829
23 2 0.022408
23 3 0.069412
23 4 0.001279
23 5 0.022408
23 6 0.002473
23 7 0.011090
23 8 0.001794
23 9 0.011782
23 10 0.013938
23 11 0.135231
23 12 0.003622
23 13 0.001279
23 14 0.001168
23 15 0.001279
23 16 0.788287
23 17 0.023583
23 18 0.002097
23 19 0.000669
23 20 0.028526
23 21 0.013938
23 22 0.023583
23 23 0.000000
23 24 0.001279
23 25 0.332895
23 26 0.004818
23 27 0.006763
23 28 0.014763
23 29 0.004818
23 30 0.040565
23 31 0.497825
23 32 0.236026
23 33 0.999779
23 34 0.333660
23 35 0.008716
23 36 0.002681
23 37 0.032635
23 38 0.005177
23 39 0.018287
23 40 0.000218
23 41 0.001168
23 42 0.001770
23 43 0.180007
23 44 0.001794
23 45 0.047734
23 46 0.156883
23 47 0.002681
23 48 0.134666
23 49 0.006763
23 50 0.777910
23 51 0.002681
23 52 0.006317
23 53 0.013938
23 54 0.014763
23 55 0.003622
23 56 0.263461
23 57 0.028526
23 58 0.023583
23 59 0.004818
23 60 0.087472
23 61 0.016383
23 62 0.018287
23 63 0.023583
23 64 0.003622
23 65 0.010429
23 66 0.001168
23 67 0.011782
23 68 0.117533
23 69 0.014763
23 70 0.060180
23 71 0.011782
23 72 0.006317
23 73 0.002681
23 74 0.023583
23 75 0.002681
23 76 0.000372
23 77 0.001168
23 78 0.023583
23 79 0.138349
23 80 0.003354
23 81 0.006693
23 82 0.035762
23 83 0.003622
23 84 0.014763
23 85 0.006317
23 86 0.002473
23 87 0.008170
23 88 0.021106
23 89 0.014763
23 90 0.003622
23 91 0.053556
23 92 0.003622
23 93 0.023583
23 94 0.042353
23 95 0.019141
23 96 0.521811
23 97 0.005177
23 98 0.014763
23 99 0.014763
24 0 0.006763
24 1 0.028526
24 2 0.006763
24 3 0.658870
24 4 0.014763
24 5 0.032635
24 6 0.008716
24 7 0.005497
24 8 0.028315
24 9 0.011090
24 10 0.002681
24 11 0.017316
24 12 0.049729
24 13 0.025871
24 14 0.079482
24 15 0.001279
24 16 0.007651
24 17 0.011782
24 18 0.977899
24 19 0.013938
24 20 0.002279
24 21 0.023583
24 22 0.006763
24 23 0.001279
24 24 0.000000
24 25 0.023583
24 26 0.007651
24 27 0.145864
24 28 0.001794
24 29 0.000218
24 30 0.000814
24 31 0.023583
24 32 0.011782
24 33 0.534811
24 34 0.020187
24 35 0.006763
24 36 0.025871
24 37 0.079482
24 38 0.013938
24 39 0.042074
24 40 0.003622
24 41 0.020023
24 42 0.049729
24 43 0.008716
24 44 0.010986
24 45 0.006763
24 46 0.002868
24 47 0.042353
24 48 0.001646
24 49 0.042353
24 50 0.016383
24 51 0.003354
24 52 0.018287
24 53 0.118059
24 54 0.004818
24 55 0.001279
24 56 0.079481
24 57 0.000738
24 58 0.006317
24 59 0.027175
24 60 0.004818
24 61 0.001279
24 62 0.000123
24 63 0.013149
24 64 0.017316
24 65 0.006763
24 66 0.014634
24 67 0.009200
24 68 0.006763
24 69 0.004480
24 70 0.197052
24 71 0.035762
24 72 0.008170
24 73 0.008716
24 74 0.006763
24 75 0.000334
24 76 0.023583
24 77 0.184209
24 78 0.008170
24 79 0.007651
24 80 0.001794
24 81 0.005120
24 82 0.002681
24 83 0.004480
24 84 0.008716
24 85 0.556513
24 86 0.003622
24 87 0.001794
24 88 0.429954
24 89 0.101637
24 90 0.022408
24 91 0.002681
24 92 0.069412
24 93 0.007159
24 94 0.008716
24 95 0.014763
24 96 0.014763
24 97 0.003622
24 98 0.002681
24 99 0.010429
25 0 0.004480
25 1 0.002681
25 2 0.011090
25 3 0.092440
25 4 0.000814
25 5 0.001279
25 6 0.003622
25 7 0.189109
25 8 0.168271
25 9 0.003622
25 10 0.000173
25 11 0.004161
25 12 0.006763
25 13 0.014634
25 14 0.013149
25 15 0.003354
25 16 0.022408
25 17 0.000218
25 18 0.000669
25 19 0.000556
25 20 0.001646
25 21 0.003622
25 22 0.008716
25 23 0.332895
25 24 0.023583
25 25 0.000000
25 26 0.000738
25 27 0.001794
25 28 0.066554
25 29 0.074140
25 30 0.093360
25 31 0.008716
25 32 0.008170
25 33 0.051779
25 34 0.093360
25 35 0.002473
25 36 0.011782
25 37 0.004480
25 38 0.060180
25 39 0.008716
25 40 0.002279
25 41 0.004480
25 42 0.000814
25 43 0.002681
25 44 0.007651
25 45 0.005120
25 46 0.005896
25 47 0.004818
25 48 0.014763
25 49 0.074140
25 50 0.079482
25 51 0.022408
25 52 0.013938
25 53 0.013938
25 54 0.001279
25 55 0.001279
25 56 0.010429
25 57 0.003103
25 58 0.053556
25 59 0.000556
25 60 0.057916
25 61 0.038829
25 62 0.000194
25 63 0.013149
25 64 0.003354
25 65 0.452151
25 66 0.001279
25 67 0.001065
25 68 0.002473
25 69 0.008716
25 70 0.049729
25 71 0.003622
25 72 0.511853
25 73 0.001279
25 74 0.295757
25 75 0.006763
25 76 0.003622
25 77 0.004818
25 78 0.027175
25 79 0.018287
25 80 0.001646
25 81 0.008716
25 82 0.011782
25 83 0.002681
25 84 0.002681
25 85 0.008170
25 86 0.004818
25 87 0.001794
25 88 0.000218
25 89 0.131589
25 90 0.010429
25 91 0.014763
25 92 0.000002
25 93 0.001794
25 94 0.001794
25 95 0.000139
25 96 0.004818
25 97 0.180652
25 98 0.002681
25 99 0.002681
26 0 0.035762
26 1 0.034173
26 2 0.045794
26 3 0.045794
26 4 0.002681
26 5 0.028526
26 6 0.020187
26 7 0.005497
26 8 0.213994
26 9 0.000556
26 10 0.018287
26 11 0.049418
26 12 0.003354
26 13 0.309706
26 14 0.002681
26 15 0.001279
26 16 0.060180
26 17 0.006693
26 18 0.008170
26 19 0.028526
26 20 0.001065
26 21 0.118059
26 22 0.027175
26 23 0.004818
26 24 0.007651
26 25 0.000738
26 26 0.000000
26 27 0.003622
26 28 0.647563
26 29 0.007159
26 30 0.001380
26 31 0.164848
26 32 0.585518
26 33 0.049729
26 34 0.020187
26 35 0.002681
26 36 0.005497
26 37 0.006763
26 38 0.023583
26 39 0.108044
26 40 0.000502
26 41 0.034173
26 42 0.795793
26 43 0.022408
26 44 0.040565
26 45 0.042353
26 46 0.001168
26 47 0.011090
26 48 0.035762
26 49 0.001508
26 50 0.000046
26 51 0.057916
26 52 0.002473
26 53 0.000218
26 54 0.009800
26 55 0.016383
26 56 0.180651
26 57 0.049729
26 58 0.028526
26 59 0.001794
26 60 0.003103
26 61 0.035514
26 62 0.281180
26 63 0.023583
26 64 0.011782
26 65 0.003622
26 66 0.002681
26 67 0.066554
26 68 0.001770
26 69 0.079482
26 70 0.011674
26 71 0.051779
26 72 0.002681
26 73 0.089935
26 74 0.020187
26 75 0.008170
26 76 0.001646
26 77 0.066931
26 78 0.049729
26 79 0.014763
26 80 0.004818
26 81 0.008170
26 82 0.093360
26 83 0.019141
26 84 0.110819
26 85 0.015490
26 86 0.021276
26 87 0.001646
26 88 0.001645
26 89 0.000007
26 90 0.049729
26 91 0.093360
26 92 0.074140
26 93 0.042074
26 94 0.111329
26 95 0.121504
26 96 0.006317
26 97 0.005177
26 98 0.008716
26 99 0.017316
27 0 0.028526
27 1 0.001279
27 2 0.004161
27 3 0.012394
27 4 0.002473
27 5 0.006317
27 6 0.017316
27 7 0.605780
27 8 0.022408
27 9 0.000502
27 10 0.000334
27 11 0.000268
27 12 0.042353
27 13 0.082237
27 14 0.011782
27 15 0.033933
27 16 0.004818
27 17 0.011782
27 18 0.018287
27 19 0.060180
27 20 0.014763
27 21 0.060180
27 22 0.000802
27 23 0.006763
27 24 0.145864
27 25 0.001794
27 26 0.003622
27 27 0.000000
27 28 0.005177
27 29 0.420098
27 30 0.003622
27 31 0.005896
27 32 0.049729
27 33 0.003354
27 34 0.006763
27 35 0.028526
27 36 0.617375
27 37 0.028526
27 38 0.521102
27 39 0.023583
27 40 0.008716
27 41 0.031146
27 42 0.367737
27 43 0.332895
27 44 0.049729
27 45 0.019299
27 46 0.038829
27 47 0.003354
27 48 0.003354
27 49 0.171725
27 50 0.008170
27 51 0.006763
