0 0 0.000000
0 1 0.003622
0 2 0.001646
0 3 0.047734
0 4 0.022408
0 5 0.011673
0 6 0.001508
0 7 0.000814
0 8 0.002279
0 9 0.003622
0 10 0.004818
0 11 0.040024
0 12 0.019299
0 13 0.000334
0 14 0.006317
0 15 0.576971
0 16 0.001646
0 17 0.018287
0 18 0.001279
0 19 0.004818
0 20 0.003622
0 21 0.915753
0 22 0.006763
0 23 0.034173
0 24 0.000556
0 25 0.004480
0 26 0.006763
0 27 0.004818
0 28 0.011782
0 29 0.011782
0 30 0.038829
0 31 0.007651
0 32 0.003103
0 33 0.022408
0 34 0.004161
0 35 0.002473
0 36 0.015490
0 37 0.042353
0 38 0.900948
0 39 0.062139
0 40 0.001279
0 41 0.258710
0 42 0.584866
0 43 0.249277
0 44 0.028315
0 45 0.002473
0 46 0.004429
0 47 0.035762
0 48 0.011090
0 49 0.021276
0 50 0.007651
0 51 0.023216
0 52 0.059827
0 53 0.002681
0 54 0.669353
0 55 0.000556
0 56 0.000046
0 57 0.090388
0 58 0.000556
0 59 0.476285
0 60 0.013938
0 61 0.001646
0 62 0.013938
0 63 0.005177
0 64 0.011782
0 65 0.000268
0 66 0.084612
0 67 0.005177
0 68 0.000502
0 69 0.002648
0 70 0.084612
0 71 0.009800
0 72 0.004161
0 73 0.004480
0 74 0.034173
0 75 0.003622
0 76 0.003622
0 77 0.183559
0 78 0.022408
0 79 0.001794
0 80 0.002279
0 81 0.114667
0 82 0.003103
0 83 0.000814
0 84 0.093360
0 85 0.253981
0 86 0.286022
0 87 0.001168
0 88 0.000556
0 89 0.000218
0 90 0.000334
0 91 0.064507
0 92 0.004818
0 93 0.001646
0 94 0.027175
0 95 0.007651
0 96 0.000139
0 97 0.011090
0 98 0.000556
0 99 0.001279
1 0 0.003622
1 1 0.000000
1 2 0.002681
1 3 0.007651
1 4 0.008088
1 5 0.006317
1 6 0.042353
1 7 0.002473
1 8 0.138350
1 9 0.008170
1 10 0.057916
1 11 0.024612
1 12 0.000372
1 13 0.002473
1 14 0.006317
1 15 0.001645
1 16 0.002681
1 17 0.000814
1 18 0.007651
1 19 0.002648
1 20 0.002868
1 21 0.016243
1 22 0.010429
1 23 0.031146
1 24 0.467420
1 25 0.002681
1 26 0.003354
1 27 0.001279
1 28 0.001279
1 29 0.045794
1 30 0.011782
1 31 0.005833
1 32 0.035762
1 33 0.013938
1 34 0.040565
1 35 0.000502
1 36 0.006763
1 37 0.001151
1 38 0.000814
1 39 0.000814
1 40 0.002681
1 41 0.008716
1 42 0.015490
1 43 0.003354
1 44 0.023583
1 45 0.019299
1 46 0.014763
1 47 0.000814
1 48 0.006317
1 49 0.342064
1 50 0.000334
1 51 0.011782
1 52 0.028526
1 53 0.004429
1 54 0.000814
1 55 0.025871
1 56 0.035514
1 57 0.000814
1 58 0.000139
1 59 0.020023
1 60 0.092899
1 61 0.001168
1 62 0.006317
1 63 0.011090
1 64 0.006317
1 65 0.066931
1 66 0.295757
1 67 0.004818
1 68 0.005177
1 69 0.023583
1 70 0.001279
1 71 0.025871
1 72 0.014763
1 73 0.000596
1 74 0.000556
1 75 0.031146
1 76 0.003622
1 77 0.011782
1 78 0.015355
1 79 0.396084
1 80 0.002681
1 81 0.008716
1 82 0.003354
1 83 0.018287
1 84 0.507917
1 85 0.001279
1 86 0.102123
1 87 0.001794
1 88 0.277097
1 89 0.001646
1 90 0.003622
1 91 0.001646
1 92 0.006763
1 93 0.000139
1 94 0.027175
1 95 0.053556
1 96 0.005177
1 97 0.034173
1 98 0.004480
1 99 0.001508
2 0 0.001646
2 1 0.002681
2 2 0.000000
2 3 0.028526
2 4 0.000556
2 5 0.002681
2 6 0.127449
2 7 0.171722
2 8 0.005896
2 9 0.000334
2 10 0.008170
2 11 0.003354
2 12 0.074140
2 13 0.031146
2 14 0.000076
2 15 0.000669
2 16 0.003354
2 17 0.000023
2 18 0.074140
2 19 0.512568
2 20 0.001279
2 21 0.021106
2 22 0.001380
2 23 0.022408
2 24 0.023583
2 25 0.011090
2 26 0.012394
2 27 0.000268
2 28 0.032635
2 29 0.002473
2 30 0.000606
2 31 0.004161
2 32 0.002868
2 33 0.000194
2 34 0.016383
2 35 0.040565
2 36 0.002473
2 37 0.000814
2 38 0.020187
2 39 0.000814
2 40 0.008170
2 41 0.004818
2 42 0.008716
2 43 0.006251
2 44 0.006763
2 45 0.012394
2 46 0.017316
2 47 0.011782
2 48 0.000814
2 49 0.006763
2 50 0.001646
2 51 0.001794
2 52 0.001794
2 53 0.000218
2 54 0.003622
2 55 0.272287
2 56 0.018135
2 57 0.037146
2 58 0.010429
2 59 0.016243
2 60 0.001279
2 61 0.008170
2 62 0.826522
2 63 0.020187
2 64 0.042353
2 65 0.021276
2 66 0.023583
2 67 0.000556
2 68 0.017316
2 69 0.001794
2 70 0.001279
2 71 0.003354
2 72 0.003622
2 73 0.005497
2 74 0.003622
2 75 0.995713
2 76 0.008170
2 77 0.006763
2 78 0.000502
2 79 0.002681
2 80 0.004818
2 81 0.002681
2 82 0.023583
2 83 0.000372
2 84 0.001508
2 85 0.006317
2 86 0.003354
2 87 0.000814
2 88 0.010429
2 89 0.069026
2 90 0.011782
2 91 0.008170
2 92 0.049729
2 93 0.002473
2 94 0.000659
2 95 0.001928
2 96 0.002681
2 97 0.000139
2 98 0.098515
2 99 0.004161
3 0 0.047734
3 1 0.007651
3 2 0.028526
3 3 0.000000
3 4 0.008630
3 5 0.001168
3 6 0.004818
3 7 0.584864
3 8 0.014763
3 9 0.466678
3 10 0.004818
3 11 0.016383
3 12 0.011090
3 13 0.272287
3 14 0.018287
3 15 0.006317
3 16 0.244597
3 17 0.008716
3 18 0.028526
3 19 0.021276
3 20 0.001770
3 21 0.006763
3 22 0.006763
3 23 0.011090
3 24 0.834557
3 25 0.068643
3 26 0.005497
3 27 0.012394
3 28 0.004818
3 29 0.013938
3 30 0.000814
3 31 0.000218
3 32 0.018135
3 33 0.004161
3 34 0.034173
3 35 0.003622
3 36 0.062139
3 37 0.006317
3 38 0.007651
3 39 0.004480
3 40 0.003354
3 41 0.003861
3 42 0.008170
3 43 0.040565
3 44 0.000372
3 45 0.006317
3 46 0.003622
3 47 0.005177
3 48 0.033933
3 49 0.012394
3 50 0.005177
3 51 0.001646
3 52 0.023583
3 53 0.008716
3 54 0.011090
3 55 0.001065
3 56 0.013149
3 57 0.018287
3 58 0.006763
3 59 0.011090
3 60 0.000669
3 61 0.000240
3 62 0.057916
3 63 0.014634
3 64 0.010429
3 65 0.006763
3 66 0.098516
3 67 0.222302
3 68 0.002279
3 69 0.000814
3 70 0.013938
3 71 0.001279
3 72 0.002097
3 73 0.000556
3 74 0.005177
3 75 0.008716
3 76 0.003622
3 77 0.007159
3 78 0.003622
3 79 0.003622
3 80 0.001794
3 81 0.057916
3 82 0.003622
3 83 0.023583
3 84 0.005177
3 85 0.008716
3 86 0.006763
3 87 0.013938
3 88 0.035514
3 89 0.012281
3 90 0.000814
3 91 0.011090
3 92 0.006763
3 93 0.102123
3 94 0.003354
3 95 0.005120
3 96 0.004480
3 97 0.304037
3 98 0.205119
3 99 0.832501
4 0 0.022408
4 1 0.008088
4 2 0.000556
4 3 0.008630
4 4 0.000000
4 5 0.001168
4 6 0.000556
4 7 0.006763
4 8 0.079482
4 9 0.180006
4 10 0.051460
4 11 0.001279
4 12 0.034173
4 13 0.001279
4 14 0.004818
4 15 0.005177
4 16 0.003861
4 17 0.019141
4 18 0.000556
4 19 0.000218
4 20 0.012394
4 21 0.001065
4 22 0.049418
4 23 0.001279
4 24 0.014763
4 25 0.000814
4 26 0.002681
4 27 0.002473
4 28 0.008170
4 29 0.000023
4 30 0.038829
4 31 0.960607
4 32 0.001279
4 33 0.000814
4 34 0.004818
4 35 0.001794
4 36 0.005497
4 37 0.009800
4 38 0.002473
4 39 0.006763
4 40 0.023583
4 41 0.049729
4 42 0.000556
4 43 0.010429
4 44 0.002868
4 45 0.000076
4 46 0.002279
4 47 0.042353
4 48 0.001380
4 49 0.001279
4 50 0.006317
4 51 0.016383
4 52 0.006763
4 53 0.003354
4 54 0.004818
4 55 0.042353
4 56 0.001065
4 57 0.003622
4 58 0.005177
4 59 0.004818
4 60 0.018287
4 61 0.004818
4 62 0.007651
4 63 0.003622
4 64 0.001794
4 65 0.001646
4 66 0.001794
4 67 0.002868
4 68 0.006763
4 69 0.033455
4 70 0.018287
4 71 0.006763
4 72 0.022408
4 73 0.037146
4 74 0.208857
4 75 0.000334
4 76 0.001279
4 77 0.001794
4 78 0.000007
4 79 0.018287
4 80 0.000334
4 81 0.053556
4 82 0.001168
4 83 0.000814
4 84 0.001279
4 85 0.066554
4 86 0.001168
4 87 0.007159
4 88 0.001928
4 89 0.120969
4 90 0.093360
4 91 0.004480
4 92 0.008170
4 93 0.004818
4 94 0.010429
4 95 0.055708
4 96 0.000123
4 97 0.000051
4 98 0.000046
4 99 0.055708
5 0 0.011673
5 1 0.006317
5 2 0.002681
5 3 0.001168
5 4 0.001168
5 5 0.000000
5 6 0.003579
5 7 0.001794
5 8 0.001646
5 9 0.002473
5 10 0.004480
5 11 0.002473
5 12 0.008170
5 13 0.010429
5 14 0.001168
5 15 0.000814
5 16 0.003622
5 17 0.011782
5 18 0.000334
5 19 0.005177
5 20 0.002473
5 21 0.001794
5 22 0.002473
5 23 0.022408
5 24 0.005896
5 25 0.001279
5 26 0.002473
5 27 0.006317
5 28 0.001508
5 29 0.003622
5 30 0.007159
5 31 0.000139
5 32 0.010429
5 33 0.013938
5 34 0.002279
5 35 0.002473
5 36 0.002681
5 37 0.001794
5 38 0.079482
5 39 0.007574
5 40 0.069412
5 41 0.001794
5 42 0.021276
5 43 0.002473
5 44 0.002681
5 45 0.035762
5 46 0.011090
5 47 0.004818
5 48 0.003861
5 49 0.001168
5 50 0.002473
5 51 0.040565
5 52 0.000109
5 53 0.002681
5 54 0.002681
5 55 0.002648
5 56 0.000139
5 57 0.014763
5 58 0.002681
5 59 0.014378
5 60 0.032402
5 61 0.003354
5 62 0.002279
5 63 0.004818
5 64 0.000334
5 65 0.027175
5 66 0.258710
5 67 0.016383
5 68 0.004818
5 69 0.102123
5 70 0.014763
5 71 0.008630
5 72 0.127998
5 73 0.038829
5 74 0.011782
5 75 0.042353
5 76 0.009800
5 77 0.000556
5 78 0.003861
5 79 0.002473
5 80 0.001168
5 81 0.002681
5 82 0.118059
5 83 0.000738
5 84 0.003354
5 85 0.032402
5 86 0.005896
5 87 0.002681
5 88 0.563961
5 89 0.002097
5 90 0.021276
5 91 0.149692
5 92 0.023399
5 93 0.004818
5 94 0.038829
5 95 0.000738
5 96 0.047734
5 97 0.111329
5 98 0.032635
5 99 0.001794
6 0 0.001508
6 1 0.042353
6 2 0.127449
6 3 0.004818
6 4 0.000556
6 5 0.003579
6 6 0.000000
6 7 0.001794
6 8 0.003622
6 9 0.000139
6 10 0.003622
6 11 0.000502
6 12 0.090388
6 13 0.031146
6 14 0.028526
6 15 0.318805
6 16 0.013149
6 17 0.006317
6 18 0.001794
6 19 0.002442
6 20 0.004818
6 21 0.002250
6 22 0.008716
6 23 0.002473
6 24 0.008716
6 25 0.003622
6 26 0.001380
6 27 0.017316
6 28 0.006763
6 29 0.000738
6 30 0.138350
6 31 0.003622
6 32 0.114667
6 33 0.019299
6 34 0.002473
6 35 0.005120
6 36 0.003622
6 37 0.000814
6 38 0.008170
6 39 0.042353
6 40 0.007651
6 41 0.069412
6 42 0.008170
6 43 0.018287
6 44 0.011090
6 45 0.008716
6 46 0.000738
6 47 0.002473
6 48 0.032635
6 49 0.037146
6 50 0.000007
6 51 0.000556
6 52 0.004818
6 53 0.027175
6 54 0.008716
6 55 0.002473
6 56 0.002681
6 57 0.076783
6 58 0.035762
6 59 0.001168
6 60 0.001646
6 61 0.011090
6 62 0.313871
6 63 0.020187
6 64 0.042353
6 65 0.290132
6 66 0.000556
6 67 0.003103
6 68 0.095918
6 69 0.042074
6 70 0.043907
6 71 0.008170
6 72 0.019299
6 73 0.007651
6 74 0.001770
6 75 0.066931
6 76 0.069412
6 77 0.001279
6 78 0.001794
6 79 0.011090
6 80 0.004818
6 81 0.023583
6 82 0.020023
6 83 0.000218
6 84 0.049418
6 85 0.017316
6 86 0.007651
6 87 0.108044
6 88 0.001646
6 89 0.000502
6 90 0.002681
6 91 0.000556
6 92 0.038829
6 93 0.004161
6 94 0.002097
6 95 0.005177
6 96 0.008716
6 97 0.014763
6 98 0.267497
6 99 0.001794
7 0 0.000814
7 1 0.002473
7 2 0.171722
7 3 0.584864
7 4 0.006763
7 5 0.001794
7 6 0.001794
7 7 0.000000
7 8 0.006763
7 9 0.017316
7 10 0.003103
7 11 0.000970
7 12 0.008716
7 13 0.022408
7 14 0.009800
7 15 0.000814
7 16 0.003103
7 17 0.004818
7 18 0.003622
7 19 0.013938
7 20 0.114667
7 21 0.005177
7 22 0.013814
7 23 0.034173
7 24 0.005497
7 25 0.001794
7 26 0.005497
7 27 0.057572
7 28 0.028315
7 29 0.002681
7 30 0.000502
7 31 0.006317
7 32 0.001168
7 33 0.049729
7 34 0.001794
7 35 0.000329
7 36 0.003354
7 37 0.000218
7 38 0.013938
7 39 0.027175
7 40 0.004818
7 41 0.467420
7 42 0.000453
7 43 0.008170
7 44 0.084612
7 45 0.005497
7 46 0.217788
7 47 0.984808
7 48 0.000139
7 49 0.007651
7 50 0.008170
7 51 0.001279
7 52 0.005896
7 53 0.000139
7 54 0.006763
7 55 0.118059
7 56 0.003354
7 57 0.008716
7 58 0.002473
7 59 0.001794
7 60 0.002648
7 61 0.004818
7 62 0.001168
7 63 0.008170
7 64 0.006763
7 65 0.000556
7 66 0.118059
7 67 0.003354
7 68 0.023583
7 69 0.024612
7 70 0.008716
7 71 0.480329
7 72 0.018287
7 73 0.081809
7 74 0.060180
7 75 0.002097
7 76 0.041796
7 77 0.000334
7 78 0.064507
7 79 0.006317
7 80 0.004818
7 81 0.004818
7 82 0.002681
7 83 0.093360
7 84 0.027175
7 85 0.028526
7 86 0.011782
7 87 0.002279
7 88 0.003354
7 89 0.010429
7 90 0.011782
7 91 0.002681
7 92 0.257980
7 93 0.060180
7 94 0.001794
7 95 0.013149
7 96 0.064507
7 97 0.002279
7 98 0.019141
7 99 0.002681
8 0 0.002279
8 1 0.138350
8 2 0.005896
8 3 0.014763
8 4 0.079482
8 5 0.001646
8 6 0.003622
8 7 0.006763
8 8 0.000000
8 9 0.002868
8 10 0.005497
8 11 0.003354
8 12 0.002473
8 13 0.034173
8 14 0.002681
8 15 0.001279
8 16 0.013149
8 17 0.000502
8 18 0.045794
8 19 0.000329
8 20 0.000372
8 21 0.006763
8 22 0.005177
8 23 0.001794
8 24 0.028315
8 25 0.018135
8 26 0.024612
8 27 0.022408
8 28 0.069412
8 29 0.617997
8 30 0.001168
8 31 0.013149
8 32 0.004818
8 33 0.286023
8 34 0.000046
8 35 0.000046
8 36 0.002473
8 37 0.013149
8 38 0.003354
8 39 0.034173
8 40 0.000453
8 41 0.001168
8 42 0.000814
8 43 0.015490
8 44 0.011782
8 45 0.001646
8 46 0.027175
8 47 0.006763
8 48 0.002473
8 49 0.003354
8 50 0.013149
8 51 0.006763
8 52 0.095448
8 53 0.057916
8 54 0.018287
8 55 0.008716
8 56 0.009200
8 57 0.002473
8 58 0.004765
8 59 0.870162
8 60 0.001646
8 61 0.000218
8 62 0.045794
8 63 0.192071
8 64 0.020187
8 65 0.004818
8 66 0.004765
8 67 0.004480
8 68 0.002681
8 69 0.022408
8 70 0.016383
8 71 0.018287
8 72 0.003622
8 73 0.001794
8 74 0.001279
8 75 0.000372
8 76 0.015490
8 77 0.000123
8 78 0.012394
8 79 0.006763
8 80 0.002473
8 81 0.004818
8 82 0.000334
8 83 0.001646
8 84 0.003354
8 85 0.000372
8 86 0.019141
8 87 0.011090
8 88 0.003579
8 89 0.022408
8 90 0.010986
8 91 0.002681
8 92 0.295005
8 93 0.002473
8 94 0.000738
8 95 0.011090
8 96 0.001168
8 97 0.001279
8 98 0.001794
8 99 0.011090
9 0 0.003622
9 1 0.008170
9 2 0.000334
9 3 0.466678
9 4 0.180006
9 5 0.002473
9 6 0.000139
9 7 0.017316
9 8 0.002868
9 9 0.000000
9 10 0.023583
9 11 0.160843
9 12 0.001279
9 13 0.003622
9 14 0.001794
9 15 0.014763
9 16 0.014763
9 17 0.002868
9 18 0.000372
9 19 0.001279
9 20 0.406015
9 21 0.000738
9 22 0.001279
9 23 0.011782
9 24 0.011090
9 25 0.003622
9 26 0.000556
9 27 0.000502
9 28 0.004818
9 29 0.011673
9 30 0.000334
9 31 0.006763
9 32 0.006763
9 33 0.076782
9 34 0.001279
9 35 0.003354
9 36 0.008716
9 37 0.021106
9 38 0.007651
9 39 0.040565
9 40 0.003622
9 41 0.201407
9 42 0.001794
9 43 0.001794
9 44 0.004161
9 45 0.034173
9 46 0.000738
9 47 0.004480
9 48 0.000502
9 49 0.006763
9 50 0.018287
9 51 0.004480
9 52 0.003315
9 53 0.019299
9 54 0.002681
9 55 0.003354
9 56 0.003579
9 57 0.008170
9 58 0.001380
9 59 0.004480
9 60 0.034173
9 61 0.767529
9 62 0.327936
9 63 0.000334
9 64 0.285276
9 65 0.028526
9 66 0.008716
9 67 0.002473
9 68 0.004480
9 69 0.002648
9 70 0.002681
9 71 0.005896
9 72 0.004818
9 73 0.153568
9 74 0.066931
9 75 0.042353
9 76 0.014763
9 77 0.040565
9 78 0.008716
9 79 0.004480
9 80 0.002681
9 81 0.015490
9 82 0.134666
9 83 0.001279
9 84 0.257267
9 85 0.006317
9 86 0.093360
9 87 0.003103
9 88 0.014505
9 89 0.013814
9 90 0.003622
9 91 0.059828
9 92 0.025871
9 93 0.004480
9 94 0.006763
9 95 0.079482
9 96 0.053556
9 97 0.019141
9 98 0.064507
9 99 0.153568
10 0 0.004818
10 1 0.057916
10 2 0.008170
10 3 0.004818
10 4 0.051460
10 5 0.004480
10 6 0.003622
10 7 0.003103
10 8 0.005497
10 9 0.023583
10 10 0.000000
10 11 0.034173
10 12 0.006763
10 13 0.014763
10 14 0.002097
10 15 0.002868
10 16 0.053229
10 17 0.008716
10 18 0.005497
10 19 0.000548
10 20 0.001279
10 21 0.051779
10 22 0.003622
10 23 0.013938
10 24 0.002681
10 25 0.000173
10 26 0.049729
10 27 0.000334
10 28 0.003354
10 29 0.001065
10 30 0.011782
10 31 0.000556
10 32 0.011782
10 33 0.006317
10 34 0.006763
10 35 0.008716
10 36 0.011090
10 37 0.223001
10 38 0.004818
10 39 0.149692
10 40 0.010429
10 41 0.011782
10 42 0.037146
10 43 0.016383
10 44 0.347040
10 45 0.001065
10 46 0.396084
10 47 0.029706
10 48 0.011782
10 49 0.003622
10 50 0.001794
10 51 0.004818
10 52 0.164848
10 53 0.007159
10 54 0.082237
10 55 0.034173
10 56 0.002473
10 57 0.004818
10 58 0.003354
10 59 0.028526
10 60 0.001279
10 61 0.011090
10 62 0.001279
10 63 0.055708
10 64 0.142082
10 65 0.014634
10 66 0.034173
10 67 0.004480
10 68 0.937400
10 69 0.000556
10 70 0.003354
10 71 0.018135
10 72 0.030921
10 73 0.069412
10 74 0.009111
10 75 0.000194
10 76 0.042353
10 77 0.011782
10 78 0.000814
10 79 0.028526
10 80 0.010429
10 81 0.000453
10 82 0.380385
10 83 0.008544
10 84 0.000123
10 85 0.000669
10 86 0.004818
10 87 0.011782
10 88 0.001794
10 89 0.131589
10 90 0.003622
10 91 0.010429
10 92 0.002681
10 93 0.005120
10 94 0.007159
10 95 0.004480
10 96 0.003354
10 97 0.000372
10 98 0.002473
10 99 0.002279
11 0 0.040024
11 1 0.024612
11 2 0.003354
11 3 0.016383
11 4 0.001279
11 5 0.002473
11 6 0.000502
11 7 0.000970
11 8 0.003354
11 9 0.160843
11 10 0.034173
11 11 0.000000
11 12 0.002648
11 13 0.006763
11 14 0.003622
11 15 0.001646
11 16 0.034173
11 17 0.004161
11 18 0.011782
11 19 0.352018
11 20 0.000738
11 21 0.003622
11 22 0.003622
11 23 0.598137
11 24 0.002279
11 25 0.004161
11 26 0.033933
11 27 0.000268
11 28 0.002473
11 29 0.160230
11 30 0.006763
11 31 0.090388
11 32 0.002681
11 33 0.011782
11 34 0.015490
11 35 0.000814
11 36 0.000814
11 37 0.004765
11 38 0.000334
11 39 0.008170
11 40 0.002681
11 41 0.013938
11 42 0.051460
11 43 0.001794
11 44 0.008170
11 45 0.025871
11 46 0.003622
11 47 0.090388
11 48 0.001279
11 49 0.001279
11 50 0.010429
11 51 0.002681
11 52 0.120969
11 53 0.011090
11 54 0.087472
11 55 0.064507
11 56 0.008716
11 57 0.019299
11 58 0.081809
11 59 0.034173
11 60 0.004480
11 61 0.000814
11 62 0.002681
11 63 0.003315
11 64 0.028526
11 65 0.001508
11 66 0.051460
11 67 0.001794
11 68 0.069026
11 69 0.004818
11 70 0.008716
11 71 0.004818
11 72 0.003622
11 73 0.034173
11 74 0.000556
11 75 0.011090
11 76 0.034173
11 77 0.008716
11 78 0.006317
11 79 0.003354
11 80 0.025871
11 81 0.004161
11 82 0.000556
11 83 0.025871
11 84 0.004480
11 85 0.011782
11 86 0.014763
11 87 0.011782
11 88 0.000218
11 89 0.004480
11 90 0.006317
11 91 0.002473
11 92 0.006317
11 93 0.035514
11 94 0.038829
11 95 0.028526
11 96 0.004480
11 97 0.000139
11 98 0.024612
11 99 0.005497
12 0 0.019299
12 1 0.000372
12 2 0.074140
12 3 0.011090
12 4 0.034173
12 5 0.008170
12 6 0.090388
12 7 0.008716
12 8 0.002473
12 9 0.001279
12 10 0.006763
12 11 0.002648
12 12 0.000000
12 13 0.001261
12 14 0.016383
12 15 0.003103
12 16 0.004114
12 17 0.008716
12 18 0.004480
12 19 0.037146
12 20 0.011090
12 21 0.017316
12 22 0.002442
12 23 0.003622
12 24 0.011090
12 25 0.000556
12 26 0.003354
12 27 0.008716
12 28 0.009800
12 29 0.000556
12 30 0.023583
12 31 0.240658
12 32 0.011090
12 33 0.013030
12 34 0.002681
12 35 0.014763
12 36 0.748946
12 37 0.011782
12 38 0.124458
12 39 0.027175
12 40 0.004480
12 41 0.008088
12 42 0.000023
12 43 0.001794
12 44 0.003354
12 45 0.014763
12 46 0.006317
12 47 0.180651
12 48 0.025871
12 49 0.002681
12 50 0.002473
12 51 0.002473
12 52 0.006317
12 53 0.000453
12 54 0.015490
12 55 0.004161
12 56 0.076782
12 57 0.038829
12 58 0.006763
12 59 0.001794
12 60 0.016383
12 61 0.003354
12 62 0.002473
12 63 0.055708
12 64 0.180652
12 65 0.002681
12 66 0.000334
12 67 0.038306
12 68 0.004480
12 69 0.001645
12 70 0.000738
12 71 0.014763
12 72 0.028526
12 73 0.023583
12 74 0.006763
12 75 0.000334
12 76 0.023583
12 77 0.000814
12 78 0.014763
12 79 0.002681
12 80 0.004480
12 81 0.000502
12 82 0.000453
12 83 0.005896
12 84 0.000659
12 85 0.011090
12 86 0.047432
12 87 0.003622
12 88 0.000814
12 89 0.000076
12 90 0.000556
12 91 0.000556
12 92 0.076372
12 93 0.002615
12 94 0.001794
12 95 0.004480
12 96 0.001794
12 97 0.000970
12 98 0.002681
12 99 0.000123
13 0 0.000334
13 1 0.002473
13 2 0.031146
13 3 0.272287
13 4 0.001279
13 5 0.010429
13 6 0.031146
13 7 0.022408
13 8 0.034173
13 9 0.003622
13 10 0.014763
13 11 0.006763
13 12 0.001261
13 13 0.000000
13 14 0.087028
13 15 0.027175
13 16 0.001794
13 17 0.006763
13 18 0.014634
13 19 0.006763
13 20 0.017169
13 21 0.011090
13 22 0.002681
13 23 0.000046
13 24 0.025871
13 25 0.008630
13 26 0.188452
13 27 0.093360
13 28 0.007651
13 29 0.001794
13 30 0.240658
13 31 0.023583
13 32 0.060180
13 33 0.357000
13 34 0.006317
13 35 0.001065
13 36 0.499276
13 37 0.022408
13 38 0.005497
13 39 0.051460
13 40 0.001279
13 41 0.006763
13 42 0.001279
13 43 0.027175
13 44 0.001794
13 45 0.001168
13 46 0.002648
13 47 0.003354
13 48 0.149100
13 49 0.499276
13 50 0.001168
13 51 0.121504
13 52 0.001794
13 53 0.018287
13 54 0.000502
13 55 0.018135
13 56 0.000173
13 57 0.018287
13 58 0.034173
13 59 0.001279
13 60 0.002097
13 61 0.000139
13 62 0.004480
13 63 0.010429
13 64 0.002681
13 65 0.064506
13 66 0.008170
13 67 0.010429
13 68 0.003622
13 69 0.027175
13 70 0.006763
13 71 0.011090
13 72 0.016383
13 73 0.032402
13 74 0.037146
13 75 0.047734
13 76 0.008716
13 77 0.027175
13 78 0.066931
13 79 0.006763
13 80 0.002473
13 81 0.327949
13 82 0.029706
13 83 0.035514
13 84 0.042353
13 85 0.002868
13 86 0.004765
13 87 0.001794
13 88 0.002681
13 89 0.013149
13 90 0.010429
13 91 0.002473
13 92 0.066931
13 93 0.049729
13 94 0.040294
13 95 0.004480
13 96 0.142082
13 97 0.021276
13 98 0.443152
13 99 0.002681
14 0 0.006317
14 1 0.006317
14 2 0.000076
14 3 0.018287
14 4 0.004818
14 5 0.001168
14 6 0.028526
14 7 0.009800
14 8 0.002681
14 9 0.001794
14 10 0.002097
14 11 0.003622
14 12 0.016383
14 13 0.087028
14 14 0.000000
14 15 0.003622
14 16 0.000556
14 17 0.019299
14 18 0.001508
14 19 0.005177
14 20 0.006317
14 21 0.042353
14 22 0.006763
14 23 0.001168
14 24 0.017316
14 25 0.013149
14 26 0.002681
14 27 0.011782
14 28 0.047734
14 29 0.415157
14 30 0.003622
14 31 0.001646
14 32 0.011673
14 33 0.040565
14 34 0.004480
14 35 0.629352
14 36 0.035762
14 37 0.011090
14 38 0.090388
14 39 0.047734
14 40 0.027175
14 41 0.004765
14 42 0.024612
14 43 0.017316
14 44 0.004818
14 45 0.004818
14 46 0.035514
14 47 0.011566
14 48 0.011090
14 49 0.001279
14 50 0.001794
14 51 0.038829
14 52 0.011090
14 53 0.001508
14 54 0.000882
14 55 0.004818
14 56 0.005177
14 57 0.286022
14 58 0.087472
14 59 0.027175
14 60 0.476285
14 61 0.006763
14 62 0.001794
14 63 0.033933
14 64 0.000814
14 65 0.970246
14 66 0.049729
14 67 0.069412
14 68 0.042074
14 69 0.007651
14 70 0.008716
14 71 0.006317
14 72 0.000738
14 73 0.149100
14 74 0.014763
14 75 0.127998
14 76 0.004480
14 77 0.010986
14 78 0.008170
14 79 0.008716
14 80 0.011090
14 81 0.006763
14 82 0.003354
14 83 0.114667
14 84 0.000372
14 85 0.015490
14 86 0.000218
14 87 0.002473
14 88 0.040294
14 89 0.014763
14 90 0.011090
14 91 0.007159
14 92 0.011782
14 93 0.014763
14 94 0.001279
14 95 0.028315
14 96 0.142082
14 97 0.011090
14 98 0.003622
14 99 0.003354
15 0 0.576971
15 1 0.001645
15 2 0.000669
15 3 0.006317
15 4 0.005177
15 5 0.000814
15 6 0.318805
15 7 0.000814
15 8 0.001279
15 9 0.014763
15 10 0.002868
15 11 0.001646
15 12 0.003103
15 13 0.027175
15 14 0.003622
15 15 0.000000
15 16 0.824708
15 17 0.000139
15 18 0.005177
15 19 0.005120
15 20 0.000502
15 21 0.049729
15 22 0.006763
15 23 0.001279
15 24 0.006763
15 25 0.003354
15 26 0.001279
15 27 0.033933
15 28 0.023583
15 29 0.003354
15 30 0.005896
15 31 0.093360
15 32 0.000556
15 33 0.035762
15 34 0.001065
15 35 0.003354
15 36 0.002097
15 37 0.006763
15 38 0.008088
15 39 0.105307
15 40 0.001168
15 41 0.007651
15 42 0.015355
15 43 0.002473
15 44 0.000556
15 45 0.000173
15 46 0.000814
15 47 0.008716
15 48 0.002681
15 49 0.013938
15 50 0.002473
15 51 0.005497
15 52 0.055373
15 53 0.004161
15 54 0.020187
15 55 0.010429
15 56 0.013149
15 57 0.001168
15 58 0.001794
15 59 0.000556
15 60 0.000334
15 61 0.003622
15 62 0.011782
15 63 0.001794
15 64 0.000814
15 65 0.051779
15 66 0.000970
15 67 0.000372
15 68 0.023583
15 69 0.003103
15 70 0.006317
15 71 0.004818
15 72 0.042074
15 73 0.008170
15 74 0.004161
15 75 0.020187
15 76 0.009800
15 77 0.049418
15 78 0.006763
15 79 0.481064
15 80 0.001168
15 81 0.007159
15 82 0.008716
15 83 0.231422
15 84 0.001279
15 85 0.014763
15 86 0.003315
15 87 0.001794
15 88 0.000669
15 89 0.023583
15 90 0.003103
15 91 0.006317
15 92 0.000139
15 93 0.000814
15 94 0.003622
15 95 0.047432
15 96 0.002473
15 97 0.001261
15 98 0.008716
15 99 0.000970
16 0 0.001646
16 1 0.002681
16 2 0.003354
16 3 0.244597
16 4 0.003861
16 5 0.003622
16 6 0.013149
16 7 0.003103
16 8 0.013149
16 9 0.014763
16 10 0.053229
16 11 0.034173
16 12 0.004114
16 13 0.001794
16 14 0.000556
16 15 0.824708
16 16 0.000000
16 17 0.057916
16 18 0.011090
16 19 0.008716
16 20 0.003354
16 21 0.022408
16 22 0.064507
16 23 0.030921
16 24 0.007651
16 25 0.003354
16 26 0.014763
16 27 0.018287
16 28 0.006317
16 29 0.002681
16 30 0.004818
16 31 0.005177
16 32 0.001508
16 33 0.008716
16 34 0.003622
16 35 0.079062
16 36 0.352017
16 37 0.005497
16 38 0.014763
16 39 0.066931
16 40 0.111329
16 41 0.004818
16 42 0.059476
16 43 0.328700
16 44 0.045794
16 45 0.021276
16 46 0.008716
16 47 0.047133
16 48 0.000970
16 49 0.003622
16 50 0.001794
16 51 0.000814
16 52 0.006317
16 53 0.013938
16 54 0.002279
16 55 0.002868
16 56 0.045794
16 57 0.001168
16 58 0.003622
16 59 0.003354
16 60 0.000334
16 61 0.004480
16 62 0.002473
16 63 0.001279
16 64 0.006251
16 65 0.001279
16 66 0.003622
16 67 0.005896
16 68 0.003622
16 69 0.008170
16 70 0.168270
16 71 0.005896
16 72 0.023583
16 73 0.016383
16 74 0.006763
16 75 0.000218
16 76 0.000372
16 77 0.003103
16 78 0.006763
16 79 0.004480
16 80 0.014763
16 81 0.028526
16 82 0.011090
16 83 0.001168
16 84 0.007651
16 85 0.004818
16 86 0.002473
16 87 0.006763
16 88 0.016383
16 89 0.019299
16 90 0.009200
16 91 0.201407
16 92 0.000372
16 93 0.004818
16 94 0.006763
16 95 0.010429
16 96 0.011782
16 97 0.000659
16 98 0.745998
16 99 0.003622
17 0 0.018287
17 1 0.000814
17 2 0.000023
17 3 0.008716
17 4 0.019141
17 5 0.011782
17 6 0.006317
17 7 0.004818
17 8 0.000502
17 9 0.002868
17 10 0.008716
17 11 0.004161
17 12 0.008716
17 13 0.006763
17 14 0.019299
17 15 0.000139
17 16 0.057916
17 17 0.000000
17 18 0.003103
17 19 0.013938
17 20 0.538639
17 21 0.004818
17 22 0.001794
17 23 0.003622
17 24 0.035762
17 25 0.000218
17 26 0.006693
17 27 0.011782
17 28 0.002681
17 29 0.002681
17 30 0.005896
17 31 0.042353
17 32 0.004480
17 33 0.053556
17 34 0.015490
17 35 0.000502
17 36 0.000123
17 37 0.002473
17 38 0.002681
17 39 0.053230
17 40 0.023583
17 41 0.002681
17 42 0.049729
17 43 0.002681
17 44 0.029706
17 45 0.008170
17 46 0.005832
17 47 0.001279
17 48 0.051141
17 49 0.003622
17 50 0.032402
17 51 0.006317
17 52 0.131589
17 53 0.118059
17 54 0.171093
17 55 0.000300
17 56 0.028526
17 57 0.023583
17 58 0.010429
17 59 0.003622
17 60 0.006763
17 61 0.002473
17 62 0.031146
17 63 0.001279
17 64 0.008716
17 65 0.055708
17 66 0.004818
17 67 0.059827
17 68 0.003861
17 69 0.002473
17 70 0.003622
17 71 0.000502
17 72 0.018135
17 73 0.001279
17 74 0.418578
17 75 0.002681
17 76 0.011090
17 77 0.029706
17 78 0.020187
17 79 0.001794
17 80 0.003622
17 81 0.051779
17 82 0.008170
17 83 0.000814
17 84 0.006317
17 85 0.000556
17 86 0.005896
17 87 0.010986
17 88 0.000556
17 89 0.033933
17 90 0.004818
17 91 0.001646
17 92 0.001279
17 93 0.001794
17 94 0.001646
17 95 0.010429
17 96 0.027175
17 97 0.013938
17 98 0.362752
17 99 0.530264
18 0 0.001279
18 1 0.007651
18 2 0.074140
18 3 0.028526
18 4 0.000556
18 5 0.000334
18 6 0.001794
18 7 0.003622
18 8 0.045794
18 9 0.000372
18 10 0.005497
18 11 0.011782
18 12 0.004480
18 13 0.014634
18 14 0.001508
18 15 0.005177
18 16 0.011090
18 17 0.003103
18 18 0.000000
18 19 0.118059
18 20 0.002681
18 21 0.006317
18 22 0.002681
18 23 0.002097
18 24 0.996022
18 25 0.000669
18 26 0.008170
18 27 0.002473
18 28 0.420099
18 29 0.000814
18 30 0.049729
18 31 0.000738
18 32 0.000123
18 33 0.015490
18 34 0.003622
18 35 0.002442
18 36 0.006763
18 37 0.020187
18 38 0.015490
18 39 0.060180
18 40 0.001624
18 41 0.003622
18 42 0.000738
18 43 0.000300
18 44 0.005177
18 45 0.027175
18 46 0.035762
18 47 0.034173
18 48 0.000814
18 49 0.001794
18 50 0.000372
18 51 0.051779
18 52 0.006317
18 53 0.009200
18 54 0.006317
18 55 0.014763
18 56 0.002473
18 57 0.002279
18 58 0.000669
18 59 0.000606
18 60 0.000556
18 61 0.001168
18 62 0.035762
18 63 0.145278
18 64 0.008716
18 65 0.027175
18 66 0.093360
18 67 0.011674
18 68 0.002681
18 69 0.023583
18 70 0.002473
18 71 0.001794
18 72 0.003622
18 73 0.008716
18 74 0.003622
18 75 0.007159
18 76 0.013938
18 77 0.003622
18 78 0.001508
18 79 0.011090
18 80 0.000669
18 81 0.000556
18 82 0.003103
18 83 0.005177
18 84 0.847745
18 85 0.529561
18 86 0.000334
18 87 0.000970
18 88 0.000556
18 89 0.118059
18 90 0.000218
18 91 0.239942
18 92 0.069412
18 93 0.000814
18 94 0.000556
18 95 0.003354
18 96 0.001646
18 97 0.188452
18 98 0.002473
18 99 0.013030
19 0 0.004818
19 1 0.002648
19 2 0.512568
19 3 0.021276
19 4 0.000218
19 5 0.005177
19 6 0.002442
19 7 0.013938
19 8 0.000329
19 9 0.001279
19 10 0.000548
19 11 0.352018
19 12 0.037146
19 13 0.006763
19 14 0.005177
19 15 0.005120
19 16 0.008716
19 17 0.013938
19 18 0.118059
19 19 0.000000
19 20 0.006317
19 21 0.009800
19 22 0.002473
19 23 0.000669
19 24 0.001646
19 25 0.000556
19 26 0.028526
19 27 0.367737
19 28 0.027175
19 29 0.011782
19 30 0.018287
19 31 0.027175
19 32 0.005177
19 33 0.305549
19 34 0.004480
19 35 0.005177
19 36 0.189109
19 37 0.000556
19 38 0.001279
19 39 0.004818
19 40 0.073738
19 41 0.012394
19 42 0.000814
19 43 0.081809
19 44 0.000814
19 45 0.002473
19 46 0.002473
19 47 0.062139
19 48 0.236026
19 49 0.004818
19 50 0.003622
19 51 0.014763
19 52 0.013938
19 53 0.003622
19 54 0.014763
19 55 0.004161
19 56 0.014763
19 57 0.156883
19 58 0.029706
19 59 0.001279
19 60 0.001168
19 61 0.029706
19 62 0.001168
19 63 0.006317
19 64 0.011090
19 65 0.002868
19 66 0.004818
19 67 0.004818
19 68 0.000139
19 69 0.023583
19 70 0.062139
19 71 0.025871
19 72 0.095918
19 73 0.017316
19 74 0.040565
19 75 0.057572
19 76 0.001065
19 77 0.001794
19 78 0.023583
19 79 0.034173
19 80 0.160230
19 81 0.018287
19 82 0.022408
19 83 0.019299
19 84 0.000372
19 85 0.004818
19 86 0.028526
19 87 0.000372
19 88 0.000372
19 89 0.547624
19 90 0.030921
19 91 0.728192
19 92 0.001065
19 93 0.180651
19 94 0.011090
19 95 0.029706
19 96 0.005177
19 97 0.001794
19 98 0.000556
19 99 0.104813
20 0 0.003622
20 1 0.002868
20 2 0.001279
20 3 0.001770
20 4 0.012394
20 5 0.002473
20 6 0.004818
20 7 0.114667
20 8 0.000372
20 9 0.406015
20 10 0.001279
20 11 0.000738
20 12 0.011090
20 13 0.017169
20 14 0.006317
20 15 0.000502
20 16 0.003354
20 17 0.538639
20 18 0.002681
20 19 0.006317
20 20 0.000000
20 21 0.018287
20 22 0.003354
20 23 0.069412
20 24 0.002279
20 25 0.001646
20 26 0.001065
20 27 0.042353
20 28 0.023583
20 29 0.792549
20 30 0.038567
20 31 0.003622
20 32 0.038829
20 33 0.022408
20 34 0.003622
20 35 0.000372
20 36 0.003354
20 37 0.011090
20 38 0.002473
20 39 0.005896
20 40 0.022408
20 41 0.006763
20 42 0.034173
20 43 0.017170
20 44 0.003861
20 45 0.014763
20 46 0.002681
20 47 0.000372
20 48 0.002279
20 49 0.043621
20 50 0.022408
20 51 0.000814
20 52 0.000870
20 53 0.022408
20 54 0.003579
20 55 0.003622
20 56 0.108044
20 57 0.014763
20 58 0.001279
20 59 0.011782
20 60 0.001770
20 61 0.014763
20 62 0.001646
20 63 0.064507
20 64 0.049729
20 65 0.009800
20 66 0.135231
20 67 0.001168
20 68 0.160843
20 69 0.002681
20 70 0.422753
20 71 0.007159
20 72 0.004818
20 73 0.090388
20 74 0.014763
20 75 0.006763
20 76 0.006763
20 77 0.001794
20 78 0.019141
20 79 0.006763
20 80 0.010429
20 81 0.027175
20 82 0.013938
20 83 0.005497
20 84 0.014763
20 85 0.011782
20 86 0.218482
20 87 0.008716
20 88 0.003103
20 89 0.001794
20 90 0.001794
20 91 0.000372
20 92 0.064507
20 93 0.000139
20 94 0.001168
20 95 0.000814
20 96 0.023583
20 97 0.014763
20 98 0.027175
20 99 0.076783
21 0 0.915753
21 1 0.016243
21 2 0.021106
21 3 0.006763
21 4 0.001065
21 5 0.001794
21 6 0.002250
21 7 0.005177
21 8 0.006763
21 9 0.000738
21 10 0.051779
21 11 0.003622
21 12 0.017316
21 13 0.011090
21 14 0.042353
21 15 0.049729
21 16 0.022408
21 17 0.004818
21 18 0.006317
21 19 0.009800
21 20 0.018287
21 21 0.000000
21 22 0.007574
21 23 0.027175
21 24 0.023583
21 25 0.003622
21 26 0.004480
21 27 0.001794
21 28 0.003354
21 29 0.192733
21 30 0.003354
21 31 0.027175
21 32 0.034173
21 33 0.009200
21 34 0.102123
21 35 0.014763
21 36 0.066931
21 37 0.003354
21 38 0.222302
21 39 0.001794
21 40 0.029706
21 41 0.443153
21 42 0.042353
21 43 0.040565
21 44 0.023399
21 45 0.003354
21 46 0.002681
21 47 0.034173
21 48 0.006763
21 49 0.002279
21 50 0.000556
21 51 0.314631
21 52 0.005177
21 53 0.001168
21 54 0.003622
21 55 0.000556
21 56 0.011090
21 57 0.342063
21 58 0.000502
21 59 0.124458
21 60 0.001279
21 61 0.040294
21 62 0.034173
21 63 0.004161
21 64 0.004480
21 65 0.007651
21 66 0.000814
21 67 0.015490
21 68 0.011090
21 69 0.013149
21 70 0.000334
21 71 0.390345
21 72 0.004818
21 73 0.010429
21 74 0.003622
21 75 0.003622
21 76 0.011782
21 77 0.009200
21 78 0.000502
21 79 0.811709
21 80 0.043907
21 81 0.183561
21 82 0.013938
21 83 0.014763
21 84 0.004818
21 85 0.013938
21 86 0.000372
21 87 0.000218
21 88 0.018287
21 89 0.000556
21 90 0.000814
21 91 0.017316
21 92 0.038829
21 93 0.006763
21 94 0.000556
21 95 0.775661
21 96 0.127998
21 97 0.006763
21 98 0.471489
21 99 0.005896
22 0 0.006763
22 1 0.010429
22 2 0.001380
22 3 0.006763
22 4 0.049418
22 5 0.002473
22 6 0.008716
22 7 0.013814
22 8 0.005177
22 9 0.001279
22 10 0.003622
22 11 0.003622
22 12 0.002442
22 13 0.002681
22 14 0.006763
22 15 0.006763
22 16 0.064507
22 17 0.001794
22 18 0.002681
22 19 0.002473
22 20 0.003354
22 21 0.007574
22 22 0.000000
22 23 0.001794
22 24 0.006763
22 25 0.008716
22 26 0.076783
22 27 0.000802
22 28 0.002279
22 29 0.001794
22 30 0.028526
22 31 0.001794
22 32 0.001168
22 33 0.489839
22 34 0.002681
22 35 0.000814
22 36 0.013030
22 37 0.391111
22 38 0.006317
22 39 0.005896
22 40 0.005896
22 41 0.002681
22 42 0.021276
22 43 0.018287
22 44 0.000556
22 45 0.004480
22 46 0.004161
22 47 0.001794
22 48 0.000970
22 49 0.420099
22 50 0.006763
22 51 0.008716
22 52 0.277097
22 53 0.008716
22 54 0.017316
22 55 0.001794
22 56 0.002681
22 57 0.013814
22 58 0.006317
22 59 0.016383
22 60 0.000738
22 61 0.001794
22 62 0.001279
22 63 0.004161
22 64 0.003622
22 65 0.007159
22 66 0.019141
22 67 0.011090
22 68 0.009200
22 69 0.019141
22 70 0.002473
22 71 0.000556
22 72 0.008170
22 73 0.022408
22 74 0.023583
22 75 0.008716
22 76 0.001279
22 77 0.000814
22 78 0.000556
22 79 0.008716
22 80 0.001646
22 81 0.076782
22 82 0.004818
22 83 0.004818
22 84 0.057572
22 85 0.003622
22 86 0.009800
22 87 0.000372
22 88 0.001168
22 89 0.005896
22 90 0.197052
22 91 0.001168
22 92 0.076783
22 93 0.018287
22 94 0.011090
22 95 0.002473
22 96 0.018287
22 97 0.000814
22 98 0.004161
22 99 0.001279
23 0 0.034173
23 1 0.031146
23 2 0.022408
23 3 0.011090
23 4 0.001279
23 5 0.022408
23 6 0.002473
23 7 0.034173
23 8 0.001794
23 9 0.011782
23 10 0.013938
23 11 0.598137
23 12 0.003622
23 13 0.000046
23 14 0.001168
23 15 0.001279
23 16 0.030921
23 17 0.003622
23 18 0.002097
23 19 0.000669
23 20 0.069412
23 21 0.027175
23 22 0.001794
23 23 0.000000
23 24 0.001279
23 25 0.029489
23 26 0.004818
23 27 0.006763
23 28 0.014763
23 29 0.004818
23 30 0.517201
23 31 0.408679
23 32 0.053556
23 33 0.998205
23 34 0.009200
23 35 0.000814
23 36 0.002681
23 37 0.003103
23 38 0.002681
23 39 0.002473
23 40 0.000218
23 41 0.001168
23 42 0.001770
23 43 0.025674
23 44 0.000076
23 45 0.021276
23 46 0.371954
23 47 0.002681
23 48 0.047432
23 49 0.000556
23 50 0.010232
23 51 0.002681
23 52 0.006317
23 53 0.001646
23 54 0.014763
23 55 0.003622
23 56 0.079482
23 57 0.000334
23 58 0.023583
23 59 0.002473
23 60 0.016383
23 61 0.016383
23 62 0.018287
23 63 0.023583
23 64 0.003622
23 65 0.010429
23 66 0.000040
23 67 0.011782
23 68 0.021106
23 69 0.008716
23 70 0.014763
23 71 0.014763
23 72 0.006317
23 73 0.002681
23 74 0.003622
23 75 0.011782
23 76 0.000372
23 77 0.001168
23 78 0.014763
23 79 0.051459
23 80 0.000194
23 81 0.000548
23 82 0.006763
23 83 0.003622
23 84 0.014763
23 85 0.006317
23 86 0.002473
23 87 0.008170
23 88 0.003066
23 89 0.014763
23 90 0.003622
23 91 0.001380
23 92 0.003622
23 93 0.003622
23 94 0.018287
23 95 0.019141
23 96 0.071555
23 97 0.005177
23 98 0.001794
23 99 0.014763
24 0 0.000556
24 1 0.467420
24 2 0.023583
24 3 0.834557
24 4 0.014763
24 5 0.005896
24 6 0.008716
24 7 0.005497
24 8 0.028315
24 9 0.011090
24 10 0.002681
24 11 0.002279
24 12 0.011090
24 13 0.025871
24 14 0.017316
24 15 0.006763
24 16 0.007651
24 17 0.035762
24 18 0.996022
24 19 0.001646
24 20 0.002279
24 21 0.023583
24 22 0.006763
24 23 0.001279
24 24 0.000000
24 25 0.028526
24 26 0.007651
24 27 0.045794
24 28 0.001794
24 29 0.000218
24 30 0.000814
24 31 0.093360
24 32 0.011782
24 33 0.200734
24 34 0.002868
24 35 0.023583
24 36 0.025871
24 37 0.180651
24 38 0.013938
24 39 0.028315
24 40 0.003622
24 41 0.002833
24 42 0.034173
24 43 0.000814
24 44 0.001151
24 45 0.060180
24 46 0.037146
24 47 0.008716
24 48 0.001646
24 49 0.000814
24 50 0.016383
24 51 0.003354
24 52 0.002473
24 53 0.027175
24 54 0.004818
24 55 0.001279
24 56 0.008170
24 57 0.000738
24 58 0.006317
24 59 0.004480
24 60 0.004818
24 61 0.001279
24 62 0.000123
24 63 0.013149
24 64 0.001065
24 65 0.000556
24 66 0.057572
24 67 0.000882
24 68 0.006763
24 69 0.004480
24 70 0.037146
24 71 0.006763
24 72 0.000738
24 73 0.000814
24 74 0.006763
24 75 0.000334
24 76 0.003622
24 77 0.180006
24 78 0.008170
24 79 0.007651
24 80 0.000076
24 81 0.002648
24 82 0.011782
24 83 0.004480
24 84 0.028526
24 85 0.033933
24 86 0.000218
24 87 0.001794
24 88 0.090388
24 89 0.038567
24 90 0.003354
24 91 0.002681
24 92 0.018287
24 93 0.007159
24 94 0.008716
24 95 0.001794
24 96 0.004818
24 97 0.003622
24 98 0.000139
24 99 0.010429
25 0 0.004480
25 1 0.002681
25 2 0.011090
25 3 0.068643
25 4 0.000814
25 5 0.001279
25 6 0.003622
25 7 0.001794
25 8 0.018135
25 9 0.003622
25 10 0.000173
25 11 0.004161
25 12 0.000556
25 13 0.008630
25 14 0.013149
25 15 0.003354
25 16 0.003354
25 17 0.000218
25 18 0.000669
25 19 0.000556
25 20 0.001646
25 21 0.003622
25 22 0.008716
25 23 0.029489
25 24 0.028526
25 25 0.000000
25 26 0.000738
25 27 0.001794
25 28 0.017169
25 29 0.124458
25 30 0.004818
25 31 0.008716
25 32 0.008170
25 33 0.149692
25 34 0.011090
25 35 0.002473
25 36 0.011782
25 37 0.004480
25 38 0.343597
25 39 0.008716
25 40 0.002279
25 41 0.004480
25 42 0.000814
25 43 0.002681
25 44 0.007651
25 45 0.005120
25 46 0.005896
25 47 0.004818
25 48 0.004818
25 49 0.053556
25 50 0.022408
25 51 0.003354
25 52 0.013938
25 53 0.021276
25 54 0.001279
25 55 0.001279
25 56 0.010429
25 57 0.003103
25 58 0.001380
25 59 0.000556
25 60 0.010429
25 61 0.314631
25 62 0.000194
25 63 0.001508
25 64 0.003354
25 65 0.294252
25 66 0.001279
25 67 0.001065
25 68 0.002473
25 69 0.008716
25 70 0.027175
25 71 0.003622
25 72 0.089483
25 73 0.001279
25 74 0.231422
25 75 0.006763
25 76 0.003622
25 77 0.004818
25 78 0.004480
25 79 0.049729
25 80 0.001646
25 81 0.004818
25 82 0.001279
25 83 0.002681
25 84 0.002681
25 85 0.000738
25 86 0.004818
25 87 0.001794
25 88 0.000218
25 89 0.062139
25 90 0.001065
25 91 0.014763
25 92 0.000002
25 93 0.001794
25 94 0.001794
25 95 0.000139
25 96 0.000334
25 97 0.076783
25 98 0.002681
25 99 0.002681
26 0 0.006763
26 1 0.003354
26 2 0.012394
26 3 0.005497
26 4 0.002681
26 5 0.002473
26 6 0.001380
26 7 0.005497
26 8 0.024612
26 9 0.000556
26 10 0.049729
26 11 0.033933
26 12 0.003354
26 13 0.188452
26 14 0.002681
26 15 0.001279
26 16 0.014763
26 17 0.006693
26 18 0.008170
26 19 0.028526
26 20 0.001065
26 21 0.004480
26 22 0.076783
26 23 0.004818
26 24 0.007651
26 25 0.000738
26 26 0.000000
26 27 0.003622
26 28 0.051142
26 29 0.007159
26 30 0.001380
26 31 0.021276
26 32 0.114149
26 33 0.164848
26 34 0.000154
26 35 0.002681
26 36 0.005497
26 37 0.006763
26 38 0.000218
26 39 0.003579
26 40 0.000502
26 41 0.000502
26 42 0.066554
26 43 0.022408
26 44 0.008170
26 45 0.000334
26 46 0.001168
26 47 0.011090
26 48 0.060180
26 49 0.001508
26 50 0.000046
26 51 0.057916
26 52 0.002473
26 53 0.000218
26 54 0.009800
26 55 0.002097
26 56 0.087472
26 57 0.011090
26 58 0.018287
26 59 0.001794
26 60 0.003103
26 61 0.023399
26 62 0.101637
26 63 0.023583
26 64 0.011782
26 65 0.003622
26 66 0.011782
26 67 0.005833
26 68 0.001770
26 69 0.022408
26 70 0.011674
26 71 0.205798
26 72 0.002681
26 73 0.180006
26 74 0.020187
26 75 0.008170
26 76 0.001646
26 77 0.102123
26 78 0.011090
26 79 0.042353
26 80 0.000334
26 81 0.008170
26 82 0.034173
26 83 0.035514
26 84 0.024422
26 85 0.043907
26 86 0.087472
26 87 0.001646
26 88 0.001645
26 89 0.000007
26 90 0.011090
26 91 0.034173
26 92 0.020187
26 93 0.281179
26 94 0.037146
26 95 0.105307
26 96 0.006317
26 97 0.005177
26 98 0.004818
26 99 0.017316
27 0 0.004818
27 1 0.001279
27 2 0.000268
27 3 0.012394
27 4 0.002473
27 5 0.006317
27 6 0.017316
27 7 0.057572
27 8 0.022408
27 9 0.000502
27 10 0.000334
27 11 0.000268
27 12 0.008716
27 13 0.093360
27 14 0.011782
27 15 0.033933
27 16 0.018287
27 17 0.011782
27 18 0.002473
27 19 0.367737
27 20 0.042353
27 21 0.001794
27 22 0.000802
27 23 0.006763
27 24 0.045794
27 25 0.001794
27 26 0.003622
27 27 0.000000
27 28 0.005177
27 29 0.391111
27 30 0.003622
27 31 0.005896
27 32 0.079482
27 33 0.008170
27 34 0.000814
27 35 0.049729
27 36 0.187795
27 37 0.018287
27 38 0.753869
27 39 0.023583
27 40 0.008716
27 41 0.020187
27 42 0.066931
27 43 0.043621
27 44 0.164848
27 45 0.000556
27 46 0.000268
27 47 0.003354
27 48 0.003354
27 49 0.018983
27 50 0.008170
27 51 0.000556
