0 0 0.000000
0 1 0.014763
0 2 0.000067
0 3 0.272287
0 4 0.040565
0 5 0.011673
0 6 0.001508
0 7 0.000814
0 8 0.002279
0 9 0.000218
0 10 0.004818
0 11 0.195716
0 12 0.002681
0 13 0.000334
0 14 0.006317
0 15 0.000870
0 16 0.001646
0 17 0.034173
0 18 0.001279
0 19 0.004818
0 20 0.003622
0 21 0.972846
0 22 0.014763
0 23 0.022408
0 24 0.000556
0 25 0.004480
0 26 0.006763
0 27 0.004818
0 28 0.001279
0 29 0.011782
0 30 0.000669
0 31 0.007651
0 32 0.003103
0 33 0.022408
0 34 0.004161
0 35 0.002473
0 36 0.015490
0 37 0.000814
0 38 0.290130
0 39 0.051460
0 40 0.001279
0 41 0.127998
0 42 0.045208
0 43 0.672979
0 44 0.028315
0 45 0.011090
0 46 0.004429
0 47 0.060180
0 48 0.001168
0 49 0.007651
0 50 0.000669
0 51 0.000210
0 52 0.014634
0 53 0.002681
0 54 0.107543
0 55 0.000556
0 56 0.000046
0 57 0.783552
0 58 0.000556
0 59 0.013814
0 60 0.013938
0 61 0.001646
0 62 0.008170
0 63 0.000372
0 64 0.011782
0 65 0.000268
0 66 0.138350
0 67 0.005177
0 68 0.000502
0 69 0.002648
0 70 0.023399
0 71 0.005497
0 72 0.004161
0 73 0.087472
0 74 0.022408
0 75 0.003622
0 76 0.003622
0 77 0.013691
0 78 0.013938
0 79 0.001794
0 80 0.000109
0 81 0.074140
0 82 0.000173
0 83 0.000814
0 84 0.002473
0 85 0.084612
0 86 0.175844
0 87 0.001168
0 88 0.000556
0 89 0.000218
0 90 0.000334
0 91 0.031146
0 92 0.004818
0 93 0.001646
0 94 0.004480
0 95 0.007651
0 96 0.000139
0 97 0.001168
0 98 0.000556
0 99 0.001279
1 0 0.014763
1 1 0.000000
1 2 0.002681
1 3 0.000669
1 4 0.000727
1 5 0.006317
1 6 0.001168
1 7 0.002473
1 8 0.008630
1 9 0.008170
1 10 0.008170
1 11 0.015490
1 12 0.000372
1 13 0.002473
1 14 0.022408
1 15 0.000067
1 16 0.002681
1 17 0.000814
1 18 0.007651
1 19 0.011673
1 20 0.002868
1 21 0.016243
1 22 0.005896
1 23 0.005497
1 24 0.108044
1 25 0.002681
1 26 0.003354
1 27 0.023583
1 28 0.001279
1 29 0.000802
1 30 0.035762
1 31 0.005833
1 32 0.000218
1 33 0.001646
1 34 0.004480
1 35 0.000502
1 36 0.121504
1 37 0.001151
1 38 0.000814
1 39 0.000814
1 40 0.002681
1 41 0.008716
1 42 0.001928
1 43 0.013938
1 44 0.000218
1 45 0.002681
1 46 0.000076
1 47 0.000814
1 48 0.017316
1 49 0.010232
1 50 0.000334
1 51 0.001279
1 52 0.018287
1 53 0.004429
1 54 0.000814
1 55 0.000268
1 56 0.184209
1 57 0.000814
1 58 0.000139
1 59 0.035267
1 60 0.018135
1 61 0.001168
1 62 0.006317
1 63 0.006317
1 64 0.006317
1 65 0.002279
1 66 0.037146
1 67 0.004818
1 68 0.000372
1 69 0.004818
1 70 0.001279
1 71 0.015490
1 72 0.042353
1 73 0.000596
1 74 0.000556
1 75 0.005497
1 76 0.003622
1 77 0.001279
1 78 0.018983
1 79 0.014634
1 80 0.000139
1 81 0.028526
1 82 0.003354
1 83 0.040565
1 84 0.014505
1 85 0.001279
1 86 0.045794
1 87 0.001794
1 88 0.156883
1 89 0.001646
1 90 0.003622
1 91 0.001646
1 92 0.000556
1 93 0.000139
1 94 0.000300
1 95 0.012394
1 96 0.000372
1 97 0.021276
1 98 0.004480
1 99 0.001508
2 0 0.000067
2 1 0.002681
2 2 0.000000
2 3 0.002473
2 4 0.000556
2 5 0.002681
2 6 0.005437
2 7 0.011565
2 8 0.003103
2 9 0.000334
2 10 0.008170
2 11 0.000194
2 12 0.020187
2 13 0.318806
2 14 0.000076
2 15 0.000669
2 16 0.000194
2 17 0.000023
2 18 0.012394
2 19 0.017169
2 20 0.001279
2 21 0.003066
2 22 0.001380
2 23 0.013938
2 24 0.168897
2 25 0.013938
2 26 0.012394
2 27 0.000268
2 28 0.013149
2 29 0.002473
2 30 0.000606
2 31 0.031146
2 32 0.002868
2 33 0.000194
2 34 0.012394
2 35 0.001508
2 36 0.002473
2 37 0.000814
2 38 0.002868
2 39 0.000023
2 40 0.000738
2 41 0.002473
2 42 0.004818
2 43 0.000494
2 44 0.000556
2 45 0.001380
2 46 0.005896
2 47 0.001279
2 48 0.000814
2 49 0.006763
2 50 0.000067
2 51 0.001794
2 52 0.001794
2 53 0.000218
2 54 0.008716
2 55 0.049418
2 56 0.002442
2 57 0.095918
2 58 0.021276
2 59 0.016243
2 60 0.001279
2 61 0.004480
2 62 0.061779
2 63 0.002868
2 64 0.002473
2 65 0.003103
2 66 0.042353
2 67 0.000556
2 68 0.017316
2 69 0.008716
2 70 0.001279
2 71 0.003354
2 72 0.003622
2 73 0.002868
2 74 0.000218
2 75 0.063767
2 76 0.000738
2 77 0.006763
2 78 0.000502
2 79 0.000139
2 80 0.004818
2 81 0.011782
2 82 0.000218
2 83 0.000372
2 84 0.001508
2 85 0.022408
2 86 0.000194
2 87 0.000814
2 88 0.001065
2 89 0.010986
2 90 0.001279
2 91 0.000738
2 92 0.066931
2 93 0.002473
2 94 0.000659
2 95 0.000085
2 96 0.000139
2 97 0.000139
2 98 0.005437
2 99 0.000268
3 0 0.272287
3 1 0.000669
3 2 0.002473
3 3 0.000000
3 4 0.008630
3 5 0.001168
3 6 0.004818
3 7 0.010232
3 8 0.008716
3 9 0.208857
3 10 0.018287
3 11 0.002097
3 12 0.006317
3 13 0.024612
3 14 0.001168
3 15 0.003354
3 16 0.018135
3 17 0.004818
3 18 0.049729
3 19 0.004161
3 20 0.001770
3 21 0.006763
3 22 0.006763
3 23 0.011090
3 24 0.051141
3 25 0.049110
3 26 0.024612
3 27 0.037146
3 28 0.004818
3 29 0.013938
3 30 0.000814
3 31 0.000218
3 32 0.001151
3 33 0.016383
3 34 0.008170
3 35 0.018287
3 36 0.001928
3 37 0.003354
3 38 0.007651
3 39 0.017316
3 40 0.003354
3 41 0.015490
3 42 0.008170
3 43 0.008170
3 44 0.000372
3 45 0.006317
3 46 0.008716
3 47 0.019299
3 48 0.000191
3 49 0.001380
3 50 0.011782
3 51 0.001646
3 52 0.028526
3 53 0.004818
3 54 0.011090
3 55 0.001065
3 56 0.001508
3 57 0.018287
3 58 0.006763
3 59 0.000502
3 60 0.000669
3 61 0.000240
3 62 0.008170
3 63 0.042074
3 64 0.032635
3 65 0.003622
3 66 0.000401
3 67 0.073738
3 68 0.002279
3 69 0.000814
3 70 0.000738
3 71 0.001279
3 72 0.002097
3 73 0.000556
3 74 0.002681
3 75 0.000814
3 76 0.001794
3 77 0.000606
3 78 0.000218
3 79 0.003622
3 80 0.000076
3 81 0.008170
3 82 0.003622
3 83 0.003622
3 84 0.005177
3 85 0.000334
3 86 0.000556
3 87 0.000067
3 88 0.000548
3 89 0.001361
3 90 0.000814
3 91 0.011090
3 92 0.000556
3 93 0.055708
3 94 0.003354
3 95 0.019141
3 96 0.004480
3 97 0.017984
3 98 0.028315
3 99 0.026768
4 0 0.040565
4 1 0.000727
4 2 0.000556
4 3 0.008630
4 4 0.000000
4 5 0.001168
4 6 0.000556
4 7 0.006763
4 8 0.032635
4 9 0.001487
4 10 0.008630
4 11 0.001279
4 12 0.118059
4 13 0.001279
4 14 0.000334
4 15 0.005177
4 16 0.003861
4 17 0.002648
4 18 0.000556
4 19 0.000218
4 20 0.007159
4 21 0.001065
4 22 0.079062
4 23 0.001279
4 24 0.004818
4 25 0.000814
4 26 0.002681
4 27 0.002473
4 28 0.008170
4 29 0.000023
4 30 0.001380
4 31 0.056887
4 32 0.001279
4 33 0.000814
4 34 0.000334
4 35 0.001794
4 36 0.001380
4 37 0.000970
4 38 0.002473
4 39 0.000556
4 40 0.014763
4 41 0.013938
4 42 0.000556
4 43 0.021276
4 44 0.002868
4 45 0.000076
4 46 0.002279
4 47 0.004818
4 48 0.001380
4 49 0.001279
4 50 0.047734
4 51 0.002097
4 52 0.006763
4 53 0.003354
4 54 0.004818
4 55 0.027175
4 56 0.001065
4 57 0.003622
4 58 0.019299
4 59 0.001168
4 60 0.002473
4 61 0.000334
4 62 0.016383
4 63 0.003622
4 64 0.001794
4 65 0.008170
4 66 0.001794
4 67 0.002868
4 68 0.006763
4 69 0.000479
4 70 0.034173
4 71 0.028526
4 72 0.040565
4 73 0.015490
4 74 0.081382
4 75 0.000334
4 76 0.001279
4 77 0.001794
4 78 0.000007
4 79 0.002473
4 80 0.000334
4 81 0.012394
4 82 0.000040
4 83 0.000814
4 84 0.023583
4 85 0.047432
4 86 0.001168
4 87 0.024612
4 88 0.001928
4 89 0.002442
4 90 0.028526
4 91 0.000109
4 92 0.004480
4 93 0.000334
4 94 0.000453
4 95 0.045794
4 96 0.000123
4 97 0.000051
4 98 0.000046
4 99 0.000669
5 0 0.011673
5 1 0.006317
5 2 0.002681
5 3 0.001168
5 4 0.001168
5 5 0.000000
5 6 0.003579
5 7 0.001794
5 8 0.001646
5 9 0.000040
5 10 0.047734
5 11 0.000123
5 12 0.008170
5 13 0.010429
5 14 0.001168
5 15 0.000814
5 16 0.003622
5 17 0.000556
5 18 0.000334
5 19 0.002681
5 20 0.011090
5 21 0.001794
5 22 0.002473
5 23 0.000738
5 24 0.005896
5 25 0.001279
5 26 0.000123
5 27 0.006317
5 28 0.001508
5 29 0.003622
5 30 0.000606
5 31 0.000139
5 32 0.016383
5 33 0.013938
5 34 0.002279
5 35 0.002473
5 36 0.002681
5 37 0.001794
5 38 0.008170
5 39 0.000659
5 40 0.003354
5 41 0.001794
5 42 0.003103
5 43 0.002473
5 44 0.002681
5 45 0.049729
5 46 0.034173
5 47 0.004818
5 48 0.003861
5 49 0.001168
5 50 0.002473
5 51 0.000738
5 52 0.000109
5 53 0.002681
5 54 0.000139
5 55 0.002648
5 56 0.000139
5 57 0.001794
5 58 0.002681
5 59 0.928934
5 60 0.000445
5 61 0.027175
5 62 0.002279
5 63 0.000334
5 64 0.000334
5 65 0.002279
5 66 0.521811
5 67 0.009800
5 68 0.004818
5 69 0.005896
5 70 0.034173
5 71 0.000802
5 72 0.043907
5 73 0.002868
5 74 0.001279
5 75 0.001168
5 76 0.009800
5 77 0.003622
5 78 0.003861
5 79 0.002473
5 80 0.001168
5 81 0.002681
5 82 0.008170
5 83 0.000738
5 84 0.066931
5 85 0.005833
5 86 0.005896
5 87 0.002681
5 88 0.002799
5 89 0.002097
5 90 0.003103
5 91 0.004480
5 92 0.003579
5 93 0.004818
5 94 0.031146
5 95 0.000738
5 96 0.035514
5 97 0.001770
5 98 0.005896
5 99 0.001794
6 0 0.001508
6 1 0.001168
6 2 0.005437
6 3 0.004818
6 4 0.000556
6 5 0.003579
6 6 0.000000
6 7 0.001794
6 8 0.001794
6 9 0.000139
6 10 0.028526
6 11 0.000502
6 12 0.055708
6 13 0.012394
6 14 0.000502
6 15 0.007574
6 16 0.064507
6 17 0.057916
6 18 0.001794
6 19 0.002442
6 20 0.004818
6 21 0.000107
6 22 0.008716
6 23 0.002473
6 24 0.004818
6 25 0.003622
6 26 0.000606
6 27 0.002279
6 28 0.006763
6 29 0.000738
6 30 0.001770
6 31 0.000218
6 32 0.005497
6 33 0.019299
6 34 0.002473
6 35 0.019141
6 36 0.003622
6 37 0.000814
6 38 0.008170
6 39 0.069412
6 40 0.064507
6 41 0.006317
6 42 0.008170
6 43 0.002473
6 44 0.003354
6 45 0.028526
6 46 0.000738
6 47 0.002473
6 48 0.038829
6 49 0.007159
6 50 0.000007
6 51 0.000556
6 52 0.004818
6 53 0.009800
6 54 0.011090
6 55 0.002473
6 56 0.000139
6 57 0.095918
6 58 0.014763
6 59 0.001168
6 60 0.001646
6 61 0.011090
6 62 0.024422
6 63 0.002868
6 64 0.105307
6 65 0.028105
6 66 0.000556
6 67 0.003103
6 68 0.069026
6 69 0.008630
6 70 0.009200
6 71 0.008170
6 72 0.006763
6 73 0.025871
6 74 0.001770
6 75 0.010429
6 76 0.002473
6 77 0.001279
6 78 0.001794
6 79 0.001168
6 80 0.000123
6 81 0.003622
6 82 0.012281
6 83 0.000218
6 84 0.010986
6 85 0.010429
6 86 0.007651
6 87 0.008630
6 88 0.001646
6 89 0.000502
6 90 0.002681
6 91 0.000556
6 92 0.031146
6 93 0.000268
6 94 0.002097
6 95 0.005177
6 96 0.000814
6 97 0.022408
6 98 0.069026
6 99 0.001794
7 0 0.000814
7 1 0.002473
7 2 0.011565
7 3 0.010232
7 4 0.006763
7 5 0.001794
7 6 0.001794
7 7 0.000000
7 8 0.006763
7 9 0.002279
7 10 0.003103
7 11 0.000970
7 12 0.000814
7 13 0.022408
7 14 0.009800
7 15 0.000814
7 16 0.003103
7 17 0.000334
7 18 0.003622
7 19 0.001646
7 20 0.000268
7 21 0.005177
7 22 0.001624
7 23 0.005896
7 24 0.000408
7 25 0.001794
7 26 0.005497
7 27 0.026971
7 28 0.010986
7 29 0.002681
7 30 0.000502
7 31 0.040565
7 32 0.001168
7 33 0.057916
7 34 0.008716
7 35 0.000329
7 36 0.040565
7 37 0.000218
7 38 0.013938
7 39 0.004480
7 40 0.006317
7 41 0.192733
7 42 0.000453
7 43 0.008170
7 44 0.003861
7 45 0.002868
7 46 0.005833
7 47 0.515072
7 48 0.000139
7 49 0.000669
7 50 0.000738
7 51 0.001279
7 52 0.005896
7 53 0.000139
7 54 0.006763
7 55 0.010429
7 56 0.003354
7 57 0.008716
7 58 0.002473
7 59 0.000076
7 60 0.002648
7 61 0.004818
7 62 0.001168
7 63 0.008170
7 64 0.006763
7 65 0.000556
7 66 0.032635
7 67 0.000194
7 68 0.003622
7 69 0.003861
7 70 0.008716
7 71 0.057230
7 72 0.001168
7 73 0.149100
7 74 0.008716
7 75 0.002097
7 76 0.068641
7 77 0.000334
7 78 0.000970
7 79 0.006317
7 80 0.000334
7 81 0.004818
7 82 0.002681
7 83 0.011090
7 84 0.004480
7 85 0.028526
7 86 0.001279
7 87 0.010429
7 88 0.000194
7 89 0.010429
7 90 0.000046
7 91 0.002681
7 92 0.001487
7 93 0.034173
7 94 0.001794
7 95 0.013149
7 96 0.062139
7 97 0.000109
7 98 0.002648
7 99 0.002681
8 0 0.002279
8 1 0.008630
8 2 0.003103
8 3 0.008716
8 4 0.032635
8 5 0.001646
8 6 0.001794
8 7 0.006763
8 8 0.000000
8 9 0.002868
8 10 0.005497
8 11 0.000194
8 12 0.002473
8 13 0.040565
8 14 0.002681
8 15 0.001279
8 16 0.007651
8 17 0.000502
8 18 0.002868
8 19 0.000329
8 20 0.000372
8 21 0.000556
8 22 0.005177
8 23 0.001794
8 24 0.045499
8 25 0.002442
8 26 0.003861
8 27 0.000300
8 28 0.011090
8 29 0.000970
8 30 0.001168
8 31 0.001508
8 32 0.004818
8 33 0.001151
8 34 0.000046
8 35 0.000046
8 36 0.002473
8 37 0.001508
8 38 0.013938
8 39 0.651944
8 40 0.000453
8 41 0.001168
8 42 0.000814
8 43 0.095918
8 44 0.011782
8 45 0.001646
8 46 0.127998
8 47 0.006763
8 48 0.002473
8 49 0.003354
8 50 0.001508
8 51 0.006763
8 52 0.040024
8 53 0.004480
8 54 0.001168
8 55 0.000814
8 56 0.005120
8 57 0.002473
8 58 0.004765
8 59 0.022231
8 60 0.001646
8 61 0.000218
8 62 0.209540
8 63 0.009111
8 64 0.084612
8 65 0.004818
8 66 0.004765
8 67 0.004480
8 68 0.002681
8 69 0.013938
8 70 0.009800
8 71 0.011090
8 72 0.003622
8 73 0.001794
8 74 0.001279
8 75 0.000372
8 76 0.001928
8 77 0.000123
8 78 0.000240
8 79 0.000556
8 80 0.000123
8 81 0.011090
8 82 0.000334
8 83 0.001646
8 84 0.013938
8 85 0.000372
8 86 0.011674
8 87 0.000502
8 88 0.003579
8 89 0.032635
8 90 0.013814
8 91 0.002681
8 92 0.020023
8 93 0.002473
8 94 0.000738
8 95 0.011090
8 96 0.001168
8 97 0.001279
8 98 0.069412
8 99 0.011090
9 0 0.000218
9 1 0.008170
9 2 0.000334
9 3 0.208857
9 4 0.001487
9 5 0.000040
9 6 0.000139
9 7 0.002279
9 8 0.002868
9 9 0.000000
9 10 0.049729
9 11 0.003861
9 12 0.000046
9 13 0.000218
9 14 0.000814
9 15 0.069412
9 16 0.008716
9 17 0.002868
9 18 0.000372
9 19 0.000046
9 20 0.016383
9 21 0.000738
9 22 0.001279
9 23 0.001279
9 24 0.006317
9 25 0.003622
9 26 0.000556
9 27 0.000502
9 28 0.000334
9 29 0.040294
9 30 0.000334
9 31 0.003622
9 32 0.000556
9 33 0.114667
9 34 0.001279
9 35 0.003354
9 36 0.028526
9 37 0.000170
9 38 0.000669
9 39 0.047734
9 40 0.003622
9 41 0.010429
9 42 0.008716
9 43 0.001794
9 44 0.000268
9 45 0.006317
9 46 0.000738
9 47 0.004480
9 48 0.000502
9 49 0.000556
9 50 0.018287
9 51 0.000300
9 52 0.003315
9 53 0.035762
9 54 0.002681
9 55 0.003354
9 56 0.003579
9 57 0.008170
9 58 0.001380
9 59 0.004480
9 60 0.000194
9 61 0.107042
9 62 0.026768
9 63 0.000334
9 64 0.000323
9 65 0.000334
9 66 0.069412
9 67 0.011090
9 68 0.000300
9 69 0.002648
9 70 0.002681
9 71 0.005896
9 72 0.004818
9 73 0.102123
9 74 0.025871
9 75 0.008716
9 76 0.001794
9 77 0.005896
9 78 0.018287
9 79 0.000300
9 80 0.002681
9 81 0.001928
9 82 0.000727
9 83 0.001279
9 84 0.009614
9 85 0.006317
9 86 0.002473
9 87 0.000173
9 88 0.004712
9 89 0.013814
9 90 0.000218
9 91 0.014634
9 92 0.004161
9 93 0.004480
9 94 0.006763
9 95 0.001646
9 96 0.084612
9 97 0.033933
9 98 0.016383
9 99 0.001794
10 0 0.004818
10 1 0.008170
10 2 0.008170
10 3 0.018287
10 4 0.008630
10 5 0.047734
10 6 0.028526
10 7 0.003103
10 8 0.005497
10 9 0.049729
10 10 0.000000
10 11 0.003354
10 12 0.006763
10 13 0.001794
10 14 0.002097
10 15 0.002868
10 16 0.005064
10 17 0.000814
10 18 0.020187
10 19 0.000548
10 20 0.001279
10 21 0.023583
10 22 0.003622
10 23 0.001646
10 24 0.002681
10 25 0.000173
10 26 0.002279
10 27 0.000334
10 28 0.003354
10 29 0.001065
10 30 0.001279
10 31 0.000556
10 32 0.011782
10 33 0.006317
10 34 0.006763
10 35 0.049729
10 36 0.011090
10 37 0.001646
10 38 0.004818
10 39 0.008170
10 40 0.010429
10 41 0.011782
10 42 0.007159
10 43 0.016383
10 44 0.313113
10 45 0.001065
10 46 0.004765
10 47 0.092899
10 48 0.001279
10 49 0.003622
10 50 0.001794
10 51 0.004818
10 52 0.017316
10 53 0.003861
10 54 0.205798
10 55 0.006317
10 56 0.002473
10 57 0.004818
10 58 0.003354
10 59 0.002473
10 60 0.001279
10 61 0.011090
10 62 0.001279
10 63 0.001508
10 64 0.019141
10 65 0.001770
10 66 0.304793
10 67 0.000300
10 68 0.979438
10 69 0.000556
10 70 0.000194
10 71 0.047432
10 72 0.073738
10 73 0.018287
10 74 0.000870
10 75 0.000194
10 76 0.028526
10 77 0.001279
10 78 0.000814
10 79 0.018287
10 80 0.001065
10 81 0.000453
10 82 0.026566
10 83 0.017982
10 84 0.000123
10 85 0.000669
10 86 0.018287
10 87 0.011782
10 88 0.001794
10 89 0.145864
10 90 0.003622
10 91 0.001065
10 92 0.002681
10 93 0.005120
10 94 0.007159
10 95 0.004480
10 96 0.003354
10 97 0.000372
10 98 0.002473
10 99 0.002279
11 0 0.195716
11 1 0.015490
11 2 0.000194
11 3 0.002097
11 4 0.001279
11 5 0.000123
11 6 0.000502
11 7 0.000970
11 8 0.000194
11 9 0.003861
11 10 0.003354
11 11 0.000000
11 12 0.002648
11 13 0.003622
11 14 0.042353
11 15 0.000067
11 16 0.022408
11 17 0.004161
11 18 0.006763
11 19 0.035267
11 20 0.000738
11 21 0.003622
11 22 0.003622
11 23 0.023399
11 24 0.010429
11 25 0.004161
11 26 0.010330
11 27 0.000268
11 28 0.002473
11 29 0.023216
11 30 0.006763
11 31 0.004480
11 32 0.002681
11 33 0.011782
11 34 0.001928
11 35 0.000814
11 36 0.000814
11 37 0.002442
11 38 0.000334
11 39 0.008170
11 40 0.002681
11 41 0.017316
11 42 0.149099
11 43 0.001794
11 44 0.047734
11 45 0.176483
11 46 0.014763
11 47 0.047734
11 48 0.001279
11 49 0.001279
11 50 0.005896
11 51 0.002681
11 52 0.049418
11 53 0.000502
11 54 0.053556
11 55 0.000606
11 56 0.000814
11 57 0.019299
11 58 0.008088
11 59 0.022408
11 60 0.004480
11 61 0.000023
11 62 0.049729
11 63 0.000191
11 64 0.079482
11 65 0.007651
11 66 0.023399
11 67 0.001794
11 68 0.002442
11 69 0.004818
11 70 0.000814
11 71 0.000334
11 72 0.003622
11 73 0.040565
11 74 0.000556
11 75 0.006317
11 76 0.034173
11 77 0.008716
11 78 0.006317
11 79 0.003354
11 80 0.002097
11 81 0.004161
11 82 0.000556
11 83 0.004161
11 84 0.004480
11 85 0.011782
11 86 0.001794
11 87 0.001279
11 88 0.000218
11 89 0.017316
11 90 0.102123
11 91 0.002473
11 92 0.022408
11 93 0.023399
11 94 0.000669
11 95 0.018287
11 96 0.004480
11 97 0.000139
11 98 0.024612
11 99 0.037146
12 0 0.002681
12 1 0.000372
12 2 0.020187
12 3 0.006317
12 4 0.118059
12 5 0.008170
12 6 0.055708
12 7 0.000814
12 8 0.002473
12 9 0.000046
12 10 0.006763
12 11 0.002648
12 12 0.000000
12 13 0.001261
12 14 0.000096
12 15 0.000173
12 16 0.004114
12 17 0.000814
12 18 0.004480
12 19 0.007159
12 20 0.001168
12 21 0.032635
12 22 0.010986
12 23 0.003622
12 24 0.006317
12 25 0.000556
12 26 0.003354
12 27 0.008716
12 28 0.005497
12 29 0.000556
12 30 0.003622
12 31 0.038829
12 32 0.011090
12 33 0.013030
12 34 0.000139
12 35 0.014763
12 36 0.134666
12 37 0.001279
12 38 0.008630
12 39 0.000300
12 40 0.004480
12 41 0.008088
12 42 0.000023
12 43 0.001794
12 44 0.013938
12 45 0.004818
12 46 0.006317
12 47 0.985796
12 48 0.004161
12 49 0.000139
12 50 0.000123
12 51 0.002473
12 52 0.004480
12 53 0.000453
12 54 0.015490
12 55 0.000268
12 56 0.013149
12 57 0.007651
12 58 0.006763
12 59 0.000076
12 60 0.543143
12 61 0.003354
12 62 0.002473
12 63 0.593958
12 64 0.031146
12 65 0.002681
12 66 0.000334
12 67 0.004067
12 68 0.002279
12 69 0.001645
12 70 0.000738
12 71 0.008716
12 72 0.004818
12 73 0.000218
12 74 0.000556
12 75 0.000334
12 76 0.014763
12 77 0.000814
12 78 0.001794
12 79 0.011782
12 80 0.004480
12 81 0.000502
12 82 0.000453
12 83 0.003103
12 84 0.000659
12 85 0.011090
12 86 0.005833
12 87 0.003622
12 88 0.018287
12 89 0.000076
12 90 0.000556
12 91 0.000556
12 92 0.004114
12 93 0.002615
12 94 0.001794
12 95 0.004480
12 96 0.001794
12 97 0.000970
12 98 0.002681
12 99 0.000123
13 0 0.000334
13 1 0.002473
13 2 0.318806
13 3 0.024612
13 4 0.001279
13 5 0.010429
13 6 0.012394
13 7 0.022408
13 8 0.040565
13 9 0.000218
13 10 0.001794
13 11 0.003622
13 12 0.001261
13 13 0.000000
13 14 0.073738
13 15 0.004480
13 16 0.001794
13 17 0.023583
13 18 0.001770
13 19 0.006763
13 20 0.276354
13 21 0.006317
13 22 0.002681
13 23 0.000046
13 24 0.002868
13 25 0.008630
13 26 0.087028
13 27 0.057916
13 28 0.007651
13 29 0.000076
13 30 0.008170
13 31 0.014763
13 32 0.014763
13 33 0.243878
13 34 0.000502
13 35 0.001065
13 36 0.104813
13 37 0.003354
13 38 0.005497
13 39 0.003579
13 40 0.001279
13 41 0.006763
13 42 0.000046
13 43 0.004480
13 44 0.000076
13 45 0.001168
13 46 0.023399
13 47 0.003354
13 48 0.010883
13 49 0.005120
13 50 0.001168
13 51 0.011090
13 52 0.001794
13 53 0.560920
13 54 0.000502
13 55 0.217787
13 56 0.000173
13 57 0.018287
13 58 0.003354
13 59 0.001279
13 60 0.002097
13 61 0.000139
13 62 0.004480
13 63 0.032635
13 64 0.011782
13 65 0.009800
13 66 0.008170
13 67 0.010429
13 68 0.003622
13 69 0.000300
13 70 0.006763
13 71 0.149692
13 72 0.002097
13 73 0.005833
13 74 0.037146
13 75 0.005896
13 76 0.000814
13 77 0.047734
13 78 0.038829
13 79 0.006763
13 80 0.002473
13 81 0.040029
13 82 0.002648
13 83 0.042074
13 84 0.000123
13 85 0.002868
13 86 0.000329
13 87 0.001794
13 88 0.002681
13 89 0.013149
13 90 0.032635
13 91 0.002473
13 92 0.017316
13 93 0.090388
13 94 0.026971
13 95 0.000300
13 96 0.043907
13 97 0.007651
13 98 0.011565
13 99 0.002681
14 0 0.006317
14 1 0.022408
14 2 0.000076
14 3 0.001168
14 4 0.000334
14 5 0.001168
14 6 0.000502
14 7 0.009800
14 8 0.002681
14 9 0.000814
14 10 0.002097
14 11 0.042353
14 12 0.000096
14 13 0.073738
14 14 0.000000
14 15 0.000218
14 16 0.000556
14 17 0.093360
14 18 0.001508
14 19 0.005177
14 20 0.022408
14 21 0.008716
14 22 0.006763
14 23 0.001168
14 24 0.032635
14 25 0.031146
14 26 0.000139
14 27 0.006763
14 28 0.021276
14 29 0.049418
14 30 0.000003
14 31 0.001646
14 32 0.011673
14 33 0.008170
14 34 0.004480
14 35 0.002070
14 36 0.006763
14 37 0.003354
14 38 0.004480
14 39 0.001065
14 40 0.047734
14 41 0.000329
14 42 0.003861
14 43 0.010429
14 44 0.004818
14 45 0.000334
14 46 0.006693
14 47 0.011566
14 48 0.001168
14 49 0.001279
14 50 0.001794
14 51 0.000669
14 52 0.011090
14 53 0.000059
14 54 0.000882
14 55 0.004818
14 56 0.000372
14 57 0.010986
14 58 0.004161
14 59 0.010429
14 60 0.008630
14 61 0.000556
14 62 0.000076
14 63 0.424272
14 64 0.000814
14 65 0.054707
14 66 0.049729
14 67 0.006317
14 68 0.004765
14 69 0.007651
14 70 0.008716
14 71 0.003354
14 72 0.000738
14 73 0.017170
14 74 0.014763
14 75 0.231422
14 76 0.000300
14 77 0.001151
14 78 0.004480
14 79 0.000814
14 80 0.013938
14 81 0.006763
14 82 0.003354
14 83 0.004161
14 84 0.000372
14 85 0.000085
14 86 0.000218
14 87 0.002473
14 88 0.000445
14 89 0.014763
14 90 0.001168
14 91 0.062139
14 92 0.001279
14 93 0.135230
14 94 0.001279
14 95 0.004765
14 96 0.015490
14 97 0.011090
14 98 0.003622
14 99 0.003354
15 0 0.000870
15 1 0.000067
15 2 0.000669
15 3 0.003354
15 4 0.005177
15 5 0.000814
15 6 0.007574
15 7 0.000814
15 8 0.001279
15 9 0.069412
15 10 0.002868
15 11 0.000067
15 12 0.000173
15 13 0.004480
15 14 0.000218
15 15 0.000000
15 16 0.047432
15 17 0.000139
15 18 0.000372
15 19 0.005120
15 20 0.000502
15 21 0.001168
15 22 0.006763
15 23 0.001279
15 24 0.093360
15 25 0.003354
15 26 0.001279
15 27 0.017170
15 28 0.008716
15 29 0.003354
15 30 0.005896
15 31 0.000334
15 32 0.000556
15 33 0.000556
15 34 0.001065
15 35 0.003354
15 36 0.002097
15 37 0.003622
15 38 0.008088
15 39 0.003354
15 40 0.001168
15 41 0.004161
15 42 0.009111
15 43 0.002473
15 44 0.000556
15 45 0.000173
15 46 0.000814
15 47 0.000814
15 48 0.002681
15 49 0.040565
15 50 0.002473
15 51 0.005497
15 52 0.013030
15 53 0.000268
15 54 0.037146
15 55 0.001065
15 56 0.004161
15 57 0.000040
15 58 0.001794
15 59 0.000556
15 60 0.000334
15 61 0.003622
15 62 0.003622
15 63 0.008716
15 64 0.000814
15 65 0.006763
15 66 0.000970
15 67 0.000372
15 68 0.003622
15 69 0.003103
15 70 0.006317
15 71 0.004818
15 72 0.079062
15 73 0.000738
15 74 0.045794
15 75 0.007159
15 76 0.009800
15 77 0.110819
15 78 0.000556
15 79 0.217788
15 80 0.001168
15 81 0.000606
15 82 0.000814
15 83 0.005120
15 84 0.001279
15 85 0.008716
15 86 0.013814
15 87 0.001794
15 88 0.000669
15 89 0.079482
15 90 0.003103
15 91 0.000502
15 92 0.000139
15 93 0.000814
15 94 0.014763
15 95 0.001050
15 96 0.002473
15 97 0.001261
15 98 0.069412
15 99 0.000030
16 0 0.001646
16 1 0.002681
16 2 0.000194
16 3 0.018135
16 4 0.003861
16 5 0.003622
16 6 0.064507
16 7 0.003103
16 8 0.007651
16 9 0.008716
16 10 0.005064
16 11 0.022408
16 12 0.004114
16 13 0.001794
16 14 0.000556
16 15 0.047432
16 16 0.000000
16 17 0.102123
16 18 0.011090
16 19 0.008716
16 20 0.013938
16 21 0.057916
16 22 0.020187
16 23 0.005437
16 24 0.007651
16 25 0.013938
16 26 0.001794
16 27 0.022408
16 28 0.006317
16 29 0.002681
16 30 0.000334
16 31 0.000372
16 32 0.007651
16 33 0.008716
16 34 0.003622
16 35 0.000191
16 36 0.008545
16 37 0.000408
16 38 0.014763
16 39 0.017316
16 40 0.007159
16 41 0.004818
16 42 0.014505
16 43 0.318805
16 44 0.020187
16 45 0.003103
16 46 0.008716
16 47 0.020938
16 48 0.000030
16 49 0.003622
16 50 0.001794
16 51 0.000814
16 52 0.022408
16 53 0.017316
16 54 0.002279
16 55 0.002868
16 56 0.074140
16 57 0.001168
16 58 0.003622
16 59 0.003354
16 60 0.000334
16 61 0.000300
16 62 0.002473
16 63 0.001279
16 64 0.013814
16 65 0.001279
16 66 0.003622
16 67 0.005896
16 68 0.069412
16 69 0.008170
16 70 0.002442
16 71 0.005896
16 72 0.028526
16 73 0.002097
16 74 0.006763
16 75 0.000218
16 76 0.000372
16 77 0.003103
16 78 0.006763
16 79 0.004480
16 80 0.028526
16 81 0.028526
16 82 0.001168
16 83 0.001168
16 84 0.007651
16 85 0.004818
16 86 0.002473
16 87 0.023583
16 88 0.020187
16 89 0.019299
16 90 0.009200
16 91 0.024612
16 92 0.000372
16 93 0.004818
16 94 0.000556
16 95 0.010429
16 96 0.060180
16 97 0.000659
16 98 0.957905
16 99 0.000218
17 0 0.034173
17 1 0.000814
17 2 0.000023
17 3 0.004818
17 4 0.002648
17 5 0.000556
17 6 0.057916
17 7 0.000334
17 8 0.000502
17 9 0.002868
17 10 0.000814
17 11 0.004161
17 12 0.000814
17 13 0.023583
17 14 0.093360
17 15 0.000139
17 16 0.102123
17 17 0.000000
17 18 0.003103
17 19 0.001646
17 20 0.004379
17 21 0.004818
17 22 0.001794
17 23 0.000218
17 24 0.090388
17 25 0.000218
17 26 0.006693
17 27 0.001279
17 28 0.002681
17 29 0.002681
17 30 0.005896
17 31 0.008716
17 32 0.004480
17 33 0.001380
17 34 0.000085
17 35 0.000502
17 36 0.000123
17 37 0.002473
17 38 0.002681
17 39 0.015355
17 40 0.023583
17 41 0.002681
17 42 0.006317
17 43 0.002681
17 44 0.042074
17 45 0.004480
17 46 0.005832
17 47 0.001279
17 48 0.000044
17 49 0.003622
17 50 0.000445
17 51 0.006317
17 52 0.005896
17 53 0.004480
17 54 0.080957
17 55 0.000300
17 56 0.028526
17 57 0.004818
17 58 0.005896
17 59 0.003622
17 60 0.006763
17 61 0.002473
17 62 0.031146
17 63 0.001279
17 64 0.057916
17 65 0.333660
17 66 0.004818
17 67 0.018135
17 68 0.003861
17 69 0.002473
17 70 0.003622
17 71 0.000502
17 72 0.057572
17 73 0.001279
17 74 0.068258
17 75 0.011782
17 76 0.003354
17 77 0.005120
17 78 0.053556
17 79 0.001794
17 80 0.003622
17 81 0.121504
17 82 0.000738
17 83 0.000814
17 84 0.006317
17 85 0.000556
17 86 0.005896
17 87 0.010986
17 88 0.000556
17 89 0.033933
17 90 0.004818
17 91 0.001646
17 92 0.001279
17 93 0.001794
17 94 0.001646
17 95 0.001065
17 96 0.005896
17 97 0.102123
17 98 0.838603
17 99 0.013030
18 0 0.001279
18 1 0.007651
18 2 0.012394
18 3 0.049729
18 4 0.000556
18 5 0.000334
18 6 0.001794
18 7 0.003622
18 8 0.002868
18 9 0.000372
18 10 0.020187
18 11 0.006763
18 12 0.004480
18 13 0.001770
18 14 0.001508
18 15 0.000372
18 16 0.011090
18 17 0.003103
18 18 0.000000
18 19 0.114667
18 20 0.002681
18 21 0.006317
18 22 0.002681
18 23 0.002097
18 24 0.368884
18 25 0.000669
18 26 0.000738
18 27 0.011090
18 28 0.095918
18 29 0.000814
18 30 0.021276
18 31 0.000738
18 32 0.000123
18 33 0.009200
18 34 0.028526
18 35 0.002442
18 36 0.023583
18 37 0.007159
18 38 0.001928
18 39 0.000334
18 40 0.001624
18 41 0.003622
18 42 0.000738
18 43 0.000300
18 44 0.000372
18 45 0.004480
18 46 0.023583
18 47 0.118059
18 48 0.000814
18 49 0.001794
18 50 0.000372
18 51 0.425031
18 52 0.006317
18 53 0.000366
18 54 0.006317
18 55 0.001794
18 56 0.002473
18 57 0.002279
18 58 0.000669
18 59 0.000606
18 60 0.000556
18 61 0.001168
18 62 0.000556
18 63 0.007574
18 64 0.000814
18 65 0.055708
18 66 0.002473
18 67 0.011674
18 68 0.002681
18 69 0.014763
18 70 0.002473
18 71 0.008716
18 72 0.003622
18 73 0.000814
18 74 0.014763
18 75 0.007159
18 76 0.001646
18 77 0.003622
18 78 0.001508
18 79 0.011090
18 80 0.000669
18 81 0.000556
18 82 0.003103
18 83 0.005177
18 84 0.753425
18 85 0.032171
18 86 0.000334
18 87 0.000970
18 88 0.000556
18 89 0.064507
18 90 0.000218
18 91 0.017169
18 92 0.049729
18 93 0.000814
18 94 0.000556
18 95 0.003354
18 96 0.001646
18 97 0.101637
18 98 0.002473
18 99 0.013030
19 0 0.004818
19 1 0.011673
19 2 0.017169
19 3 0.004161
19 4 0.000218
19 5 0.002681
19 6 0.002442
19 7 0.001646
19 8 0.000329
19 9 0.000046
19 10 0.000548
19 11 0.035267
19 12 0.007159
19 13 0.006763
19 14 0.005177
19 15 0.005120
19 16 0.008716
19 17 0.001646
19 18 0.114667
19 19 0.000000
19 20 0.022408
19 21 0.000970
19 22 0.002473
19 23 0.000669
19 24 0.001646
19 25 0.000556
19 26 0.000334
19 27 0.006317
19 28 0.743021
19 29 0.011782
19 30 0.000123
19 31 0.004480
19 32 0.005177
19 33 0.022408
19 34 0.004480
19 35 0.005177
19 36 0.001794
19 37 0.000556
19 38 0.001279
19 39 0.004818
19 40 0.007086
19 41 0.037146
19 42 0.000814
19 43 0.008630
19 44 0.000814
19 45 0.011090
19 46 0.000123
19 47 0.000882
19 48 0.012394
19 49 0.004818
19 50 0.000814
19 51 0.001794
19 52 0.001646
19 53 0.003622
19 54 0.001794
19 55 0.000268
19 56 0.008716
19 57 0.043907
19 58 0.002648
19 59 0.001279
19 60 0.001168
19 61 0.059827
19 62 0.001168
19 63 0.057916
19 64 0.011090
19 65 0.002868
19 66 0.004818
19 67 0.004818
19 68 0.000139
19 69 0.014763
19 70 0.009200
19 71 0.025871
19 72 0.002442
19 73 0.002279
19 74 0.066931
19 75 0.026971
19 76 0.001065
19 77 0.001794
19 78 0.003622
19 79 0.022408
19 80 0.012281
19 81 0.002473
19 82 0.003354
19 83 0.000139
19 84 0.000372
19 85 0.002473
19 86 0.004818
19 87 0.000372
19 88 0.000372
19 89 0.706082
19 90 0.005437
19 91 0.066178
19 92 0.000453
19 93 0.003103
19 94 0.011090
19 95 0.005120
19 96 0.005177
19 97 0.001794
19 98 0.000556
19 99 0.006251
20 0 0.003622
20 1 0.002868
20 2 0.001279
20 3 0.001770
20 4 0.007159
20 5 0.011090
20 6 0.004818
20 7 0.000268
20 8 0.000372
20 9 0.016383
20 10 0.001279
20 11 0.000738
20 12 0.001168
20 13 0.276354
20 14 0.022408
20 15 0.000502
20 16 0.013938
20 17 0.004379
20 18 0.002681
20 19 0.022408
20 20 0.000000
20 21 0.018287
20 22 0.003354
20 23 0.201407
20 24 0.002279
20 25 0.001646
20 26 0.001065
20 27 0.000814
20 28 0.003622
20 29 0.041519
20 30 0.001903
20 31 0.014763
20 32 0.025871
20 33 0.003354
20 34 0.014763
20 35 0.000372
20 36 0.000194
20 37 0.001168
20 38 0.002473
20 39 0.005896
20 40 0.013938
20 41 0.006763
20 42 0.485825
20 43 0.017170
20 44 0.003861
20 45 0.448784
20 46 0.002681
20 47 0.000372
20 48 0.002279
20 49 0.000870
20 50 0.003354
20 51 0.000814
20 52 0.000870
20 53 0.040565
20 54 0.001770
20 55 0.003622
20 56 0.004429
20 57 0.014763
20 58 0.001279
20 59 0.011782
20 60 0.001770
20 61 0.008716
20 62 0.001646
20 63 0.098993
20 64 0.010429
20 65 0.005497
20 66 0.079482
20 67 0.006317
20 68 0.016383
20 69 0.000139
20 70 0.024046
20 71 0.003861
20 72 0.004818
20 73 0.004161
20 74 0.001794
20 75 0.000556
20 76 0.006763
20 77 0.001794
20 78 0.000136
20 79 0.003622
20 80 0.001065
20 81 0.001065
20 82 0.040565
20 83 0.020187
20 84 0.135230
20 85 0.011782
20 86 0.005120
20 87 0.000814
20 88 0.003103
20 89 0.001794
20 90 0.001794
20 91 0.000372
20 92 0.009800
20 93 0.000139
20 94 0.001168
20 95 0.000814
20 96 0.023583
20 97 0.008716
20 98 0.004480
20 99 0.138350
21 0 0.972846
21 1 0.016243
21 2 0.003066
21 3 0.006763
21 4 0.001065
21 5 0.001794
21 6 0.000107
21 7 0.005177
21 8 0.000556
21 9 0.000738
21 10 0.023583
21 11 0.003622
21 12 0.032635
21 13 0.006317
21 14 0.008716
21 15 0.001168
21 16 0.057916
21 17 0.004818
21 18 0.006317
21 19 0.000970
21 20 0.018287
21 21 0.000000
21 22 0.064138
21 23 0.004480
21 24 0.168897
21 25 0.003622
21 26 0.004480
21 27 0.000076
21 28 0.003354
21 29 0.002648
21 30 0.013938
21 31 0.017316
21 32 0.006317
21 33 0.000882
21 34 0.000669
21 35 0.001794
21 36 0.055708
21 37 0.003354
21 38 0.452152
21 39 0.001794
21 40 0.005120
21 41 0.137779
21 42 0.006317
21 43 0.008170
21 44 0.092899
21 45 0.003354
21 46 0.002681
21 47 0.079482
21 48 0.003622
21 49 0.002279
21 50 0.003622
21 51 0.029706
21 52 0.005177
21 53 0.001168
21 54 0.003622
21 55 0.000556
21 56 0.011090
21 57 0.017024
21 58 0.000502
21 59 0.239942
21 60 0.001279
21 61 0.026971
21 62 0.034173
21 63 0.004161
21 64 0.017316
21 65 0.007651
21 66 0.000814
21 67 0.009200
21 68 0.011090
21 69 0.013149
21 70 0.000334
21 71 0.004712
21 72 0.004818
21 73 0.010429
21 74 0.014763
21 75 0.003622
21 76 0.011782
21 77 0.000882
21 78 0.000011
21 79 0.007086
21 80 0.715940
21 81 0.026768
21 82 0.001646
21 83 0.042353
21 84 0.004818
21 85 0.008170
21 86 0.000372
21 87 0.000218
21 88 0.001168
21 89 0.000556
21 90 0.000814
21 91 0.017316
21 92 0.007651
21 93 0.006763
21 94 0.000556
21 95 0.452151
21 96 0.012394
21 97 0.006763
21 98 0.405251
21 99 0.003103
22 0 0.014763
22 1 0.005896
22 2 0.001380
22 3 0.006763
22 4 0.079062
22 5 0.002473
22 6 0.008716
22 7 0.001624
22 8 0.005177
22 9 0.001279
22 10 0.003622
22 11 0.003622
22 12 0.010986
22 13 0.002681
22 14 0.006763
22 15 0.006763
22 16 0.020187
22 17 0.001794
22 18 0.002681
22 19 0.002473
22 20 0.003354
22 21 0.064138
22 22 0.000000
22 23 0.001794
22 24 0.000218
22 25 0.000814
22 26 0.003103
22 27 0.000023
22 28 0.002279
22 29 0.001794
22 30 0.000334
22 31 0.001794
22 32 0.001168
22 33 0.045499
22 34 0.002681
22 35 0.000023
22 36 0.001487
22 37 0.002442
22 38 0.006317
22 39 0.003103
22 40 0.000453
22 41 0.000139
22 42 0.001508
22 43 0.002473
22 44 0.000556
22 45 0.004480
22 46 0.000268
22 47 0.001794
22 48 0.000970
22 49 0.069026
22 50 0.014763
22 51 0.008716
22 52 0.013149
22 53 0.000814
22 54 0.017316
22 55 0.001794
22 56 0.001279
22 57 0.001624
22 58 0.006317
22 59 0.000970
22 60 0.000738
22 61 0.001794
22 62 0.001279
22 63 0.004161
22 64 0.001794
22 65 0.000606
22 66 0.008630
22 67 0.034173
22 68 0.005120
22 69 0.042074
22 70 0.022408
22 71 0.000218
22 72 0.004480
22 73 0.003354
22 74 0.168897
22 75 0.008716
22 76 0.001279
22 77 0.000814
22 78 0.000556
22 79 0.000814
22 80 0.008170
22 81 0.000173
22 82 0.000334
22 83 0.004818
22 84 0.008088
22 85 0.042353
22 86 0.009800
22 87 0.000372
22 88 0.001168
22 89 0.005896
22 90 0.001928
22 91 0.001168
22 92 0.342831
22 93 0.011090
22 94 0.001168
22 95 0.002473
22 96 0.406015
22 97 0.001168
22 98 0.016383
22 99 0.000046
23 0 0.022408
23 1 0.005497
23 2 0.013938
23 3 0.011090
23 4 0.001279
23 5 0.000738
23 6 0.002473
23 7 0.005896
23 8 0.001794
23 9 0.001279
23 10 0.001646
23 11 0.023399
23 12 0.003622
23 13 0.000046
23 14 0.001168
23 15 0.001279
23 16 0.005437
23 17 0.000218
23 18 0.002097
23 19 0.000669
23 20 0.201407
23 21 0.004480
23 22 0.001794
23 23 0.000000
23 24 0.001279
23 25 0.002615
23 26 0.004818
23 27 0.006763
23 28 0.008716
23 29 0.000334
23 30 0.257980
23 31 0.001580
23 32 0.001380
23 33 0.968890
23 34 0.000882
23 35 0.000814
23 36 0.000139
23 37 0.003103
23 38 0.002681
23 39 0.002473
23 40 0.000218
23 41 0.001168
23 42 0.001770
23 43 0.004114
23 44 0.000076
23 45 0.003103
23 46 0.079062
23 47 0.002681
23 48 0.001050
23 49 0.000556
23 50 0.004067
23 51 0.002681
23 52 0.006317
23 53 0.001646
23 54 0.001794
23 55 0.000218
23 56 0.118059
23 57 0.000334
23 58 0.001794
23 59 0.000123
23 60 0.016383
23 61 0.031146
23 62 0.018287
23 63 0.168897
23 64 0.003622
23 65 0.010429
23 66 0.000040
23 67 0.001279
23 68 0.003066
23 69 0.000814
23 70 0.001794
23 71 0.000814
23 72 0.006317
23 73 0.002681
23 74 0.003622
23 75 0.001279
23 76 0.000372
23 77 0.001168
23 78 0.001794
23 79 0.008630
23 80 0.000194
23 81 0.000548
23 82 0.000556
23 83 0.003622
23 84 0.135230
23 85 0.006317
23 86 0.002473
23 87 0.027175
23 88 0.003066
23 89 0.028526
23 90 0.003622
23 91 0.000051
23 92 0.003622
23 93 0.004818
23 94 0.002473
23 95 0.042074
23 96 0.019141
23 97 0.005177
23 98 0.001794
23 99 0.014763
24 0 0.000556
24 1 0.108044
24 2 0.168897
24 3 0.051141
24 4 0.004818
24 5 0.005896
24 6 0.004818
24 7 0.000408
24 8 0.045499
24 9 0.006317
24 10 0.002681
24 11 0.010429
24 12 0.006317
24 13 0.002868
24 14 0.032635
24 15 0.093360
24 16 0.007651
24 17 0.090388
24 18 0.368884
24 19 0.001646
24 20 0.002279
24 21 0.168897
24 22 0.000218
24 23 0.001279
24 24 0.000000
24 25 0.002473
24 26 0.000669
24 27 0.031146
24 28 0.001794
24 29 0.000218
24 30 0.000814
24 31 0.004818
24 32 0.023583
24 33 0.064138
24 34 0.000154
24 35 0.000218
24 36 0.064507
24 37 0.003103
24 38 0.001646
24 39 0.004765
24 40 0.003622
24 41 0.000151
24 42 0.013149
24 43 0.000814
24 44 0.001151
24 45 0.824708
24 46 0.003861
24 47 0.008716
24 48 0.001646
24 49 0.000023
24 50 0.000970
24 51 0.003354
24 52 0.002473
24 53 0.004480
24 54 0.004818
24 55 0.001279
24 56 0.000020
24 57 0.000738
24 58 0.006317
24 59 0.010429
24 60 0.000334
24 61 0.001279
24 62 0.000123
24 63 0.001508
24 64 0.001065
24 65 0.000556
24 66 0.089935
24 67 0.000882
24 68 0.000556
24 69 0.004480
24 70 0.009200
24 71 0.184861
24 72 0.000738
24 73 0.000814
24 74 0.006763
24 75 0.002473
24 76 0.003622
24 77 0.012281
24 78 0.000738
24 79 0.000669
24 80 0.000076
24 81 0.002648
24 82 0.006763
24 83 0.004480
24 84 0.000334
24 85 0.006251
24 86 0.000218
24 87 0.001794
24 88 0.004480
24 89 0.016243
24 90 0.013938
24 91 0.002681
24 92 0.049729
24 93 0.003861
24 94 0.008716
24 95 0.001794
24 96 0.011090
24 97 0.003622
24 98 0.000139
24 99 0.005896
25 0 0.004480
25 1 0.002681
25 2 0.013938
25 3 0.049110
25 4 0.000814
25 5 0.001279
25 6 0.003622
25 7 0.001794
25 8 0.002442
25 9 0.003622
25 10 0.000173
25 11 0.004161
25 12 0.000556
25 13 0.008630
25 14 0.031146
25 15 0.003354
25 16 0.013938
25 17 0.000218
25 18 0.000669
25 19 0.000556
25 20 0.001646
25 21 0.003622
25 22 0.000814
25 23 0.002615
25 24 0.002473
25 25 0.000000
25 26 0.000738
25 27 0.001794
25 28 0.002250
25 29 0.101637
25 30 0.004818
25 31 0.008716
25 32 0.008170
25 33 0.010429
25 34 0.006317
25 35 0.002473
25 36 0.008716
25 37 0.002279
25 38 0.715940
25 39 0.008716
25 40 0.002279
25 41 0.000300
25 42 0.000814
25 43 0.011782
25 44 0.000669
25 45 0.000366
25 46 0.003103
25 47 0.000334
25 48 0.002473
25 49 0.084612
25 50 0.000194
25 51 0.003354
25 52 0.027175
25 53 0.003103
25 54 0.006763
25 55 0.001279
25 56 0.001065
25 57 0.003103
25 58 0.001380
25 59 0.000556
25 60 0.001065
25 61 0.079062
25 62 0.000194
25 63 0.007651
25 64 0.003354
25 65 0.061420
25 66 0.001279
25 67 0.001065
25 68 0.002473
25 69 0.008716
25 70 0.004480
25 71 0.008716
25 72 0.038305
25 73 0.001279
25 74 0.018135
25 75 0.000556
25 76 0.008716
25 77 0.004818
25 78 0.004480
25 79 0.011090
25 80 0.001646
25 81 0.004818
25 82 0.001279
25 83 0.002681
25 84 0.002681
25 85 0.000738
25 86 0.004818
25 87 0.001794
25 88 0.001794
25 89 0.095918
25 90 0.001065
25 91 0.042353
25 92 0.000002
25 93 0.001794
25 94 0.001794
25 95 0.000139
25 96 0.000334
25 97 0.001508
25 98 0.002681
25 99 0.002681
26 0 0.006763
26 1 0.003354
26 2 0.012394
26 3 0.024612
26 4 0.002681
26 5 0.000123
26 6 0.000606
26 7 0.005497
26 8 0.003861
26 9 0.000556
26 10 0.002279
26 11 0.010330
26 12 0.003354
26 13 0.087028
26 14 0.000139
26 15 0.001279
26 16 0.001794
26 17 0.006693
26 18 0.000738
26 19 0.000334
26 20 0.001065
26 21 0.004480
26 22 0.003103
26 23 0.004818
26 24 0.000669
26 25 0.000738
26 26 0.000000
26 27 0.003622
26 28 0.001244
26 29 0.000606
26 30 0.001380
26 31 0.021276
26 32 0.012281
26 33 0.032635
26 34 0.000154
26 35 0.000139
26 36 0.000408
26 37 0.014763
26 38 0.000218
26 39 0.003579
26 40 0.000502
26 41 0.000502
26 42 0.002250
26 43 0.001646
26 44 0.008170
26 45 0.000334
26 46 0.001168
26 47 0.001168
26 48 0.008716
26 49 0.001508
26 50 0.000046
26 51 0.001646
26 52 0.002473
26 53 0.000218
26 54 0.000970
26 55 0.002097
26 56 0.012394
26 57 0.006317
26 58 0.011090
26 59 0.001794
26 60 0.000173
26 61 0.001770
26 62 0.045499
26 63 0.060180
26 64 0.011782
26 65 0.003622
26 66 0.008716
26 67 0.055374
26 68 0.001770
26 69 0.003354
26 70 0.134666
26 71 0.018287
26 72 0.002681
26 73 0.038567
26 74 0.092899
26 75 0.000738
26 76 0.001646
26 77 0.783552
26 78 0.565302
26 79 0.000814
26 80 0.000334
26 81 0.008170
26 82 0.022408
26 83 0.120969
26 84 0.024422
26 85 0.152968
26 86 0.009800
26 87 0.001646
26 88 0.001645
26 89 0.000007
26 90 0.003354
26 91 0.010429
26 92 0.012394
26 93 0.160230
26 94 0.024612
26 95 0.300646
26 96 0.006317
26 97 0.005177
26 98 0.018287
26 99 0.013149
27 0 0.004818
27 1 0.023583
27 2 0.000268
27 3 0.037146
27 4 0.002473
27 5 0.006317
27 6 0.002279
27 7 0.026971
27 8 0.000300
27 9 0.000502
27 10 0.000334
27 11 0.000268
27 12 0.008716
27 13 0.057916
27 14 0.006763
27 15 0.017170
27 16 0.022408
27 17 0.001279
27 18 0.011090
27 19 0.006317
27 20 0.000814
27 21 0.000076
27 22 0.000023
27 23 0.006763
27 24 0.031146
27 25 0.001794
27 26 0.003622
27 27 0.000000
27 28 0.051779
27 29 0.028315
27 30 0.014763
27 31 0.005896
27 32 0.013938
27 33 0.004480
27 34 0.000814
27 35 0.013938
27 36 0.257250
27 37 0.006317
27 38 0.137209
27 39 0.014763
27 40 0.008716
27 41 0.002868
27 42 0.002279
27 43 0.029489
27 44 0.003103
27 45 0.003622
27 46 0.000268
27 47 0.003354
27 48 0.003354
27 49 0.002616
27 50 0.000738
27 51 0.000556
