0 0 0.000000
0 1 0.000814
0 2 0.000002
0 3 0.000882
0 4 0.002279
0 5 0.000548
0 6 0.000059
0 7 0.000023
0 8 0.001065
0 9 0.000218
0 10 0.002473
0 11 0.000479
0 12 0.001279
0 13 0.000334
0 14 0.000502
0 15 0.000026
0 16 0.000300
0 17 0.000030
0 18 0.001279
0 19 0.000334
0 20 0.000218
0 21 0.001408
0 22 0.000814
0 23 0.001646
0 24 0.003622
0 25 0.000300
0 26 0.000814
0 27 0.000334
0 28 0.000046
0 29 0.000218
0 30 0.000669
0 31 0.000017
0 32 0.000669
0 33 0.000300
0 34 0.000096
0 35 0.003354
0 36 0.001770
0 37 0.000023
0 38 0.000360
0 39 0.006693
0 40 0.000076
0 41 0.002868
0 42 0.000029
0 43 0.000065
0 44 0.000006
0 45 0.000738
0 46 0.000295
0 47 0.011090
0 48 0.001168
0 49 0.000154
0 50 0.000268
0 51 0.000210
0 52 0.002442
0 53 0.000046
0 54 0.000323
0 55 0.000556
0 56 0.000001
0 57 0.000187
0 58 0.000218
0 59 0.000170
0 60 0.000173
0 61 0.001646
0 62 0.000300
0 63 0.000139
0 64 0.008170
0 65 0.000268
0 66 0.001151
0 67 0.000372
0 68 0.000502
0 69 0.002070
0 70 0.000191
0 71 0.000408
0 72 0.002097
0 73 0.000268
0 74 0.004480
0 75 0.000218
0 76 0.000218
0 77 0.000064
0 78 0.001646
0 79 0.000076
0 80 0.000109
0 81 0.001770
0 82 0.000173
0 83 0.000006
0 84 0.001168
0 85 0.000136
0 86 0.002221
0 87 0.000040
0 88 0.000218
0 89 0.000218
0 90 0.000334
0 91 0.011673
0 92 0.000334
0 93 0.004480
0 94 0.018135
0 95 0.000096
0 96 0.000139
0 97 0.000040
0 98 0.000556
0 99 0.000046
1 0 0.000814
1 1 0.000000
1 2 0.000023
1 3 0.000017
1 4 0.000727
1 5 0.000109
1 6 0.001168
1 7 0.000300
1 8 0.000023
1 9 0.000015
1 10 0.000020
1 11 0.000085
1 12 0.000007
1 13 0.001168
1 14 0.000194
1 15 0.000067
1 16 0.000109
1 17 0.000023
1 18 0.000268
1 19 0.000548
1 20 0.001380
1 21 0.002070
1 22 0.000453
1 23 0.002868
1 24 0.000548
1 25 0.000139
1 26 0.000194
1 27 0.000076
1 28 0.000556
1 29 0.000802
1 30 0.000194
1 31 0.000134
1 32 0.000218
1 33 0.000020
1 34 0.000300
1 35 0.000502
1 36 0.000194
1 37 0.006251
1 38 0.000814
1 39 0.000814
1 40 0.009200
1 41 0.004818
1 42 0.000882
1 43 0.000173
1 44 0.000218
1 45 0.000002
1 46 0.000076
1 47 0.000814
1 48 0.000035
1 49 0.000009
1 50 0.000006
1 51 0.000046
1 52 0.000040
1 53 0.000005
1 54 0.000023
1 55 0.000096
1 56 0.000295
1 57 0.000814
1 58 0.000139
1 59 0.000003
1 60 0.000170
1 61 0.000040
1 62 0.000669
1 63 0.000194
1 64 0.000020
1 65 0.000109
1 66 0.000136
1 67 0.000548
1 68 0.197052
1 69 0.090388
1 70 0.000046
1 71 0.000085
1 72 0.000109
1 73 0.000004
1 74 0.011090
1 75 0.000008
1 76 0.002473
1 77 0.000076
1 78 0.000044
1 79 0.012281
1 80 0.000139
1 81 0.000334
1 82 0.000067
1 83 0.000109
1 84 0.000038
1 85 0.000046
1 86 0.000970
1 87 0.000076
1 88 0.010986
1 89 0.001646
1 90 0.000218
1 91 0.000300
1 92 0.000013
1 93 0.000139
1 94 0.000300
1 95 0.000802
1 96 0.001279
1 97 0.000017
1 98 0.000300
1 99 0.002097
2 0 0.000002
2 1 0.000023
2 2 0.000000
2 3 0.000040
2 4 0.000013
2 5 0.000013
2 6 0.000401
2 7 0.008545
2 8 0.000173
2 9 0.000334
2 10 0.000738
2 11 0.000194
2 12 0.000366
2 13 0.000002
2 14 0.000076
2 15 0.000001
2 16 0.000194
2 17 0.000023
2 18 0.000051
2 19 0.000001
2 20 0.000013
2 21 0.000170
2 22 0.000051
2 23 0.008170
2 24 0.000109
2 25 0.000067
2 26 0.000085
2 27 0.000268
2 28 0.000030
2 29 0.000001
2 30 0.000015
2 31 0.001380
2 32 0.000329
2 33 0.000003
2 34 0.000240
2 35 0.000268
2 36 0.000123
2 37 0.000023
2 38 0.000051
2 39 0.000023
2 40 0.000020
2 41 0.000123
2 42 0.000067
2 43 0.000011
2 44 0.000556
2 45 0.000240
2 46 0.000010
2 47 0.001279
2 48 0.000040
2 49 0.000003
2 50 0.000067
2 51 0.000023
2 52 0.000076
2 53 0.000003
2 54 0.000023
2 55 0.000039
2 56 0.000494
2 57 0.000007
2 58 0.000401
2 59 0.000030
2 60 0.000046
2 61 0.000300
2 62 0.000064
2 63 0.000154
2 64 0.000123
2 65 0.000002
2 66 0.000067
2 67 0.003622
2 68 0.000096
2 69 0.000882
2 70 0.000046
2 71 0.000194
2 72 0.000218
2 73 0.000002
2 74 0.000218
2 75 0.000043
2 76 0.000738
2 77 0.000013
2 78 0.000011
2 79 0.000002
2 80 0.000334
2 81 0.000814
2 82 0.000218
2 83 0.000007
2 84 0.000017
2 85 0.000017
2 86 0.000194
2 87 0.000020
2 88 0.000010
2 89 0.002250
2 90 0.000046
2 91 0.000109
2 92 0.000035
2 93 0.001168
2 94 0.000264
2 95 0.000085
2 96 0.000002
2 97 0.000556
2 98 0.000007
2 99 0.000268
3 0 0.000882
3 1 0.000017
3 2 0.000040
3 3 0.000000
3 4 0.000802
3 5 0.000040
3 6 0.000123
3 7 0.001467
3 8 0.000502
3 9 0.000360
3 10 0.016383
3 11 0.000970
3 12 0.000502
3 13 0.000240
3 14 0.000970
3 15 0.013149
3 16 0.000494
3 17 0.006317
3 18 0.000040
3 19 0.000096
3 20 0.010986
3 21 0.000218
3 22 0.000013
3 23 0.013938
3 24 0.000539
3 25 0.000167
3 26 0.001770
3 27 0.000587
3 28 0.001168
3 29 0.004161
3 30 0.000814
3 31 0.000218
3 32 0.000039
3 33 0.000026
3 34 0.000005
3 35 0.000268
3 36 0.001928
3 37 0.000194
3 38 0.005120
3 39 0.000408
3 40 0.003354
3 41 0.002442
3 42 0.000020
3 43 0.000020
3 44 0.000372
3 45 0.024422
3 46 0.000814
3 47 0.002473
3 48 0.000191
3 49 0.000051
3 50 0.000023
3 51 0.001646
3 52 0.000502
3 53 0.000334
3 54 0.000020
3 55 0.000035
3 56 0.000669
3 57 0.000123
3 58 0.601651
3 59 0.000194
3 60 0.000669
3 61 0.000004
3 62 0.000738
3 63 0.001151
3 64 0.000268
3 65 0.000218
3 66 0.000008
3 67 0.000083
3 68 0.007651
3 69 0.000814
3 70 0.000738
3 71 0.000046
3 72 0.037146
3 73 0.000556
3 74 0.000814
3 75 0.000023
3 76 0.000814
3 77 0.000015
3 78 0.000003
3 79 0.000814
3 80 0.000076
3 81 0.004480
3 82 0.001168
3 83 0.000218
3 84 0.001279
3 85 0.000006
3 86 0.000556
3 87 0.000067
3 88 0.000548
3 89 0.000050
3 90 0.000814
3 91 0.001168
3 92 0.000013
3 93 0.000059
3 94 0.000194
3 95 0.000045
3 96 0.000300
3 97 0.001135
3 98 0.000009
3 99 0.002221
4 0 0.002279
4 1 0.000727
4 2 0.000013
4 3 0.000802
4 4 0.000000
4 5 0.000040
4 6 0.000013
4 7 0.004818
4 8 0.000015
4 9 0.000057
4 10 0.000802
4 11 0.001279
4 12 0.000970
4 13 0.000013
4 14 0.000334
4 15 0.002681
4 16 0.001928
4 17 0.000191
4 18 0.102123
4 19 0.000218
4 20 0.001928
4 21 0.001508
4 22 0.000044
4 23 0.000046
4 24 0.000109
4 25 0.018287
4 26 0.000139
4 27 0.000020
4 28 0.000738
4 29 0.000023
4 30 0.000051
4 31 0.000706
4 32 0.000814
4 33 0.011090
4 34 0.000006
4 35 0.000814
4 36 0.000051
4 37 0.006693
4 38 0.108044
4 39 0.000814
4 40 0.000123
4 41 0.000067
4 42 0.000556
4 43 0.000669
4 44 0.000154
4 45 0.000076
4 46 0.000109
4 47 0.000123
4 48 0.000026
4 49 0.000046
4 50 0.000669
4 51 0.000096
4 52 0.000556
4 53 0.000067
4 54 0.000334
4 55 0.002279
4 56 0.005896
4 57 0.000218
4 58 0.000669
4 59 0.000040
4 60 0.299892
4 61 0.000240
4 62 0.000408
4 63 0.000218
4 64 0.000076
4 65 0.000035
4 66 0.000076
4 67 0.000240
4 68 0.000218
4 69 0.000479
4 70 0.000502
4 71 0.000109
4 72 0.000300
4 73 0.000366
4 74 0.008545
4 75 0.000334
4 76 0.000023
4 77 0.000814
4 78 0.000007
4 79 0.002473
4 80 0.087472
4 81 0.000015
4 82 0.000040
4 83 0.000023
4 84 0.000173
4 85 0.000170
4 86 0.001168
4 87 0.000026
4 88 0.026971
4 89 0.000121
4 90 0.000123
4 91 0.000109
4 92 0.000173
4 93 0.002473
4 94 0.000453
4 95 0.000236
4 96 0.000001
4 97 0.000051
4 98 0.000046
4 99 0.000669
5 0 0.000548
5 1 0.000109
5 2 0.000013
5 3 0.000040
5 4 0.000040
5 5 0.000000
5 6 0.000003
5 7 0.000096
5 8 0.038829
5 9 0.000040
5 10 0.003579
5 11 0.000123
5 12 0.002279
5 13 0.001380
5 14 0.000738
5 15 0.000814
5 16 0.000023
5 17 0.000556
5 18 0.000123
5 19 0.000002
5 20 0.000300
5 21 0.000814
5 22 0.000123
5 23 0.000020
5 24 0.000173
5 25 0.000046
5 26 0.000123
5 27 0.000453
5 28 0.001770
5 29 0.000076
5 30 0.000015
5 31 0.000139
5 32 0.000096
5 33 0.051460
5 34 0.000059
5 35 0.000502
5 36 0.000002
5 37 0.000002
5 38 0.000738
5 39 0.000264
5 40 0.000194
5 41 0.001794
5 42 0.000268
5 43 0.000123
5 44 0.000046
5 45 0.001508
5 46 0.000502
5 47 0.000502
5 48 0.000004
5 49 0.001168
5 50 0.005896
5 51 0.000017
5 52 0.000109
5 53 0.000026
5 54 0.000139
5 55 0.000136
5 56 0.000139
5 57 0.000076
5 58 0.000139
5 59 0.000630
5 60 0.000445
5 61 0.000970
5 62 0.000109
5 63 0.000334
5 64 0.000334
5 65 0.004161
5 66 0.000191
5 67 0.000030
5 68 0.000011
5 69 0.000010
5 70 0.000194
5 71 0.000023
5 72 0.000548
5 73 0.000154
5 74 0.000046
5 75 0.000502
5 76 0.000051
5 77 0.000218
5 78 0.000240
5 79 0.000007
5 80 0.000300
5 81 0.005896
5 82 0.000300
5 83 0.000020
5 84 0.000154
5 85 0.000170
5 86 0.000453
5 87 0.000139
5 88 0.000002
5 89 0.000096
5 90 0.000173
5 91 0.000109
5 92 0.000214
5 93 0.000194
5 94 0.000408
5 95 0.000738
5 96 0.000548
5 97 0.000074
5 98 0.000173
5 99 0.000814
6 0 0.000059
6 1 0.001168
6 2 0.000401
6 3 0.000123
6 4 0.000013
6 5 0.000003
6 6 0.000000
6 7 0.001794
6 8 0.000076
6 9 0.000139
6 10 0.000300
6 11 0.000011
6 12 0.000017
6 13 0.003861
6 14 0.000502
6 15 0.000017
6 16 0.001380
6 17 0.000067
6 18 0.000814
6 19 0.000727
6 20 0.000502
6 21 0.000170
6 22 0.000123
6 23 0.000502
6 24 0.000035
6 25 0.001168
6 26 0.000366
6 27 0.000109
6 28 0.000334
6 29 0.000738
6 30 0.000074
6 31 0.000218
6 32 0.000240
6 33 0.000556
6 34 0.000502
6 35 0.000494
6 36 0.000218
6 37 0.000814
6 38 0.000020
6 39 0.001168
6 40 0.000096
6 41 0.001261
6 42 0.000020
6 43 0.001168
6 44 0.000067
6 45 0.000006
6 46 0.000300
6 47 0.000502
6 48 0.000669
6 49 0.000366
6 50 0.000007
6 51 0.000556
6 52 0.000334
6 53 0.000870
6 54 0.037146
6 55 0.000173
6 56 0.000002
6 57 0.007497
6 58 0.000076
6 59 0.000011
6 60 0.000067
6 61 0.001646
6 62 0.000236
6 63 0.000154
6 64 0.000802
6 65 0.000323
6 66 0.000556
6 67 0.000173
6 68 0.000107
6 69 0.002442
6 70 0.000366
6 71 0.000738
6 72 0.001794
6 73 0.000606
6 74 0.000074
6 75 0.001508
6 76 0.000001
6 77 0.000556
6 78 0.001646
6 79 0.000502
6 80 0.000123
6 81 0.000218
6 82 0.000360
6 83 0.000218
6 84 0.000191
6 85 0.000035
6 86 0.000017
6 87 0.002442
6 88 0.000738
6 89 0.000011
6 90 0.001794
6 91 0.001794
6 92 0.001928
6 93 0.000268
6 94 0.000408
6 95 0.000556
6 96 0.000334
6 97 0.000453
6 98 0.002070
6 99 0.000002
7 0 0.000023
7 1 0.000300
7 2 0.008545
7 3 0.001467
7 4 0.004818
7 5 0.000096
7 6 0.001794
7 7 0.000000
7 8 0.004818
7 9 0.001065
7 10 0.000173
7 11 0.000970
7 12 0.000123
7 13 0.017316
7 14 0.000970
7 15 0.000023
7 16 0.000059
7 17 0.000006
7 18 0.000076
7 19 0.000067
7 20 0.000268
7 21 0.000372
7 22 0.000034
7 23 0.000453
7 24 0.000008
7 25 0.001794
7 26 0.000408
7 27 0.001050
7 28 0.000494
7 29 0.000139
7 30 0.000011
7 31 0.000096
7 32 0.001168
7 33 0.000173
7 34 0.000502
7 35 0.000329
7 36 0.005497
7 37 0.000218
7 38 0.000173
7 39 0.000300
7 40 0.001646
7 41 0.001770
7 42 0.000453
7 43 0.000738
7 44 0.000240
7 45 0.001380
7 46 0.000445
7 47 0.000140
7 48 0.000139
7 49 0.000669
7 50 0.000408
7 51 0.000046
7 52 0.000669
7 53 0.000139
7 54 0.000556
7 55 0.000173
7 56 0.002868
7 57 0.000023
7 58 0.000040
7 59 0.000076
7 60 0.002648
7 61 0.022408
7 62 0.001168
7 63 0.003103
7 64 0.000814
7 65 0.014763
7 66 0.000606
7 67 0.000067
7 68 0.001794
7 69 0.000240
7 70 0.000738
7 71 0.000029
7 72 0.001168
7 73 0.000034
7 74 0.000814
7 75 0.000002
7 76 0.000072
7 77 0.000334
7 78 0.000030
7 79 0.000109
7 80 0.000334
7 81 0.000001
7 82 0.000556
7 83 0.000502
7 84 0.000005
7 85 0.000040
7 86 0.006763
7 87 0.001065
7 88 0.000067
7 89 0.001065
7 90 0.000046
7 91 0.000139
7 92 0.000073
7 93 0.000011
7 94 0.004161
7 95 0.000096
7 96 0.000167
7 97 0.000109
7 98 0.001261
7 99 0.000046
8 0 0.001065
8 1 0.000023
8 2 0.000173
8 3 0.000502
8 4 0.000015
8 5 0.038829
8 6 0.000076
8 7 0.004818
8 8 0.000000
8 9 0.000051
8 10 0.003315
8 11 0.001646
8 12 0.002097
8 13 0.000004
8 14 0.000139
8 15 0.000046
8 16 0.000669
8 17 0.003354
8 18 0.000154
8 19 0.000121
8 20 0.006763
8 21 0.000556
8 22 0.004818
8 23 0.000023
8 24 0.002833
8 25 0.000121
8 26 0.000085
8 27 0.000300
8 28 0.001168
8 29 0.000970
8 30 0.003354
8 31 0.001508
8 32 0.000502
8 33 0.000039
8 34 0.000001
8 35 0.003622
8 36 0.000123
8 37 0.000268
8 38 0.000109
8 39 0.000606
8 40 0.000453
8 41 0.001646
8 42 0.049729
8 43 0.000494
8 44 0.000003
8 45 0.000453
8 46 0.000802
8 47 0.000218
8 48 0.000067
8 49 0.000067
8 50 0.002868
8 51 0.000556
8 52 0.000092
8 53 0.000005
8 54 0.000011
8 55 0.000334
8 56 0.057572
8 57 0.000123
8 58 0.000121
8 59 0.000107
8 60 0.000067
8 61 0.000218
8 62 0.000034
8 63 0.000870
8 64 0.000107
8 65 0.000194
8 66 0.000329
8 67 0.004480
8 68 0.000268
8 69 0.000300
8 70 0.000970
8 71 0.000669
8 72 0.001794
8 73 0.000076
8 74 0.001279
8 75 0.000139
8 76 0.000882
8 77 0.000123
8 78 0.000004
8 79 0.003622
8 80 0.000123
8 81 0.000502
8 82 0.000334
8 83 0.000067
8 84 0.000067
8 85 0.000007
8 86 0.000548
8 87 0.000502
8 88 0.000023
8 89 0.000059
8 90 0.000539
8 91 0.000139
8 92 0.000259
8 93 0.000502
8 94 0.000300
8 95 0.000040
8 96 0.000040
8 97 0.000046
8 98 0.001168
8 99 0.000408
9 0 0.000218
9 1 0.000015
9 2 0.000334
9 3 0.000360
9 4 0.000057
9 5 0.000040
9 6 0.000139
9 7 0.001065
9 8 0.000051
9 9 0.000000
9 10 0.000109
9 11 0.000240
9 12 0.000046
9 13 0.000218
9 14 0.034173
9 15 0.000123
9 16 0.000334
9 17 0.000154
9 18 0.000139
9 19 0.000046
9 20 0.000366
9 21 0.000020
9 22 0.000046
9 23 0.001279
9 24 0.000011
9 25 0.000218
9 26 0.000013
9 27 0.000011
9 28 0.000334
9 29 0.000445
9 30 0.000334
9 31 0.000218
9 32 0.000023
9 33 0.000408
9 34 0.000013
9 35 0.000067
9 36 0.006317
9 37 0.000170
9 38 0.000970
9 39 0.000669
9 40 0.000076
9 41 0.000669
9 42 0.000023
9 43 0.000076
9 44 0.000268
9 45 0.000194
9 46 0.000020
9 47 0.000300
9 48 0.000502
9 49 0.114667
9 50 0.000194
9 51 0.000005
9 52 0.000264
9 53 0.000005
9 54 0.000139
9 55 0.000109
9 56 0.000214
9 57 0.002279
9 58 0.000606
9 59 0.000300
9 60 0.000194
9 61 0.000012
9 62 0.000131
9 63 0.000334
9 64 0.000323
9 65 0.000334
9 66 0.000502
9 67 0.001168
9 68 0.000300
9 69 0.000802
9 70 0.000139
9 71 0.000010
9 72 0.000334
9 73 0.000096
9 74 0.002250
9 75 0.000023
9 76 0.000076
9 77 0.000453
9 78 0.000453
9 79 0.000300
9 80 0.000453
9 81 0.000085
9 82 0.000401
9 83 0.000076
9 84 0.000029
9 85 0.003354
9 86 0.000123
9 87 0.000173
9 88 0.000038
9 89 0.001467
9 90 0.000218
9 91 0.000329
9 92 0.000970
9 93 0.000300
9 94 0.000556
9 95 0.001646
9 96 0.000295
9 97 0.000057
9 98 0.000154
9 99 0.000076
10 0 0.002473
10 1 0.000020
10 2 0.000738
10 3 0.016383
10 4 0.000802
10 5 0.003579
10 6 0.000300
10 7 0.000173
10 8 0.003315
10 9 0.000109
10 10 0.000000
10 11 0.000194
10 12 0.000218
10 13 0.000814
10 14 0.000882
10 15 0.003861
10 16 0.000013
10 17 0.000814
10 18 0.000882
10 19 0.000107
10 20 0.003622
10 21 0.010429
10 22 0.000218
10 23 0.000738
10 24 0.000002
10 25 0.000173
10 26 0.001065
10 27 0.000334
10 28 0.000738
10 29 0.000059
10 30 0.000046
10 31 0.000013
10 32 0.000218
10 33 0.000067
10 34 0.000013
10 35 0.001168
10 36 0.000502
10 37 0.000067
10 38 0.001508
10 39 0.000738
10 40 0.000035
10 41 0.000046
10 42 0.000015
10 43 0.000970
10 44 0.000354
10 45 0.001065
10 46 0.000329
10 47 0.000329
10 48 0.000502
10 49 0.000669
10 50 0.090388
10 51 0.002473
10 52 0.000001
10 53 0.000240
10 54 0.000334
10 55 0.000502
10 56 0.000123
10 57 0.000067
10 58 0.000194
10 59 0.000123
10 60 0.001279
10 61 0.000040
10 62 0.000046
10 63 0.001928
10 64 0.000023
10 65 0.000074
10 66 0.001624
10 67 0.000300
10 68 0.000011
10 69 0.001794
10 70 0.000194
10 71 0.000030
10 72 0.000596
10 73 0.001168
10 74 0.000026
10 75 0.000003
10 76 0.003354
10 77 0.000556
10 78 0.000814
10 79 0.000173
10 80 0.000035
10 81 0.000453
10 82 0.000042
10 83 0.000486
10 84 0.000502
10 85 0.000669
10 86 0.000011
10 87 0.000123
10 88 0.000023
10 89 0.000970
10 90 0.000218
10 91 0.000035
10 92 0.002681
10 93 0.001261
10 94 0.000606
10 95 0.001508
10 96 0.000003
10 97 0.000372
10 98 0.008170
10 99 0.000109
11 0 0.000479
11 1 0.000085
11 2 0.000194
11 3 0.000970
11 4 0.001279
11 5 0.000123
11 6 0.000011
11 7 0.000970
11 8 0.001646
11 9 0.000240
11 10 0.000194
11 11 0.000000
11 12 0.001361
11 13 0.000502
11 14 0.406015
11 15 0.000067
11 16 0.013938
11 17 0.000268
11 18 0.000502
11 19 0.000013
11 20 0.000300
11 21 0.000814
11 22 0.000738
11 23 0.002442
11 24 0.000970
11 25 0.002097
11 26 0.001487
11 27 0.000004
11 28 0.002473
11 29 0.000073
11 30 0.000013
11 31 0.000669
11 32 0.000556
11 33 0.000046
11 34 0.000085
11 35 0.000814
11 36 0.000023
11 37 0.000121
11 38 0.000334
11 39 0.000738
11 40 0.000139
11 41 0.003103
11 42 0.000057
11 43 0.002648
11 44 0.004712
11 45 0.000802
11 46 0.002473
11 47 0.005120
11 48 0.001279
11 49 0.000046
11 50 0.000453
11 51 0.000139
11 52 0.001050
11 53 0.001065
11 54 0.000051
11 55 0.000606
11 56 0.000023
11 57 0.001279
11 58 0.000295
11 59 0.000669
11 60 0.000300
11 61 0.000023
11 62 0.003354
11 63 0.000191
11 64 0.017316
11 65 0.000669
11 66 0.002833
11 67 0.000076
11 68 0.001624
11 69 0.000123
11 70 0.000023
11 71 0.000334
11 72 0.000218
11 73 0.015490
11 74 0.000556
11 75 0.000502
11 76 0.000502
11 77 0.000502
11 78 0.000502
11 79 0.000606
11 80 0.000096
11 81 0.000268
11 82 0.000556
11 83 0.002868
11 84 0.000300
11 85 0.000814
11 86 0.000814
11 87 0.000556
11 88 0.000003
11 89 0.000494
11 90 0.009800
11 91 0.000123
11 92 0.000067
11 93 0.000003
11 94 0.000970
11 95 0.001168
11 96 0.000005
11 97 0.000139
11 98 0.011674
11 99 0.000606
12 0 0.001279
12 1 0.000007
12 2 0.000366
12 3 0.000502
12 4 0.000970
12 5 0.002279
12 6 0.000017
12 7 0.000123
12 8 0.002097
12 9 0.000046
12 10 0.000218
12 11 0.001361
12 12 0.000000
12 13 0.000045
12 14 0.000096
12 15 0.000173
12 16 0.002070
12 17 0.015490
12 18 0.000001
12 19 0.000136
12 20 0.000011
12 21 0.000408
12 22 0.000659
12 23 0.000218
12 24 0.000502
12 25 0.000013
12 26 0.000003
12 27 0.000502
12 28 0.000408
12 29 0.000013
12 30 0.000001
12 31 0.001380
12 32 0.005497
12 33 0.000956
12 34 0.000002
12 35 0.001151
12 36 0.003066
12 37 0.000556
12 38 0.000802
12 39 0.000300
12 40 0.000300
12 41 0.000295
12 42 0.000023
12 43 0.000814
12 44 0.000173
12 45 0.000502
12 46 0.000011
12 47 0.001447
12 48 0.000268
12 49 0.000139
12 50 0.000194
12 51 0.000123
12 52 0.000300
12 53 0.004161
12 54 0.002648
12 55 0.000004
12 56 0.000366
12 57 0.000004
12 58 0.000218
12 59 0.000076
12 60 0.000029
12 61 0.040565
12 62 0.001168
12 63 0.000264
12 64 0.000154
12 65 0.000556
12 66 0.000006
12 67 0.000942
12 68 0.000109
12 69 0.008170
12 70 0.000300
12 71 0.000814
12 72 0.000006
12 73 0.000218
12 74 0.000556
12 75 0.000334
12 76 0.000814
12 77 0.013938
12 78 0.000040
12 79 0.000556
12 80 0.000005
12 81 0.003354
12 82 0.000453
12 83 0.001508
12 84 0.000017
12 85 0.000194
12 86 0.000445
12 87 0.000218
12 88 0.000882
12 89 0.000076
12 90 0.000556
12 91 0.000013
12 92 0.005437
12 93 0.199389
12 94 0.000814
12 95 0.000300
12 96 0.000076
12 97 0.000408
12 98 0.002681
12 99 0.000123
13 0 0.000334
13 1 0.001168
13 2 0.000002
13 3 0.000240
13 4 0.000013
13 5 0.001380
13 6 0.003861
13 7 0.017316
13 8 0.000004
13 9 0.000218
13 10 0.000814
13 11 0.000502
13 12 0.000045
13 13 0.000000
13 14 0.000790
13 15 0.000035
13 16 0.034173
13 17 0.000218
13 18 0.000074
13 19 0.000334
13 20 0.002221
13 21 0.002279
13 22 0.000046
13 23 0.000046
13 24 0.000002
13 25 0.000039
13 26 0.000236
13 27 0.000606
13 28 0.004161
13 29 0.000076
13 30 0.000173
13 31 0.000023
13 32 0.000076
13 33 0.000004
13 34 0.000011
13 35 0.001065
13 36 0.005064
13 37 0.000738
13 38 0.000408
13 39 0.000214
13 40 0.000814
13 41 0.008716
13 42 0.003622
13 43 0.000300
13 44 0.000076
13 45 0.001168
13 46 0.000214
13 47 0.013938
13 48 0.000148
13 49 0.000366
13 50 0.000194
13 51 0.000011
13 52 0.000814
13 53 0.000015
13 54 0.000502
13 55 0.000264
13 56 0.000173
13 57 0.000194
13 58 0.012394
13 59 0.001794
13 60 0.000085
13 61 0.000139
13 62 0.000051
13 63 0.000453
13 64 0.000556
13 65 0.000970
13 66 0.000300
13 67 0.000453
13 68 0.002473
13 69 0.000300
13 70 0.000556
13 71 0.004161
13 72 0.000970
13 73 0.000445
13 74 0.000606
13 75 0.003103
13 76 0.000023
13 77 0.000453
13 78 0.003579
13 79 0.000218
13 80 0.000123
13 81 0.000649
13 82 0.000136
13 83 0.000006
13 84 0.000123
13 85 0.000154
13 86 0.000329
13 87 0.213994
13 88 0.000556
13 89 0.007651
13 90 0.000010
13 91 0.000738
13 92 0.001508
13 93 0.000300
13 94 0.001361
13 95 0.000300
13 96 0.001624
13 97 0.000017
13 98 0.004380
13 99 0.000268
14 0 0.000502
14 1 0.000194
14 2 0.000076
14 3 0.000970
14 4 0.000334
14 5 0.000738
14 6 0.000502
14 7 0.000970
14 8 0.000139
14 9 0.034173
14 10 0.000882
14 11 0.406015
14 12 0.000096
14 13 0.000790
14 14 0.000000
14 15 0.000218
14 16 0.000556
14 17 0.000109
14 18 0.000059
14 19 0.000814
14 20 0.131032
14 21 0.018287
14 22 0.000556
14 23 0.001168
14 24 0.000096
14 25 0.000408
14 26 0.000139
14 27 0.000556
14 28 0.000268
14 29 0.005320
14 30 0.000003
14 31 0.000067
14 32 0.470749
14 33 0.000669
14 34 0.003861
14 35 0.000151
14 36 0.001794
14 37 0.047734
14 38 0.000300
14 39 0.001065
14 40 0.003103
14 41 0.000329
14 42 0.000366
14 43 0.001928
14 44 0.010429
14 45 0.000006
14 46 0.008630
14 47 0.001244
14 48 0.000502
14 49 0.001279
14 50 0.000076
14 51 0.000669
14 52 0.000502
14 53 0.000001
14 54 0.000882
14 55 0.006317
14 56 0.000372
14 57 0.002070
14 58 0.002097
14 59 0.000035
14 60 0.001151
14 61 0.000556
14 62 0.000076
14 63 0.000057
14 64 0.000814
14 65 0.000024
14 66 0.000300
14 67 0.176483
14 68 0.002442
14 69 0.000669
14 70 0.000814
14 71 0.000067
14 72 0.000020
14 73 0.000170
14 74 0.001794
14 75 0.002250
14 76 0.000300
14 77 0.000494
14 78 0.000453
14 79 0.000814
14 80 0.000067
14 81 0.000556
14 82 0.004480
14 83 0.000004
14 84 0.000372
14 85 0.000085
14 86 0.000218
14 87 0.000123
14 88 0.000445
14 89 0.001794
14 90 0.000040
14 91 0.000065
14 92 0.000046
14 93 0.001168
14 94 0.000046
14 95 0.006251
14 96 0.001261
14 97 0.014634
14 98 0.000218
14 99 0.003354
15 0 0.000026
15 1 0.000067
15 2 0.000001
15 3 0.013149
15 4 0.002681
15 5 0.000814
15 6 0.000017
15 7 0.000023
15 8 0.000046
15 9 0.000123
15 10 0.003861
15 11 0.000067
15 12 0.000173
15 13 0.000035
15 14 0.000218
15 15 0.000000
15 16 0.003066
15 17 0.000139
15 18 0.000372
15 19 0.001151
15 20 0.000502
15 21 0.000040
15 22 0.000123
15 23 0.000556
15 24 0.000039
15 25 0.000003
15 26 0.000046
15 27 0.001050
15 28 0.003354
15 29 0.000067
15 30 0.000606
15 31 0.000334
15 32 0.000013
15 33 0.000556
15 34 0.000035
15 35 0.000109
15 36 0.000408
15 37 0.000218
15 38 0.000295
15 39 0.000005
15 40 0.000502
15 41 0.000268
15 42 0.000134
15 43 0.000123
15 44 0.000556
15 45 0.000173
15 46 0.000023
15 47 0.000814
15 48 0.000046
15 49 0.000738
15 50 0.000040
15 51 0.000051
15 52 0.002615
15 53 0.000004
15 54 0.000017
15 55 0.000035
15 56 0.002097
15 57 0.000040
15 58 0.000076
15 59 0.003622
15 60 0.000334
15 61 0.001508
15 62 0.002868
15 63 0.016383
15 64 0.000023
15 65 0.000556
15 66 0.026971
15 67 0.000139
15 68 0.000076
15 69 0.003103
15 70 0.000194
15 71 0.000194
15 72 0.167645
15 73 0.000300
15 74 0.000970
15 75 0.000606
15 76 0.000970
15 77 0.000118
15 78 0.000013
15 79 0.009111
15 80 0.000011
15 81 0.000606
15 82 0.000040
15 83 0.000366
15 84 0.000046
15 85 0.000360
15 86 0.000170
15 87 0.000076
15 88 0.000017
15 89 0.000051
15 90 0.000002
15 91 0.001646
15 92 0.000139
15 93 0.000023
15 94 0.000194
15 95 0.000034
15 96 0.000123
15 97 0.000045
15 98 0.000329
15 99 0.000030
16 0 0.000300
16 1 0.000109
16 2 0.000194
16 3 0.000494
16 4 0.001928
16 5 0.000023
16 6 0.001380
16 7 0.000059
16 8 0.000669
16 9 0.000334
16 10 0.000013
16 11 0.013938
16 12 0.002070
16 13 0.034173
16 14 0.000556
16 15 0.003066
16 16 0.000000
16 17 0.000173
16 18 0.000011
16 19 0.000023
16 20 0.008170
16 21 0.002412
16 22 0.000154
16 23 0.030475
16 24 0.002097
16 25 0.001646
16 26 0.001794
16 27 0.004480
16 28 0.003354
16 29 0.000218
16 30 0.000334
16 31 0.000372
16 32 0.000669
16 33 0.000814
16 34 0.000035
16 35 0.000191
16 36 0.000323
16 37 0.000408
16 38 0.000814
16 39 0.032635
16 40 0.000606
16 41 0.004480
16 42 0.000073
16 43 0.000870
16 44 0.000051
16 45 0.000059
16 46 0.000334
16 47 0.000167
16 48 0.000030
16 49 0.000218
16 50 0.000076
16 51 0.000814
16 52 0.001646
16 53 0.000035
16 54 0.000173
16 55 0.001380
16 56 0.001770
16 57 0.000194
16 58 0.000334
16 59 0.029706
16 60 0.000334
16 61 0.000300
16 62 0.000300
16 63 0.000046
16 64 0.000002
16 65 0.000001
16 66 0.000123
16 67 0.000453
16 68 0.001168
16 69 0.001261
16 70 0.000121
16 71 0.000453
16 72 0.001168
16 73 0.000970
16 74 0.000556
16 75 0.000218
16 76 0.000372
16 77 0.000173
16 78 0.001794
16 79 0.000300
16 80 0.000334
16 81 0.000123
16 82 0.000040
16 83 0.001168
16 84 0.000669
16 85 0.000334
16 86 0.006317
16 87 0.002473
16 88 0.000606
16 89 0.008716
16 90 0.000136
16 91 0.000240
16 92 0.000007
16 93 0.001168
16 94 0.000814
16 95 0.000268
16 96 0.180007
16 97 0.000659
16 98 0.000431
16 99 0.000003
17 0 0.000030
17 1 0.000023
17 2 0.000023
17 3 0.006317
17 4 0.000191
17 5 0.000556
17 6 0.000067
17 7 0.000006
17 8 0.003354
17 9 0.000154
17 10 0.000814
17 11 0.000268
17 12 0.015490
17 13 0.000218
17 14 0.000109
17 15 0.000139
17 16 0.000173
17 17 0.000000
17 18 0.000366
17 19 0.000067
17 20 0.000105
17 21 0.000123
17 22 0.000076
17 23 0.000003
17 24 0.000096
17 25 0.000218
17 26 0.000548
17 27 0.000046
17 28 0.000139
17 29 0.000139
17 30 0.000173
17 31 0.000334
17 32 0.000300
17 33 0.000240
17 34 0.000085
17 35 0.000502
17 36 0.000123
17 37 0.001168
17 38 0.000046
17 39 0.000870
17 40 0.000076
17 41 0.000814
17 42 0.000194
17 43 0.000139
17 44 0.000329
17 45 0.000109
17 46 0.000596
17 47 0.001279
17 48 0.000044
17 49 0.000218
17 50 0.000445
17 51 0.055708
17 52 0.000004
17 53 0.001065
17 54 0.000207
17 55 0.000005
17 56 0.000011
17 57 0.000502
17 58 0.000173
17 59 0.000023
17 60 0.000003
17 61 0.000123
17 62 0.000045
17 63 0.000076
17 64 0.002097
17 65 0.000445
17 66 0.002473
17 67 0.003315
17 68 0.003579
17 69 0.000123
17 70 0.000123
17 71 0.000194
17 72 0.001487
17 73 0.000046
17 74 0.000479
17 75 0.003622
17 76 0.000067
17 77 0.000045
17 78 0.000240
17 79 0.000076
17 80 0.000218
17 81 0.000059
17 82 0.002279
17 83 0.001168
17 84 0.000067
17 85 0.000556
17 86 0.000453
17 87 0.000727
17 88 0.028526
17 89 0.131032
17 90 0.000334
17 91 0.001646
17 92 0.000013
17 93 0.000076
17 94 0.000067
17 95 0.000035
17 96 0.000669
17 97 0.000669
17 98 0.000587
17 99 0.000870
18 0 0.001279
18 1 0.000268
18 2 0.000051
18 3 0.000040
18 4 0.102123
18 5 0.000123
18 6 0.000814
18 7 0.000076
18 8 0.000154
18 9 0.000139
18 10 0.000882
18 11 0.000502
18 12 0.000001
18 13 0.000074
18 14 0.000059
18 15 0.000372
18 16 0.000011
18 17 0.000366
18 18 0.000000
18 19 0.000268
18 20 0.003622
18 21 0.005896
18 22 0.000139
18 23 0.000408
18 24 0.008759
18 25 0.000030
18 26 0.000738
18 27 0.000003
18 28 0.000802
18 29 0.000123
18 30 0.000096
18 31 0.000738
18 32 0.000123
18 33 0.000882
18 34 0.000006
18 35 0.001624
18 36 0.001794
18 37 0.000494
18 38 0.002648
18 39 0.000334
18 40 0.000956
18 41 0.000218
18 42 0.000300
18 43 0.001065
18 44 0.000007
18 45 0.000005
18 46 0.000218
18 47 0.000408
18 48 0.000814
18 49 0.000123
18 50 0.000007
18 51 0.000659
18 52 0.002279
18 53 0.000366
18 54 0.000502
18 55 0.000076
18 56 0.000123
18 57 0.000109
18 58 0.004161
18 59 0.000015
18 60 0.000556
18 61 0.005497
18 62 0.000556
18 63 0.000264
18 64 0.000814
18 65 0.000970
18 66 0.027175
18 67 0.000548
18 68 0.001279
18 69 0.000076
18 70 0.000502
18 71 0.000015
18 72 0.000453
18 73 0.000023
18 74 0.000123
18 75 0.000240
18 76 0.000067
18 77 0.000023
18 78 0.000059
18 79 0.000040
18 80 0.001928
18 81 0.000013
18 82 0.002097
18 83 0.000139
18 84 0.000006
18 85 0.000394
18 86 0.000334
18 87 0.000030
18 88 0.000003
18 89 0.000096
18 90 0.000218
18 91 0.000034
18 92 0.000173
18 93 0.000023
18 94 0.000013
18 95 0.000067
18 96 0.000109
18 97 0.000002
18 98 0.000502
18 99 0.002833
19 0 0.000334
19 1 0.000548
19 2 0.000001
19 3 0.000096
19 4 0.000218
19 5 0.000002
19 6 0.000727
19 7 0.000067
19 8 0.000121
19 9 0.000046
19 10 0.000107
19 11 0.000013
19 12 0.000136
19 13 0.000334
19 14 0.000814
19 15 0.001151
19 16 0.000023
19 17 0.000067
19 18 0.000268
19 19 0.000000
19 20 0.000453
19 21 0.000030
19 22 0.000123
19 23 0.000366
19 24 0.000669
19 25 0.000556
19 26 0.000334
19 27 0.000011
19 28 0.000323
19 29 0.000046
19 30 0.000123
19 31 0.000300
19 32 0.000013
19 33 0.000020
19 34 0.000001
19 35 0.000002
19 36 0.000023
19 37 0.000013
19 38 0.000046
19 39 0.002473
19 40 0.004712
19 41 0.000240
19 42 0.000023
19 43 0.000802
19 44 0.011090
19 45 0.000040
19 46 0.000123
19 47 0.001624
19 48 0.000136
19 49 0.000040
19 50 0.000023
19 51 0.000076
19 52 0.000067
19 53 0.000218
19 54 0.000076
19 55 0.000268
19 56 0.000023
19 57 0.001261
19 58 0.000136
19 59 0.000814
19 60 0.000001
19 61 0.000170
19 62 0.001168
19 63 0.000020
19 64 0.001168
19 65 0.000154
19 66 0.000109
19 67 0.000123
19 68 0.000139
19 69 0.000814
19 70 0.003579
19 71 0.001624
19 72 0.001151
19 73 0.000109
19 74 0.001151
19 75 0.001050
19 76 0.000173
19 77 0.000076
19 78 0.000218
19 79 0.000453
19 80 0.000596
19 81 0.000040
19 82 0.000194
19 83 0.000139
19 84 0.000556
19 85 0.000123
19 86 0.000123
19 87 0.000372
19 88 0.000372
19 89 0.000290
19 90 0.000151
19 91 0.000017
19 92 0.000453
19 93 0.000173
19 94 0.000502
19 95 0.001261
19 96 0.003622
19 97 0.000814
19 98 0.000013
19 99 0.000494
20 0 0.000218
20 1 0.001380
20 2 0.000013
20 3 0.010986
20 4 0.001928
20 5 0.000300
20 6 0.000502
20 7 0.000268
20 8 0.006763
20 9 0.000366
20 10 0.003622
20 11 0.000300
20 12 0.000011
20 13 0.002221
20 14 0.131032
20 15 0.000502
20 16 0.008170
20 17 0.000105
20 18 0.003622
20 19 0.000453
20 20 0.000000
20 21 0.000123
20 22 0.000738
20 23 0.001928
20 24 0.000109
20 25 0.000067
20 26 0.000035
20 27 0.013938
20 28 0.000218
20 29 0.000778
20 30 0.000026
20 31 0.000366
20 32 0.000030
20 33 0.000194
20 34 0.000076
20 35 0.000372
20 36 0.000194
20 37 0.001168
20 38 0.000123
20 39 0.001508
20 40 0.004161
20 41 0.000556
20 42 0.001261
20 43 0.000790
20 44 0.000004
20 45 0.000173
20 46 0.000218
20 47 0.000372
20 48 0.000268
20 49 0.001244
20 50 0.000194
20 51 0.000006
20 52 0.000870
20 53 0.000173
20 54 0.000494
20 55 0.000502
20 56 0.002070
20 57 0.001794
20 58 0.000013
20 59 0.000218
20 60 0.000074
20 61 0.003103
20 62 0.000096
20 63 0.001261
20 64 0.000010
20 65 0.000408
20 66 0.000240
20 67 0.090388
20 68 0.000030
20 69 0.000139
20 70 0.000129
20 71 0.000004
20 72 0.000334
20 73 0.000034
20 74 0.000076
20 75 0.000013
20 76 0.000218
20 77 0.000334
20 78 0.000136
20 79 0.000023
20 80 0.000035
20 81 0.001065
20 82 0.000005
20 83 0.000214
20 84 0.000003
20 85 0.001168
20 86 0.002648
20 87 0.000023
20 88 0.000173
20 89 0.000076
20 90 0.001794
20 91 0.000007
20 92 0.013814
20 93 0.000002
20 94 0.001168
20 95 0.004818
20 96 0.004161
20 97 0.000814
20 98 0.000606
20 99 0.000727
21 0 0.001408
21 1 0.002070
21 2 0.000170
21 3 0.000218
21 4 0.001508
21 5 0.000814
21 6 0.000170
21 7 0.000372
21 8 0.000556
21 9 0.000020
21 10 0.010429
21 11 0.000814
21 12 0.000408
21 13 0.002279
21 14 0.018287
21 15 0.000040
21 16 0.002412
21 17 0.000123
21 18 0.005896
21 19 0.000030
21 20 0.000123
21 21 0.000000
21 22 0.000596
21 23 0.004480
21 24 0.000123
21 25 0.000218
21 26 0.000300
21 27 0.000076
21 28 0.000194
21 29 0.030921
21 30 0.000109
21 31 0.000109
21 32 0.004480
21 33 0.000882
21 34 0.000017
21 35 0.000076
21 36 0.004161
21 37 0.000194
21 38 0.003455
21 39 0.000076
21 40 0.006693
21 41 0.000717
21 42 0.000194
21 43 0.000109
21 44 0.000001
21 45 0.001065
21 46 0.001168
21 47 0.000300
21 48 0.000218
21 49 0.002279
21 50 0.000218
21 51 0.000121
21 52 0.011782
21 53 0.000502
21 54 0.000334
21 55 0.017316
21 56 0.001168
21 57 0.000105
21 58 0.000502
21 59 0.000401
21 60 0.001279
21 61 0.000030
21 62 0.000502
21 63 0.000268
21 64 0.000970
21 65 0.000017
21 66 0.000814
21 67 0.000882
21 68 0.000970
21 69 0.000669
21 70 0.000334
21 71 0.002412
21 72 0.003354
21 73 0.000268
21 74 0.013938
21 75 0.000003
21 76 0.003622
21 77 0.005120
21 78 0.000011
21 79 0.043621
21 80 0.001487
21 81 0.001878
21 82 0.001646
21 83 0.033933
21 84 0.000334
21 85 0.000738
21 86 0.000372
21 87 0.000334
21 88 0.001168
21 89 0.000556
21 90 0.000814
21 91 0.000109
21 92 0.000268
21 93 0.000218
21 94 0.000556
21 95 0.000148
21 96 0.001380
21 97 0.000013
21 98 0.312353
21 99 0.001508
22 0 0.000814
22 1 0.000453
22 2 0.000051
22 3 0.000013
22 4 0.000044
22 5 0.000123
22 6 0.000123
22 7 0.000034
22 8 0.004818
22 9 0.000046
22 10 0.000218
22 11 0.000738
22 12 0.000659
22 13 0.000046
22 14 0.000556
22 15 0.000123
22 16 0.000154
22 17 0.000076
22 18 0.000139
22 19 0.000123
22 20 0.000738
22 21 0.000596
22 22 0.000000
22 23 0.000076
22 24 0.000218
22 25 0.000023
22 26 0.000173
22 27 0.000023
22 28 0.000970
22 29 0.000076
22 30 0.000006
22 31 0.000076
22 32 0.006317
22 33 0.000151
22 34 0.000023
22 35 0.000023
22 36 0.001487
22 37 0.001151
22 38 0.003354
22 39 0.001928
22 40 0.000010
22 41 0.000139
22 42 0.015490
22 43 0.001261
22 44 0.000556
22 45 0.000035
22 46 0.009800
22 47 0.001168
22 48 0.001770
22 49 0.001624
22 50 0.000023
22 51 0.002473
22 52 0.000970
22 53 0.000006
22 54 0.000154
22 55 0.000334
22 56 0.000046
22 57 0.001624
22 58 0.000502
22 59 0.000970
22 60 0.000738
22 61 0.000076
22 62 0.001279
22 63 0.000096
22 64 0.000076
22 65 0.015490
22 66 0.000329
22 67 0.002279
22 68 0.000548
22 69 0.000329
22 70 0.004161
22 71 0.000218
22 72 0.000109
22 73 0.000003
22 74 0.000502
22 75 0.000023
22 76 0.000046
22 77 0.000123
22 78 0.000013
22 79 0.000334
22 80 0.000005
22 81 0.000173
22 82 0.000334
22 83 0.000334
22 84 0.001487
22 85 0.002473
22 86 0.000154
22 87 0.000372
22 88 0.001168
22 89 0.000268
22 90 0.000882
22 91 0.001168
22 92 0.000401
22 93 0.000194
22 94 0.001168
22 95 0.003354
22 96 0.005709
22 97 0.000502
22 98 0.000096
22 99 0.000046
23 0 0.001646
23 1 0.002868
23 2 0.008170
23 3 0.013938
23 4 0.000046
23 5 0.000020
23 6 0.000502
23 7 0.000453
23 8 0.000023
23 9 0.001279
23 10 0.000738
23 11 0.002442
23 12 0.000218
23 13 0.000046
23 14 0.001168
23 15 0.000556
23 16 0.030475
23 17 0.000003
23 18 0.000408
23 19 0.000366
23 20 0.001928
23 21 0.004480
23 22 0.000076
23 23 0.000000
23 24 0.001279
23 25 0.000044
23 26 0.000334
23 27 0.000556
23 28 0.002473
23 29 0.000123
23 30 0.000870
23 31 0.251802
23 32 0.000051
23 33 0.000137
23 34 0.000007
23 35 0.000814
23 36 0.000139
23 37 0.000173
23 38 0.000556
23 39 0.002473
23 40 0.000218
23 41 0.001168
23 42 0.000006
23 43 0.002070
23 44 0.000076
23 45 0.000669
23 46 0.020023
23 47 0.000139
23 48 0.000034
23 49 0.000556
23 50 0.000148
23 51 0.003622
23 52 0.000502
23 53 0.000020
23 54 0.000076
23 55 0.000076
23 56 0.002279
23 57 0.000006
23 58 0.000814
23 59 0.000123
23 60 0.002097
23 61 0.002442
23 62 0.000194
23 63 0.000123
23 64 0.008716
23 65 0.001380
23 66 0.000040
23 67 0.008170
23 68 0.000170
23 69 0.000814
23 70 0.000076
23 71 0.000814
23 72 0.000194
23 73 0.000814
23 74 0.000218
23 75 0.000046
23 76 0.000007
23 77 0.000040
23 78 0.000076
23 79 0.002442
23 80 0.000194
23 81 0.000548
23 82 0.003622
23 83 0.000218
23 84 0.000502
23 85 0.002279
23 86 0.000123
23 87 0.029706
23 88 0.000170
23 89 0.000738
23 90 0.024612
23 91 0.000051
23 92 0.000218
23 93 0.000045
23 94 0.000123
23 95 0.013814
23 96 0.002250
23 97 0.002681
23 98 0.001794
23 99 0.001794
24 0 0.003622
24 1 0.000548
24 2 0.000109
24 3 0.000539
24 4 0.000109
24 5 0.000173
24 6 0.000035
24 7 0.000008
24 8 0.002833
24 9 0.000011
24 10 0.000002
24 11 0.000970
24 12 0.000502
24 13 0.000002
24 14 0.000096
24 15 0.000039
24 16 0.002097
24 17 0.000096
24 18 0.008759
24 19 0.000669
24 20 0.000109
24 21 0.000123
24 22 0.000218
24 23 0.001279
24 24 0.000000
24 25 0.000040
24 26 0.000669
24 27 0.014634
24 28 0.000076
24 29 0.000218
24 30 0.000334
24 31 0.000006
24 32 0.000218
24 33 0.000210
24 34 0.000015
24 35 0.000003
24 36 0.000408
24 37 0.001508
24 38 0.000738
24 39 0.000006
24 40 0.000040
24 41 0.000151
24 42 0.000059
24 43 0.000023
24 44 0.000008
24 45 0.019860
24 46 0.000240
24 47 0.000023
24 48 0.000067
24 49 0.000023
24 50 0.000970
24 51 0.000194
24 52 0.000123
24 53 0.000300
24 54 0.000334
24 55 0.000109
24 56 0.000020
24 57 0.000020
24 58 0.005497
24 59 0.000453
24 60 0.000006
24 61 0.000218
24 62 0.000123
24 63 0.000059
24 64 0.000035
24 65 0.000556
24 66 0.000107
24 67 0.000026
24 68 0.000218
24 69 0.002279
24 70 0.000366
24 71 0.000059
24 72 0.000020
24 73 0.000023
24 74 0.000556
24 75 0.000123
24 76 0.000023
24 77 0.000083
24 78 0.000020
24 79 0.000017
24 80 0.000076
24 81 0.000039
24 82 0.000218
24 83 0.000300
24 84 0.712683
24 85 0.000494
24 86 0.000814
24 87 0.000076
24 88 0.000173
24 89 0.003817
24 90 0.000738
24 91 0.000013
24 92 0.001380
24 93 0.003579
24 94 0.000814
24 95 0.000076
24 96 0.004480
24 97 0.000003
24 98 0.000139
24 99 0.000970
25 0 0.000300
25 1 0.000139
25 2 0.000067
25 3 0.000167
25 4 0.018287
25 5 0.000046
25 6 0.001168
25 7 0.001794
25 8 0.000121
25 9 0.000218
25 10 0.000173
25 11 0.002097
25 12 0.000013
25 13 0.000039
25 14 0.000408
25 15 0.000003
25 16 0.001646
25 17 0.000218
25 18 0.000030
25 19 0.000556
25 20 0.000067
25 21 0.000218
25 22 0.000023
25 23 0.000044
25 24 0.000040
25 25 0.000000
25 26 0.000020
25 27 0.000076
25 28 0.021106
25 29 0.000486
25 30 0.000011
25 31 0.000814
25 32 0.000109
25 33 0.000059
25 34 0.000011
25 35 0.000240
25 36 0.000023
25 37 0.000109
25 38 0.012281
25 39 0.000023
25 40 0.000453
25 41 0.000300
25 42 0.000023
25 43 0.000194
25 44 0.000669
25 45 0.000366
25 46 0.000173
25 47 0.000040
25 48 0.005896
25 49 0.000548
25 50 0.000194
25 51 0.001646
25 52 0.000096
25 53 0.000173
25 54 0.000556
25 55 0.874752
25 56 0.000035
25 57 0.000173
25 58 0.000051
25 59 0.000013
25 60 0.001065
25 61 0.285275
25 62 0.000194
25 63 0.000096
25 64 0.000194
25 65 0.000081
25 66 0.000046
25 67 0.000453
25 68 0.000035
25 69 0.000123
25 70 0.000453
25 71 0.001168
25 72 0.001119
25 73 0.001279
25 74 0.000121
25 75 0.000556
25 76 0.000334
25 77 0.000020
25 78 0.000300
25 79 0.000802
25 80 0.000669
25 81 0.000334
25 82 0.000003
25 83 0.001794
25 84 0.016383
25 85 0.000738
25 86 0.000334
25 87 0.000076
25 88 0.000814
25 89 0.001261
25 90 0.000035
25 91 0.001168
25 92 0.000002
25 93 0.001794
25 94 0.000076
25 95 0.000139
25 96 0.000006
25 97 0.000669
25 98 0.000139
25 99 0.000882
26 0 0.000814
26 1 0.000194
26 2 0.000085
26 3 0.001770
26 4 0.000139
26 5 0.000123
26 6 0.000366
26 7 0.000408
26 8 0.000085
26 9 0.000013
26 10 0.001065
26 11 0.001487
26 12 0.000003
26 13 0.000236
26 14 0.000139
26 15 0.000046
26 16 0.001794
26 17 0.000548
26 18 0.000738
26 19 0.000334
26 20 0.000035
26 21 0.000300
26 22 0.000173
26 23 0.000334
26 24 0.000669
26 25 0.000020
26 26 0.000000
26 27 0.000218
26 28 0.000044
26 29 0.000015
26 30 0.000051
26 31 0.000408
26 32 0.001903
26 33 0.001508
26 34 0.000154
26 35 0.001279
26 36 0.000408
26 37 0.000669
26 38 0.000218
26 39 0.000214
26 40 0.000502
26 41 0.000011
26 42 0.002070
26 43 0.000020
26 44 0.000020
26 45 0.002473
26 46 0.005896
26 47 0.000040
26 48 0.000334
26 49 0.000669
26 50 0.000046
26 51 0.000067
26 52 0.000123
26 53 0.004818
26 54 0.000970
26 55 0.000096
26 56 0.000882
26 57 0.008170
26 58 0.013149
26 59 0.000076
26 60 0.000173
26 61 0.000074
26 62 0.000596
26 63 0.000154
26 64 0.000556
26 65 0.000814
26 66 0.000023
26 67 0.000057
26 68 0.000074
26 69 0.000194
26 70 0.001624
26 71 0.001065
26 72 0.000002
26 73 0.000094
26 74 0.001624
26 75 0.000738
26 76 0.000067
26 77 0.000639
26 78 0.000096
26 79 0.000023
26 80 0.000329
26 81 0.001065
26 82 0.000738
26 83 0.005833
26 84 0.000790
26 85 0.001151
26 86 0.000030
26 87 0.000067
26 88 0.001645
26 89 0.000007
26 90 0.000067
26 91 0.000096
26 92 0.001928
26 93 0.000038
26 94 0.000240
26 95 0.000882
26 96 0.000194
26 97 0.000556
26 98 0.001380
26 99 0.000001
27 0 0.000334
27 1 0.000076
27 2 0.000268
27 3 0.000587
27 4 0.000020
27 5 0.000453
27 6 0.000109
27 7 0.001050
27 8 0.000300
27 9 0.000011
27 10 0.000334
27 11 0.000004
27 12 0.000502
27 13 0.000606
27 14 0.000556
27 15 0.001050
27 16 0.004480
27 17 0.000046
27 18 0.000003
27 19 0.000011
27 20 0.013938
27 21 0.000076
27 22 0.000023
27 23 0.000556
27 24 0.014634
27 25 0.000076
27 26 0.000218
27 27 0.000000
27 28 0.000046
27 29 0.000659
27 30 0.000123
27 31 0.000268
27 32 0.000300
27 33 0.000300
27 34 0.000123
27 35 0.000300
27 36 0.000017
27 37 0.000502
27 38 0.000318
27 39 0.000076
27 40 0.003354
27 41 0.000002
27 42 0.005896
27 43 0.000360
27 44 0.003103
27 45 0.000814
27 46 0.000268
27 47 0.000194
27 48 0.000067
27 49 0.014505
27 50 0.000738
27 51 0.000556
