0 0 0.000000
0 1 0.987073
0 2 0.051779
0 3 0.999518
0 4 0.996532
0 5 0.999679
0 6 0.329464
0 7 0.434867
0 8 0.999314
0 9 0.268234
0 10 0.940181
0 11 0.071949
0 12 0.989633
0 13 0.703771
0 14 0.939390
0 15 0.989633
0 16 0.391878
0 17 0.983668
0 18 0.876570
0 19 0.999998
0 20 0.997944
0 21 0.992708
0 22 0.781351
0 23 0.996347
0 24 0.999943
0 25 0.957037
0 26 0.997563
0 27 0.980672
0 28 0.951799
0 29 0.610510
0 30 0.961718
0 31 0.838911
0 32 0.557193
0 33 0.998629
0 34 0.975602
0 35 0.928577
0 36 0.974313
0 37 0.999990
0 38 0.517913
0 39 0.029925
0 40 0.791203
0 41 0.995133
0 42 0.172989
0 43 0.991800
0 44 0.999817
0 45 0.999871
0 46 0.998902
0 47 0.019299
0 48 0.329464
0 49 0.954792
0 50 0.019299
0 51 0.929503
0 52 0.954189
0 53 0.994803
0 54 0.988345
0 55 0.573990
0 56 0.975602
0 57 0.071949
0 58 0.011782
0 59 0.996532
0 60 0.071949
0 61 0.659444
0 62 0.138922
0 63 0.060180
0 64 0.391878
0 65 0.138922
0 66 0.999943
0 67 0.029925
0 68 0.910478
0 69 0.999218
0 70 0.999957
0 71 0.992708
0 72 0.996533
0 73 0.963627
0 74 0.172989
0 75 0.894801
0 76 0.019299
0 77 0.954792
0 78 0.989082
0 79 0.172989
0 80 0.969629
0 81 0.812062
0 82 0.936254
0 83 0.082237
0 84 0.743482
0 85 0.991800
0 86 0.999980
0 87 0.227550
0 88 0.071949
0 89 0.998843
0 90 0.757621
0 91 0.172989
0 92 0.999390
0 93 0.901145
0 94 0.924902
0 95 0.999086
0 96 0.949286
0 97 0.000372
0 98 0.029925
0 99 0.071949
1 0 0.987073
1 1 0.000000
1 2 0.985469
1 3 0.096388
1 4 0.996532
1 5 0.862254
1 6 0.996708
1 7 0.019299
1 8 0.978283
1 9 0.975602
1 10 0.993077
1 11 0.999771
1 12 0.995613
1 13 0.996917
1 14 0.996579
1 15 0.172989
1 16 0.019299
1 17 0.998172
1 18 0.172989
1 19 0.963627
1 20 0.590401
1 21 0.999943
1 22 0.812062
1 23 0.517913
1 24 0.168897
1 25 0.138922
1 26 0.998172
1 27 0.984491
1 28 0.999187
1 29 0.855444
1 30 0.999981
1 31 0.415919
1 32 0.121504
1 33 0.998457
1 34 0.855444
1 35 0.996753
1 36 0.372722
1 37 0.096388
1 38 0.999928
1 39 0.348574
1 40 0.019299
1 41 0.029925
1 42 0.391878
1 43 0.932960
1 44 0.972594
1 45 0.999848
1 46 0.993077
1 47 0.999458
1 48 0.329464
1 49 0.227550
1 50 0.965899
1 51 0.993077
1 52 0.659444
1 53 0.992319
1 54 0.453650
1 55 0.959174
1 56 0.757621
1 57 0.189109
1 58 0.391878
1 59 0.991363
1 60 0.023583
1 61 0.959712
1 62 0.994873
1 63 0.999986
1 64 0.051779
1 65 0.998916
1 66 0.838911
1 67 0.082237
1 68 0.223001
1 69 0.999807
1 70 0.983668
1 71 0.999614
1 72 0.329464
1 73 0.993170
1 74 0.996532
1 75 0.305549
1 76 0.862254
1 77 0.998172
1 78 0.997398
1 79 0.495294
1 80 0.999871
1 81 0.029925
1 82 0.477022
1 83 0.995379
1 84 0.948612
1 85 0.957037
1 86 0.002681
1 87 0.980672
1 88 0.998375
1 89 0.997687
1 90 0.227550
1 91 0.997944
1 92 0.949286
1 93 0.838910
1 94 0.626001
1 95 0.535509
1 96 0.974313
1 97 0.831064
1 98 0.138922
1 99 0.999421
2 0 0.051779
2 1 0.985469
2 2 0.000000
2 3 0.999228
2 4 0.961718
2 5 0.172989
2 6 0.626001
2 7 0.988501
2 8 0.998698
2 9 0.963627
2 10 0.999982
2 11 0.971149
2 12 0.996753
2 13 0.870414
2 14 0.954189
2 15 0.987725
2 16 0.983668
2 17 0.932077
2 18 0.883941
2 19 0.965899
2 20 0.268234
2 21 0.963627
2 22 0.999943
2 23 0.999228
2 24 0.936254
2 25 0.286770
2 26 0.961718
2 27 0.967602
2 28 0.932077
2 29 0.999743
2 30 0.999743
2 31 0.051779
2 32 0.921048
2 33 0.971149
2 34 0.999898
2 35 0.995379
2 36 0.172989
2 37 0.998629
2 38 0.988345
2 39 0.959712
2 40 0.894801
2 41 0.988501
2 42 1.000000
2 43 0.573990
2 44 0.121504
2 45 0.998629
2 46 0.987725
2 47 0.999983
2 48 0.999994
2 49 0.999995
2 50 0.071949
2 51 0.096388
2 52 0.415919
2 53 0.477022
2 54 0.995672
2 55 0.831064
2 56 0.999543
2 57 0.998629
2 58 0.870414
2 59 0.932960
2 60 0.999817
2 61 0.995892
2 62 0.391878
2 63 0.172989
2 64 0.677128
2 65 0.999975
2 66 0.096388
2 67 0.757621
2 68 0.998971
2 69 0.051779
2 70 0.999932
2 71 0.980672
2 72 0.986202
2 73 0.979374
2 74 0.999807
2 75 0.999991
2 76 0.997259
2 77 0.998781
2 78 0.995133
2 79 0.928576
2 80 0.992708
2 81 0.965899
2 82 0.999819
2 83 0.992708
2 84 0.862254
2 85 0.372722
2 86 0.998172
2 87 0.029925
2 88 0.372722
2 89 0.268234
2 90 0.999973
2 91 0.979374
2 92 0.997834
2 93 0.999085
2 94 0.999891
2 95 0.999971
2 96 0.999187
2 97 0.781351
2 98 0.731785
2 99 0.989082
3 0 0.999518
3 1 0.096388
3 2 0.999228
3 3 0.000000
3 4 0.999228
3 5 0.998698
3 6 0.921048
3 7 0.999086
3 8 0.415919
3 9 0.915921
3 10 0.035762
3 11 0.051779
3 12 0.831064
3 13 0.979649
3 14 0.996532
3 15 0.998971
3 16 0.999996
3 17 0.995672
3 18 0.999614
3 19 0.189109
3 20 0.415919
3 21 0.673535
3 22 0.999614
3 23 0.051779
3 24 0.999783
3 25 0.882454
3 26 0.997687
3 27 0.988345
3 28 0.979649
3 29 0.975602
3 30 0.268234
3 31 0.982801
3 32 0.029925
3 33 0.996753
3 34 0.803068
3 35 0.999999
3 36 0.172989
3 37 0.943131
3 38 0.936253
3 39 0.987725
3 40 0.921048
3 41 0.991800
3 42 0.189109
3 43 0.991363
3 44 0.915920
3 45 0.803068
3 46 0.971149
3 47 0.971149
3 48 0.992319
3 49 0.999982
3 50 0.768376
3 51 0.997687
3 52 0.019299
3 53 0.853625
3 54 0.731785
3 55 0.999132
3 56 0.999980
3 57 0.997259
3 58 0.757621
3 59 0.071949
3 60 0.453650
3 61 0.975602
3 62 0.029925
3 63 0.996347
3 64 0.998629
3 65 0.286770
3 66 0.876570
3 67 0.855444
3 68 0.996917
3 69 0.557193
3 70 0.029925
3 71 0.965899
3 72 0.988345
3 73 0.969222
3 74 0.372722
3 75 0.979374
3 76 0.981645
3 77 0.997834
3 78 0.999999
3 79 0.999485
3 80 0.924902
3 81 0.969221
3 82 0.862254
3 83 0.071949
3 84 0.982801
3 85 0.096388
3 86 0.999543
3 87 0.999999
3 88 0.999695
3 89 0.999458
3 90 0.838911
3 91 0.999797
3 92 0.990157
3 93 0.915921
3 94 0.996347
3 95 0.989082
3 96 0.019299
3 97 0.951799
3 98 0.999829
3 99 0.800669
4 0 0.996532
4 1 0.996532
4 2 0.961718
4 3 0.999228
4 4 0.000000
4 5 0.999848
4 6 0.993516
4 7 0.996347
4 8 0.997113
4 9 0.971149
4 10 0.993077
4 11 0.936253
4 12 0.967602
4 13 0.189109
4 14 0.743482
4 15 0.975602
4 16 0.999512
4 17 0.870414
4 18 0.268234
4 19 0.172989
4 20 0.820692
4 21 0.996917
4 22 0.552765
4 23 0.996100
4 24 0.310464
4 25 0.051779
4 26 0.838911
4 27 0.989082
4 28 0.999228
4 29 0.932960
4 30 0.995892
4 31 0.153568
4 32 0.719662
4 33 0.965899
4 34 0.977134
4 35 0.999963
4 36 0.820692
4 37 0.610510
4 38 0.936253
4 39 0.415919
4 40 0.999639
4 41 0.876570
4 42 0.998375
4 43 0.984491
4 44 0.915921
4 45 0.999997
4 46 0.999983
4 47 0.410971
4 48 0.990780
4 49 0.999657
4 50 0.268234
4 51 0.348574
4 52 0.999187
4 53 0.999543
4 54 0.901145
4 55 0.987073
4 56 0.980672
4 57 0.963627
4 58 0.999743
4 59 0.999968
4 60 0.138922
4 61 0.998843
4 62 0.999891
4 63 0.019299
4 64 0.954792
4 65 0.245316
4 66 0.999992
4 67 0.975602
4 68 0.655709
4 69 0.999771
4 70 0.029925
4 71 0.019299
4 72 0.029925
4 73 0.975602
4 74 0.096388
4 75 0.329464
4 76 0.997563
4 77 0.029925
4 78 0.961718
4 79 0.999451
4 80 1.000000
4 81 0.999421
4 82 0.998457
4 83 0.005177
4 84 0.172989
4 85 0.997398
4 86 0.172989
4 87 0.626001
4 88 0.979649
4 89 0.626001
4 90 0.998265
4 91 0.993844
4 92 0.060180
4 93 0.994526
4 94 0.998265
4 95 0.901145
4 96 0.980672
4 97 0.986386
4 98 0.999187
4 99 0.996100
5 0 0.999679
5 1 0.862254
5 2 0.172989
5 3 0.998698
5 4 0.999848
5 5 0.000000
5 6 0.477022
5 7 0.936253
5 8 0.999543
5 9 0.999657
5 10 0.992708
5 11 0.999485
5 12 0.035762
5 13 0.781351
5 14 0.957037
5 15 0.096388
5 16 0.996708
5 17 0.999711
5 18 0.995892
5 19 0.093360
5 20 0.535509
5 21 0.986386
5 22 0.969629
5 23 0.286770
5 24 0.987725
5 25 0.517913
5 26 0.987725
5 27 0.987073
5 28 0.998629
5 29 0.029925
5 30 0.848329
5 31 0.995133
5 32 0.746454
5 33 0.415919
5 34 0.096388
5 35 0.967602
5 36 0.855444
5 37 0.324511
5 38 0.911627
5 39 0.227550
5 40 0.138922
5 41 0.998843
5 42 0.029925
5 43 0.971149
5 44 0.535509
5 45 0.999228
5 46 0.889496
5 47 0.005177
5 48 0.998265
5 49 0.310464
5 50 0.973968
5 51 0.999845
5 52 0.997687
5 53 0.995672
5 54 0.286770
5 55 0.138922
5 56 0.096388
5 57 0.096388
5 58 0.082237
5 59 0.999486
5 60 0.889496
5 61 0.983668
5 62 0.939389
5 63 0.051779
5 64 0.005177
5 65 0.690668
5 66 0.969629
5 67 0.731785
5 68 0.980672
5 69 0.153568
5 70 0.999954
5 71 0.035762
5 72 0.999886
5 73 0.495294
5 74 0.434867
5 75 0.995133
5 76 0.610510
5 77 0.978283
5 78 0.936253
5 79 0.495294
5 80 0.996100
5 81 0.138922
5 82 0.838911
5 83 0.995379
5 84 0.477022
5 85 0.138922
5 86 0.998048
5 87 0.189109
5 88 0.997944
5 89 0.005177
5 90 0.991363
5 91 0.168897
5 92 0.976826
5 93 0.029925
5 94 0.610510
5 95 0.986202
5 96 0.372722
5 97 0.641070
5 98 0.999983
5 99 0.995892
6 0 0.329464
6 1 0.996708
6 2 0.626001
6 3 0.921048
6 4 0.993516
6 5 0.477022
6 6 0.000000
6 7 0.990780
6 8 0.998457
6 9 0.189109
6 10 0.205798
6 11 0.996532
6 12 0.863976
6 13 0.993516
6 14 0.985469
6 15 0.477022
6 16 0.998971
6 17 0.820692
6 18 0.791203
6 19 0.993844
6 20 0.999486
6 21 0.477022
6 22 0.983667
6 23 0.977135
6 24 0.999898
6 25 0.999964
6 26 0.495294
6 27 0.035762
6 28 0.999919
6 29 0.477022
6 30 0.999390
6 31 0.974313
6 32 0.987725
6 33 0.108547
6 34 0.999485
6 35 0.876570
6 36 0.029925
6 37 0.896141
6 38 0.372722
6 39 0.999986
6 40 0.990780
6 41 0.994526
6 42 0.999914
6 43 0.006763
6 44 0.731785
6 45 0.989082
6 46 0.995672
6 47 0.324511
6 48 0.999848
6 49 0.999743
6 50 0.659444
6 51 0.915921
6 52 0.071949
6 53 0.005177
6 54 0.997259
6 55 0.988345
6 56 0.988501
6 57 0.997113
6 58 0.019299
6 59 0.138922
6 60 0.943131
6 61 0.896141
6 62 0.999957
6 63 0.945939
6 64 0.980672
6 65 0.138922
6 66 0.060180
6 67 0.939390
6 68 0.108547
6 69 0.999904
6 70 0.978283
6 71 0.996347
6 72 0.029925
6 73 0.999946
6 74 0.517913
6 75 0.999848
6 76 0.019299
6 77 0.781351
6 78 0.961718
6 79 0.978283
6 80 0.999904
6 81 0.999819
6 82 0.999657
6 83 0.999898
6 84 0.310464
6 85 0.999968
6 86 0.029925
6 87 0.991800
6 88 0.138922
6 89 0.153568
6 90 0.245316
6 91 0.995379
6 92 0.410971
6 93 0.023583
6 94 0.928576
6 95 0.644918
6 96 0.391878
6 97 0.998375
6 98 0.990289
6 99 0.029925
7 0 0.434867
7 1 0.019299
7 2 0.988501
7 3 0.999086
7 4 0.996347
7 5 0.936253
7 6 0.990780
7 7 0.000000
7 8 0.996100
7 9 0.993077
7 10 0.999711
7 11 0.989082
7 12 0.999981
7 13 0.995672
7 14 0.989082
7 15 0.868768
7 16 0.029925
7 17 0.096388
7 18 0.876570
7 19 0.920015
7 20 0.999594
7 21 0.838911
7 22 0.096388
7 23 0.999771
7 24 0.610510
7 25 0.993844
7 26 0.999518
7 27 0.989633
7 28 0.391878
7 29 0.932960
7 30 0.138922
7 31 0.999729
7 32 0.949286
7 33 0.980411
7 34 0.971149
7 35 0.943131
7 36 0.999783
7 37 0.051779
7 38 0.005177
7 39 0.071949
7 40 0.943131
7 41 0.996532
7 42 0.995379
7 43 0.954189
7 44 0.051779
7 45 0.995133
7 46 0.943131
7 47 0.943131
7 48 0.998629
7 49 0.999924
7 50 0.998172
7 51 0.999593
7 52 0.992708
7 53 0.286770
7 54 0.641070
7 55 0.082237
7 56 0.995379
7 57 0.434867
7 58 0.002681
7 59 0.999968
7 60 0.029925
7 61 0.940181
7 62 0.071949
7 63 0.999421
7 64 0.999981
7 65 0.989082
7 66 0.372722
7 67 0.610510
7 68 0.995836
7 69 0.999390
7 70 0.138922
7 71 0.997398
7 72 0.996532
7 73 0.954792
7 74 0.268234
7 75 0.945939
7 76 0.992215
7 77 0.986202
7 78 0.495294
7 79 0.997834
7 80 0.999485
7 81 0.998843
7 82 0.019299
7 83 0.996347
7 84 0.517913
7 85 0.743482
7 86 0.981645
7 87 0.108547
7 88 0.791202
7 89 0.954792
7 90 0.108547
7 91 0.995379
7 92 0.985469
7 93 0.051779
7 94 0.999486
7 95 0.996100
7 96 0.985469
7 97 0.372722
7 98 0.959174
7 99 0.513285
8 0 0.999314
8 1 0.978283
8 2 0.998698
8 3 0.415919
8 4 0.997113
8 5 0.999543
8 6 0.998457
8 7 0.996100
8 8 0.000000
8 9 0.972958
8 10 0.998781
8 11 0.310464
8 12 0.999268
8 13 0.910477
8 14 0.731785
8 15 0.999657
8 16 0.372722
8 17 0.108547
8 18 0.719662
8 19 0.626001
8 20 0.495294
8 21 0.976826
8 22 0.999657
8 23 0.984698
8 24 0.019299
8 25 0.988501
8 26 0.969629
8 27 0.996100
8 28 0.985272
8 29 0.138922
8 30 0.965899
8 31 0.138922
8 32 0.999837
8 33 0.005177
8 34 0.992708
8 35 0.999086
8 36 0.997834
8 37 0.974313
8 38 0.838911
8 39 0.979375
8 40 0.986202
8 41 0.992708
8 42 0.901145
8 43 0.967602
8 44 0.998781
8 45 0.999187
8 46 0.172989
8 47 0.999593
8 48 0.883941
8 49 0.999543
8 50 0.972594
8 51 0.138922
8 52 0.329464
8 53 0.495294
8 54 0.659444
8 55 0.978283
8 56 0.997944
8 57 0.189109
8 58 0.997073
8 59 0.999390
8 60 0.989633
8 61 0.999086
8 62 0.992215
8 63 0.051779
8 64 0.071949
8 65 0.996753
8 66 0.286770
8 67 0.996532
8 68 0.999314
8 69 0.659444
8 70 0.029925
8 71 0.976826
8 72 0.391878
8 73 0.999943
8 74 0.928576
8 75 0.999657
8 76 0.999566
8 77 0.011782
8 78 0.096388
8 79 0.999657
8 80 0.998781
8 81 0.096388
8 82 0.998781
8 83 0.071949
8 84 0.999421
8 85 0.951798
8 86 0.999743
8 87 0.690668
8 88 0.991363
8 89 0.999848
8 90 0.263461
8 91 0.051779
8 92 0.019299
8 93 0.019299
8 94 0.999986
8 95 0.093360
8 96 0.999973
8 97 0.991800
8 98 0.999946
8 99 0.993515
9 0 0.268234
9 1 0.975602
9 2 0.963627
9 3 0.915921
9 4 0.971149
9 5 0.999657
9 6 0.189109
9 7 0.993077
9 8 0.972958
9 9 0.000000
9 10 0.924903
9 11 0.995892
9 12 0.976826
9 13 0.029925
9 14 0.999711
9 15 0.961718
9 16 0.812062
9 17 0.831064
9 18 0.999855
9 19 0.999829
9 20 0.245316
9 21 0.997834
9 22 0.996753
9 23 0.812062
9 24 0.987725
9 25 0.029925
9 26 0.781351
9 27 0.227550
9 28 0.983668
9 29 0.999771
9 30 0.989082
9 31 0.995133
9 32 0.996152
9 33 0.889496
9 34 0.800669
9 35 0.096388
9 36 0.011782
9 37 0.719662
9 38 0.997259
9 39 0.557193
9 40 0.998698
9 41 0.998172
9 42 0.415919
9 43 0.999914
9 44 0.924902
9 45 0.138922
9 46 0.071949
9 47 0.998629
9 48 0.999314
9 49 0.757621
9 50 0.999657
9 51 0.029925
9 52 0.999421
9 53 0.310464
9 54 0.998265
9 55 0.993516
9 56 0.985469
9 57 0.991246
9 58 0.997563
9 59 0.982801
9 60 0.999828
9 61 0.915921
9 62 0.998172
9 63 0.924902
9 64 0.924902
9 65 0.019299
9 66 0.848329
9 67 0.716440
9 68 0.172989
9 69 0.999968
9 70 0.959174
9 71 0.991363
9 72 0.901145
9 73 0.999390
9 74 0.245316
9 75 0.999936
9 76 0.268234
9 77 0.997944
9 78 0.988501
9 79 0.838911
9 80 0.998457
9 81 0.954792
9 82 0.979374
9 83 0.905921
9 84 0.990289
9 85 0.999928
9 86 0.959174
9 87 0.924902
9 88 0.999486
9 89 0.987073
9 90 0.997944
9 91 0.535510
9 92 0.989634
9 93 0.901145
9 94 0.153568
9 95 0.189109
9 96 0.993844
9 97 0.957038
9 98 0.972594
9 99 0.227550
10 0 0.940181
10 1 0.993077
10 2 0.999982
10 3 0.035762
10 4 0.993077
10 5 0.992708
10 6 0.205798
10 7 0.999711
10 8 0.998781
10 9 0.924903
10 10 0.000000
10 11 0.644918
10 12 0.965899
10 13 0.999904
10 14 0.999952
10 15 0.011782
10 16 0.268234
10 17 0.987073
10 18 0.005177
10 19 0.868768
10 20 0.983668
10 21 0.035762
10 22 0.998288
10 23 0.610510
10 24 0.910477
10 25 0.924902
10 26 0.703771
10 27 0.011782
10 28 0.372722
10 29 0.172989
10 30 0.453650
10 31 0.993844
10 32 0.971149
10 33 0.924902
10 34 0.965899
10 35 0.812062
10 36 0.999543
10 37 0.989772
10 38 0.972958
10 39 0.998781
10 40 0.999759
10 41 0.998971
10 42 0.513285
10 43 0.999998
10 44 0.894801
10 45 0.051779
10 46 0.999228
10 47 0.995892
10 48 0.791203
10 49 0.999657
10 50 0.286770
10 51 0.876570
10 52 0.954792
10 53 0.985469
10 54 0.999848
10 55 0.999759
10 56 0.019299
10 57 0.999187
10 58 0.951798
10 59 0.029925
10 60 0.991800
10 61 0.999829
10 62 0.889496
10 63 0.993516
10 64 0.978283
10 65 0.998375
10 66 0.189109
10 67 0.999966
10 68 0.949286
10 69 0.517913
10 70 0.932960
10 71 0.992708
10 72 0.838911
10 73 0.987073
10 74 0.999919
10 75 0.954189
10 76 0.135231
10 77 0.071949
10 78 0.928577
10 79 0.153568
10 80 0.227550
10 81 0.367736
10 82 0.998457
10 83 0.999994
10 84 0.172989
10 85 0.999995
10 86 0.977134
10 87 0.967602
10 88 0.889496
10 89 0.984491
10 90 0.535509
10 91 0.978283
10 92 0.999657
10 93 0.803068
10 94 0.985469
10 95 0.984490
10 96 0.820692
10 97 0.286770
10 98 0.999871
10 99 0.754757
11 0 0.071949
11 1 0.999771
11 2 0.971149
11 3 0.051779
11 4 0.936253
11 5 0.999485
11 6 0.996532
11 7 0.989082
11 8 0.310464
11 9 0.995892
11 10 0.644918
11 11 0.000000
11 12 0.998172
11 13 0.998555
11 14 0.848329
11 15 0.800669
11 16 0.071949
11 17 0.915921
11 18 0.996532
11 19 0.108547
11 20 0.990289
11 21 0.961718
11 22 0.846427
11 23 0.138922
11 24 0.029925
11 25 0.757621
11 26 0.029925
11 27 0.781351
11 28 0.946647
11 29 0.975602
11 30 0.932960
11 31 0.051779
11 32 0.999952
11 33 0.035762
11 34 0.626002
11 35 0.791202
11 36 0.999187
11 37 0.963627
11 38 0.019299
11 39 0.987725
11 40 0.999920
11 41 0.415919
11 42 0.990780
11 43 0.999390
11 44 0.992708
11 45 0.999807
11 46 0.936253
11 47 0.999886
11 48 0.987725
11 49 0.967602
11 50 0.989082
11 51 0.920015
11 52 0.949286
11 53 0.172989
11 54 0.999634
11 55 0.991800
11 56 0.998265
11 57 0.999959
11 58 0.889496
11 59 0.138922
11 60 0.286770
11 61 0.687190
11 62 0.999891
11 63 0.005177
11 64 0.980672
11 65 0.994526
11 66 0.051779
11 67 0.999485
11 68 0.071949
11 69 0.999314
11 70 0.626002
11 71 0.982569
11 72 0.988934
11 73 0.999743
11 74 0.659444
11 75 0.703771
11 76 0.673535
11 77 0.996347
11 78 0.998629
11 79 0.999421
11 80 0.172989
11 81 0.980672
11 82 0.138922
11 83 0.975602
11 84 0.719662
11 85 0.957038
11 86 0.969629
11 87 0.901145
11 88 0.986386
11 89 0.999771
11 90 0.051779
11 91 0.984490
11 92 0.999797
11 93 0.995379
11 94 0.329464
11 95 0.999614
11 96 0.901145
11 97 0.005177
11 98 0.882454
11 99 0.831065
12 0 0.989633
12 1 0.995613
12 2 0.996753
12 3 0.831064
12 4 0.967602
12 5 0.035762
12 6 0.863976
12 7 0.999981
12 8 0.999268
12 9 0.976826
12 10 0.965899
12 11 0.998172
12 12 0.000000
12 13 0.391878
12 14 0.999771
12 15 0.993844
12 16 0.999962
12 17 0.961719
12 18 0.998172
12 19 0.626001
12 20 0.993427
12 21 0.998048
12 22 0.831064
12 23 0.982569
12 24 0.005177
12 25 0.939390
12 26 0.999176
12 27 0.936253
12 28 0.029925
12 29 0.552765
12 30 0.310464
12 31 0.372722
12 32 0.998698
12 33 0.999458
12 34 1.000000
12 35 0.998901
12 36 0.999349
12 37 0.372722
12 38 0.951799
12 39 0.189109
12 40 0.991246
12 41 0.687190
12 42 0.994526
12 43 0.019299
12 44 0.915921
12 45 0.029925
12 46 0.108547
12 47 0.961718
12 48 0.999458
12 49 0.348574
12 50 0.999994
12 51 0.517913
12 52 0.998971
12 53 0.998916
12 54 0.268234
12 55 0.999982
12 56 0.838911
12 57 0.995672
12 58 0.019299
12 59 0.991800
12 60 0.071949
12 61 0.989633
12 62 0.071949
12 63 0.268234
12 64 0.984490
12 65 0.855444
12 66 0.051779
12 67 0.915921
12 68 0.996917
12 69 0.071949
12 70 0.996753
12 71 0.999848
12 72 0.999695
12 73 0.138922
12 74 0.051779
12 75 0.690668
12 76 0.644918
12 77 0.997687
12 78 0.434867
12 79 0.138922
12 80 0.096388
12 81 0.889496
12 82 0.189109
12 83 0.791202
12 84 0.071949
12 85 1.000000
12 86 0.989633
12 87 0.993844
12 88 0.997113
12 89 0.963627
12 90 0.998457
12 91 0.029925
12 92 0.005177
12 93 0.989082
12 94 0.071949
12 95 0.005177
12 96 0.005177
12 97 0.096388
12 98 0.992319
12 99 0.996347
13 0 0.703771
13 1 0.996917
13 2 0.870414
13 3 0.979649
13 4 0.189109
13 5 0.781351
13 6 0.993516
13 7 0.995672
13 8 0.910477
13 9 0.029925
13 10 0.999904
13 11 0.998555
13 12 0.391878
13 13 0.000000
13 14 0.999957
13 15 0.996753
13 16 0.896141
13 17 0.929503
13 18 0.993515
13 19 0.108547
13 20 0.071949
13 21 0.911627
13 22 0.978283
13 23 0.983668
13 24 0.998265
13 25 0.997687
13 26 0.121504
13 27 0.210224
13 28 0.731785
13 29 0.971149
13 30 0.999980
13 31 0.391878
13 32 0.999314
13 33 0.999962
13 34 0.972958
13 35 0.415919
13 36 0.979374
13 37 0.975602
13 38 0.268234
13 39 0.999828
13 40 0.999914
13 41 0.999848
13 42 0.227550
13 43 0.982801
13 44 0.286770
13 45 0.994526
13 46 0.993844
13 47 0.957038
13 48 0.961718
13 49 0.999884
13 50 0.687190
13 51 0.051779
13 52 0.994234
13 53 0.949286
13 54 0.019299
13 55 0.415919
13 56 0.994234
13 57 0.838911
13 58 0.071949
13 59 0.995133
13 60 0.999977
13 61 0.943131
13 62 0.998457
13 63 0.975602
13 64 0.999187
13 65 0.227550
13 66 0.754757
13 67 0.268234
13 68 0.029925
13 69 0.831064
13 70 0.998375
13 71 0.999783
13 72 0.997944
13 73 0.971149
13 74 0.138922
13 75 0.731785
13 76 0.989082
13 77 0.999695
13 78 0.999807
13 79 0.812062
13 80 0.172989
13 81 0.961718
13 82 0.434867
13 83 0.991800
13 84 0.999984
13 85 0.019299
13 86 0.138922
13 87 0.019299
13 88 0.998629
13 89 0.991800
13 90 0.996532
13 91 0.999771
13 92 0.989772
13 93 0.999593
13 94 0.992708
13 95 0.936253
13 96 0.995672
13 97 0.210224
13 98 0.989082
13 99 0.997687
14 0 0.939390
14 1 0.996579
14 2 0.954189
14 3 0.996532
14 4 0.743482
14 5 0.957037
14 6 0.985469
14 7 0.989082
14 8 0.731785
14 9 0.999711
14 10 0.999952
14 11 0.848329
14 12 0.999771
14 13 0.999957
14 14 0.000000
14 15 0.999771
14 16 0.999914
14 17 0.999989
14 18 0.227550
14 19 0.992708
14 20 0.495294
14 21 0.983667
14 22 0.227550
14 23 0.029925
14 24 0.943131
14 25 0.838911
14 26 0.997563
14 27 0.999485
14 28 0.082237
14 29 0.989633
14 30 0.999989
14 31 0.999594
14 32 0.967602
14 33 0.995892
14 34 0.673535
14 35 0.990289
14 36 0.846427
14 37 0.994803
14 38 0.965899
14 39 0.153568
14 40 0.391878
14 41 0.998843
14 42 0.082237
14 43 0.999952
14 44 0.998457
14 45 0.071949
14 46 0.999593
14 47 0.989633
14 48 0.978283
14 49 0.999797
14 50 0.971149
14 51 0.999924
14 52 0.998265
14 53 0.999614
14 54 0.870414
14 55 0.108547
14 56 0.998698
14 57 0.997834
14 58 0.977134
14 59 0.453650
14 60 0.999995
14 61 0.108547
14 62 0.005177
14 63 0.644918
14 64 0.981645
14 65 0.993516
14 66 0.943131
14 67 0.987725
14 68 0.245316
14 69 0.905921
14 70 0.687190
14 71 0.029925
14 72 0.268234
14 73 0.997113
14 74 0.975602
14 75 0.983668
14 76 0.391878
14 77 0.019299
14 78 0.731785
14 79 0.967602
14 80 0.051779
14 81 0.982801
14 82 0.998074
14 83 0.172989
14 84 0.999828
14 85 0.812062
14 86 0.268234
14 87 0.310464
14 88 0.096388
14 89 0.983668
14 90 0.999759
14 91 0.993516
14 92 0.954792
14 93 0.626001
14 94 0.051779
14 95 0.210224
14 96 0.189109
14 97 0.999187
14 98 0.108547
14 99 0.610510
15 0 0.989633
15 1 0.172989
15 2 0.987725
15 3 0.998971
15 4 0.975602
15 5 0.096388
15 6 0.477022
15 7 0.868768
15 8 0.999657
15 9 0.961718
15 10 0.011782
15 11 0.800669
15 12 0.993844
15 13 0.996753
15 14 0.999771
15 15 0.000000
15 16 0.453650
15 17 0.943131
15 18 0.573990
15 19 0.019299
15 20 0.939390
15 21 0.987073
15 22 0.996752
15 23 0.781351
15 24 0.959174
15 25 0.626002
15 26 0.999518
15 27 0.862254
15 28 0.051779
15 29 0.051779
15 30 0.961718
15 31 0.029925
15 32 0.986386
15 33 0.809759
15 34 0.029925
15 35 0.999314
15 36 0.999919
15 37 0.552765
15 38 0.029925
15 39 0.889496
15 40 0.557193
15 41 0.883941
15 42 0.029925
15 43 0.977135
15 44 0.999711
15 45 0.999486
15 46 0.757621
15 47 0.957038
15 48 0.959174
15 49 0.932960
15 50 0.838911
15 51 0.989082
15 52 0.940181
15 53 0.029925
15 54 0.876570
15 55 0.998172
15 56 0.994234
15 57 0.967602
15 58 0.994526
15 59 0.999871
15 60 0.035762
15 61 0.996917
15 62 0.894801
15 63 0.969629
15 64 0.979374
15 65 0.997259
15 66 0.029925
15 67 0.997259
15 68 0.990780
15 69 0.994525
15 70 0.932960
15 71 0.999086
15 72 0.644918
15 73 0.992708
15 74 0.943131
15 75 0.071949
15 76 0.035762
15 77 0.791203
15 78 0.998629
15 79 0.993926
15 80 0.610510
15 81 0.982801
15 82 0.996708
15 83 0.997687
15 84 0.071949
15 85 0.855444
15 86 0.997113
15 87 0.994526
15 88 0.915921
15 89 0.999968
15 90 0.997834
15 91 0.348574
15 92 0.963626
15 93 0.999807
15 94 0.626001
15 95 0.998698
15 96 0.969222
15 97 0.372722
15 98 0.995379
15 99 0.286770
16 0 0.391878
16 1 0.019299
16 2 0.983668
16 3 0.999996
16 4 0.999512
16 5 0.996708
16 6 0.998971
16 7 0.029925
16 8 0.372722
16 9 0.812062
16 10 0.268234
16 11 0.071949
16 12 0.999962
16 13 0.896141
16 14 0.999914
16 15 0.453650
16 16 0.000000
16 17 0.391878
16 18 0.985469
16 19 0.071949
16 20 0.946647
16 21 0.993077
16 22 0.928576
16 23 0.205799
16 24 0.995892
16 25 0.071949
16 26 0.690668
16 27 0.989772
16 28 0.932960
16 29 0.876570
16 30 0.915921
16 31 0.957038
16 32 0.954189
16 33 0.998698
16 34 0.957037
16 35 0.172989
16 36 0.999855
16 37 0.002681
16 38 0.071949
16 39 0.883941
16 40 0.999566
16 41 0.870414
16 42 0.434867
16 43 0.606413
16 44 0.999486
16 45 0.949286
16 46 0.994803
16 47 0.138922
16 48 0.995316
16 49 0.998916
16 50 0.975602
16 51 0.999949
16 52 0.999543
16 53 0.153568
16 54 0.743482
16 55 0.999771
16 56 0.812062
16 57 0.071949
16 58 0.060180
16 59 0.945939
16 60 0.019299
16 61 0.999349
16 62 0.993516
16 63 0.969221
16 64 0.876570
16 65 0.626002
16 66 0.434867
16 67 0.999187
16 68 0.245316
16 69 0.703771
16 70 0.999828
16 71 0.391878
16 72 0.924902
16 73 0.573990
16 74 0.998902
16 75 0.998457
16 76 0.096388
16 77 0.985469
16 78 0.997398
16 79 0.999086
16 80 0.828969
16 81 0.997944
16 82 0.999871
16 83 0.989633
16 84 0.569659
16 85 0.690668
16 86 0.803068
16 87 0.803068
16 88 0.029925
16 89 0.997073
16 90 0.986202
16 91 0.978283
16 92 0.573990
16 93 0.995892
16 94 0.999390
16 95 0.969221
16 96 0.870414
16 97 0.943131
16 98 0.172989
16 99 0.071949
17 0 0.983668
17 1 0.998172
17 2 0.932077
17 3 0.995672
17 4 0.870414
17 5 0.999711
17 6 0.820692
17 7 0.096388
17 8 0.108547
17 9 0.831064
17 10 0.987073
17 11 0.915921
17 12 0.961719
17 13 0.929503
17 14 0.999989
17 15 0.943131
17 16 0.391878
17 17 0.000000
17 18 0.495294
17 19 0.831064
17 20 0.976826
17 21 0.987073
17 22 0.924902
17 23 0.999936
17 24 0.743482
17 25 0.329464
17 26 0.223001
17 27 0.999819
17 28 0.172989
17 29 0.999759
17 30 0.998781
17 31 0.987725
17 32 0.535509
17 33 0.996347
17 34 0.975602
17 35 0.223001
17 36 0.189109
17 37 0.434867
17 38 0.957037
17 39 0.943131
17 40 0.996753
17 41 0.999024
17 42 0.998629
17 43 0.999837
17 44 0.082237
17 45 0.924902
17 46 0.971149
17 47 0.883941
17 48 0.999807
17 49 0.995133
17 50 0.005177
17 51 0.268234
17 52 0.978283
17 53 0.997944
17 54 0.965441
17 55 0.029925
17 56 0.999543
17 57 0.029925
17 58 0.189109
17 59 0.999961
17 60 0.999807
17 61 0.991800
17 62 0.957037
17 63 0.945939
17 64 0.205798
17 65 0.999864
17 66 0.998457
17 67 0.019299
17 68 0.999955
17 69 0.940181
17 70 0.082237
17 71 0.791203
17 72 0.096388
17 73 0.985469
17 74 0.372722
17 75 0.781351
17 76 0.071949
17 77 0.999086
17 78 0.791203
17 79 0.690668
17 80 0.945939
17 81 0.954189
17 82 0.997259
17 83 0.029925
17 84 0.838911
17 85 0.029925
17 86 0.029925
17 87 0.998048
17 88 0.998375
17 89 0.286770
17 90 0.096388
17 91 0.999771
17 92 0.719662
17 93 0.434867
17 94 0.990157
17 95 0.999928
17 96 0.889496
17 97 0.659444
17 98 0.989082
17 99 0.310464
18 0 0.876570
18 1 0.172989
18 2 0.883941
18 3 0.999614
18 4 0.268234
18 5 0.995892
18 6 0.791203
18 7 0.876570
18 8 0.719662
18 9 0.999855
18 10 0.005177
18 11 0.996532
18 12 0.998172
18 13 0.993515
18 14 0.227550
18 15 0.573990
18 16 0.985469
18 17 0.495294
18 18 0.000000
18 19 0.992708
18 20 0.731785
18 21 0.997563
18 22 0.956464
18 23 0.781351
18 24 0.999886
18 25 0.051779
18 26 0.994526
18 27 0.997687
18 28 0.901145
18 29 0.998074
18 30 0.051779
18 31 0.998971
18 32 0.517913
18 33 0.855444
18 34 0.610510
18 35 0.915921
18 36 0.997113
18 37 0.513285
18 38 0.928576
18 39 0.029925
18 40 0.997259
18 41 0.659444
18 42 0.978283
18 43 0.980672
18 44 0.999979
18 45 0.989082
18 46 0.993515
18 47 0.051779
18 48 0.978283
18 49 0.999695
18 50 0.495294
18 51 0.980672
18 52 0.998916
18 53 0.778725
18 54 0.998457
18 55 0.995892
18 56 0.883941
18 57 0.876570
18 58 0.974313
18 59 0.172989
18 60 0.999267
18 61 0.999657
18 62 0.963627
18 63 0.993844
18 64 0.743482
18 65 0.757621
18 66 0.372722
18 67 0.999695
18 68 0.932960
18 69 0.997834
18 70 0.138922
18 71 0.071949
18 72 0.901145
18 73 0.999228
18 74 0.936254
18 75 0.998843
18 76 0.999593
18 77 0.957037
18 78 0.659444
18 79 0.999995
18 80 0.998971
18 81 0.959174
18 82 0.998172
18 83 0.945939
18 84 0.051779
18 85 0.999711
18 86 0.995672
18 87 0.029925
18 88 0.781351
18 89 0.996347
18 90 0.517913
18 91 0.999819
18 92 0.999904
18 93 0.999783
18 94 0.876571
18 95 0.172989
18 96 0.984698
18 97 0.138922
18 98 0.999981
18 99 0.999966
19 0 0.999998
19 1 0.963627
19 2 0.965899
19 3 0.189109
19 4 0.172989
19 5 0.093360
19 6 0.993844
19 7 0.920015
19 8 0.626001
19 9 0.999829
19 10 0.868768
19 11 0.108547
19 12 0.626001
19 13 0.108547
19 14 0.992708
19 15 0.019299
19 16 0.071949
19 17 0.831064
19 18 0.992708
19 19 0.000000
19 20 0.981645
19 21 0.051779
19 22 0.979374
19 23 0.990780
19 24 0.096388
19 25 0.943131
19 26 0.989082
19 27 0.999943
19 28 0.996347
19 29 0.108547
19 30 0.626001
19 31 0.999936
19 32 0.996100
19 33 0.910478
19 34 0.029925
19 35 0.991800
19 36 0.996532
19 37 0.998698
19 38 0.996347
19 39 0.096388
19 40 0.994156
19 41 0.999979
19 42 0.096388
19 43 0.972594
19 44 0.998536
19 45 0.999086
19 46 0.995892
19 47 0.999828
19 48 0.029925
19 49 0.997563
19 50 0.687190
19 51 0.969222
19 52 0.573990
19 53 0.172989
19 54 0.172989
19 55 0.901145
19 56 0.999771
19 57 0.998457
19 58 0.999988
19 59 0.999657
19 60 0.999132
19 61 0.997944
19 62 0.590401
19 63 0.989082
19 64 0.988501
19 65 0.889496
19 66 0.999924
19 67 0.889496
19 68 0.963627
19 69 0.994234
19 70 0.999904
19 71 0.999992
19 72 0.268234
19 73 0.997944
19 74 0.999977
19 75 0.071949
19 76 0.997687
19 77 0.005177
19 78 0.659444
19 79 0.993170
19 80 0.987725
19 81 0.997944
19 82 0.517913
19 83 0.703771
19 84 0.731785
19 85 0.495294
19 86 0.014763
19 87 0.029925
19 88 0.108547
19 89 0.029925
19 90 0.051779
19 91 0.138922
19 92 0.019299
19 93 0.029925
19 94 0.096388
19 95 0.590402
19 96 0.889496
19 97 0.329464
19 98 0.096388
19 99 0.998265
20 0 0.997944
20 1 0.590401
20 2 0.268234
20 3 0.415919
20 4 0.820692
20 5 0.535509
20 6 0.999486
20 7 0.999594
20 8 0.495294
20 9 0.245316
20 10 0.983668
20 11 0.990289
20 12 0.993427
20 13 0.071949
20 14 0.495294
20 15 0.939390
20 16 0.946647
20 17 0.976826
20 18 0.731785
20 19 0.981645
20 20 0.000000
20 21 0.882455
20 22 0.982801
20 23 0.082237
20 24 0.557193
20 25 0.535509
20 26 0.999966
20 27 0.035762
20 28 0.989082
20 29 0.994803
20 30 0.985469
20 31 0.994234
20 32 0.999771
20 33 0.172989
20 34 0.082237
20 35 0.096388
20 36 0.999871
20 37 0.998147
20 38 0.434867
20 39 0.029925
20 40 0.999486
20 41 0.974313
20 42 0.997259
20 43 0.999086
20 44 0.882454
20 45 0.999228
20 46 0.870414
20 47 0.606413
20 48 0.029925
20 49 0.999943
20 50 0.477022
20 51 0.990289
20 52 0.138922
20 53 0.978283
20 54 0.862254
20 55 0.991363
20 56 0.932077
20 57 0.998971
20 58 0.999086
20 59 0.995379
20 60 0.983667
20 61 0.980672
20 62 0.999962
20 63 0.998629
20 64 0.939390
20 65 0.069412
20 66 0.071949
20 67 0.998536
20 68 0.138922
20 69 0.961207
20 70 0.994526
20 71 0.029925
20 72 0.996100
20 73 0.971149
20 74 0.172989
20 75 0.768376
20 76 0.967602
20 77 0.227550
20 78 0.029925
20 79 0.372722
20 80 0.096388
20 81 0.329464
20 82 0.005177
20 83 0.997944
20 84 0.391878
20 85 0.994526
20 86 0.924902
20 87 0.996753
20 88 0.995672
20 89 0.971149
20 90 0.731785
20 91 0.999990
20 92 0.573990
20 93 1.000000
20 94 0.005177
20 95 0.993844
20 96 0.972594
20 97 0.967602
20 98 0.994526
20 99 0.992708
21 0 0.992708
21 1 0.999943
21 2 0.963627
21 3 0.673535
21 4 0.996917
21 5 0.986386
21 6 0.477022
21 7 0.838911
21 8 0.976826
21 9 0.997834
21 10 0.035762
21 11 0.961718
21 12 0.998048
21 13 0.911627
21 14 0.983667
21 15 0.987073
21 16 0.993077
21 17 0.987073
21 18 0.997563
21 19 0.051779
21 20 0.882455
21 21 0.000000
21 22 0.957038
21 23 0.757621
21 24 0.998457
21 25 0.981645
21 26 0.999936
21 27 0.982801
21 28 0.995892
21 29 0.999657
21 30 0.999277
21 31 0.168897
21 32 0.972958
21 33 0.997563
21 34 0.023583
21 35 0.999999
21 36 0.999771
21 37 0.949286
21 38 0.071949
21 39 0.071949
21 40 0.959712
21 41 0.029925
21 42 0.999614
21 43 0.998971
21 44 0.002681
21 45 0.096388
21 46 0.889496
21 47 0.981645
21 48 0.999928
21 49 0.517913
21 50 0.846427
21 51 0.971149
21 52 0.999268
21 53 0.999277
21 54 0.999997
21 55 0.415919
21 56 0.949286
21 57 0.096388
21 58 0.975602
21 59 0.989082
21 60 0.993844
21 61 0.978283
21 62 0.626001
21 63 0.071949
21 64 0.011782
21 65 0.172989
21 66 0.812062
21 67 0.458502
21 68 0.999924
21 69 0.989772
21 70 0.673535
21 71 0.998629
21 72 0.029925
21 73 0.626002
21 74 0.994803
21 75 0.987073
21 76 0.957038
21 77 0.227550
21 78 0.994803
21 79 0.997398
21 80 0.997563
21 81 0.945939
21 82 0.998265
21 83 0.979649
21 84 0.096388
21 85 0.453650
21 86 0.153568
21 87 0.998172
21 88 0.889496
21 89 0.994526
21 90 0.905920
21 91 0.731785
21 92 0.977135
21 93 0.286770
21 94 0.997687
21 95 0.998265
21 96 0.988501
21 97 0.992708
21 98 0.995133
21 99 0.999946
22 0 0.781351
22 1 0.812062
22 2 0.999943
22 3 0.999614
22 4 0.552765
22 5 0.969629
22 6 0.983667
22 7 0.096388
22 8 0.999657
22 9 0.996753
22 10 0.998288
22 11 0.846427
22 12 0.831064
22 13 0.978283
22 14 0.227550
22 15 0.996752
22 16 0.928576
22 17 0.924902
22 18 0.956464
22 19 0.979374
22 20 0.982801
22 21 0.957038
22 22 0.000000
22 23 0.999037
22 24 0.999898
22 25 0.993515
22 26 0.994873
22 27 0.719662
22 28 0.108547
22 29 0.138922
22 30 0.998781
22 31 0.983668
22 32 0.996917
22 33 0.974313
22 34 0.971149
22 35 0.974313
22 36 0.999187
22 37 0.990780
22 38 0.768376
22 39 0.391878
22 40 0.999349
22 41 0.848329
22 42 0.921048
22 43 0.999543
22 44 0.983668
22 45 0.915921
22 46 0.999768
22 47 0.372722
22 48 0.991800
22 49 0.894801
22 50 0.082237
22 51 0.979374
22 52 0.979649
22 53 0.901145
22 54 0.999228
22 55 0.987073
22 56 0.889496
22 57 0.999857
22 58 0.781351
22 59 0.889496
22 60 0.915921
22 61 0.014763
22 62 0.820693
22 63 0.999797
22 64 0.985469
22 65 0.995379
22 66 0.268234
22 67 0.979374
22 68 0.743482
22 69 0.945939
22 70 0.108547
22 71 0.999943
22 72 0.999807
22 73 0.990289
22 74 0.996753
22 75 0.999886
22 76 0.961718
22 77 0.996347
22 78 0.999729
22 79 0.998971
22 80 0.957037
22 81 0.659444
22 82 0.108547
22 83 0.999886
22 84 0.975602
22 85 0.993516
22 86 0.949286
22 87 0.999024
22 88 0.999543
22 89 0.996753
22 90 0.415919
22 91 0.999771
22 92 0.990289
22 93 0.998716
22 94 0.999987
22 95 0.975602
22 96 0.924902
22 97 0.286770
22 98 0.975602
22 99 0.870414
23 0 0.996347
23 1 0.517913
23 2 0.999228
23 3 0.051779
23 4 0.996100
23 5 0.286770
23 6 0.977135
23 7 0.999771
23 8 0.984698
23 9 0.812062
23 10 0.610510
23 11 0.138922
23 12 0.982569
23 13 0.983668
23 14 0.029925
23 15 0.781351
23 16 0.205799
23 17 0.999936
23 18 0.781351
23 19 0.990780
23 20 0.082237
23 21 0.757621
23 22 0.999037
23 23 0.000000
23 24 0.999828
23 25 0.828969
23 26 0.517913
23 27 0.035762
23 28 0.987073
23 29 0.172989
23 30 0.998843
23 31 0.986202
23 32 0.986202
23 33 0.999997
23 34 0.999187
23 35 0.991800
23 36 0.996917
23 37 0.659444
23 38 0.838911
23 39 0.991800
23 40 0.882454
23 41 0.659444
23 42 0.121504
23 43 0.029925
23 44 0.324511
23 45 0.035762
23 46 0.096388
23 47 0.996533
23 48 0.989082
23 49 0.029925
23 50 0.999086
23 51 0.999964
23 52 0.928576
23 53 0.991800
23 54 0.990289
23 55 0.991363
23 56 0.641070
23 57 0.982569
23 58 0.986202
23 59 0.969629
23 60 0.939392
23 61 0.932960
23 62 0.901145
23 63 0.984491
23 64 0.982569
23 65 0.983668
23 66 0.434867
23 67 0.268234
23 68 0.932960
23 69 0.997563
23 70 0.988345
23 71 0.997944
23 72 0.965899
23 73 0.999759
23 74 0.999991
23 75 0.552765
23 76 0.999886
23 77 0.999512
23 78 0.205799
23 79 0.977135
23 80 0.998172
23 81 0.997944
23 82 0.517913
23 83 0.996347
23 84 0.227550
23 85 0.989082
23 86 0.982568
23 87 0.778725
23 88 0.051779
23 89 0.071949
23 90 0.690668
23 91 0.477022
23 92 0.517913
23 93 0.138922
23 94 0.998629
23 95 0.029925
23 96 0.999959
23 97 0.673535
23 98 0.573990
23 99 0.082237
24 0 0.999943
24 1 0.168897
24 2 0.936254
24 3 0.999783
24 4 0.310464
24 5 0.987725
24 6 0.999898
24 7 0.610510
24 8 0.019299
24 9 0.987725
24 10 0.910477
24 11 0.029925
24 12 0.005177
24 13 0.998265
24 14 0.943131
24 15 0.959174
24 16 0.995892
24 17 0.743482
24 18 0.999886
24 19 0.096388
24 20 0.557193
24 21 0.998457
24 22 0.999898
24 23 0.999828
24 24 0.000000
24 25 0.138922
24 26 0.951799
24 27 0.999997
24 28 0.051779
24 29 0.999964
24 30 0.894801
24 31 0.999695
24 32 0.959174
24 33 0.990289
24 34 0.998536
24 35 0.002681
24 36 0.096388
24 37 0.994526
24 38 0.434867
24 39 0.029925
24 40 0.980672
24 41 0.659444
24 42 0.372722
24 43 0.606413
24 44 0.889496
24 45 0.096388
24 46 0.999989
24 47 0.096388
24 48 0.029925
24 49 0.969629
24 50 0.082237
24 51 0.659444
24 52 0.999992
24 53 0.975602
24 54 0.138922
24 55 0.997944
24 56 0.999903
24 57 0.005177
24 58 0.985469
24 59 0.994526
24 60 0.803068
24 61 0.993844
24 62 0.894801
24 63 0.924902
24 64 0.943131
24 65 0.641070
24 66 0.999797
24 67 0.999807
24 68 0.138922
24 69 0.757621
24 70 0.999759
24 71 0.096388
24 72 0.029925
24 73 0.998265
24 74 0.915921
24 75 0.998536
24 76 0.999268
24 77 0.005177
24 78 0.051779
24 79 0.870414
24 80 0.227550
24 81 0.263461
24 82 0.989633
24 83 0.096388
24 84 0.994155
24 85 0.889496
24 86 0.071949
24 87 0.996100
24 88 0.997804
24 89 0.838911
24 90 0.477022
24 91 0.980672
24 92 0.096388
24 93 0.803068
24 94 0.986202
24 95 0.573990
24 96 0.372722
24 97 0.986898
24 98 0.969629
24 99 0.434867
25 0 0.957037
25 1 0.138922
25 2 0.286770
25 3 0.882454
25 4 0.051779
25 5 0.517913
25 6 0.999964
25 7 0.993844
25 8 0.988501
25 9 0.029925
25 10 0.924902
25 11 0.757621
25 12 0.939390
25 13 0.997687
25 14 0.838911
25 15 0.626002
25 16 0.071949
25 17 0.329464
25 18 0.051779
25 19 0.943131
25 20 0.535509
25 21 0.981645
25 22 0.993515
25 23 0.828969
25 24 0.138922
25 25 0.000000
25 26 0.227550
25 27 0.999983
25 28 0.189109
25 29 0.051779
25 30 0.988345
25 31 0.961718
25 32 0.999421
25 33 0.899866
25 34 0.096388
25 35 0.138922
25 36 0.410971
25 37 0.093361
25 38 0.889496
25 39 0.051779
25 40 0.983668
25 41 0.963627
25 42 0.905921
25 43 0.071949
25 44 0.996752
25 45 0.035762
25 46 0.800669
25 47 0.838911
25 48 0.096388
25 49 0.999971
25 50 0.939390
25 51 0.997944
25 52 0.029925
25 53 0.987073
25 54 0.573990
25 55 0.999726
25 56 0.189109
25 57 0.227550
25 58 0.071949
25 59 0.965899
25 60 0.999485
25 61 0.999979
25 62 0.978283
25 63 0.610510
25 64 0.999657
25 65 0.993516
25 66 0.996917
25 67 0.999886
25 68 0.999993
25 69 0.999981
25 70 0.071949
25 71 0.005177
25 72 0.391878
25 73 0.996347
25 74 0.989082
25 75 0.108547
25 76 0.029925
25 77 0.998265
25 78 0.983667
25 79 0.029925
25 80 0.999512
25 81 0.029925
25 82 0.961718
25 83 0.998048
25 84 0.910477
25 85 0.535509
25 86 0.999936
25 87 0.999999
25 88 0.997563
25 89 0.011782
25 90 0.969629
25 91 0.999962
25 92 0.991800
25 93 0.990780
25 94 0.985469
25 95 0.951798
25 96 0.809758
25 97 0.936253
25 98 0.071949
25 99 0.999992
26 0 0.997563
26 1 0.998172
26 2 0.961718
26 3 0.997687
26 4 0.838911
26 5 0.987725
26 6 0.495294
26 7 0.999518
26 8 0.969629
26 9 0.781351
26 10 0.703771
26 11 0.029925
26 12 0.999176
26 13 0.121504
26 14 0.997563
26 15 0.999518
26 16 0.690668
26 17 0.223001
26 18 0.994526
26 19 0.989082
26 20 0.999966
26 21 0.999936
26 22 0.994873
26 23 0.517913
26 24 0.951799
26 25 0.227550
26 26 0.000000
26 27 0.659444
26 28 0.943131
26 29 0.029925
26 30 0.998902
26 31 0.991800
26 32 0.980672
26 33 0.974313
26 34 0.924902
26 35 0.071949
26 36 0.477022
26 37 0.994526
26 38 0.998629
26 39 0.138922
26 40 0.972958
26 41 0.172989
26 42 0.071949
26 43 0.998971
26 44 0.172989
26 45 0.557193
26 46 0.999390
26 47 0.945939
26 48 0.995892
26 49 0.999086
26 50 0.999966
26 51 0.998375
26 52 0.172989
26 53 0.005177
26 54 0.477022
26 55 0.997687
26 56 0.999277
26 57 0.477022
26 58 0.999566
26 59 0.978283
26 60 0.035762
26 61 0.975602
26 62 0.071949
26 63 0.999390
26 64 0.961718
26 65 0.995892
26 66 0.573990
26 67 0.227550
26 68 0.996917
26 69 0.831064
26 70 0.172989
26 71 0.999924
26 72 0.800668
26 73 0.820692
26 74 0.999674
26 75 0.108547
26 76 0.994452
26 77 0.939391
26 78 0.999871
26 79 0.042353
26 80 0.983667
26 81 0.993516
26 82 0.372722
26 83 0.071949
26 84 0.999277
26 85 0.999966
26 86 0.990780
26 87 0.096388
26 88 0.517913
26 89 0.995892
26 90 0.731785
26 91 0.716439
26 92 0.781351
26 93 0.990289
26 94 0.757621
26 95 0.991800
26 96 0.999566
26 97 0.999771
26 98 0.268234
26 99 0.535509
27 0 0.980672
27 1 0.984491
27 2 0.967602
27 3 0.988345
27 4 0.989082
27 5 0.987073
27 6 0.035762
27 7 0.989633
27 8 0.996100
27 9 0.227550
27 10 0.011782
27 11 0.781351
27 12 0.936253
27 13 0.210224
27 14 0.999485
27 15 0.862254
27 16 0.989772
27 17 0.999819
27 18 0.997687
27 19 0.999943
27 20 0.035762
27 21 0.982801
27 22 0.719662
27 23 0.035762
27 24 0.999997
27 25 0.999983
27 26 0.659444
27 27 0.000000
27 28 0.673535
27 29 0.949286
27 30 0.690668
27 31 0.848329
27 32 0.329464
27 33 0.812062
27 34 0.855444
27 35 0.768376
27 36 0.999743
27 37 0.998457
27 38 0.035762
27 39 0.082237
27 40 0.051779
27 41 0.329464
27 42 0.997563
27 43 0.838911
27 44 0.329464
27 45 0.019299
27 46 0.138922
27 47 0.999952
27 48 0.967602
27 49 0.989082
27 50 0.995892
27 51 0.997398
