0 0 0.000000
0 1 0.996917
0 2 0.051779
0 3 0.999949
0 4 0.999451
0 5 0.999910
0 6 0.889496
0 7 0.855444
0 8 0.999349
0 9 0.138922
0 10 0.889496
0 11 0.071949
0 12 0.999479
0 13 0.945939
0 14 0.994451
0 15 0.997530
0 16 0.348574
0 17 0.996917
0 18 0.996100
0 19 0.999995
0 20 0.996100
0 21 0.999855
0 22 0.889496
0 23 0.999349
0 24 0.999983
0 25 0.959174
0 26 0.998971
0 27 0.998048
0 28 0.986898
0 29 0.659444
0 30 0.951799
0 31 0.993844
0 32 0.690668
0 33 0.999904
0 34 0.985272
0 35 0.882455
0 36 0.987726
0 37 0.999997
0 38 0.977134
0 39 0.477022
0 40 0.972594
0 41 0.981645
0 42 0.172989
0 43 0.999837
0 44 0.999479
0 45 0.999878
0 46 0.999768
0 47 0.019299
0 48 0.812062
0 49 0.978283
0 50 0.019299
0 51 0.954792
0 52 0.973967
0 53 0.980411
0 54 0.994452
0 55 0.495294
0 56 0.932077
0 57 0.268234
0 58 0.011782
0 59 0.995613
0 60 0.019299
0 61 0.862254
0 62 0.932960
0 63 0.060180
0 64 0.951798
0 65 0.006763
0 66 0.999939
0 67 0.029925
0 68 0.975273
0 69 0.999988
0 70 0.999973
0 71 0.996532
0 72 0.999073
0 73 0.973967
0 74 0.901145
0 75 0.899866
0 76 0.019299
0 77 0.998781
0 78 0.993844
0 79 0.071949
0 80 0.994526
0 81 0.513285
0 82 0.991800
0 83 0.082237
0 84 0.984490
0 85 0.997073
0 86 0.999998
0 87 0.477022
0 88 0.019299
0 89 0.999837
0 90 0.205798
0 91 0.071949
0 92 0.999807
0 93 0.820692
0 94 0.687189
0 95 0.994804
0 96 0.997259
0 97 0.000372
0 98 0.172989
0 99 0.019299
1 0 0.996917
1 1 0.000000
1 2 0.997944
1 3 0.557193
1 4 0.999451
1 5 0.939391
1 6 0.999902
1 7 0.019299
1 8 0.999807
1 9 0.984490
1 10 0.998902
1 11 0.999998
1 12 0.999974
1 13 0.985272
1 14 0.999695
1 15 0.172989
1 16 0.019299
1 17 0.999228
1 18 0.517913
1 19 0.992215
1 20 0.223001
1 21 0.999993
1 22 0.889496
1 23 0.998555
1 24 0.168897
1 25 0.690668
1 26 0.999891
1 27 0.994451
1 28 0.999771
1 29 0.983668
1 30 0.999998
1 31 0.415919
1 32 0.042353
1 33 0.999939
1 34 0.920015
1 35 0.989634
1 36 0.227550
1 37 0.557193
1 38 0.999974
1 39 0.348574
1 40 0.051779
1 41 0.029925
1 42 0.910477
1 43 0.997563
1 44 0.982569
1 45 0.999959
1 46 0.996297
1 47 0.999886
1 48 0.329464
1 49 0.573990
1 50 0.999543
1 51 0.999382
1 52 0.838911
1 53 0.999390
1 54 0.641070
1 55 0.999268
1 56 0.626001
1 57 0.189109
1 58 0.495294
1 59 0.999458
1 60 0.023583
1 61 0.915920
1 62 0.996753
1 63 0.999999
1 64 0.051779
1 65 0.999228
1 66 0.606413
1 67 0.286770
1 68 0.472230
1 69 0.999908
1 70 0.997398
1 71 0.999939
1 72 0.838911
1 73 0.996753
1 74 0.999794
1 75 0.069412
1 76 0.985272
1 77 0.996532
1 78 0.999176
1 79 0.838911
1 80 0.999946
1 81 0.029925
1 82 0.757621
1 83 0.998048
1 84 0.983447
1 85 0.991800
1 86 0.002681
1 87 0.778726
1 88 0.999807
1 89 0.999995
1 90 0.980672
1 91 0.998902
1 92 0.951798
1 93 0.984490
1 94 0.768376
1 95 0.791202
1 96 0.989082
1 97 0.901145
1 98 0.051779
1 99 0.999959
2 0 0.051779
2 1 0.997944
2 2 0.000000
2 3 0.999939
2 4 0.994526
2 5 0.051779
2 6 0.876570
2 7 0.998916
2 8 0.999451
2 9 0.996100
2 10 0.999966
2 11 0.997259
2 12 0.993077
2 13 0.673535
2 14 0.992609
2 15 0.999132
2 16 0.999855
2 17 0.999927
2 18 0.949286
2 19 0.967602
2 20 0.883941
2 21 0.986898
2 22 0.999996
2 23 0.999939
2 24 0.948613
2 25 0.495294
2 26 0.986202
2 27 0.969221
2 28 0.980411
2 29 0.999783
2 30 0.999931
2 31 0.051779
2 32 0.905921
2 33 0.945939
2 34 0.999957
2 35 0.999450
2 36 0.071949
2 37 0.997530
2 38 0.977990
2 39 0.969629
2 40 0.965442
2 41 0.936253
2 42 1.000000
2 43 0.731785
2 44 0.121504
2 45 0.998536
2 46 0.997073
2 47 0.999988
2 48 1.000000
2 49 1.000000
2 50 0.071949
2 51 0.096388
2 52 0.138922
2 53 0.965899
2 54 0.999986
2 55 0.992708
2 56 0.999229
2 57 0.999982
2 58 0.985469
2 59 0.915921
2 60 0.999971
2 61 0.998536
2 62 0.495294
2 63 0.172989
2 64 0.372722
2 65 0.999973
2 66 0.172989
2 67 0.838911
2 68 0.999756
2 69 0.011782
2 70 0.999998
2 71 0.998629
2 72 0.942378
2 73 0.996298
2 74 0.999995
2 75 1.000000
2 76 0.999783
2 77 0.999485
2 78 0.999023
2 79 0.976826
2 80 0.996708
2 81 0.996753
2 82 0.999957
2 83 0.998843
2 84 0.979374
2 85 0.911627
2 86 0.999984
2 87 0.029925
2 88 0.954792
2 89 0.189109
2 90 0.999999
2 91 0.997804
2 92 0.999695
2 93 0.999871
2 94 0.999954
2 95 0.999633
2 96 0.996532
2 97 0.995133
2 98 0.791203
2 99 0.999228
3 0 0.999949
3 1 0.557193
3 2 0.999939
3 3 0.000000
3 4 0.999878
3 5 0.999768
3 6 0.901145
3 7 0.999743
3 8 0.268234
3 9 0.987725
3 10 0.035762
3 11 0.011782
3 12 0.990289
3 13 0.999639
3 14 0.999981
3 15 0.999783
3 16 0.999999
3 17 0.999848
3 18 0.999817
3 19 0.082237
3 20 0.138922
3 21 0.716439
3 22 0.999999
3 23 0.108547
3 24 0.999826
3 25 0.996298
3 26 0.987559
3 27 0.999863
3 28 0.992708
3 29 0.999176
3 30 0.138922
3 31 0.905921
3 32 0.005177
3 33 0.998971
3 34 0.954792
3 35 1.000000
3 36 0.172989
3 37 0.999228
3 38 0.954189
3 39 0.999807
3 40 0.984698
3 41 0.939390
3 42 0.023583
3 43 0.996347
3 44 0.979374
3 45 0.659444
3 46 0.959174
3 47 0.993077
3 48 0.998629
3 49 0.999992
3 50 0.975602
3 51 0.999349
3 52 0.019299
3 53 0.938590
3 54 0.673535
3 55 0.999919
3 56 0.999986
3 57 0.999349
3 58 0.967602
3 59 0.071949
3 60 0.984491
3 61 0.995613
3 62 0.029925
3 63 0.999743
3 64 0.999919
3 65 0.060180
3 66 0.994156
3 67 0.997563
3 68 0.996100
3 69 0.477022
3 70 0.029925
3 71 0.991800
3 72 0.999305
3 73 0.997073
3 74 0.286770
3 75 0.985272
3 76 0.997804
3 77 0.999743
3 78 1.000000
3 79 0.999939
3 80 0.936253
3 81 0.961206
3 82 0.988345
3 83 0.071949
3 84 0.990289
3 85 0.029925
3 86 0.999991
3 87 1.000000
3 88 0.999989
3 89 0.999614
3 90 0.846427
3 91 0.999914
3 92 0.999951
3 93 0.995379
3 94 0.995379
3 95 0.992215
3 96 0.019299
3 97 0.939390
3 98 0.999982
3 99 0.995316
4 0 0.999451
4 1 0.999451
4 2 0.994526
4 3 0.999878
4 4 0.000000
4 5 0.999904
4 6 0.995379
4 7 0.988345
4 8 0.998781
4 9 0.910477
4 10 0.999634
4 11 0.984491
4 12 0.809758
4 13 0.961718
4 14 0.992215
4 15 0.997073
4 16 0.999983
4 17 0.975602
4 18 0.138922
4 19 0.644918
4 20 0.882454
4 21 0.999634
4 22 0.809759
4 23 0.992609
4 24 0.415919
4 25 0.011782
4 26 0.972594
4 27 0.998265
4 28 0.999512
4 29 0.998172
4 30 0.999566
4 31 0.453650
4 32 0.889496
4 33 0.999228
4 34 0.971149
4 35 0.999979
4 36 0.882454
4 37 0.901145
4 38 0.991246
4 39 0.268234
4 40 1.000000
4 41 0.862254
4 42 0.999085
4 43 0.999845
4 44 0.999614
4 45 1.000000
4 46 0.999991
4 47 0.472230
4 48 0.994155
4 49 0.999711
4 50 0.870414
4 51 0.093360
4 52 0.999807
4 53 0.999349
4 54 0.305549
4 55 0.998172
4 56 0.998843
4 57 0.997804
4 58 0.999996
4 59 0.999993
4 60 0.573990
4 61 0.999451
4 62 0.999863
4 63 0.019299
4 64 0.967602
4 65 0.121504
4 66 0.999999
4 67 0.939390
4 68 0.967167
4 69 0.999957
4 70 0.029925
4 71 0.019299
4 72 0.029925
4 73 0.990780
4 74 0.848329
4 75 0.329464
4 76 0.998048
4 77 0.029925
4 78 0.967602
4 79 0.999804
4 80 1.000000
4 81 0.999512
4 82 0.997074
4 83 0.005177
4 84 0.268234
4 85 0.998764
4 86 0.268234
4 87 0.590401
4 88 0.998916
4 89 0.743482
4 90 0.992610
4 91 0.994155
4 92 0.014763
4 93 0.997804
4 94 0.999024
4 95 0.981645
4 96 0.975602
4 97 0.998172
4 98 0.999903
4 99 0.995316
5 0 0.999910
5 1 0.939391
5 2 0.051779
5 3 0.999768
5 4 0.999904
5 5 0.000000
5 6 0.153568
5 7 0.894801
5 8 0.999674
5 9 0.999964
5 10 0.999980
5 11 0.999817
5 12 0.035762
5 13 0.974313
5 14 0.986202
5 15 0.071949
5 16 0.999870
5 17 0.998903
5 18 0.999023
5 19 0.028526
5 20 0.245316
5 21 0.999458
5 22 0.924902
5 23 0.391878
5 24 0.998048
5 25 0.189109
5 26 0.993427
5 27 0.959174
5 28 0.996100
5 29 0.029925
5 30 0.876571
5 31 0.999024
5 32 0.977134
5 33 0.781351
5 34 0.029925
5 35 0.986202
5 36 0.991800
5 37 0.079482
5 38 0.983668
5 39 0.329464
5 40 0.138922
5 41 0.999994
5 42 0.005177
5 43 0.994156
5 44 0.936253
5 45 0.997804
5 46 0.882454
5 47 0.071949
5 48 0.998764
5 49 0.517913
5 50 0.964978
5 51 0.999804
5 52 0.999176
5 53 0.999990
5 54 0.060180
5 55 0.051779
5 56 0.071949
5 57 0.019299
5 58 0.286770
5 59 0.999989
5 60 0.959174
5 61 0.998843
5 62 0.988934
5 63 0.108547
5 64 0.005177
5 65 0.348574
5 66 0.997259
5 67 0.876570
5 68 0.983668
5 69 0.153568
5 70 0.999996
5 71 0.035762
5 72 0.999995
5 73 0.820692
5 74 0.993844
5 75 0.994526
5 76 0.391878
5 77 0.998048
5 78 0.965441
5 79 0.820692
5 80 0.997530
5 81 0.051779
5 82 0.641070
5 83 0.995613
5 84 0.535509
5 85 0.138922
5 86 0.998764
5 87 0.023583
5 88 0.999566
5 89 0.005177
5 90 0.994526
5 91 0.410971
5 92 0.998957
5 93 0.029925
5 94 0.812062
5 95 0.999023
5 96 0.227550
5 97 0.641070
5 98 0.999964
5 99 0.999566
6 0 0.889496
6 1 0.999902
6 2 0.876570
6 3 0.901145
6 4 0.995379
6 5 0.153568
6 6 0.000000
6 7 0.980411
6 8 0.996099
6 9 0.189109
6 10 0.453650
6 11 0.999691
6 12 0.974313
6 13 0.993844
6 14 0.999968
6 15 0.495294
6 16 0.999897
6 17 0.994803
6 18 0.876570
6 19 0.993427
6 20 0.999993
6 21 0.659444
6 22 0.899865
6 23 0.998172
6 24 1.000000
6 25 0.999999
6 26 0.093360
6 27 0.189109
6 28 0.999804
6 29 0.434867
6 30 0.999771
6 31 0.894801
6 32 0.996532
6 33 0.108547
6 34 0.998764
6 35 0.987725
6 36 0.071949
6 37 0.626001
6 38 0.477022
6 39 0.999998
6 40 0.995613
6 41 0.993427
6 42 0.999997
6 43 0.006763
6 44 0.820692
6 45 0.999421
6 46 0.999657
6 47 0.985272
6 48 0.999992
6 49 0.999986
6 50 0.957037
6 51 0.999421
6 52 0.138922
6 53 0.005177
6 54 0.996917
6 55 0.999073
6 56 0.985469
6 57 0.997259
6 58 0.019299
6 59 0.051779
6 60 0.828969
6 61 0.988501
6 62 0.999998
6 63 0.965441
6 64 0.981645
6 65 0.535509
6 66 0.060180
6 67 0.983447
6 68 0.108547
6 69 0.999966
6 70 0.999891
6 71 0.999674
6 72 0.029925
6 73 0.999691
6 74 0.573990
6 75 0.999994
6 76 0.019299
6 77 0.590401
6 78 0.994526
6 79 0.996100
6 80 0.999969
6 81 0.999981
6 82 0.999132
6 83 0.999891
6 84 0.997718
6 85 0.999998
6 86 0.029925
6 87 0.988345
6 88 0.138922
6 89 0.014763
6 90 0.121504
6 91 0.982569
6 92 0.606413
6 93 0.023583
6 94 0.778726
6 95 0.992319
6 96 0.121504
6 97 0.997944
6 98 0.996917
6 99 0.029925
7 0 0.855444
7 1 0.019299
7 2 0.998916
7 3 0.999743
7 4 0.988345
7 5 0.894801
7 6 0.980411
7 7 0.000000
7 8 0.999908
7 9 0.995613
7 10 0.999450
7 11 0.998843
7 12 0.999998
7 13 0.993844
7 14 0.999486
7 15 0.874997
7 16 0.029925
7 17 0.096388
7 18 0.976826
7 19 0.997804
7 20 0.999979
7 21 0.993077
7 22 0.096388
7 23 0.999919
7 24 0.957037
7 25 0.998902
7 26 0.999864
7 27 0.999451
7 28 0.042353
7 29 0.981645
7 30 0.781351
7 31 0.999349
7 32 0.838911
7 33 0.999073
7 34 0.965441
7 35 0.975602
7 36 0.999691
7 37 0.011782
7 38 0.005177
7 39 0.002681
7 40 0.991800
7 41 0.995613
7 42 0.995613
7 43 0.860513
7 44 0.051779
7 45 0.996917
7 46 0.993077
7 47 0.996347
7 48 0.999855
7 49 0.999998
7 50 0.998698
7 51 0.999946
7 52 0.998698
7 53 0.153568
7 54 0.991246
7 55 0.023583
7 56 0.999451
7 57 0.535509
7 58 0.002681
7 59 0.999919
7 60 0.005177
7 61 0.991800
7 62 0.051779
7 63 0.999450
7 64 0.999984
7 65 0.998457
7 66 0.329464
7 67 0.961718
7 68 0.999722
7 69 0.999982
7 70 0.138922
7 71 0.994452
7 72 0.999980
7 73 0.975602
7 74 0.372722
7 75 0.853624
7 76 0.994452
7 77 0.996708
7 78 0.168897
7 79 0.997259
7 80 0.999982
7 81 0.996708
7 82 0.019299
7 83 0.996100
7 84 0.848329
7 85 0.655709
7 86 0.998147
7 87 0.035762
7 88 0.673535
7 89 0.985469
7 90 0.108547
7 91 0.994155
7 92 0.995379
7 93 0.051779
7 94 0.999817
7 95 0.994451
7 96 0.979374
7 97 0.477022
7 98 0.984491
7 99 0.687190
8 0 0.999349
8 1 0.999807
8 2 0.999451
8 3 0.268234
8 4 0.998781
8 5 0.999674
8 6 0.996099
8 7 0.999908
8 8 0.000000
8 9 0.990289
8 10 0.999807
8 11 0.071949
8 12 0.999935
8 13 0.904700
8 14 0.703771
8 15 0.999919
8 16 0.477022
8 17 0.108547
8 18 0.889496
8 19 0.951798
8 20 0.410971
8 21 0.999073
8 22 0.999691
8 23 0.999458
8 24 0.019299
8 25 0.967602
8 26 0.998375
8 27 0.999845
8 28 0.994076
8 29 0.051779
8 30 0.915921
8 31 0.227550
8 32 0.999994
8 33 0.005177
8 34 0.999878
8 35 0.999968
8 36 0.997687
8 37 0.995892
8 38 0.928577
8 39 0.996708
8 40 0.997530
8 41 0.999512
8 42 0.959173
8 43 0.981645
8 44 0.999984
8 45 0.999928
8 46 0.434867
8 47 0.999990
8 48 0.951799
8 49 0.999964
8 50 0.961206
8 51 0.138922
8 52 0.535509
8 53 0.703771
8 54 0.989082
8 55 0.979374
8 56 0.999946
8 57 0.943131
8 58 0.998610
8 59 0.999783
8 60 0.999024
8 61 0.999964
8 62 0.967167
8 63 0.051779
8 64 0.227550
8 65 0.999886
8 66 0.060180
8 67 0.995613
8 68 0.999674
8 69 0.495294
8 70 0.029925
8 71 0.951157
8 72 0.391878
8 73 0.999973
8 74 0.836901
8 75 0.999878
8 76 0.999998
8 77 0.011782
8 78 0.096388
8 79 0.998764
8 80 0.999485
8 81 0.029925
8 82 0.999486
8 83 0.019299
8 84 0.996707
8 85 0.963627
8 86 0.999268
8 87 0.924902
8 88 0.995892
8 89 0.999982
8 90 0.263461
8 91 0.011782
8 92 0.019299
8 93 0.019299
8 94 0.999995
8 95 0.687190
8 96 0.999997
8 97 0.999674
8 98 0.999931
8 99 0.996917
9 0 0.138922
9 1 0.984490
9 2 0.996100
9 3 0.987725
9 4 0.910477
9 5 0.999964
9 6 0.189109
9 7 0.995613
9 8 0.990289
9 9 0.000000
9 10 0.905921
9 11 0.982569
9 12 0.985272
9 13 0.029925
9 14 0.999931
9 15 0.990780
9 16 0.838911
9 17 0.961718
9 18 0.999537
9 19 0.999988
9 20 0.245316
9 21 0.999848
9 22 0.997687
9 23 0.838911
9 24 0.976826
9 25 0.268234
9 26 0.924902
9 27 0.329464
9 28 0.994155
9 29 0.999743
9 30 0.999783
9 31 0.997944
9 32 0.998781
9 33 0.981645
9 34 0.997804
9 35 0.029925
9 36 0.011782
9 37 0.573990
9 38 0.999756
9 39 0.517913
9 40 0.999382
9 41 0.999954
9 42 0.965899
9 43 0.999991
9 44 0.928576
9 45 0.138922
9 46 0.019299
9 47 0.996100
9 48 0.999952
9 49 0.972594
9 50 0.999512
9 51 0.019299
9 52 0.999588
9 53 0.138922
9 54 0.995613
9 55 0.996917
9 56 0.979374
9 57 0.999588
9 58 0.998457
9 59 0.975602
9 60 0.999998
9 61 0.928576
9 62 0.999421
9 63 0.768375
9 64 0.975602
9 65 0.019299
9 66 0.994234
9 67 0.991246
9 68 0.019299
9 69 0.999969
9 70 0.853624
9 71 0.999314
9 72 0.996753
9 73 0.999421
9 74 0.042353
9 75 0.999964
9 76 0.138922
9 77 0.997398
9 78 0.999797
9 79 0.920015
9 80 0.999817
9 81 0.980672
9 82 0.942378
9 83 0.963627
9 84 0.979374
9 85 0.999977
9 86 0.998353
9 87 0.997259
9 88 0.999756
9 89 0.998698
9 90 0.999946
9 91 0.967602
9 92 0.980412
9 93 0.985469
9 94 0.014763
9 95 0.189109
9 96 0.997687
9 97 0.963627
9 98 0.965441
9 99 0.690668
10 0 0.889496
10 1 0.998902
10 2 0.999966
10 3 0.035762
10 4 0.999634
10 5 0.999980
10 6 0.453650
10 7 0.999450
10 8 0.999807
10 9 0.905921
10 10 0.000000
10 11 0.781351
10 12 0.983668
10 13 0.999891
10 14 0.999969
10 15 0.011782
10 16 0.035762
10 17 0.999968
10 18 0.005177
10 19 0.836902
10 20 0.993077
10 21 0.006763
10 22 0.999639
10 23 0.980672
10 24 0.999382
10 25 0.978283
10 26 0.641070
10 27 0.011782
10 28 0.477022
10 29 0.071949
10 30 0.910477
10 31 0.765618
10 32 0.989633
10 33 0.983668
10 34 0.987726
10 35 0.978283
10 36 0.999995
10 37 0.999729
10 38 0.998375
10 39 0.999807
10 40 0.999695
10 41 0.999939
10 42 0.809759
10 43 1.000000
10 44 0.982569
10 45 0.051779
10 46 0.999908
10 47 0.999132
10 48 0.641070
10 49 0.999939
10 50 0.838911
10 51 0.951799
10 52 0.980672
10 53 0.975602
10 54 0.999807
10 55 0.999987
10 56 0.019299
10 57 0.999988
10 58 0.999674
10 59 0.029925
10 60 0.997073
10 61 0.999986
10 62 0.963627
10 63 0.993077
10 64 0.989633
10 65 0.999486
10 66 0.003622
10 67 0.999976
10 68 0.999828
10 69 0.610510
10 70 0.552765
10 71 0.993077
10 72 0.951799
10 73 0.990780
10 74 0.999884
10 75 0.999634
10 76 0.135231
10 77 0.138922
10 78 0.754758
10 79 0.348574
10 80 0.227550
10 81 0.569658
10 82 0.998536
10 83 0.999999
10 84 0.268234
10 85 0.999999
10 86 0.876571
10 87 0.997687
10 88 0.959174
10 89 0.999451
10 90 0.590401
10 91 0.998265
10 92 0.995066
10 93 0.921048
10 94 0.986202
10 95 0.970761
10 96 0.655709
10 97 0.153568
10 98 0.999988
10 99 0.988934
11 0 0.071949
11 1 0.999998
11 2 0.997259
11 3 0.011782
11 4 0.984491
11 5 0.999817
11 6 0.999691
11 7 0.998843
11 8 0.071949
11 9 0.982569
11 10 0.781351
11 11 0.000000
11 12 0.998698
11 13 0.998916
11 14 0.971149
11 15 0.954189
11 16 0.071949
11 17 0.975602
11 18 0.993427
11 19 0.108547
11 20 0.999086
11 21 0.876570
11 22 0.995613
11 23 0.227550
11 24 0.029925
11 25 0.978283
11 26 0.029925
11 27 0.626001
11 28 0.998916
11 29 0.959174
11 30 0.905921
11 31 0.051779
11 32 0.999999
11 33 0.434867
11 34 0.943131
11 35 0.453649
11 36 0.999886
11 37 0.868769
11 38 0.019299
11 39 0.988345
11 40 0.999990
11 41 0.372722
11 42 0.990157
11 43 0.999783
11 44 0.996917
11 45 0.999989
11 46 0.754758
11 47 0.999711
11 48 0.994155
11 49 0.998048
11 50 0.989633
11 51 0.994803
11 52 0.995379
11 53 0.071949
11 54 0.999176
11 55 0.994155
11 56 0.999931
11 57 0.999935
11 58 0.999855
11 59 0.731785
11 60 0.391878
11 61 0.956464
11 62 0.999897
11 63 0.005177
11 64 0.972594
11 65 0.999891
11 66 0.051779
11 67 0.999954
11 68 0.019299
11 69 0.999928
11 70 0.673536
11 71 0.975274
11 72 0.997655
11 73 0.999959
11 74 0.975602
11 75 0.673535
11 76 0.995379
11 77 0.999979
11 78 0.999674
11 79 0.999863
11 80 0.071949
11 81 0.983668
11 82 0.138922
11 83 0.998698
11 84 0.391878
11 85 0.999228
11 86 0.992708
11 87 0.590401
11 88 0.967602
11 89 0.999614
11 90 0.051779
11 91 0.992609
11 92 0.999783
11 93 0.999634
11 94 0.901145
11 95 0.999923
11 96 0.997687
11 97 0.005177
11 98 0.386901
11 99 0.932960
12 0 0.999479
12 1 0.999974
12 2 0.993077
12 3 0.990289
12 4 0.809758
12 5 0.035762
12 6 0.974313
12 7 0.999998
12 8 0.999935
12 9 0.985272
12 10 0.983668
12 11 0.998698
12 12 0.000000
12 13 0.981645
12 14 0.999837
12 15 0.999512
12 16 0.999837
12 17 0.882455
12 18 0.999228
12 19 0.951799
12 20 0.993760
12 21 0.999652
12 22 0.954792
12 23 0.998610
12 24 0.005177
12 25 0.956464
12 26 0.999560
12 27 0.910477
12 28 0.172989
12 29 0.979374
12 30 0.517913
12 31 0.227550
12 32 0.999908
12 33 0.999997
12 34 1.000000
12 35 0.999935
12 36 0.999942
12 37 0.329464
12 38 0.989633
12 39 0.189109
12 40 0.998436
12 41 0.240658
12 42 0.999132
12 43 0.019299
12 44 0.954189
12 45 0.029925
12 46 0.108547
12 47 0.995379
12 48 0.999998
12 49 0.453650
12 50 0.999987
12 51 0.812062
12 52 0.997073
12 53 0.999486
12 54 0.719662
12 55 0.999999
12 56 0.920015
12 57 0.999848
12 58 0.019299
12 59 0.982569
12 60 0.019299
12 61 0.983446
12 62 0.071949
12 63 0.372722
12 64 0.996298
12 65 0.981645
12 66 0.227550
12 67 0.910477
12 68 0.988345
12 69 0.071949
12 70 0.997687
12 71 0.999992
12 72 0.999976
12 73 0.138922
12 74 0.227550
12 75 0.992708
12 76 0.610510
12 77 0.999512
12 78 0.943131
12 79 0.051779
12 80 0.096388
12 81 0.928576
12 82 0.082237
12 83 0.998629
12 84 0.071949
12 85 1.000000
12 86 0.998048
12 87 0.996532
12 88 0.999886
12 89 0.980411
12 90 0.999451
12 91 0.029925
12 92 0.005177
12 93 0.992215
12 94 0.071949
12 95 0.005177
12 96 0.005177
12 97 0.096388
12 98 0.999458
12 99 0.998698
13 0 0.945939
13 1 0.985272
13 2 0.673535
13 3 0.999639
13 4 0.961718
13 5 0.974313
13 6 0.993844
13 7 0.993844
13 8 0.904700
13 9 0.029925
13 10 0.999891
13 11 0.998916
13 12 0.981645
13 13 0.000000
13 14 0.999997
13 15 0.995892
13 16 0.911627
13 17 0.731785
13 18 0.998265
13 19 0.035762
13 20 0.019299
13 21 0.999086
13 22 0.996917
13 23 0.976826
13 24 0.999961
13 25 0.998536
13 26 0.121504
13 27 0.172989
13 28 0.957037
13 29 0.778724
13 30 0.999998
13 31 0.673535
13 32 0.998352
13 33 0.999996
13 34 0.998781
13 35 0.959712
13 36 0.996875
13 37 0.995613
13 38 0.138922
13 39 0.999993
13 40 0.999946
13 41 0.999979
13 42 0.831064
13 43 0.997687
13 44 0.838911
13 45 0.993844
13 46 0.998265
13 47 0.986202
13 48 0.993844
13 49 0.999835
13 50 0.700406
13 51 0.108547
13 52 0.999086
13 53 0.983667
13 54 0.019299
13 55 0.831064
13 56 0.994526
13 57 0.882454
13 58 0.071949
13 59 0.999543
13 60 0.999990
13 61 0.972594
13 62 0.999946
13 63 0.988345
13 64 0.999871
13 65 0.870414
13 66 0.991689
13 67 0.051779
13 68 0.029925
13 69 0.994234
13 70 0.999657
13 71 0.999846
13 72 0.998457
13 73 0.910477
13 74 0.477022
13 75 0.905921
13 76 0.997804
13 77 0.999957
13 78 0.999977
13 79 0.915921
13 80 0.172989
13 81 0.972594
13 82 0.928576
13 83 0.999964
13 84 0.999992
13 85 0.019299
13 86 0.051779
13 87 0.138922
13 88 0.998353
13 89 0.999783
13 90 0.998048
13 91 0.999988
13 92 0.961718
13 93 0.999807
13 94 0.986201
13 95 0.998843
13 96 0.999086
13 97 0.557193
13 98 0.982569
13 99 0.999349
14 0 0.994451
14 1 0.999695
14 2 0.992609
14 3 0.999981
14 4 0.992215
14 5 0.986202
14 6 0.999968
14 7 0.999486
14 8 0.703771
14 9 0.999931
14 10 0.999969
14 11 0.971149
14 12 0.999837
14 13 0.999997
14 14 0.000000
14 15 0.999964
14 16 0.999756
14 17 0.999999
14 18 0.082237
14 19 0.994155
14 20 0.093360
14 21 0.982569
14 22 0.227550
14 23 0.029925
14 24 0.828968
14 25 0.997073
14 26 0.999886
14 27 0.999268
14 28 0.245316
14 29 0.995066
14 30 0.999993
14 31 0.999914
14 32 0.999783
14 33 0.996708
14 34 0.976826
14 35 0.999711
14 36 0.948613
14 37 0.999268
14 38 0.905920
14 39 0.153568
14 40 0.305549
14 41 0.999966
14 42 0.023583
14 43 0.999931
14 44 0.998048
14 45 0.019299
14 46 0.999979
14 47 0.987559
14 48 0.994803
14 49 0.999886
14 50 0.998172
14 51 0.999999
14 52 0.998353
14 53 0.999969
14 54 0.987073
14 55 0.108547
14 56 0.999588
14 57 0.999771
14 58 0.999983
14 59 0.778726
14 60 1.000000
14 61 0.329464
14 62 0.005177
14 63 0.477022
14 64 0.995613
14 65 0.992708
14 66 0.905921
14 67 0.996100
14 68 0.042353
14 69 0.530966
14 70 0.569659
14 71 0.029925
14 72 0.268234
14 73 0.999848
14 74 0.995614
14 75 0.994155
14 76 0.245316
14 77 0.019299
14 78 0.410971
14 79 0.999349
14 80 0.051779
14 81 0.991800
14 82 0.999458
14 83 0.415919
14 84 0.999837
14 85 0.981645
14 86 0.477022
14 87 0.644918
14 88 0.310464
14 89 0.976826
14 90 0.999924
14 91 0.995379
14 92 0.998629
14 93 0.928576
14 94 0.051779
14 95 0.210224
14 96 0.943131
14 97 0.999914
14 98 0.035762
14 99 0.626001
15 0 0.997530
15 1 0.172989
15 2 0.999132
15 3 0.999783
15 4 0.997073
15 5 0.071949
15 6 0.495294
15 7 0.874997
15 8 0.999919
15 9 0.990780
15 10 0.011782
15 11 0.954189
15 12 0.999512
15 13 0.995892
15 14 0.999964
15 15 0.000000
15 16 0.168897
15 17 0.991800
15 18 0.838911
15 19 0.019299
15 20 0.942378
15 21 0.999314
15 22 0.999421
15 23 0.965899
15 24 0.993427
15 25 0.928576
15 26 0.999992
15 27 0.972594
15 28 0.011782
15 29 0.082237
15 30 0.990780
15 31 0.005177
15 32 0.980672
15 33 0.586172
15 34 0.029925
15 35 0.999959
15 36 0.999949
15 37 0.513285
15 38 0.029925
15 39 0.951799
15 40 0.610510
15 41 0.855444
15 42 0.029925
15 43 0.983668
15 44 0.998610
15 45 0.999990
15 46 0.121504
15 47 0.999023
15 48 0.899866
15 49 0.981645
15 50 0.862254
15 51 0.998265
15 52 0.999729
15 53 0.172989
15 54 0.716438
15 55 0.999855
15 56 0.992708
15 57 0.979374
15 58 0.999928
15 59 0.999954
15 60 0.189109
15 61 0.998265
15 62 0.973967
15 63 0.997259
15 64 0.997804
15 65 0.999997
15 66 0.029925
15 67 0.998353
15 68 0.914824
15 69 0.998048
15 70 0.997687
15 71 0.999908
15 72 0.573990
15 73 0.984490
15 74 0.999421
15 75 0.071949
15 76 0.035762
15 77 0.862254
15 78 0.999421
15 79 0.999759
15 80 0.434867
15 81 0.993844
15 82 0.999826
15 83 0.999999
15 84 0.071949
15 85 0.905921
15 86 0.999543
15 87 0.993077
15 88 0.987725
15 89 0.999985
15 90 0.999695
15 91 0.205799
15 92 0.948612
15 93 0.999959
15 94 0.996917
15 95 0.999479
15 96 0.996708
15 97 0.781351
15 98 0.999024
15 99 0.153568
16 0 0.348574
16 1 0.019299
16 2 0.999855
16 3 0.999999
16 4 0.999983
16 5 0.999870
16 6 0.999897
16 7 0.029925
16 8 0.477022
16 9 0.838911
16 10 0.035762
16 11 0.071949
16 12 0.999837
16 13 0.911627
16 14 0.999756
16 15 0.168897
16 16 0.000000
16 17 0.626001
16 18 0.999485
16 19 0.071949
16 20 0.911627
16 21 0.999954
16 22 0.998048
16 23 0.205799
16 24 0.999946
16 25 0.071949
16 26 0.757621
16 27 0.999390
16 28 0.974313
16 29 0.910477
16 30 0.995379
16 31 0.932077
16 32 0.992609
16 33 0.999691
16 34 0.986202
16 35 0.172989
16 36 0.999931
16 37 0.002681
16 38 0.071949
16 39 0.992708
16 40 0.999794
16 41 0.936253
16 42 0.535509
16 43 0.969222
16 44 0.999976
16 45 0.743481
16 46 0.998536
16 47 0.051779
16 48 0.999629
16 49 0.999711
16 50 0.996532
16 51 0.999986
16 52 0.999634
16 53 0.391878
16 54 0.976826
16 55 0.999566
16 56 0.862254
16 57 0.071949
16 58 0.060180
16 59 0.490569
16 60 0.019299
16 61 0.999768
16 62 0.999566
16 63 0.985272
16 64 0.959174
16 65 0.590401
16 66 0.153568
16 67 0.999314
16 68 0.963627
16 69 0.995892
16 70 0.999994
16 71 0.673535
16 72 0.992708
16 73 0.889496
16 74 0.999835
16 75 0.999837
16 76 0.310464
16 77 0.996917
16 78 0.998536
16 79 0.998536
16 80 0.586172
16 81 0.997398
16 82 0.999990
16 83 0.997073
16 84 0.586172
16 85 0.943131
16 86 0.984698
16 87 0.831064
16 88 0.029925
16 89 0.999588
16 90 0.999588
16 91 0.990780
16 92 0.060180
16 93 0.982568
16 94 0.999229
16 95 0.997073
16 96 0.982801
16 97 0.998698
16 98 0.071949
16 99 0.019299
17 0 0.996917
17 1 0.999228
17 2 0.999927
17 3 0.999848
17 4 0.975602
17 5 0.998903
17 6 0.994803
17 7 0.096388
17 8 0.108547
17 9 0.961718
17 10 0.999968
17 11 0.975602
17 12 0.882455
17 13 0.731785
17 14 0.999999
17 15 0.991800
17 16 0.626001
17 17 0.000000
17 18 0.800669
17 19 0.943131
17 20 0.997222
17 21 0.954189
17 22 0.978283
17 23 0.999998
17 24 0.969221
17 25 0.082237
17 26 0.868768
17 27 0.999783
17 28 0.719662
17 29 0.999989
17 30 0.999783
17 31 0.998048
17 32 0.791203
17 33 0.999228
17 34 0.992215
17 35 0.006317
17 36 0.082237
17 37 0.495294
17 38 0.994803
17 39 0.800669
17 40 0.999657
17 41 0.999073
17 42 0.999674
17 43 0.999588
17 44 0.082237
17 45 0.998265
17 46 0.963627
17 47 0.985469
17 48 0.999987
17 49 0.998457
17 50 0.005177
17 51 0.268234
17 52 0.998265
17 53 0.999871
17 54 0.923918
17 55 0.029925
17 56 0.999976
17 57 0.172989
17 58 0.995892
17 59 0.999988
17 60 0.999983
17 61 0.999132
17 62 0.979374
17 63 0.995613
17 64 0.093360
17 65 0.999981
17 66 0.999023
17 67 0.019299
17 68 0.999968
17 69 0.998555
17 70 0.023583
17 71 0.410971
17 72 0.096388
17 73 0.999228
17 74 0.991363
17 75 0.949286
17 76 0.268234
17 77 0.999807
17 78 0.936253
17 79 0.991363
17 80 0.999756
17 81 0.923918
17 82 0.999756
17 83 0.029925
17 84 0.945939
17 85 0.029925
17 86 0.029925
17 87 0.999794
17 88 0.999421
17 89 0.957037
17 90 0.096388
17 91 0.999994
17 92 0.940181
17 93 0.305549
17 94 0.997655
17 95 0.999990
17 96 0.987725
17 97 0.495294
17 98 0.999919
17 99 0.268234
18 0 0.996100
18 1 0.517913
18 2 0.949286
18 3 0.999817
18 4 0.138922
18 5 0.999023
18 6 0.876570
18 7 0.976826
18 8 0.889496
18 9 0.999537
18 10 0.005177
18 11 0.993427
18 12 0.999228
18 13 0.998265
18 14 0.082237
18 15 0.838911
18 16 0.999485
18 17 0.800669
18 18 0.000000
18 19 0.999968
18 20 0.915921
18 21 0.999743
18 22 0.996485
18 23 0.974313
18 24 0.999982
18 25 0.051779
18 26 0.999132
18 27 0.961204
18 28 0.975602
18 29 0.999955
18 30 0.011782
18 31 0.998536
18 32 0.982801
18 33 0.069412
18 34 0.189109
18 35 0.963627
18 36 0.994526
18 37 0.923918
18 38 0.996100
18 39 0.005177
18 40 0.984490
18 41 0.936253
18 42 0.999486
18 43 0.999132
18 44 0.999973
18 45 0.998457
18 46 0.998457
18 47 0.051779
18 48 0.999566
18 49 0.999807
18 50 0.641070
18 51 0.983668
18 52 0.999971
18 53 0.923918
18 54 0.999268
18 55 0.991246
18 56 0.791203
18 57 0.367737
18 58 0.975602
18 59 0.071949
18 60 0.999993
18 61 0.999980
18 62 0.996100
18 63 0.999783
18 64 0.939390
18 65 0.731785
18 66 0.659444
18 67 0.999997
18 68 0.957037
18 69 0.998457
18 70 0.138922
18 71 0.268234
18 72 0.876570
18 73 0.997804
18 74 0.997073
18 75 0.999939
18 76 0.999783
18 77 0.993077
18 78 0.348574
18 79 0.999999
18 80 0.999349
18 81 0.980411
18 82 0.999968
18 83 0.343597
18 84 0.051779
18 85 0.999691
18 86 0.999314
18 87 0.029925
18 88 0.949286
18 89 0.996917
18 90 0.911627
18 91 0.999924
18 92 0.999977
18 93 0.999913
18 94 0.992215
18 95 0.959712
18 96 0.987726
18 97 0.051779
18 98 0.999996
18 99 0.999999
19 0 0.999995
19 1 0.992215
19 2 0.967602
19 3 0.082237
19 4 0.644918
19 5 0.028526
19 6 0.993427
19 7 0.997804
19 8 0.951798
19 9 0.999988
19 10 0.836902
19 11 0.108547
19 12 0.951799
19 13 0.035762
19 14 0.994155
19 15 0.019299
19 16 0.071949
19 17 0.943131
19 18 0.999968
19 19 0.000000
19 20 0.995067
19 21 0.051779
19 22 0.996708
19 23 0.999024
19 24 0.029925
19 25 0.996917
19 26 0.999891
19 27 0.999349
19 28 0.965441
19 29 0.108547
19 30 0.990780
19 31 0.999977
19 32 0.995066
19 33 0.935413
19 34 0.415919
19 35 0.997530
19 36 0.999634
19 37 0.999073
19 38 0.986202
19 39 0.268234
19 40 0.999479
19 41 0.999993
19 42 0.172989
19 43 0.982569
19 44 0.999923
19 45 0.999891
19 46 0.999837
19 47 0.999998
19 48 0.029925
19 49 0.998971
19 50 0.935413
19 51 0.985272
19 52 0.535509
19 53 0.019299
19 54 0.415919
19 55 0.997687
19 56 0.999952
19 57 0.998902
19 58 0.999999
19 59 0.999969
19 60 0.999073
19 61 0.999176
19 62 0.743482
19 63 0.993844
19 64 0.993844
19 65 0.641070
19 66 0.999968
19 67 0.905921
19 68 0.994803
19 69 0.997944
19 70 0.999989
19 71 0.999966
19 72 0.138922
19 73 0.998536
19 74 0.999993
19 75 0.071949
19 76 0.999691
19 77 0.005177
19 78 0.838911
19 79 0.999187
19 80 0.997530
19 81 0.998957
19 82 0.082237
19 83 0.996917
19 84 0.820692
19 85 0.945939
19 86 0.014763
19 87 0.029925
19 88 0.189109
19 89 0.029925
19 90 0.051779
19 91 0.138922
19 92 0.019299
19 93 0.005177
19 94 0.096388
19 95 0.965441
19 96 0.951799
19 97 0.329464
19 98 0.029925
19 99 0.999863
20 0 0.996100
20 1 0.223001
20 2 0.883941
20 3 0.138922
20 4 0.882454
20 5 0.245316
20 6 0.999993
20 7 0.999979
20 8 0.410971
20 9 0.245316
20 10 0.993077
20 11 0.999086
20 12 0.993760
20 13 0.019299
20 14 0.093360
20 15 0.942378
20 16 0.911627
20 17 0.997222
20 18 0.915921
20 19 0.995067
20 20 0.000000
20 21 0.986898
20 22 0.990780
20 23 0.060180
20 24 0.781351
20 25 0.245316
20 26 0.999959
20 27 0.035762
20 28 0.997687
20 29 0.999725
20 30 0.999743
20 31 0.989082
20 32 0.999993
20 33 0.268234
20 34 0.153568
20 35 0.029925
20 36 0.999990
20 37 0.999652
20 38 0.876570
20 39 0.029925
20 40 0.999966
20 41 0.983668
20 42 0.999566
20 43 0.999976
20 44 0.991689
20 45 0.999837
20 46 0.996753
20 47 0.184861
20 48 0.005177
20 49 0.999817
20 50 0.659444
20 51 0.999657
20 52 0.051779
20 53 0.994155
20 54 0.809759
20 55 0.999614
20 56 0.860512
20 57 0.999878
20 58 0.999837
20 59 0.998048
20 60 0.988345
20 61 0.996917
20 62 0.999999
20 63 0.999711
20 64 0.977990
20 65 0.263461
20 66 0.071949
20 67 0.999588
20 68 0.108547
20 69 0.996875
20 70 0.998843
20 71 0.029925
20 72 0.998764
20 73 0.997687
20 74 0.071949
20 75 0.910477
20 76 0.999794
20 77 0.329464
20 78 0.029925
20 79 0.189109
20 80 0.096388
20 81 0.189109
20 82 0.005177
20 83 0.998536
20 84 0.673535
20 85 0.998265
20 86 0.999486
20 87 0.998265
20 88 0.963627
20 89 0.939390
20 90 0.992708
20 91 0.999994
20 92 0.434867
20 93 0.999999
20 94 0.005177
20 95 0.994155
20 96 0.985272
20 97 0.996532
20 98 0.993077
20 99 0.998843
21 0 0.999855
21 1 0.999993
21 2 0.986898
21 3 0.716439
21 4 0.999634
21 5 0.999458
21 6 0.659444
21 7 0.993077
21 8 0.999073
21 9 0.999848
21 10 0.006763
21 11 0.876570
21 12 0.999652
21 13 0.999086
21 14 0.982569
21 15 0.999314
21 16 0.999954
21 17 0.954189
21 18 0.999743
21 19 0.051779
21 20 0.986898
21 21 0.000000
21 22 0.920015
21 23 0.992708
21 24 0.998048
21 25 0.997804
21 26 0.999999
21 27 0.998172
21 28 0.997398
21 29 0.999855
21 30 0.999924
21 31 0.069412
21 32 0.999639
21 33 0.999421
21 34 0.003622
21 35 1.000000
21 36 0.999349
21 37 0.876571
21 38 0.019299
21 39 0.138922
21 40 0.495294
21 41 0.029925
21 42 0.999024
21 43 0.992609
21 44 0.002681
21 45 0.310464
21 46 0.990780
21 47 0.939390
21 48 0.999981
21 49 0.940181
21 50 0.853624
21 51 0.999349
21 52 0.998436
21 53 0.999711
21 54 0.999999
21 55 0.138922
21 56 0.985469
21 57 0.029925
21 58 0.994155
21 59 0.998843
21 60 0.999588
21 61 0.979374
21 62 0.205798
21 63 0.071949
21 64 0.011782
21 65 0.172989
21 66 0.990289
21 67 0.848329
21 68 0.999971
21 69 0.998629
21 70 0.149693
21 71 0.999980
21 72 0.029925
21 73 0.905921
21 74 0.983447
21 75 0.999543
21 76 0.998843
21 77 0.227550
21 78 0.994451
21 79 0.998610
21 80 0.998629
21 81 0.998698
21 82 0.999176
21 83 0.876571
21 84 0.096388
21 85 0.716439
21 86 0.153568
21 87 0.999783
21 88 0.716439
21 89 0.999132
21 90 0.997398
21 91 0.889496
21 92 0.985469
21 93 0.626001
21 94 0.999536
21 95 0.999725
21 96 0.999314
21 97 0.987725
21 98 0.999871
21 99 0.999826
22 0 0.889496
22 1 0.889496
22 2 0.999996
22 3 0.999999
22 4 0.809759
22 5 0.924902
22 6 0.899865
22 7 0.096388
22 8 0.999691
22 9 0.997687
22 10 0.999639
22 11 0.995613
22 12 0.954792
22 13 0.996917
22 14 0.227550
22 15 0.999421
22 16 0.998048
22 17 0.978283
22 18 0.996485
22 19 0.996708
22 20 0.990780
22 21 0.920015
22 22 0.000000
22 23 0.999771
22 24 0.999968
22 25 0.999543
22 26 0.999924
22 27 0.954792
22 28 0.189109
22 29 0.138922
22 30 0.999828
22 31 0.999512
22 32 0.999983
22 33 0.995379
22 34 0.951799
22 35 0.989082
22 36 0.999807
22 37 0.996708
22 38 0.513285
22 39 0.905921
22 40 0.999826
22 41 0.965899
22 42 0.855444
22 43 0.999855
22 44 0.998698
22 45 0.989633
22 46 0.999853
22 47 0.227550
22 48 0.997074
22 49 0.954189
22 50 0.082237
22 51 0.991246
22 52 0.932960
22 53 0.820692
22 54 0.999783
22 55 0.990780
22 56 0.716439
22 57 0.999997
22 58 0.980672
22 59 0.928576
22 60 0.967602
22 61 0.014763
22 62 0.778726
22 63 0.999952
22 64 0.987725
22 65 0.999756
22 66 0.372722
22 67 0.992215
22 68 0.716439
22 69 0.932077
22 70 0.108547
22 71 0.999995
22 72 0.999176
22 73 0.999657
22 74 0.999957
22 75 0.999711
22 76 0.989082
22 77 0.999928
22 78 0.999979
22 79 0.999891
22 80 0.993844
22 81 0.659444
22 82 0.035762
22 83 0.999982
22 84 0.991246
22 85 0.993844
22 86 0.995892
22 87 0.999478
22 88 0.999946
22 89 0.999975
22 90 0.719662
22 91 0.999998
22 92 0.999486
22 93 0.998172
22 94 0.999989
22 95 0.923918
22 96 0.998629
22 97 0.286770
22 98 0.998902
22 99 0.975602
23 0 0.999349
23 1 0.998555
23 2 0.999939
23 3 0.108547
23 4 0.992609
23 5 0.391878
23 6 0.998172
23 7 0.999919
23 8 0.999458
23 9 0.838911
23 10 0.980672
23 11 0.227550
23 12 0.998610
23 13 0.976826
23 14 0.029925
23 15 0.965899
23 16 0.205799
23 17 0.999998
23 18 0.974313
23 19 0.999024
23 20 0.060180
23 21 0.992708
23 22 0.999771
23 23 0.000000
23 24 0.999884
23 25 0.914824
23 26 0.977135
23 27 0.035762
23 28 0.999086
23 29 0.071949
23 30 0.999268
23 31 0.996100
23 32 0.996298
23 33 1.000000
23 34 0.999485
23 35 0.998353
23 36 0.999980
23 37 0.936253
23 38 0.994526
23 39 0.992215
23 40 0.899865
23 41 0.838911
23 42 0.552765
23 43 0.172989
23 44 0.429954
23 45 0.035762
23 46 0.096388
23 47 0.998536
23 48 0.998843
23 49 0.071949
23 50 0.999994
23 51 0.999991
23 52 0.980411
23 53 0.999132
23 54 0.998265
23 55 0.996917
23 56 0.874996
23 57 0.997222
23 58 0.979096
23 59 0.961718
23 60 0.980412
23 61 0.961718
23 62 0.981645
23 63 0.994452
23 64 0.996875
23 65 0.999421
23 66 0.838911
23 67 0.535510
23 68 0.959174
23 69 0.999952
23 70 0.998957
23 71 0.999855
23 72 0.991800
23 73 0.999898
23 74 1.000000
23 75 0.882454
23 76 0.999977
23 77 0.999845
23 78 0.205799
23 79 0.992708
23 80 0.999421
23 81 0.999634
23 82 0.997113
23 83 0.992215
23 84 0.035762
23 85 0.998048
23 86 0.996708
23 87 0.868768
23 88 0.051779
23 89 0.268234
23 90 0.659444
23 91 0.901145
23 92 0.993516
23 93 0.372722
23 94 0.998265
23 95 0.415919
23 96 0.999991
23 97 0.641070
23 98 0.901145
23 99 0.153568
24 0 0.999983
24 1 0.168897
24 2 0.948613
24 3 0.999826
24 4 0.415919
24 5 0.998048
24 6 1.000000
24 7 0.957037
24 8 0.019299
24 9 0.976826
24 10 0.999382
24 11 0.029925
24 12 0.005177
24 13 0.999961
24 14 0.828968
24 15 0.993427
24 16 0.999946
24 17 0.969221
24 18 0.999982
24 19 0.029925
24 20 0.781351
24 21 0.998048
24 22 0.999968
24 23 0.999884
24 24 0.000000
24 25 0.108547
24 26 0.996100
24 27 0.999999
24 28 0.051779
24 29 0.999997
24 30 0.932077
24 31 0.999908
24 32 0.975273
24 33 0.999914
24 34 0.995316
24 35 0.002681
24 36 0.096388
24 37 0.994803
24 38 0.924902
24 39 0.573990
24 40 0.972594
24 41 0.889496
24 42 0.977135
24 43 0.932077
24 44 0.945939
24 45 0.071949
24 46 0.999986
24 47 0.096388
24 48 0.005177
24 49 0.983668
24 50 0.391878
24 51 0.245316
24 52 1.000000
24 53 0.994803
24 54 0.051779
24 55 0.998698
24 56 0.999997
24 57 0.005177
24 58 0.954189
24 59 0.999904
24 60 0.757621
24 61 0.996532
24 62 0.992215
24 63 0.997944
24 64 0.989082
24 65 0.853624
24 66 0.999855
24 67 0.999977
24 68 0.434867
24 69 0.990289
24 70 0.999848
24 71 0.096388
24 72 0.029925
24 73 0.998353
24 74 0.920015
24 75 0.999691
24 76 0.996248
24 77 0.005177
24 78 0.051779
24 79 0.945939
24 80 0.108547
24 81 0.049729
24 82 0.996100
24 83 0.096388
24 84 0.998957
24 85 0.975602
24 86 0.071949
24 87 0.975272
24 88 0.996875
24 89 0.910477
24 90 0.812062
24 91 0.993844
24 92 0.172989
24 93 0.610510
24 94 0.999725
24 95 0.995133
24 96 0.889496
24 97 0.997916
24 98 0.778726
24 99 0.703771
25 0 0.959174
25 1 0.690668
25 2 0.495294
25 3 0.996298
25 4 0.011782
25 5 0.189109
25 6 0.999999
25 7 0.998902
25 8 0.967602
25 9 0.268234
25 10 0.978283
25 11 0.978283
25 12 0.956464
25 13 0.998536
25 14 0.997073
25 15 0.928576
25 16 0.071949
25 17 0.082237
25 18 0.051779
25 19 0.996917
25 20 0.245316
25 21 0.997804
25 22 0.999543
25 23 0.914824
25 24 0.108547
25 25 0.000000
25 26 0.477022
25 27 0.999992
25 28 0.434867
25 29 0.051779
25 30 0.999995
25 31 0.998457
25 32 0.999863
25 33 0.988934
25 34 0.096388
25 35 0.977134
25 36 0.961206
25 37 0.305550
25 38 0.967602
25 39 0.011782
25 40 0.999421
25 41 0.984491
25 42 0.990780
25 43 0.268234
25 44 0.997944
25 45 0.006763
25 46 0.920015
25 47 0.998698
25 48 0.310464
25 49 0.999998
25 50 0.788678
25 51 0.999939
25 52 0.029925
25 53 0.999228
25 54 0.889496
25 55 0.999949
25 56 0.082237
25 57 0.035762
25 58 0.002681
25 59 0.995379
25 60 0.999946
25 61 0.999999
25 62 0.998265
25 63 0.082237
25 64 0.999992
25 65 0.994526
25 66 0.999023
25 67 0.999952
25 68 0.999973
25 69 0.999957
25 70 0.019299
25 71 0.005177
25 72 0.936253
25 73 0.979374
25 74 0.965441
25 75 0.035762
25 76 0.029925
25 77 0.998353
25 78 0.994803
25 79 0.227550
25 80 0.999961
25 81 0.029925
25 82 0.981645
25 83 0.999691
25 84 0.932077
25 85 0.305549
25 86 0.999992
25 87 1.000000
25 88 0.999891
25 89 0.011782
25 90 0.800668
25 91 0.999988
25 92 0.973968
25 93 0.993427
25 94 0.998843
25 95 0.991246
25 96 0.996298
25 97 0.997398
25 98 0.517913
25 99 0.999996
26 0 0.998971
26 1 0.999891
26 2 0.986202
26 3 0.987559
26 4 0.972594
26 5 0.993427
26 6 0.093360
26 7 0.999864
26 8 0.998375
26 9 0.924902
26 10 0.641070
26 11 0.029925
26 12 0.999560
26 13 0.121504
26 14 0.999886
26 15 0.999992
26 16 0.757621
26 17 0.868768
26 18 0.999132
26 19 0.999891
26 20 0.999959
26 21 0.999999
26 22 0.999924
26 23 0.977135
26 24 0.996100
26 25 0.477022
26 26 0.000000
26 27 0.495294
26 28 0.986202
26 29 0.029925
26 30 0.998241
26 31 0.973967
26 32 0.963627
26 33 0.975602
26 34 0.999771
26 35 0.071949
26 36 0.949286
26 37 0.999891
26 38 0.997804
26 39 0.138922
26 40 0.997113
26 41 0.831064
26 42 0.071949
26 43 0.998698
26 44 0.268234
26 45 0.719662
26 46 0.999992
26 47 0.998536
26 48 0.997398
26 49 0.999855
26 50 0.999928
26 51 0.999187
26 52 0.896141
26 53 0.005177
26 54 0.495294
26 55 0.999959
26 56 0.999847
26 57 0.659444
26 58 0.999691
26 59 0.894801
26 60 0.082237
26 61 0.999512
26 62 0.071949
26 63 0.999837
26 64 0.997259
26 65 0.999023
26 66 0.391878
26 67 0.035762
26 68 0.998902
26 69 0.901145
26 70 0.138922
26 71 0.999992
26 72 0.948613
26 73 0.976826
26 74 0.999995
26 75 0.573990
26 76 0.996047
26 77 0.999268
26 78 0.999783
26 79 0.042353
26 80 0.996532
26 81 0.979374
26 82 0.659444
26 83 0.002681
26 84 0.999566
26 85 0.999968
26 86 0.999756
26 87 0.172989
26 88 0.690668
26 89 0.996533
26 90 0.820692
26 91 0.687190
26 92 0.924902
26 93 0.998265
26 94 0.768376
26 95 0.997687
26 96 0.999948
26 97 0.999980
26 98 0.138922
26 99 0.791202
27 0 0.998048
27 1 0.994451
27 2 0.969221
27 3 0.999863
27 4 0.998265
27 5 0.959174
27 6 0.189109
27 7 0.999451
27 8 0.999845
27 9 0.329464
27 10 0.011782
27 11 0.626001
27 12 0.910477
27 13 0.172989
27 14 0.999268
27 15 0.972594
27 16 0.999390
27 17 0.999783
27 18 0.961204
27 19 0.999349
27 20 0.035762
27 21 0.998172
27 22 0.954792
27 23 0.035762
27 24 0.999999
27 25 0.999992
27 26 0.495294
27 27 0.000000
27 28 0.687190
27 29 0.987725
27 30 0.703771
27 31 0.988501
27 32 0.855444
27 33 0.495294
27 34 0.915921
27 35 0.945939
27 36 0.999931
27 37 0.999919
27 38 0.035762
27 39 0.023583
27 40 0.011782
27 41 0.838911
27 42 0.999421
27 43 0.846427
27 44 0.082237
27 45 0.019299
27 46 0.108547
27 47 0.999997
27 48 0.999817
27 49 0.999023
27 50 0.999891
27 51 0.999634
