0 0 0.000000
0 1 0.998843
0 2 0.051779
0 3 0.999886
0 4 0.999845
0 5 0.999848
0 6 0.915921
0 7 0.943131
0 8 0.999674
0 9 0.372722
0 10 0.978283
0 11 0.071949
0 12 0.999902
0 13 0.979374
0 14 0.997222
0 15 0.998147
0 16 0.205798
0 17 0.998457
0 18 0.998902
0 19 0.999999
0 20 0.999588
0 21 0.998764
0 22 0.957037
0 23 0.999634
0 24 0.999999
0 25 0.976826
0 26 0.999711
0 27 0.998764
0 28 0.980411
0 29 0.535509
0 30 0.987725
0 31 0.997687
0 32 0.831064
0 33 0.999993
0 34 0.997655
0 35 0.868768
0 36 0.981645
0 37 0.999994
0 38 0.980672
0 39 0.329464
0 40 0.996100
0 41 0.986202
0 42 0.172989
0 43 0.999931
0 44 0.998241
0 45 0.999863
0 46 0.999935
0 47 0.138922
0 48 0.626001
0 49 0.967602
0 50 0.019299
0 51 0.915921
0 52 0.986898
0 53 0.995066
0 54 0.991689
0 55 0.495294
0 56 0.965441
0 57 0.517913
0 58 0.011782
0 59 0.996708
0 60 0.019299
0 61 0.989633
0 62 0.924902
0 63 0.245316
0 64 0.920015
0 65 0.006763
0 66 0.999794
0 67 0.029925
0 68 0.979096
0 69 0.999974
0 70 0.999969
0 71 0.999132
0 72 0.998827
0 73 0.993427
0 74 0.989082
0 75 0.853624
0 76 0.019299
0 77 0.996917
0 78 0.993077
0 79 0.071949
0 80 0.997687
0 81 0.367737
0 82 0.998457
0 83 0.082237
0 84 0.965441
0 85 0.997804
0 86 0.999999
0 87 0.965899
0 88 0.019299
0 89 0.999969
0 90 0.305549
0 91 0.071949
0 92 0.999952
0 93 0.894801
0 94 0.899866
0 95 0.997074
0 96 0.998457
0 97 0.000372
0 98 0.172989
0 99 0.138922
1 0 0.998843
1 1 0.000000
1 2 0.999228
1 3 0.557193
1 4 0.999725
1 5 0.910478
1 6 0.999945
1 7 0.002681
1 8 0.999756
1 9 0.997804
1 10 0.998764
1 11 0.999999
1 12 0.999927
1 13 0.991689
1 14 0.999657
1 15 0.172989
1 16 0.019299
1 17 0.999614
1 18 0.517913
1 19 0.994155
1 20 0.105308
1 21 0.999998
1 22 0.820692
1 23 0.998916
1 24 0.168897
1 25 0.757621
1 26 0.999959
1 27 0.999652
1 28 0.999828
1 29 0.981645
1 30 1.000000
1 31 0.268234
1 32 0.042353
1 33 0.999931
1 34 0.920015
1 35 0.991246
1 36 0.227550
1 37 0.415919
1 38 0.999978
1 39 0.348574
1 40 0.011782
1 41 0.029925
1 42 0.982569
1 43 0.996917
1 44 0.973967
1 45 0.999908
1 46 0.998610
1 47 0.999992
1 48 0.189109
1 49 0.434867
1 50 0.999485
1 51 0.998436
1 52 0.820692
1 53 0.999695
1 54 0.641070
1 55 0.999176
1 56 0.791203
1 57 0.189109
1 58 0.936253
1 59 0.999086
1 60 0.003622
1 61 0.936253
1 62 0.997563
1 63 0.999998
1 64 0.011782
1 65 0.999421
1 66 0.472229
1 67 0.286770
1 68 0.569659
1 69 0.999536
1 70 0.999512
1 71 0.999966
1 72 0.743482
1 73 0.999797
1 74 0.999897
1 75 0.069412
1 76 0.967167
1 77 0.977990
1 78 0.999536
1 79 0.876570
1 80 0.999990
1 81 0.029925
1 82 0.535509
1 83 0.997804
1 84 0.958628
1 85 0.997944
1 86 0.002681
1 87 0.965441
1 88 0.999674
1 89 0.999992
1 90 0.978283
1 91 0.999176
1 92 0.996917
1 93 0.992215
1 94 0.951799
1 95 0.703771
1 96 0.963627
1 97 0.791203
1 98 0.051779
1 99 0.999996
2 0 0.051779
2 1 0.999228
2 2 0.000000
2 3 0.999948
2 4 0.993844
2 5 0.051779
2 6 0.963627
2 7 0.999390
2 8 0.999897
2 9 0.999451
2 10 0.999961
2 11 0.995892
2 12 0.982569
2 13 0.820692
2 14 0.996875
2 15 0.999891
2 16 0.999855
2 17 0.999835
2 18 0.975602
2 19 0.981645
2 20 0.932960
2 21 0.990157
2 22 0.999997
2 23 0.999992
2 24 0.956464
2 25 0.590401
2 26 0.986202
2 27 0.961206
2 28 0.999382
2 29 0.999837
2 30 0.999998
2 31 0.051779
2 32 0.987725
2 33 0.920015
2 34 0.999994
2 35 0.999691
2 36 0.019299
2 37 0.999691
2 38 0.983447
2 39 0.954792
2 40 0.948613
2 41 0.987725
2 42 1.000000
2 43 0.791203
2 44 0.121504
2 45 0.983446
2 46 0.999451
2 47 0.999985
2 48 1.000000
2 49 1.000000
2 50 0.019299
2 51 0.096388
2 52 0.138922
2 53 0.982801
2 54 0.999999
2 55 0.998629
2 56 0.996101
2 57 0.999954
2 58 0.994526
2 59 0.991800
2 60 0.999984
2 61 0.992609
2 62 0.093360
2 63 0.019299
2 64 0.477022
2 65 0.999954
2 66 0.172989
2 67 0.876570
2 68 0.999908
2 69 0.011782
2 70 0.999999
2 71 0.997687
2 72 0.970761
2 73 0.997916
2 74 0.999999
2 75 1.000000
2 76 0.999817
2 77 0.999871
2 78 0.999634
2 79 0.948613
2 80 0.998764
2 81 0.998781
2 82 0.999928
2 83 0.997073
2 84 0.965441
2 85 0.988501
2 86 0.999998
2 87 0.029925
2 88 0.932960
2 89 0.082237
2 90 0.999999
2 91 0.995066
2 92 0.999657
2 93 0.999973
2 94 0.999974
2 95 0.999381
2 96 0.994155
2 97 0.989082
2 98 0.876570
2 99 0.999855
3 0 0.999886
3 1 0.557193
3 2 0.999948
3 3 0.000000
3 4 0.999939
3 5 0.999956
3 6 0.987073
3 7 0.999783
3 8 0.138922
3 9 0.984491
3 10 0.035762
3 11 0.011782
3 12 0.995133
3 13 0.999639
3 14 0.999998
3 15 0.999939
3 16 1.000000
3 17 0.999657
3 18 0.999588
3 19 0.023583
3 20 0.138922
3 21 0.932077
3 22 0.999999
3 23 0.108547
3 24 0.999804
3 25 0.995836
3 26 0.981396
3 27 0.999923
3 28 0.989082
3 29 0.999691
3 30 0.138922
3 31 0.800669
3 32 0.005177
3 33 0.999421
3 34 0.991363
3 35 1.000000
3 36 0.172989
3 37 0.999711
3 38 0.973967
3 39 0.999711
3 40 0.991363
3 41 0.984490
3 42 0.023583
3 43 0.998457
3 44 0.976826
3 45 0.731785
3 46 0.991246
3 47 0.992215
3 48 0.999657
3 49 0.999999
3 50 0.998457
3 51 0.998536
3 52 0.019299
3 53 0.867103
3 54 0.743482
3 55 0.999919
3 56 0.999951
3 57 0.999634
3 58 0.981645
3 59 0.268234
3 60 0.948613
3 61 0.996708
3 62 0.719662
3 63 0.999421
3 64 0.999939
3 65 0.060180
3 66 0.997804
3 67 0.998629
3 68 0.980411
3 69 0.477022
3 70 0.029925
3 71 0.993077
3 72 0.999609
3 73 0.993427
3 74 0.348574
3 75 0.951156
3 76 0.996297
3 77 0.999952
3 78 1.000000
3 79 0.999969
3 80 0.987725
3 81 0.985272
3 82 0.986898
3 83 0.019299
3 84 0.999543
3 85 0.005177
3 86 0.999998
3 87 1.000000
3 88 0.999992
3 89 0.999566
3 90 0.754757
3 91 0.999979
3 92 0.999994
3 93 0.989633
3 94 0.996532
3 95 0.999634
3 96 0.019299
3 97 0.976826
3 98 0.999993
3 99 0.998827
4 0 0.999845
4 1 0.999725
4 2 0.993844
4 3 0.999939
4 4 0.000000
4 5 0.999946
4 6 0.995379
4 7 0.993427
4 8 0.999314
4 9 0.965441
4 10 0.999908
4 11 0.994156
4 12 0.973967
4 13 0.876570
4 14 0.986898
4 15 0.996708
4 16 0.999994
4 17 0.959174
4 18 0.477022
4 19 0.848329
4 20 0.954189
4 21 0.999863
4 22 0.728674
4 23 0.998147
4 24 0.268234
4 25 0.011782
4 26 0.939390
4 27 0.998536
4 28 0.998901
4 29 0.997944
4 30 0.999512
4 31 0.305549
4 32 0.876570
4 33 0.998698
4 34 0.983668
4 35 0.999990
4 36 0.754757
4 37 0.961718
4 38 0.990157
4 39 0.372722
4 40 0.999998
4 41 0.800669
4 42 0.999828
4 43 0.999913
4 44 0.999783
4 45 0.999998
4 46 0.999990
4 47 0.687190
4 48 0.997073
4 49 0.999512
4 50 0.974313
4 51 0.093360
4 52 0.999904
4 53 0.999176
4 54 0.305549
4 55 0.998971
4 56 0.998048
4 57 0.999176
4 58 0.999997
4 59 0.999995
4 60 0.434867
4 61 0.999794
4 62 0.999983
4 63 0.019299
4 64 0.993844
4 65 0.348574
4 66 0.999999
4 67 0.988345
4 68 0.918969
4 69 0.999976
4 70 0.029925
4 71 0.019299
4 72 0.029925
4 73 0.997687
4 74 0.911627
4 75 0.329464
4 76 0.998536
4 77 0.029925
4 78 0.993844
4 79 0.999853
4 80 1.000000
4 81 0.999817
4 82 0.998147
4 83 0.005177
4 84 0.138922
4 85 0.998436
4 86 0.268234
4 87 0.673535
4 88 0.996347
4 89 0.846427
4 90 0.987560
4 91 0.997530
4 92 0.014763
4 93 0.998353
4 94 0.998353
4 95 0.972594
4 96 0.987725
4 97 0.998457
4 98 0.999903
4 99 0.995316
5 0 0.999848
5 1 0.910478
5 2 0.051779
5 3 0.999956
5 4 0.999946
5 5 0.000000
5 6 0.391878
5 7 0.828969
5 8 0.999990
5 9 0.999969
5 10 0.999948
5 11 0.999794
5 12 0.035762
5 13 0.990289
5 14 0.993077
5 15 0.268234
5 16 0.999976
5 17 0.999177
5 18 0.999634
5 19 0.028526
5 20 0.348574
5 21 0.999797
5 22 0.961718
5 23 0.245316
5 24 0.999268
5 25 0.082237
5 26 0.977990
5 27 0.948613
5 28 0.994156
5 29 0.029925
5 30 0.820692
5 31 0.999588
5 32 0.993516
5 33 0.659444
5 34 0.029925
5 35 0.999512
5 36 0.990780
5 37 0.079482
5 38 0.945939
5 39 0.329464
5 40 0.051779
5 41 0.999976
5 42 0.005177
5 43 0.999268
5 44 0.778725
5 45 0.999451
5 46 0.809759
5 47 0.071949
5 48 0.999884
5 49 0.921048
5 50 0.997497
5 51 0.999917
5 52 0.999218
5 53 0.999996
5 54 0.060180
5 55 0.051779
5 56 0.719662
5 57 0.002681
5 58 0.153568
5 59 0.999989
5 60 0.954189
5 61 0.998048
5 62 0.988934
5 63 0.329464
5 64 0.005177
5 65 0.348574
5 66 0.997687
5 67 0.862254
5 68 0.981645
5 69 0.153568
5 70 0.999994
5 71 0.035762
5 72 1.000000
5 73 0.716439
5 74 0.998843
5 75 0.994526
5 76 0.495294
5 77 0.997804
5 78 0.991246
5 79 0.716439
5 80 0.996298
5 81 0.051779
5 82 0.513285
5 83 0.995066
5 84 0.731785
5 85 0.138922
5 86 0.999826
5 87 0.023583
5 88 0.998536
5 89 0.005177
5 90 0.995892
5 91 0.263461
5 92 0.999218
5 93 0.029925
5 94 0.889496
5 95 0.999268
5 96 0.573990
5 97 0.800669
5 98 0.999994
5 99 0.999990
6 0 0.915921
6 1 0.999945
6 2 0.963627
6 3 0.987073
6 4 0.995379
6 5 0.391878
6 6 0.000000
6 7 0.977990
6 8 0.999023
6 9 0.189109
6 10 0.168897
6 11 0.999971
6 12 0.990289
6 13 0.999023
6 14 0.999988
6 15 0.673535
6 16 0.999826
6 17 0.999349
6 18 0.820692
6 19 0.997916
6 20 0.999996
6 21 0.812062
6 22 0.948612
6 23 0.999228
6 24 1.000000
6 25 1.000000
6 26 0.093360
6 27 0.082237
6 28 0.999504
6 29 0.434867
6 30 0.999936
6 31 0.954190
6 32 0.999024
6 33 0.329464
6 34 0.998436
6 35 0.979374
6 36 0.071949
6 37 0.590401
6 38 0.434867
6 39 0.999999
6 40 0.998353
6 41 0.983447
6 42 0.999994
6 43 0.006763
6 44 0.828969
6 45 0.999756
6 46 0.999807
6 47 0.995836
6 48 0.999992
6 49 0.999977
6 50 0.967602
6 51 0.999855
6 52 0.051779
6 53 0.005177
6 54 0.997398
6 55 0.999971
6 56 0.991800
6 57 0.994803
6 58 0.019299
6 59 0.051779
6 60 0.655709
6 61 0.988501
6 62 0.999997
6 63 0.980411
6 64 0.989633
6 65 0.245316
6 66 0.060180
6 67 0.975273
6 68 0.329464
6 69 0.999942
6 70 0.999919
6 71 0.999837
6 72 0.005177
6 73 0.999536
6 74 0.757621
6 75 0.999997
6 76 0.019299
6 77 0.590401
6 78 0.981645
6 79 0.986898
6 80 0.999997
6 81 0.999986
6 82 0.999349
6 83 0.999939
6 84 0.999518
6 85 1.000000
6 86 0.029925
6 87 0.997530
6 88 0.138922
6 89 0.014763
6 90 0.121504
6 91 0.986898
6 92 0.932077
6 93 0.023583
6 94 0.778726
6 95 0.991363
6 96 0.348574
6 97 0.999614
6 98 0.999421
6 99 0.029925
7 0 0.943131
7 1 0.002681
7 2 0.999390
7 3 0.999783
7 4 0.993427
7 5 0.828969
7 6 0.977990
7 7 0.000000
7 8 0.999931
7 9 0.998353
7 10 0.999073
7 11 0.999756
7 12 1.000000
7 13 0.993077
7 14 0.999421
7 15 0.986015
7 16 0.029925
7 17 0.310464
7 18 0.994156
7 19 0.999739
7 20 0.999756
7 21 0.999349
7 22 0.096388
7 23 0.999969
7 24 0.975602
7 25 0.998764
7 26 0.999932
7 27 0.999073
7 28 0.042353
7 29 0.989633
7 30 0.831064
7 31 0.999176
7 32 0.641070
7 33 0.999479
7 34 0.977990
7 35 0.920015
7 36 0.998242
7 37 0.011782
7 38 0.005177
7 39 0.002681
7 40 0.999614
7 41 0.999588
7 42 0.998147
7 43 0.798244
7 44 0.051779
7 45 0.994803
7 46 0.997398
7 47 0.996917
7 48 0.999817
7 49 1.000000
7 50 0.998901
7 51 0.999986
7 52 0.990157
7 53 0.791203
7 54 0.998353
7 55 0.023583
7 56 0.999305
7 57 0.626001
7 58 0.002681
7 59 0.999794
7 60 0.005177
7 61 0.979375
7 62 0.051779
7 63 0.999382
7 64 0.999998
7 65 0.999783
7 66 0.573990
7 67 0.995133
7 68 0.999948
7 69 0.999995
7 70 0.610510
7 71 0.999305
7 72 0.999923
7 73 0.986202
7 74 0.372722
7 75 0.985272
7 76 0.997916
7 77 0.992609
7 78 0.069412
7 79 0.995379
7 80 0.999939
7 81 0.992609
7 82 0.019299
7 83 0.990157
7 84 0.883941
7 85 0.728674
7 86 0.986015
7 87 0.035762
7 88 0.951799
7 89 0.987725
7 90 0.108547
7 91 0.995613
7 92 0.997398
7 93 0.051779
7 94 0.999942
7 95 0.999826
7 96 0.976826
7 97 0.189109
7 98 0.976826
7 99 0.655709
8 0 0.999674
8 1 0.999756
8 2 0.999897
8 3 0.138922
8 4 0.999314
8 5 0.999990
8 6 0.999023
8 7 0.999931
8 8 0.000000
8 9 0.993844
8 10 0.999756
8 11 0.071949
8 12 0.999902
8 13 0.927638
8 14 0.838911
8 15 0.999959
8 16 0.757621
8 17 0.035762
8 18 0.983668
8 19 0.959174
8 20 0.135231
8 21 0.998827
8 22 0.999845
8 23 0.999771
8 24 0.019299
8 25 0.984491
8 26 0.999485
8 27 0.999826
8 28 0.993338
8 29 0.011782
8 30 0.951799
8 31 0.227550
8 32 0.999993
8 33 0.005177
8 34 0.999897
8 35 0.999982
8 36 0.998265
8 37 0.998457
8 38 0.828969
8 39 0.998764
8 40 0.998764
8 41 0.999794
8 42 0.984490
8 43 0.989633
8 44 0.999997
8 45 0.999939
8 46 0.901145
8 47 0.999995
8 48 0.939390
8 49 0.999969
8 50 0.990157
8 51 0.138922
8 52 0.943131
8 53 0.305549
8 54 0.986202
8 55 0.994803
8 56 0.999995
8 57 0.915921
8 58 0.999739
8 59 0.999891
8 60 0.999725
8 61 0.999982
8 62 0.987559
8 63 0.051779
8 64 0.227550
8 65 0.999971
8 66 0.014763
8 67 0.998353
8 68 0.999588
8 69 0.495294
8 70 0.029925
8 71 0.972225
8 72 0.121504
8 73 0.999939
8 74 0.874995
8 75 0.999977
8 76 0.999999
8 77 0.011782
8 78 0.096388
8 79 0.993760
8 80 0.999349
8 81 0.005177
8 82 0.999711
8 83 0.019299
8 84 0.998610
8 85 0.981645
8 86 0.998354
8 87 0.889496
8 88 0.996917
8 89 0.999980
8 90 0.513285
8 91 0.011782
8 92 0.019299
8 93 0.019299
8 94 1.000000
8 95 0.429954
8 96 1.000000
8 97 0.999919
8 98 0.999974
8 99 0.996917
9 0 0.372722
9 1 0.997804
9 2 0.999451
9 3 0.984491
9 4 0.965441
9 5 0.999969
9 6 0.189109
9 7 0.998353
9 8 0.993844
9 9 0.000000
9 10 0.987726
9 11 0.973968
9 12 0.963140
9 13 0.029925
9 14 0.999923
9 15 0.995379
9 16 0.820692
9 17 0.957038
9 18 0.998957
9 19 0.999995
9 20 0.121504
9 21 0.999657
9 22 0.994803
9 23 0.876570
9 24 0.995613
9 25 0.138922
9 26 0.991800
9 27 0.434867
9 28 0.977990
9 29 0.999976
9 30 0.999837
9 31 0.998843
9 32 0.998457
9 33 0.999421
9 34 0.997530
9 35 0.029925
9 36 0.011782
9 37 0.932960
9 38 0.999863
9 39 0.108547
9 40 0.999652
9 41 0.999948
9 42 0.982801
9 43 0.999985
9 44 0.828969
9 45 0.138922
9 46 0.019299
9 47 0.998536
9 48 0.999964
9 49 0.988345
9 50 0.999451
9 51 0.019299
9 52 0.999588
9 53 0.610510
9 54 0.998764
9 55 0.999132
9 56 0.965441
9 57 0.999691
9 58 0.999614
9 59 0.981645
9 60 0.999997
9 61 0.990780
9 62 0.999783
9 63 0.820692
9 64 0.993077
9 65 0.019299
9 66 0.996753
9 67 0.995066
9 68 0.019299
9 69 0.999994
9 70 0.923918
9 71 0.999614
9 72 0.999848
9 73 0.999566
9 74 0.042353
9 75 0.999982
9 76 0.138922
9 77 0.999878
9 78 0.999797
9 79 0.994803
9 80 0.999974
9 81 0.980672
9 82 0.992609
9 83 0.984491
9 84 0.991246
9 85 0.999996
9 86 0.997530
9 87 0.999486
9 88 0.999939
9 89 0.998536
9 90 0.999986
9 91 0.963627
9 92 0.992609
9 93 0.983668
9 94 0.014763
9 95 0.286770
9 96 0.998843
9 97 0.990780
9 98 0.888076
9 99 0.870414
10 0 0.978283
10 1 0.998764
10 2 0.999961
10 3 0.035762
10 4 0.999908
10 5 0.999948
10 6 0.168897
10 7 0.999073
10 8 0.999756
10 9 0.987726
10 10 0.000000
10 11 0.977134
10 12 0.972594
10 13 0.999939
10 14 0.999994
10 15 0.011782
10 16 0.035762
10 17 0.999952
10 18 0.005177
10 19 0.844504
10 20 0.994803
10 21 0.006763
10 22 0.999966
10 23 0.980672
10 24 0.999560
10 25 0.951799
10 26 0.800669
10 27 0.011782
10 28 0.757621
10 29 0.071949
10 30 0.954189
10 31 0.927638
10 32 0.994155
10 33 0.983668
10 34 0.972594
10 35 0.983668
10 36 0.999996
10 37 0.999771
10 38 0.996347
10 39 0.999891
10 40 0.999485
10 41 0.999931
10 42 0.973967
10 43 0.999999
10 44 0.993427
10 45 0.011782
10 46 0.999974
10 47 0.999908
10 48 0.513285
10 49 0.999826
10 50 0.768376
10 51 0.987725
10 52 0.989082
10 53 0.993844
10 54 0.999982
10 55 0.999981
10 56 0.019299
10 57 0.999997
10 58 0.999817
10 59 0.029925
10 60 0.999725
10 61 0.999990
10 62 0.959174
10 63 0.996100
10 64 0.994803
10 65 0.999968
10 66 0.003622
10 67 0.999991
10 68 0.999674
10 69 0.573990
10 70 0.263461
10 71 0.976826
10 72 0.986202
10 73 0.998843
10 74 0.999927
10 75 0.999691
10 76 0.105307
10 77 0.138922
10 78 0.788679
10 79 0.205798
10 80 0.477022
10 81 0.728674
10 82 0.999382
10 83 1.000000
10 84 0.138922
10 85 0.999999
10 86 0.905921
10 87 0.999024
10 88 0.910477
10 89 0.999588
10 90 0.768376
10 91 0.997804
10 92 0.998764
10 93 0.911627
10 94 0.954189
10 95 0.977989
10 96 0.948613
10 97 0.153568
10 98 0.999982
10 99 0.997655
11 0 0.071949
11 1 0.999999
11 2 0.995892
11 3 0.011782
11 4 0.994156
11 5 0.999794
11 6 0.999971
11 7 0.999756
11 8 0.071949
11 9 0.973968
11 10 0.977134
11 11 0.000000
11 12 0.997804
11 13 0.998781
11 14 0.905921
11 15 0.899866
11 16 0.071949
11 17 0.981645
11 18 0.998764
11 19 0.108547
11 20 0.999957
11 21 0.975602
11 22 0.996298
11 23 0.108547
11 24 0.029925
11 25 0.991800
11 26 0.029925
11 27 0.791203
11 28 0.998781
11 29 0.910477
11 30 0.945939
11 31 0.051779
11 32 1.000000
11 33 0.434867
11 34 0.928576
11 35 0.453649
11 36 0.999992
11 37 0.923918
11 38 0.019299
11 39 0.980411
11 40 0.999997
11 41 0.372722
11 42 0.994451
11 43 0.999512
11 44 0.999711
11 45 0.999981
11 46 0.655709
11 47 0.999349
11 48 0.991246
11 49 0.998353
11 50 0.999512
11 51 0.997804
11 52 0.999855
11 53 0.268234
11 54 0.999588
11 55 0.993427
11 56 0.999981
11 57 0.999976
11 58 0.999674
11 59 0.791203
11 60 0.245316
11 61 0.983447
11 62 0.999948
11 63 0.005177
11 64 0.992215
11 65 0.999908
11 66 0.051779
11 67 0.999994
11 68 0.019299
11 69 0.999995
11 70 0.410971
11 71 0.981397
11 72 0.997363
11 73 0.999863
11 74 0.990780
11 75 0.905920
11 76 0.999349
11 77 0.999997
11 78 0.999267
11 79 0.999897
11 80 0.071949
11 81 0.995892
11 82 0.138922
11 83 0.999837
11 84 0.245316
11 85 0.999566
11 86 0.997259
11 87 0.590401
11 88 0.939390
11 89 0.999855
11 90 0.051779
11 91 0.994451
11 92 0.999959
11 93 0.999817
11 94 0.949286
11 95 0.999804
11 96 0.999132
11 97 0.005177
11 98 0.118059
11 99 0.965899
12 0 0.999902
12 1 0.999927
12 2 0.982569
12 3 0.995133
12 4 0.973967
12 5 0.035762
12 6 0.990289
12 7 1.000000
12 8 0.999902
12 9 0.963140
12 10 0.972594
12 11 0.997804
12 12 0.000000
12 13 0.994803
12 14 0.999919
12 15 0.999756
12 16 0.999878
12 17 0.809759
12 18 0.999132
12 19 0.997687
12 20 0.992983
12 21 0.999739
12 22 0.995672
12 23 0.999967
12 24 0.005177
12 25 0.945222
12 26 0.999340
12 27 0.932077
12 28 0.172989
12 29 0.899866
12 30 0.372722
12 31 0.831064
12 32 0.999923
12 33 0.999998
12 34 1.000000
12 35 0.999505
12 36 0.999956
12 37 0.329464
12 38 0.988345
12 39 0.434867
12 40 0.999927
12 41 0.490569
12 42 0.999349
12 43 0.019299
12 44 0.986898
12 45 0.029925
12 46 0.035762
12 47 0.994156
12 48 0.999998
12 49 0.168897
12 50 0.999984
12 51 0.943131
12 52 0.998902
12 53 0.997399
12 54 0.434867
12 55 1.000000
12 56 0.910477
12 57 0.999968
12 58 0.019299
12 59 0.985272
12 60 0.019299
12 61 0.981397
12 62 0.071949
12 63 0.329464
12 64 0.995836
12 65 0.969222
12 66 0.329464
12 67 0.932077
12 68 0.991246
12 69 0.071949
12 70 0.980411
12 71 0.999997
12 72 0.999982
12 73 0.138922
12 74 0.477022
12 75 0.994526
12 76 0.831064
12 77 0.999878
12 78 0.951798
12 79 0.051779
12 80 0.096388
12 81 0.828969
12 82 0.082237
12 83 0.999711
12 84 0.071949
12 85 1.000000
12 86 0.998536
12 87 0.998698
12 88 0.999936
12 89 0.963139
12 90 0.999971
12 91 0.029925
12 92 0.005177
12 93 0.996100
12 94 0.071949
12 95 0.005177
12 96 0.005177
12 97 0.096388
12 98 0.999543
12 99 0.999024
13 0 0.979374
13 1 0.991689
13 2 0.820692
13 3 0.999639
13 4 0.876570
13 5 0.990289
13 6 0.999023
13 7 0.993077
13 8 0.927638
13 9 0.029925
13 10 0.999939
13 11 0.998781
13 12 0.994803
13 13 0.000000
13 14 0.999999
13 15 0.998457
13 16 0.977134
13 17 0.626001
13 18 0.999349
13 19 0.035762
13 20 0.019299
13 21 0.998629
13 22 0.997687
13 23 0.993427
13 24 0.999993
13 25 0.999691
13 26 0.121504
13 27 0.268234
13 28 0.905921
13 29 0.899865
13 30 0.999997
13 31 0.743482
13 32 0.997529
13 33 0.999992
13 34 0.999314
13 35 0.969629
13 36 0.999560
13 37 0.995613
13 38 0.138922
13 39 0.999983
13 40 0.999980
13 41 0.999976
13 42 0.831064
13 43 0.999512
13 44 0.820692
13 45 0.996532
13 46 0.999349
13 47 0.979374
13 48 0.990780
13 49 0.999979
13 50 0.669914
13 51 0.108547
13 52 0.999657
13 53 0.975602
13 54 0.019299
13 55 0.911627
13 56 0.995892
13 57 0.868768
13 58 0.019299
13 59 0.999421
13 60 0.999996
13 61 0.984490
13 62 0.999969
13 63 0.998902
13 64 0.999997
13 65 0.855444
13 66 0.972225
13 67 0.051779
13 68 0.029925
13 69 0.998916
13 70 0.999914
13 71 0.999413
13 72 0.999349
13 73 0.899866
13 74 0.911627
13 75 0.945939
13 76 0.999305
13 77 0.999964
13 78 0.999991
13 79 0.743482
13 80 0.172989
13 81 0.986202
13 82 0.846427
13 83 0.999939
13 84 0.999971
13 85 0.019299
13 86 0.051779
13 87 0.372722
13 88 0.999305
13 89 0.999837
13 90 0.997804
13 91 0.999980
13 92 0.983668
13 93 0.999783
13 94 0.992215
13 95 0.999421
13 96 0.998457
13 97 0.517913
13 98 0.993427
13 99 0.999919
14 0 0.997222
14 1 0.999657
14 2 0.996875
14 3 0.999998
14 4 0.986898
14 5 0.993077
14 6 0.999988
14 7 0.999421
14 8 0.838911
14 9 0.999923
14 10 0.999994
14 11 0.905921
14 12 0.999919
14 13 0.999999
14 14 0.000000
14 15 0.999990
14 16 0.999863
14 17 0.999999
14 18 0.082237
14 19 0.999451
14 20 0.305549
14 21 0.995613
14 22 0.477022
14 23 0.029925
14 24 0.973967
14 25 0.993427
14 26 0.999807
14 27 0.999588
14 28 0.590401
14 29 0.999073
14 30 0.999999
14 31 0.999984
14 32 0.999997
14 33 0.999305
14 34 0.976826
14 35 0.999349
14 36 0.970761
14 37 0.996298
14 38 0.846427
14 39 0.153568
14 40 0.305549
14 41 0.999974
14 42 0.023583
14 43 0.999991
14 44 0.999817
14 45 0.019299
14 46 0.999986
14 47 0.995316
14 48 0.998048
14 49 0.999979
14 50 0.999086
14 51 1.000000
14 52 0.998610
14 53 0.999974
14 54 0.995133
14 55 0.108547
14 56 0.999845
14 57 0.999743
14 58 0.999962
14 59 0.939390
14 60 1.000000
14 61 0.189109
14 62 0.005177
14 63 0.189109
14 64 0.997916
14 65 0.983667
14 66 0.928576
14 67 0.995613
14 68 0.042353
14 69 0.386901
14 70 0.429954
14 71 0.029925
14 72 0.138922
14 73 0.999848
14 74 0.999588
14 75 0.999451
14 76 0.121504
14 77 0.019299
14 78 0.894801
14 79 0.999756
14 80 0.051779
14 81 0.993844
14 82 0.999314
14 83 0.268234
14 84 0.999073
14 85 0.998265
14 86 0.477022
14 87 0.644918
14 88 0.172989
14 89 0.993427
14 90 0.999990
14 91 0.995379
14 92 0.999485
14 93 0.828969
14 94 0.011782
14 95 0.096388
14 96 0.978283
14 97 0.999783
14 98 0.035762
14 99 0.552765
15 0 0.998147
15 1 0.172989
15 2 0.999891
15 3 0.999939
15 4 0.996708
15 5 0.268234
15 6 0.673535
15 7 0.986015
15 8 0.999959
15 9 0.995379
15 10 0.011782
15 11 0.899866
15 12 0.999756
15 13 0.998457
15 14 0.999990
15 15 0.000000
15 16 0.410971
15 17 0.995379
15 18 0.905921
15 19 0.019299
15 20 0.874996
15 21 0.998457
15 22 0.999837
15 23 0.943131
15 24 0.991689
15 25 0.981645
15 26 0.999986
15 27 0.923918
15 28 0.011782
15 29 0.082237
15 30 0.996100
15 31 0.005177
15 32 0.989082
15 33 0.765619
15 34 0.029925
15 35 0.999999
15 36 0.999971
15 37 0.367737
15 38 0.029925
15 39 0.945939
15 40 0.831064
15 41 0.971149
15 42 0.029925
15 43 0.987726
15 44 0.999739
15 45 0.999997
15 46 0.042353
15 47 0.998901
15 48 0.923918
15 49 0.959174
15 50 0.920015
15 51 0.998698
15 52 0.999864
15 53 0.071949
15 54 0.472229
15 55 0.999973
15 56 0.999086
15 57 0.995613
15 58 0.999928
15 59 0.999948
15 60 0.189109
15 61 0.996100
15 62 0.980411
15 63 0.999614
15 64 0.999382
15 65 0.999994
15 66 0.029925
15 67 0.998147
15 68 0.927638
15 69 0.998901
15 70 0.998265
15 71 0.999863
15 72 0.901145
15 73 0.965441
15 74 0.998698
15 75 0.071949
15 76 0.035762
15 77 0.846427
15 78 0.999783
15 79 0.999864
15 80 0.659444
15 81 0.997687
15 82 0.999739
15 83 0.999999
15 84 0.071949
15 85 0.990780
15 86 0.999904
15 87 0.948611
15 88 0.999228
15 89 0.999966
15 90 0.999943
15 91 0.093361
15 92 0.990157
15 93 0.999954
15 94 0.999807
15 95 0.999804
15 96 0.998764
15 97 0.781351
15 98 0.999634
15 99 0.153568
16 0 0.205798
16 1 0.019299
16 2 0.999855
16 3 1.000000
16 4 0.999994
16 5 0.999976
16 6 0.999826
16 7 0.029925
16 8 0.757621
16 9 0.820692
16 10 0.035762
16 11 0.071949
16 12 0.999878
16 13 0.977134
16 14 0.999863
16 15 0.410971
16 16 0.000000
16 17 0.975602
16 18 0.999614
16 19 0.071949
16 20 0.812061
16 21 0.999845
16 22 0.998901
16 23 0.453650
16 24 0.999939
16 25 0.019299
16 26 0.731785
16 27 0.999848
16 28 0.992708
16 29 0.932077
16 30 0.999024
16 31 0.961206
16 32 0.987559
16 33 0.999961
16 34 0.932077
16 35 0.172989
16 36 0.999949
16 37 0.002681
16 38 0.071949
16 39 0.993077
16 40 0.999923
16 41 0.945939
16 42 0.495294
16 43 0.954189
16 44 0.999966
16 45 0.963627
16 46 0.999725
16 47 0.051779
16 48 0.999687
16 49 0.999891
16 50 0.996100
16 51 0.999997
16 52 0.999634
16 53 0.791203
16 54 0.991246
16 55 0.999878
16 56 0.945939
16 57 0.071949
16 58 0.014763
16 59 0.586172
16 60 0.019299
16 61 0.999853
16 62 0.999756
16 63 0.991689
16 64 0.995613
16 65 0.945939
16 66 0.153568
16 67 0.999855
16 68 0.972594
16 69 0.997687
16 70 0.999989
16 71 0.928576
16 72 0.998971
16 73 0.943131
16 74 0.999814
16 75 0.999588
16 76 0.310464
16 77 0.997687
16 78 0.998902
16 79 0.997530
16 80 0.874996
16 81 0.999268
16 82 0.999989
16 83 0.999725
16 84 0.740481
16 85 0.936254
16 86 0.994234
16 87 0.954792
16 88 0.029925
16 89 0.999845
16 90 0.998610
16 91 0.996100
16 92 0.060180
16 93 0.956463
16 94 0.999711
16 95 0.995066
16 96 0.987073
16 97 0.996708
16 98 0.071949
16 99 0.019299
17 0 0.998457
17 1 0.999614
17 2 0.999835
17 3 0.999657
17 4 0.959174
17 5 0.999177
17 6 0.999349
17 7 0.310464
17 8 0.035762
17 9 0.957038
17 10 0.999952
17 11 0.981645
17 12 0.809759
17 13 0.626001
17 14 0.999999
17 15 0.995379
17 16 0.975602
17 17 0.000000
17 18 0.959174
17 19 0.936254
17 20 0.998241
17 21 0.991246
17 22 0.979374
17 23 0.999986
17 24 0.932077
17 25 0.082237
17 26 0.932077
17 27 0.999634
17 28 0.781351
17 29 0.999993
17 30 0.999634
17 31 0.998353
17 32 0.673535
17 33 0.999421
17 34 0.995613
17 35 0.006317
17 36 0.082237
17 37 0.936253
17 38 0.982569
17 39 0.778726
17 40 0.999999
17 41 0.999826
17 42 0.999512
17 43 0.999978
17 44 0.082237
17 45 0.999566
17 46 0.989633
17 47 0.975602
17 48 0.999995
17 49 0.999674
17 50 0.071949
17 51 0.268234
17 52 0.999756
17 53 0.999988
17 54 0.992609
17 55 0.029925
17 56 0.999997
17 57 0.172989
17 58 0.992215
17 59 0.999982
17 60 0.999957
17 61 0.999024
17 62 0.984491
17 63 0.998353
17 64 0.093360
17 65 0.999928
17 66 0.998353
17 67 0.019299
17 68 0.999992
17 69 0.999277
17 70 0.023583
17 71 0.800669
17 72 0.096388
17 73 0.999024
17 74 0.980672
17 75 0.990289
17 76 0.781351
17 77 0.999756
17 78 0.945939
17 79 0.993516
17 80 0.999817
17 81 0.914824
17 82 0.999908
17 83 0.029925
17 84 0.989633
17 85 0.029925
17 86 0.029925
17 87 0.999974
17 88 0.999566
17 89 0.928576
17 90 0.096388
17 91 0.999992
17 92 0.977134
17 93 0.552765
17 94 0.999413
17 95 0.999997
17 96 0.997687
17 97 0.838911
17 98 0.999977
17 99 0.268234
18 0 0.998902
18 1 0.517913
18 2 0.975602
18 3 0.999588
18 4 0.477022
18 5 0.999634
18 6 0.820692
18 7 0.994156
18 8 0.983668
18 9 0.998957
18 10 0.005177
18 11 0.998764
18 12 0.999132
18 13 0.999349
18 14 0.082237
18 15 0.905921
18 16 0.999614
18 17 0.959174
18 18 0.000000
18 19 0.999973
18 20 0.978283
18 21 0.999807
18 22 0.998021
18 23 0.978283
18 24 0.999966
18 25 0.011782
18 26 0.999132
18 27 0.995835
18 28 0.882454
18 29 0.999981
18 30 0.011782
18 31 0.998764
18 32 0.990289
18 33 0.069412
18 34 0.189109
18 35 0.959174
18 36 0.996917
18 37 0.836903
18 38 0.999451
18 39 0.005177
18 40 0.992215
18 41 0.967602
18 42 0.999711
18 43 0.999268
18 44 0.999795
18 45 0.997073
18 46 0.997073
18 47 0.051779
18 48 0.999939
18 49 0.999919
18 50 0.513285
18 51 0.989633
18 52 0.999993
18 53 0.914824
18 54 0.998353
18 55 0.995613
18 56 0.957037
18 57 0.367737
18 58 0.981645
18 59 0.071949
18 60 0.999992
18 61 0.999974
18 62 0.998048
18 63 0.999837
18 64 0.948613
18 65 0.791203
18 66 0.659444
18 67 1.000000
18 68 0.894801
18 69 0.999711
18 70 0.138922
18 71 0.138922
18 72 0.972594
18 73 0.999725
18 74 0.996298
18 75 0.999974
18 76 0.998765
18 77 0.998536
18 78 0.590401
18 79 0.999999
18 80 0.998353
18 81 0.967167
18 82 0.999976
18 83 0.201407
18 84 0.051779
18 85 0.999768
18 86 0.999711
18 87 0.029925
18 88 0.974313
18 89 0.993077
18 90 0.932960
18 91 0.999936
18 92 0.999966
18 93 0.999967
18 94 0.988345
18 95 0.989772
18 96 0.994156
18 97 0.051779
18 98 0.999999
18 99 1.000000
19 0 0.999999
19 1 0.994155
19 2 0.981645
19 3 0.023583
19 4 0.848329
19 5 0.028526
19 6 0.997916
19 7 0.999739
19 8 0.959174
19 9 0.999995
19 10 0.844504
19 11 0.108547
19 12 0.997687
19 13 0.035762
19 14 0.999451
19 15 0.019299
19 16 0.071949
19 17 0.936254
19 18 0.999973
19 19 0.000000
19 20 0.988934
19 21 0.477022
19 22 0.988934
19 23 0.998147
19 24 0.029925
19 25 0.997687
19 26 0.999973
19 27 0.999451
19 28 0.973967
19 29 0.108547
19 30 0.996532
19 31 0.999949
19 32 0.963139
19 33 0.987559
19 34 0.848329
19 35 0.999382
19 36 0.999974
19 37 0.998827
19 38 0.954190
19 39 0.719662
19 40 0.999902
19 41 0.999994
19 42 0.268234
19 43 0.961206
19 44 0.999956
19 45 0.999959
19 46 0.999863
19 47 0.999999
19 48 0.029925
19 49 0.999132
19 50 0.967167
19 51 0.997916
19 52 0.245316
19 53 0.019299
19 54 0.268234
19 55 0.999421
19 56 0.999982
19 57 0.999794
19 58 0.999998
19 59 0.999996
19 60 0.999739
19 61 0.999382
19 62 0.778725
19 63 0.998698
19 64 0.998265
19 65 0.513285
19 66 0.999997
19 67 0.928576
19 68 0.996708
19 69 0.995379
19 70 0.999998
19 71 0.999957
19 72 0.138922
19 73 0.999451
19 74 0.999999
19 75 0.071949
19 76 0.999768
19 77 0.005177
19 78 0.673535
19 79 0.999797
19 80 0.999305
19 81 0.998241
19 82 0.082237
19 83 0.996100
19 84 0.641070
19 85 0.979374
19 86 0.014763
19 87 0.029925
19 88 0.189109
19 89 0.029925
19 90 0.108547
19 91 0.138922
19 92 0.019299
19 93 0.005177
19 94 0.096388
19 95 0.995066
19 96 0.778726
19 97 0.659444
19 98 0.029925
19 99 0.999768
20 0 0.999588
20 1 0.105308
20 2 0.932960
20 3 0.138922
20 4 0.954189
20 5 0.348574
20 6 0.999996
20 7 0.999756
20 8 0.135231
20 9 0.121504
20 10 0.994803
20 11 0.999957
20 12 0.992983
20 13 0.019299
20 14 0.305549
20 15 0.874996
20 16 0.812061
20 17 0.998241
20 18 0.978283
20 19 0.988934
20 20 0.000000
20 21 0.991689
20 22 0.993077
20 23 0.060180
20 24 0.911627
20 25 0.121503
20 26 0.999909
20 27 0.035762
20 28 0.997687
20 29 0.999768
20 30 0.999614
20 31 0.987725
20 32 0.999992
20 33 0.268234
20 34 0.626001
20 35 0.172989
20 36 0.999983
20 37 0.999989
20 38 0.987725
20 39 0.029925
20 40 0.999996
20 41 0.990780
20 42 0.999674
20 43 0.999973
20 44 0.995836
20 45 0.999725
20 46 0.996347
20 47 0.184861
20 48 0.005177
20 49 0.999073
20 50 0.535509
20 51 0.999132
20 52 0.051779
20 53 0.990157
20 54 0.853624
20 55 0.999928
20 56 0.918969
20 57 0.999989
20 58 0.999939
20 59 0.999634
20 60 0.991246
20 61 0.999228
20 62 1.000000
20 63 0.999919
20 64 0.991689
20 65 0.135231
20 66 0.071949
20 67 0.998610
20 68 0.035762
20 69 0.999218
20 70 0.999783
20 71 0.029925
20 72 0.999845
20 73 0.998048
20 74 0.071949
20 75 0.982569
20 76 0.998957
20 77 0.329464
20 78 0.005177
20 79 0.189109
20 80 0.096388
20 81 0.082237
20 82 0.005177
20 83 0.999725
20 84 0.800668
20 85 0.999756
20 86 0.999614
20 87 0.999024
20 88 0.969221
20 89 0.899866
20 90 0.989082
20 91 0.999996
20 92 0.153568
20 93 1.000000
20 94 0.005177
20 95 0.990157
20 96 0.975273
20 97 0.998265
20 98 0.998265
20 99 0.999928
21 0 0.998764
21 1 0.999998
21 2 0.990157
21 3 0.932077
21 4 0.999863
21 5 0.999797
21 6 0.812062
21 7 0.999349
21 8 0.998827
21 9 0.999657
21 10 0.006763
21 11 0.975602
21 12 0.999739
21 13 0.998629
21 14 0.995613
21 15 0.998457
21 16 0.999845
21 17 0.991246
21 18 0.999807
21 19 0.477022
21 20 0.991689
21 21 0.000000
21 22 0.998698
21 23 0.997259
21 24 0.996708
21 25 0.996298
21 26 0.999999
21 27 0.997259
21 28 0.999674
21 29 0.999973
21 30 0.999943
21 31 0.135231
21 32 0.999593
21 33 0.999891
21 34 0.003622
21 35 1.000000
21 36 0.997804
21 37 0.641070
21 38 0.019299
21 39 0.138922
21 40 0.348574
21 41 0.029925
21 42 0.998147
21 43 0.997916
21 44 0.002681
21 45 0.310464
21 46 0.994803
21 47 0.988345
21 48 0.999989
21 49 0.969629
21 50 0.888076
21 51 0.997804
21 52 0.999340
21 53 0.999954
21 54 1.000000
21 55 0.051779
21 56 0.997944
21 57 0.071949
21 58 0.997804
21 59 0.996100
21 60 0.999913
21 61 0.948613
21 62 0.093360
21 63 0.071949
21 64 0.011782
21 65 0.415919
21 66 0.992708
21 67 0.883941
21 68 0.999903
21 69 0.997398
21 70 0.386901
21 71 0.999966
21 72 0.029925
21 73 0.928576
21 74 0.993760
21 75 0.999943
21 76 0.999711
21 77 0.227550
21 78 0.995836
21 79 0.997916
21 80 0.997687
21 81 0.997804
21 82 0.999652
21 83 0.995892
21 84 0.096388
21 85 0.324511
21 86 0.391878
21 87 0.999837
21 88 0.846427
21 89 0.997073
21 90 0.999919
21 91 0.992708
21 92 0.998172
21 93 0.495294
21 94 0.999826
21 95 0.999845
21 96 0.999711
21 97 0.999228
21 98 0.999891
21 99 0.999707
22 0 0.957037
22 1 0.820692
22 2 0.999997
22 3 0.999999
22 4 0.728674
22 5 0.961718
22 6 0.948612
22 7 0.096388
22 8 0.999845
22 9 0.994803
22 10 0.999966
22 11 0.996298
22 12 0.995672
22 13 0.997687
22 14 0.477022
22 15 0.999837
22 16 0.998901
22 17 0.979374
22 18 0.998021
22 19 0.988934
22 20 0.993077
22 21 0.998698
22 22 0.000000
22 23 0.999743
22 24 0.999992
22 25 0.999914
22 26 0.999871
22 27 0.974313
22 28 0.189109
22 29 0.138922
22 30 0.999904
22 31 0.998901
22 32 0.999991
22 33 0.993077
22 34 0.928577
22 35 0.995379
22 36 0.999904
22 37 0.999652
22 38 0.716439
22 39 0.846427
22 40 0.999957
22 41 0.924902
22 42 0.838911
22 43 0.999891
22 44 0.997073
22 45 0.995613
22 46 0.999815
22 47 0.227550
22 48 0.995614
22 49 0.961206
22 50 0.082237
22 51 0.986898
22 52 0.961718
22 53 0.975602
22 54 0.999908
22 55 0.984490
22 56 0.606413
22 57 0.999998
22 58 0.989082
22 59 0.945939
22 60 0.928576
22 61 0.014763
22 62 0.882455
22 63 0.999973
22 64 0.910477
22 65 0.999634
22 66 0.108547
22 67 0.993427
22 68 0.472230
22 69 0.914824
22 70 0.108547
22 71 0.999997
22 72 0.996876
22 73 0.999421
22 74 0.999968
22 75 0.999855
22 76 0.990780
22 77 0.999891
22 78 0.999997
22 79 0.999939
22 80 0.993077
22 81 0.924902
22 82 0.035762
22 83 0.999998
22 84 0.985272
22 85 0.996917
22 86 0.998971
22 87 0.999870
22 88 0.999959
22 89 0.999981
22 90 0.477022
22 91 0.999998
22 92 0.999871
22 93 0.998458
22 94 0.999996
22 95 0.995066
22 96 0.999314
22 97 0.153568
22 98 0.999588
22 99 0.987725
23 0 0.999634
23 1 0.998916
23 2 0.999992
23 3 0.108547
23 4 0.998147
23 5 0.245316
23 6 0.999228
23 7 0.999969
23 8 0.999771
23 9 0.876570
23 10 0.980672
23 11 0.108547
23 12 0.999967
23 13 0.993427
23 14 0.029925
23 15 0.943131
23 16 0.453650
23 17 0.999986
23 18 0.978283
23 19 0.998147
23 20 0.060180
23 21 0.997259
23 22 0.999743
23 23 0.000000
23 24 0.999978
23 25 0.983447
23 26 0.965899
23 27 0.006763
23 28 0.999828
23 29 0.019299
23 30 0.999691
23 31 0.997073
23 32 0.987559
23 33 1.000000
23 34 0.999711
23 35 0.998147
23 36 0.999990
23 37 0.967602
23 38 0.999132
23 39 0.997804
23 40 0.961206
23 41 0.641070
23 42 0.963627
23 43 0.415919
23 44 0.281925
23 45 0.035762
23 46 0.096388
23 47 0.998764
23 48 0.999674
23 49 0.071949
23 50 0.999991
23 51 0.999989
23 52 0.996298
23 53 0.999268
23 54 0.999349
23 55 0.997687
23 56 0.951157
23 57 0.990655
23 58 0.994732
23 59 0.985469
23 60 0.956465
23 61 0.985469
23 62 0.990780
23 63 0.996485
23 64 0.998436
23 65 0.999566
23 66 0.991800
23 67 0.703771
23 68 0.992215
23 69 0.999919
23 70 0.998827
23 71 0.999855
23 72 0.998265
23 73 0.999914
23 74 1.000000
23 75 0.991246
23 76 0.999983
23 77 0.999990
23 78 0.305550
23 79 0.996347
23 80 0.999711
23 81 0.999817
23 82 0.996753
23 83 0.994156
23 84 0.006763
23 85 0.999268
23 86 0.999176
23 87 0.836902
23 88 0.051779
23 89 0.138922
23 90 0.391878
23 91 0.971149
23 92 0.989082
23 93 0.610510
23 94 0.995613
23 95 0.517913
23 96 0.999995
23 97 0.513285
23 98 0.703771
23 99 0.153568
24 0 0.999999
24 1 0.168897
24 2 0.956464
24 3 0.999804
24 4 0.268234
24 5 0.999268
24 6 1.000000
24 7 0.975602
24 8 0.019299
24 9 0.995613
24 10 0.999560
24 11 0.029925
24 12 0.005177
24 13 0.999993
24 14 0.973967
24 15 0.991689
24 16 0.999939
24 17 0.932077
24 18 0.999966
24 19 0.029925
24 20 0.911627
24 21 0.996708
24 22 0.999992
24 23 0.999978
24 24 0.000000
24 25 0.108547
24 26 0.996708
24 27 0.999998
24 28 0.011782
24 29 0.999999
24 30 0.995066
24 31 0.999987
24 32 0.999010
24 33 0.999964
24 34 0.998241
24 35 0.002681
24 36 0.029925
24 37 0.988345
24 38 0.905920
24 39 0.870414
24 40 0.959174
24 41 0.975602
24 42 0.994234
24 43 0.948613
24 44 0.982569
24 45 0.071949
24 46 0.999978
24 47 0.172989
24 48 0.005177
24 49 0.997944
24 50 0.453650
24 51 0.703771
24 52 1.000000
24 53 0.991246
24 54 0.051779
24 55 0.999588
24 56 0.999999
24 57 0.005177
24 58 0.976826
24 59 0.999756
24 60 0.659444
24 61 0.994803
24 62 0.998048
24 63 0.998457
24 64 0.986202
24 65 0.914824
24 66 0.999982
24 67 0.999949
24 68 0.535509
24 69 0.999086
24 70 0.999979
24 71 0.096388
24 72 0.029925
24 73 0.999073
24 74 0.992215
24 75 0.999653
24 76 0.995780
24 77 0.005177
24 78 0.051779
24 79 0.992215
24 80 0.108547
24 81 0.049729
24 82 0.980411
24 83 0.172989
24 84 0.999560
24 85 0.979374
24 86 0.071949
24 87 0.986014
24 88 0.997655
24 89 0.932077
24 90 0.943131
24 91 0.954189
24 92 0.172989
24 93 0.831064
24 94 0.999691
24 95 0.998629
24 96 0.978283
24 97 0.998680
24 98 0.969222
24 99 0.876570
25 0 0.976826
25 1 0.757621
25 2 0.590401
25 3 0.995836
25 4 0.011782
25 5 0.082237
25 6 1.000000
25 7 0.998764
25 8 0.984491
25 9 0.138922
25 10 0.951799
25 11 0.991800
25 12 0.945222
25 13 0.999691
25 14 0.993427
25 15 0.981645
25 16 0.019299
25 17 0.082237
25 18 0.011782
25 19 0.997687
25 20 0.121503
25 21 0.996298
25 22 0.999914
25 23 0.983447
25 24 0.108547
25 25 0.000000
25 26 0.189109
25 27 0.999996
25 28 0.286770
25 29 0.051779
25 30 0.999998
25 31 0.999711
25 32 0.999691
25 33 0.993760
25 34 0.096388
25 35 0.994234
25 36 0.992609
25 37 0.410971
25 38 0.967602
25 39 0.011782
25 40 0.998536
25 41 0.973968
25 42 0.976826
25 43 0.268234
25 44 0.996100
25 45 0.006763
25 46 0.984490
25 47 0.998901
25 48 0.310464
25 49 0.999988
25 50 0.586172
25 51 0.999994
25 52 0.029925
25 53 0.998843
25 54 0.820692
25 55 0.999804
25 56 0.286770
25 57 0.035762
25 58 0.002681
25 59 0.999421
25 60 0.999918
25 61 1.000000
25 62 0.998536
25 63 0.023583
25 64 0.999969
25 65 0.998629
25 66 0.999725
25 67 0.999973
25 68 0.999997
25 69 0.999952
25 70 0.019299
25 71 0.005177
25 72 0.972594
25 73 0.992215
25 74 0.990157
25 75 0.035762
25 76 0.005177
25 77 0.999845
25 78 0.994803
25 79 0.227550
25 80 0.999971
25 81 0.029925
25 82 0.979374
25 83 0.999739
25 84 0.986898
25 85 0.168897
25 86 0.999996
25 87 1.000000
25 88 0.999931
25 89 0.011782
25 90 0.800668
25 91 0.999998
25 92 0.992609
25 93 0.998353
25 94 0.999268
25 95 0.996708
25 96 0.987559
25 97 0.999024
25 98 0.610510
25 99 0.999998
26 0 0.999711
26 1 0.999959
26 2 0.986202
26 3 0.981396
26 4 0.939390
26 5 0.977990
26 6 0.093360
26 7 0.999932
26 8 0.999485
26 9 0.991800
26 10 0.800669
26 11 0.029925
26 12 0.999340
26 13 0.121504
26 14 0.999807
26 15 0.999986
26 16 0.731785
26 17 0.932077
26 18 0.999132
26 19 0.999973
26 20 0.999909
26 21 0.999999
26 22 0.999871
26 23 0.965899
26 24 0.996708
26 25 0.189109
26 26 0.000000
26 27 0.768376
26 28 0.999024
26 29 0.005177
26 30 0.999505
26 31 0.914824
26 32 0.969222
26 33 0.987725
26 34 0.999957
26 35 0.071949
26 36 0.990289
26 37 0.999980
26 38 0.998901
26 39 0.138922
26 40 0.995133
26 41 0.535509
26 42 0.071949
26 43 0.999268
26 44 0.268234
26 45 0.757621
26 46 0.999997
26 47 0.999451
26 48 0.999512
26 49 0.999891
26 50 0.999973
26 51 0.999695
26 52 0.781351
26 53 0.005177
26 54 0.957037
26 55 0.999846
26 56 0.999886
26 57 0.391878
26 58 0.999536
26 59 0.920015
26 60 0.060180
26 61 0.998353
26 62 0.071949
26 63 0.999878
26 64 0.998971
26 65 0.999268
26 66 0.495294
26 67 0.035762
26 68 0.999725
26 69 0.838911
26 70 0.372722
26 71 0.999997
26 72 0.888076
26 73 0.942378
26 74 0.999999
26 75 0.434867
26 76 0.999505
26 77 0.999451
26 78 0.999511
26 79 0.042353
26 80 0.993427
26 81 0.982569
26 82 0.495294
26 83 0.002681
26 84 0.999674
26 85 0.999984
26 86 0.999725
26 87 0.071949
26 88 0.659444
26 89 0.998698
26 90 0.820692
26 91 0.386901
26 92 0.924902
26 93 0.999024
26 94 0.820692
26 95 0.999421
26 96 0.999994
26 97 0.999983
26 98 0.138922
26 99 0.838911
27 0 0.998764
27 1 0.999652
27 2 0.961206
27 3 0.999923
27 4 0.998536
27 5 0.948613
27 6 0.082237
27 7 0.999073
27 8 0.999826
27 9 0.434867
27 10 0.011782
27 11 0.791203
27 12 0.932077
27 13 0.268234
27 14 0.999588
27 15 0.923918
27 16 0.999848
27 17 0.999634
27 18 0.995835
27 19 0.999451
27 20 0.035762
27 21 0.997259
27 22 0.974313
27 23 0.006763
27 24 0.999998
27 25 0.999996
27 26 0.768376
27 27 0.000000
27 28 0.868768
27 29 0.993844
27 30 0.703771
27 31 0.974313
27 32 0.967602
27 33 0.495294
27 34 0.967602
27 35 0.939390
27 36 0.999987
27 37 0.999966
27 38 0.035762
27 39 0.023583
27 40 0.011782
27 41 0.991800
27 42 0.999961
27 43 0.899866
27 44 0.082237
27 45 0.019299
27 46 0.329464
27 47 1.000000
27 48 0.999863
27 49 0.999451
27 50 0.999985
27 51 0.999536
