0 0 0.000000
0 1 0.035762
0 2 0.329464
0 3 0.992319
0 4 0.901145
0 5 0.957037
0 6 0.965899
0 7 0.991363
0 8 0.329464
0 9 0.977134
0 10 0.924902
0 11 0.051779
0 12 0.838911
0 13 0.949286
0 14 0.848329
0 15 0.329464
0 16 0.998781
0 17 0.138922
0 18 0.848329
0 19 0.924902
0 20 0.991800
0 21 0.329464
0 22 0.005177
0 23 0.999314
0 24 0.996753
0 25 0.999729
0 26 0.029925
0 27 0.189109
0 28 0.990780
0 29 0.011782
0 30 0.517913
0 31 0.999904
0 32 0.924902
0 33 0.768376
0 34 0.999277
0 35 0.029925
0 36 0.998375
0 37 0.977135
0 38 0.096388
0 39 0.781351
0 40 0.310464
0 41 0.940181
0 42 0.768376
0 43 0.997113
0 44 0.268234
0 45 0.876570
0 46 0.517913
0 47 0.310464
0 48 0.990289
0 49 0.998971
0 50 0.477023
0 51 0.989082
0 52 0.838911
0 53 0.959712
0 54 0.969629
0 55 0.268234
0 56 0.978283
0 57 0.029925
0 58 0.990903
0 59 0.995672
0 60 0.988501
0 61 0.189109
0 62 0.983668
0 63 0.949286
0 64 0.870414
0 65 0.949286
0 66 0.051779
0 67 0.999797
0 68 0.998629
0 69 0.153568
0 70 0.998971
0 71 0.310464
0 72 0.954792
0 73 0.949286
0 74 0.626002
0 75 0.573990
0 76 0.999593
0 77 0.172989
0 78 0.071949
0 79 0.901145
0 80 0.848329
0 81 0.997834
0 82 0.974313
0 83 0.929503
0 84 0.965898
0 85 0.999458
0 86 0.372722
0 87 0.999187
0 88 0.949286
0 89 0.940181
0 90 0.071949
0 91 0.999771
0 92 0.997113
0 93 0.172989
0 94 0.989772
0 95 0.984698
0 96 0.943131
0 97 0.971149
0 98 0.924902
0 99 0.071949
1 0 0.035762
1 1 0.000000
1 2 0.921048
1 3 0.453650
1 4 0.974313
1 5 0.999458
1 6 0.848329
1 7 0.803068
1 8 0.870414
1 9 0.999458
1 10 0.644918
1 11 0.905921
1 12 0.999962
1 13 0.029925
1 14 0.268234
1 15 0.268234
1 16 0.999458
1 17 0.965899
1 18 0.949286
1 19 0.641070
1 20 0.997563
1 21 0.372722
1 22 0.999187
1 23 0.791203
1 24 0.969629
1 25 0.896141
1 26 0.999932
1 27 0.883941
1 28 0.477022
1 29 0.978282
1 30 0.029925
1 31 0.791203
1 32 0.005177
1 33 0.993515
1 34 0.831064
1 35 0.997113
1 36 0.961718
1 37 0.108547
1 38 0.768376
1 39 0.096388
1 40 0.911627
1 41 0.999518
1 42 0.996753
1 43 0.961718
1 44 0.434867
1 45 0.996917
1 46 0.096388
1 47 0.999879
1 48 0.999639
1 49 0.999955
1 50 0.999277
1 51 0.458502
1 52 0.831064
1 53 0.896141
1 54 0.936253
1 55 0.731785
1 56 0.189109
1 57 0.932960
1 58 0.949287
1 59 0.996753
1 60 0.310464
1 61 0.997944
1 62 0.743481
1 63 0.172989
1 64 0.946647
1 65 0.999695
1 66 0.108547
1 67 0.831064
1 68 0.870414
1 69 0.812062
1 70 0.029925
1 71 0.949286
1 72 0.999314
1 73 0.096388
1 74 0.610510
1 75 0.227550
1 76 0.096388
1 77 0.071949
1 78 0.984698
1 79 0.990289
1 80 0.029925
1 81 0.719662
1 82 0.071949
1 83 0.924902
1 84 0.227550
1 85 0.610510
1 86 0.989772
1 87 0.997563
1 88 0.071949
1 89 0.957037
1 90 0.096388
1 91 0.969629
1 92 0.189109
1 93 0.998172
1 94 0.172989
1 95 0.972594
1 96 0.644918
1 97 0.940181
1 98 0.690668
1 99 0.227550
2 0 0.329464
2 1 0.921048
2 2 0.000000
2 3 0.573990
2 4 0.996753
2 5 0.995672
2 6 0.108547
2 7 0.910477
2 8 0.731785
2 9 0.812062
2 10 0.987725
2 11 0.996753
2 12 0.876570
2 13 0.999992
2 14 0.951798
2 15 0.987073
2 16 0.963626
2 17 0.071949
2 18 0.997113
2 19 0.998375
2 20 0.310464
2 21 0.071949
2 22 0.991800
2 23 0.999949
2 24 0.889496
2 25 0.876570
2 26 0.573990
2 27 0.982801
2 28 0.998375
2 29 0.227550
2 30 0.985469
2 31 0.987073
2 32 0.051779
2 33 0.987073
2 34 0.999729
2 35 0.096388
2 36 0.985469
2 37 0.138922
2 38 0.096388
2 39 0.915920
2 40 0.172989
2 41 0.980672
2 42 0.961719
2 43 0.954792
2 44 0.991363
2 45 0.005177
2 46 0.138922
2 47 0.329464
2 48 0.329464
2 49 0.991363
2 50 0.999277
2 51 0.946647
2 52 0.996347
2 53 0.999144
2 54 0.995672
2 55 0.996753
2 56 0.999924
2 57 0.410971
2 58 0.029925
2 59 0.690668
2 60 0.999458
2 61 0.949286
2 62 0.029925
2 63 0.029925
2 64 0.659444
2 65 0.831064
2 66 0.954792
2 67 0.987073
2 68 0.932960
2 69 0.943131
2 70 0.051779
2 71 0.936253
2 72 0.477022
2 73 0.991363
2 74 0.999819
2 75 0.172989
2 76 0.626001
2 77 0.994234
2 78 0.999957
2 79 0.757621
2 80 0.268234
2 81 0.889496
2 82 0.029925
2 83 0.029925
2 84 0.517913
2 85 0.329464
2 86 0.108547
2 87 0.946647
2 88 0.051779
2 89 0.310464
2 90 0.838911
2 91 0.954792
2 92 0.929503
2 93 0.458502
2 94 0.029925
2 95 0.998716
2 96 0.870414
2 97 0.005177
2 98 0.932960
2 99 0.924902
3 0 0.992319
3 1 0.453650
3 2 0.573990
3 3 0.000000
3 4 0.477022
3 5 0.977134
3 6 0.996753
3 7 0.610510
3 8 0.005177
3 9 0.999828
3 10 0.029925
3 11 0.998916
3 12 0.153568
3 13 0.757621
3 14 0.372722
3 15 0.415919
3 16 0.998457
3 17 0.557193
3 18 0.626001
3 19 0.999924
3 20 0.994234
3 21 0.894800
3 22 0.019299
3 23 0.610510
3 24 0.855444
3 25 0.029925
3 26 0.138922
3 27 0.999485
3 28 0.999679
3 29 0.348574
3 30 0.932960
3 31 0.959712
3 32 0.961718
3 33 0.980672
3 34 0.610510
3 35 0.984698
3 36 0.998074
3 37 0.998074
3 38 0.477022
3 39 0.610510
3 40 0.997687
3 41 0.998916
3 42 0.746454
3 43 0.812062
3 44 0.268234
3 45 0.227550
3 46 0.982801
3 47 0.999639
3 48 0.434867
3 49 0.883941
3 50 0.517913
3 51 0.757621
3 52 0.971149
3 53 0.969629
3 54 0.977135
3 55 0.996347
3 56 0.978283
3 57 0.876570
3 58 0.889496
3 59 0.138922
3 60 0.310464
3 61 0.924902
3 62 0.610510
3 63 0.999871
3 64 0.999960
3 65 0.108547
3 66 0.415919
3 67 0.138922
3 68 0.071949
3 69 0.982801
3 70 0.071949
3 71 0.172989
3 72 0.746454
3 73 0.855444
3 74 0.982801
3 75 0.415919
3 76 0.883941
3 77 0.980672
3 78 0.997259
3 79 0.415919
3 80 0.901145
3 81 0.932960
3 82 0.245316
3 83 0.999997
3 84 0.029925
3 85 0.189109
3 86 0.959712
3 87 0.011782
3 88 0.848329
3 89 0.517913
3 90 0.029925
3 91 0.096388
3 92 0.957037
3 93 0.999695
3 94 0.644918
3 95 0.999729
3 96 0.959712
3 97 0.997259
3 98 0.998555
3 99 0.673535
4 0 0.901145
4 1 0.974313
4 2 0.996753
4 3 0.477022
4 4 0.000000
4 5 0.005177
4 6 0.029925
4 7 0.096388
4 8 0.096388
4 9 0.071949
4 10 0.610510
4 11 0.974313
4 12 0.996917
4 13 0.610510
4 14 0.372722
4 15 0.994526
4 16 0.096388
4 17 0.831064
4 18 0.987073
4 19 0.757621
4 20 0.992319
4 21 0.517913
4 22 0.999839
4 23 0.659444
4 24 0.993515
4 25 0.949286
4 26 0.998916
4 27 0.997113
4 28 0.896141
4 29 0.995379
4 30 0.999037
4 31 0.997259
4 32 0.883941
4 33 0.268234
4 34 0.659444
4 35 0.998781
4 36 0.971149
4 37 0.626002
4 38 0.060180
4 39 0.071949
4 40 0.998074
4 41 0.029925
4 42 0.889496
4 43 0.996917
4 44 0.971149
4 45 0.915921
4 46 0.999518
4 47 0.977135
4 48 0.994234
4 49 0.019299
4 50 0.924902
4 51 0.268234
4 52 0.108547
4 53 0.996753
4 54 0.082237
4 55 0.996753
4 56 0.988501
4 57 0.969629
4 58 0.800669
4 59 0.626001
4 60 0.189109
4 61 0.108547
4 62 0.573990
4 63 0.961718
4 64 0.999797
4 65 0.138922
4 66 0.999879
4 67 0.991363
4 68 0.995133
4 69 0.071949
4 70 0.006763
4 71 0.997563
4 72 0.993516
4 73 0.998916
4 74 0.310464
4 75 0.757621
4 76 0.227550
4 77 0.096388
4 78 0.172989
4 79 0.921048
4 80 0.329464
4 81 0.961718
4 82 0.954792
4 83 0.997113
4 84 0.172989
4 85 0.915921
4 86 0.991363
4 87 0.998971
4 88 0.096388
4 89 0.999187
4 90 0.974313
4 91 0.415919
4 92 0.998458
4 93 0.998536
4 94 0.071949
4 95 0.911627
4 96 0.573990
4 97 0.992708
4 98 0.517913
4 99 0.659444
5 0 0.957037
5 1 0.999458
5 2 0.995672
5 3 0.977134
5 4 0.005177
5 5 0.000000
5 6 0.458502
5 7 0.803068
5 8 0.999994
5 9 0.971149
5 10 0.987726
5 11 0.974313
5 12 0.982801
5 13 0.019299
5 14 0.138922
5 15 0.998555
5 16 0.999390
5 17 0.659444
5 18 0.096388
5 19 0.998375
5 20 0.372722
5 21 0.096388
5 22 0.812062
5 23 0.999729
5 24 0.959712
5 25 0.988501
5 26 0.690668
5 27 0.029925
5 28 0.372722
5 29 0.690668
5 30 0.990289
5 31 0.035762
5 32 0.998375
5 33 0.929503
5 34 0.992708
5 35 0.803068
5 36 0.954792
5 37 0.957037
5 38 0.138922
5 39 0.987073
5 40 0.992708
5 41 0.998288
5 42 0.082237
5 43 0.096388
5 44 0.943131
5 45 0.999037
5 46 0.703771
5 47 0.626001
5 48 0.999743
5 49 0.051779
5 50 0.096388
5 51 0.746454
5 52 0.812062
5 53 0.096388
5 54 0.995133
5 55 0.977135
5 56 0.932960
5 57 0.071949
5 58 0.932960
5 59 0.268234
5 60 0.998916
5 61 0.831064
5 62 0.029925
5 63 0.980672
5 64 0.961718
5 65 0.965899
5 66 0.991363
5 67 0.998172
5 68 0.999657
5 69 0.990289
5 70 0.969221
5 71 0.989772
5 72 0.121504
5 73 0.011782
5 74 0.994234
5 75 0.924902
5 76 0.172989
5 77 0.943130
5 78 0.096388
5 79 0.019299
5 80 0.029925
5 81 0.920015
5 82 0.997259
5 83 0.138922
5 84 0.227550
5 85 0.961718
5 86 0.138922
5 87 0.989082
5 88 0.989082
5 89 0.329464
5 90 0.991363
5 91 0.957037
5 92 0.998916
5 93 0.172989
5 94 0.138922
5 95 0.268234
5 96 0.982801
5 97 0.999390
5 98 0.992319
5 99 0.757621
6 0 0.965899
6 1 0.848329
6 2 0.108547
6 3 0.996753
6 4 0.029925
6 5 0.458502
6 6 0.000000
6 7 0.415919
6 8 0.757621
6 9 0.978283
6 10 0.029925
6 11 0.573990
6 12 0.997834
6 13 0.781351
6 14 0.992708
6 15 0.719662
6 16 0.791203
6 17 0.876570
6 18 0.985469
6 19 0.969629
6 20 0.969629
6 21 0.994873
6 22 0.268234
6 23 0.703771
6 24 0.999458
6 25 0.980672
6 26 0.757621
6 27 0.987073
6 28 0.535509
6 29 0.996152
6 30 0.936253
6 31 0.999144
6 32 0.138922
6 33 0.517913
6 34 0.227550
6 35 0.995133
6 36 0.949286
6 37 0.998265
6 38 0.757621
6 39 0.943131
6 40 0.998781
6 41 0.172989
6 42 0.921048
6 43 0.896141
6 44 0.999847
6 45 0.415919
6 46 0.999932
6 47 0.071949
6 48 0.757621
6 49 0.911627
6 50 0.372722
6 51 0.172989
6 52 0.979374
6 53 0.415919
6 54 0.959712
6 55 0.976826
6 56 0.172989
6 57 0.731785
6 58 0.993515
6 59 0.940181
6 60 0.994234
6 61 0.999639
6 62 0.999390
6 63 0.969629
6 64 0.245316
6 65 0.172989
6 66 0.096388
6 67 0.961719
6 68 0.998556
6 69 0.997433
6 70 0.967602
6 71 0.987726
6 72 0.996152
6 73 0.954792
6 74 0.372722
6 75 0.971149
6 76 0.096388
6 77 0.901145
6 78 0.979649
6 79 0.989082
6 80 0.800668
6 81 0.999037
6 82 0.415919
6 83 0.995133
6 84 0.988501
6 85 0.029925
6 86 0.096388
6 87 0.029925
6 88 0.985469
6 89 0.096388
6 90 0.901145
6 91 0.517913
6 92 0.980672
6 93 0.949286
6 94 0.987725
6 95 0.987073
6 96 0.982801
6 97 0.999085
6 98 0.997944
6 99 0.996347
7 0 0.991363
7 1 0.803068
7 2 0.910477
7 3 0.610510
7 4 0.096388
7 5 0.803068
7 6 0.415919
7 7 0.000000
7 8 0.029925
7 9 0.434867
7 10 0.731785
7 11 0.557193
7 12 0.268234
7 13 0.974313
7 14 0.924902
7 15 0.998781
7 16 0.998555
7 17 0.096388
7 18 0.855444
7 19 0.990289
7 20 0.227550
7 21 0.029925
7 22 0.746454
7 23 0.372722
7 24 0.998916
7 25 0.005177
7 26 0.889496
7 27 0.108547
7 28 0.019299
7 29 0.096388
7 30 0.979649
7 31 0.978283
7 32 0.002681
7 33 0.096388
7 34 0.995133
7 35 0.791203
7 36 0.957037
7 37 0.984698
7 38 0.029925
7 39 0.961718
7 40 0.573990
7 41 0.996347
7 42 0.029925
7 43 0.153568
7 44 0.999893
7 45 0.703771
7 46 0.996347
7 47 0.189109
7 48 0.990780
7 49 0.517913
7 50 0.071949
7 51 0.974313
7 52 0.535509
7 53 0.998629
7 54 0.659444
7 55 0.011782
7 56 0.998457
7 57 0.096388
7 58 0.005177
7 59 0.415919
7 60 0.998265
7 61 0.172989
7 62 0.981645
7 63 0.994234
7 64 0.999037
7 65 0.071949
7 66 0.996347
7 67 0.082237
7 68 0.999729
7 69 0.991800
7 70 0.999904
7 71 0.011782
7 72 0.961718
7 73 0.838911
7 74 0.911627
7 75 0.999828
7 76 0.993515
7 77 0.998375
7 78 0.029925
7 79 0.949286
7 80 0.994873
7 81 0.961719
7 82 0.999458
7 83 0.936253
7 84 0.573990
7 85 0.996347
7 86 0.994526
7 87 0.998916
7 88 0.029925
7 89 0.999932
7 90 0.310464
7 91 0.495294
7 92 0.855444
7 93 0.982801
7 94 0.996347
7 95 0.998172
7 96 0.626001
7 97 0.997433
7 98 0.999277
7 99 0.999975
8 0 0.329464
8 1 0.870414
8 2 0.731785
8 3 0.005177
8 4 0.096388
8 5 0.999994
8 6 0.757621
8 7 0.029925
8 8 0.000000
8 9 0.517913
8 10 0.495294
8 11 0.996347
8 12 0.051779
8 13 0.954792
8 14 0.943131
8 15 0.573990
8 16 0.949286
8 17 0.988501
8 18 0.943131
8 19 0.310464
8 20 0.963627
8 21 0.972594
8 22 0.071949
8 23 0.946647
8 24 0.997113
8 25 0.985469
8 26 0.719662
8 27 0.911627
8 28 0.096388
8 29 0.921048
8 30 0.883941
8 31 0.391878
8 32 0.848329
8 33 0.987725
8 34 0.999960
8 35 0.995672
8 36 0.987073
8 37 0.855444
8 38 0.965899
8 39 0.029925
8 40 0.995892
8 41 0.940181
8 42 0.029925
8 43 0.980672
8 44 0.035762
8 45 0.969629
8 46 0.415919
8 47 0.999037
8 48 0.029925
8 49 0.573990
8 50 0.978283
8 51 0.096388
8 52 0.268234
8 53 0.998629
8 54 0.999086
8 55 0.348574
8 56 0.517913
8 57 0.998781
8 58 0.994526
8 59 0.989082
8 60 0.557193
8 61 0.901145
8 62 0.268234
8 63 0.985469
8 64 0.391878
8 65 0.982801
8 66 0.987073
8 67 0.999864
8 68 0.995672
8 69 0.096388
8 70 0.883941
8 71 0.996152
8 72 0.954792
8 73 0.995672
8 74 0.984698
8 75 0.889496
8 76 0.992215
8 77 0.310464
8 78 0.870414
8 79 0.995892
8 80 0.982801
8 81 0.227550
8 82 0.883941
8 83 0.999277
8 84 0.029925
8 85 0.969629
8 86 0.757621
8 87 0.984698
8 88 0.870414
8 89 0.606414
8 90 0.610510
8 91 0.989082
8 92 0.995672
8 93 0.517913
8 94 0.855444
8 95 0.731785
8 96 0.998916
8 97 0.096388
8 98 0.980672
8 99 0.961718
9 0 0.977134
9 1 0.999458
9 2 0.812062
9 3 0.999828
9 4 0.071949
9 5 0.971149
9 6 0.978283
9 7 0.434867
9 8 0.517913
9 9 0.000000
9 10 0.957038
9 11 0.517913
9 12 0.936253
9 13 0.719662
9 14 0.982801
9 15 0.838911
9 16 0.838911
9 17 0.781351
9 18 0.996753
9 19 0.477023
9 20 0.957037
9 21 0.975602
9 22 0.051779
9 23 0.391878
9 24 0.969629
9 25 0.105307
9 26 0.846427
9 27 0.071949
9 28 0.896141
9 29 0.573990
9 30 0.982801
9 31 0.644918
9 32 0.984698
9 33 0.978283
9 34 0.994234
9 35 0.997563
9 36 0.610510
9 37 0.071949
9 38 0.999314
9 39 0.889496
9 40 0.172989
9 41 0.071949
9 42 0.995379
9 43 0.943131
9 44 0.985469
9 45 0.138922
9 46 0.997259
9 47 0.999848
9 48 0.477022
9 49 0.626001
9 50 0.227550
9 51 0.949286
9 52 0.227550
9 53 0.999037
9 54 0.286771
9 55 0.677128
9 56 0.949286
9 57 0.996917
9 58 0.189109
9 59 0.982801
9 60 0.928576
9 61 0.172989
9 62 0.372722
9 63 0.999949
9 64 0.988501
9 65 0.995892
9 66 0.831064
9 67 0.993077
9 68 0.268234
9 69 0.096388
9 70 0.573990
9 71 0.987073
9 72 0.924902
9 73 0.946647
9 74 0.998172
9 75 0.996753
9 76 0.757621
9 77 0.870414
9 78 0.994234
9 79 0.998716
9 80 0.108547
9 81 0.883941
9 82 0.954792
9 83 0.940181
9 84 0.005177
9 85 0.138922
9 86 0.997433
9 87 0.838911
9 88 0.932960
9 89 0.924902
9 90 0.993515
9 91 0.096388
9 92 0.573990
9 93 0.029925
9 94 0.997563
9 95 0.999987
9 96 0.329464
9 97 0.517913
9 98 0.071949
9 99 0.991363
10 0 0.924902
10 1 0.644918
10 2 0.987725
10 3 0.029925
10 4 0.610510
10 5 0.987726
10 6 0.029925
10 7 0.731785
10 8 0.495294
10 9 0.957038
10 10 0.000000
10 11 0.029925
10 12 0.991363
10 13 0.997944
10 14 0.997259
10 15 0.138922
10 16 0.995672
10 17 0.999314
10 18 0.991363
10 19 0.883941
10 20 0.743482
10 21 0.989772
10 22 0.870414
10 23 0.915921
10 24 0.863976
10 25 0.138922
10 26 0.051779
10 27 0.108547
10 28 0.998375
10 29 0.071949
10 30 0.096388
10 31 0.227550
10 32 0.996347
10 33 0.029925
10 34 0.988501
10 35 0.757621
10 36 0.812062
10 37 0.005177
10 38 0.969222
10 39 0.949286
10 40 0.999797
10 41 0.310464
10 42 0.992708
10 43 0.999187
10 44 0.932960
10 45 0.855444
10 46 0.883941
10 47 0.990289
10 48 0.029925
10 49 0.071949
10 50 0.029925
10 51 0.981645
10 52 0.372722
10 53 0.987073
10 54 0.971149
10 55 0.896141
10 56 0.993844
10 57 0.990289
10 58 0.005177
10 59 0.943131
10 60 0.999390
10 61 0.999807
10 62 0.985469
10 63 0.999085
10 64 0.971149
10 65 0.517913
10 66 0.999277
10 67 0.894801
10 68 0.883941
10 69 0.644918
10 70 0.019299
10 71 0.974313
10 72 0.227550
10 73 0.138922
10 74 0.848329
10 75 0.071949
10 76 0.983668
10 77 0.996347
10 78 0.800668
10 79 0.993844
10 80 0.987073
10 81 0.673535
10 82 0.768376
10 83 0.172989
10 84 0.245316
10 85 0.803068
10 86 0.999458
10 87 0.901144
10 88 0.999695
10 89 0.998457
10 90 0.999695
10 91 0.946647
10 92 0.029925
10 93 0.969629
10 94 0.957037
10 95 0.998971
10 96 0.999429
10 97 0.138922
10 98 0.831064
10 99 0.994526
11 0 0.051779
11 1 0.905921
11 2 0.996753
11 3 0.998916
11 4 0.974313
11 5 0.974313
11 6 0.573990
11 7 0.557193
11 8 0.996347
11 9 0.517913
11 10 0.029925
11 11 0.000000
11 12 0.889496
11 13 0.901145
11 14 0.999829
11 15 0.172989
11 16 0.998555
11 17 0.921048
11 18 0.831065
11 19 0.071949
11 20 0.982801
11 21 0.883941
11 22 0.986386
11 23 0.673535
11 24 0.071949
11 25 0.610510
11 26 0.983668
11 27 0.998916
11 28 0.987726
11 29 0.870414
11 30 0.990780
11 31 0.495294
11 32 0.189109
11 33 0.372722
11 34 0.189109
11 35 0.954792
11 36 0.989772
11 37 0.985469
11 38 0.998074
11 39 0.990289
11 40 0.286770
11 41 0.999864
11 42 0.870414
11 43 0.995133
11 44 0.434867
11 45 0.153568
11 46 0.610510
11 47 0.969221
11 48 0.268234
11 49 0.995672
11 50 0.971149
11 51 0.495294
11 52 0.936253
11 53 0.268234
11 54 0.993844
11 55 0.189109
11 56 0.719662
11 57 0.896141
11 58 0.971149
11 59 0.883941
11 60 0.172989
11 61 0.940181
11 62 0.954792
11 63 0.998971
11 64 0.838911
11 65 0.690668
11 66 0.415919
11 67 0.434867
11 68 0.071949
11 69 0.268234
11 70 0.998074
11 71 0.957037
11 72 0.848329
11 73 0.945939
11 74 0.980672
11 75 0.310464
11 76 0.210224
11 77 0.999910
11 78 0.998629
11 79 0.889496
11 80 0.781351
11 81 0.746454
11 82 0.999187
11 83 0.999819
11 84 0.999955
11 85 0.855444
11 86 0.227550
11 87 0.029925
11 88 0.227550
11 89 0.268234
11 90 0.998916
11 91 0.924902
11 92 0.987073
11 93 0.227550
11 94 0.477022
11 95 0.096388
11 96 0.921048
11 97 0.998555
11 98 0.959712
11 99 0.979649
12 0 0.838911
12 1 0.999962
12 2 0.876570
12 3 0.153568
12 4 0.996917
12 5 0.982801
12 6 0.997834
12 7 0.268234
12 8 0.051779
12 9 0.936253
12 10 0.991363
12 11 0.889496
12 12 0.000000
12 13 0.999144
12 14 0.029925
12 15 0.415919
12 16 0.227550
12 17 0.997563
12 18 0.071949
12 19 0.071949
12 20 0.915921
12 21 0.153568
12 22 0.310464
12 23 0.434867
12 24 0.959712
12 25 0.997834
12 26 0.096388
12 27 0.096388
12 28 0.005177
12 29 0.391878
12 30 0.967602
12 31 0.940181
12 32 0.921048
12 33 0.988501
12 34 0.998074
12 35 0.172989
12 36 0.781351
12 37 0.641071
12 38 0.965898
12 39 0.051779
12 40 0.434867
12 41 0.999187
12 42 0.995133
12 43 0.980672
12 44 0.987073
12 45 0.029925
12 46 0.071949
12 47 0.838911
12 48 0.051779
12 49 0.989082
12 50 0.993170
12 51 0.921048
12 52 0.757621
12 53 0.928576
12 54 0.626002
12 55 0.883941
12 56 0.096388
12 57 0.138922
12 58 0.889496
12 59 0.969629
12 60 0.993516
12 61 0.372722
12 62 0.982801
12 63 0.153568
12 64 0.268234
12 65 0.905921
12 66 0.071949
12 67 0.946647
12 68 0.210224
12 69 0.071949
12 70 0.719662
12 71 0.644918
12 72 0.998629
12 73 0.372722
12 74 0.999983
12 75 0.998172
12 76 0.227550
12 77 0.820692
12 78 0.996753
12 79 0.999458
12 80 0.972958
12 81 0.610510
12 82 0.757621
12 83 0.781351
12 84 0.969629
12 85 0.995133
12 86 0.310464
12 87 0.029925
12 88 0.227550
12 89 0.949286
12 90 0.980672
12 91 0.999458
12 92 0.978283
12 93 0.268234
12 94 0.999998
12 95 0.172989
12 96 0.557193
12 97 0.659444
12 98 0.998375
12 99 0.965899
13 0 0.949286
13 1 0.029925
13 2 0.999992
13 3 0.757621
13 4 0.610510
13 5 0.019299
13 6 0.781351
13 7 0.974313
13 8 0.954792
13 9 0.719662
13 10 0.997944
13 11 0.901145
13 12 0.999144
13 13 0.000000
13 14 0.329464
13 15 0.348574
13 16 0.988501
13 17 0.992319
13 18 0.921048
13 19 0.310464
13 20 0.984698
13 21 0.943131
13 22 0.999910
13 23 0.992319
13 24 0.082237
13 25 0.901145
13 26 0.999880
13 27 0.268234
13 28 0.108547
13 29 0.153568
13 30 0.999829
13 31 0.108547
13 32 0.517913
13 33 0.051779
13 34 0.957037
13 35 0.949286
13 36 0.949286
13 37 0.168897
13 38 0.855444
13 39 0.999314
13 40 0.993170
13 41 0.372722
13 42 0.980672
13 43 0.987073
13 44 0.820692
13 45 0.855444
13 46 0.535509
13 47 0.172989
13 48 0.848329
13 49 0.943131
13 50 0.535510
13 51 0.921048
13 52 0.999187
13 53 0.495294
13 54 0.477022
13 55 0.989633
13 56 0.434867
13 57 0.870414
13 58 0.610510
13 59 0.862254
13 60 0.071949
13 61 0.999679
13 62 0.994803
13 63 0.029925
13 64 0.172989
13 65 0.980673
13 66 0.189109
13 67 0.415919
13 68 0.949286
13 69 0.999657
13 70 0.372722
13 71 0.996532
13 72 0.153568
13 73 0.989082
13 74 0.961718
13 75 0.999946
13 76 0.517913
13 77 0.992319
13 78 0.781351
13 79 0.996532
13 80 0.096388
13 81 0.999729
13 82 0.644918
13 83 0.949286
13 84 0.517913
13 85 0.768376
13 86 0.957037
13 87 0.996347
13 88 0.996917
13 89 0.999848
13 90 0.848329
13 91 0.985469
13 92 0.996347
13 93 0.051779
13 94 0.329464
13 95 0.812062
13 96 0.883941
13 97 0.982801
13 98 0.921048
13 99 0.557193
14 0 0.848329
14 1 0.268234
14 2 0.951798
14 3 0.372722
14 4 0.372722
14 5 0.138922
14 6 0.992708
14 7 0.924902
14 8 0.943131
14 9 0.982801
14 10 0.997259
14 11 0.999829
14 12 0.029925
14 13 0.329464
14 14 0.000000
14 15 0.108547
14 16 0.889496
14 17 0.989082
14 18 0.434867
14 19 0.998375
14 20 0.998916
14 21 0.096388
14 22 0.517913
14 23 0.863976
14 24 0.998555
14 25 0.998781
14 26 0.803068
14 27 0.071949
14 28 0.974313
14 29 0.940181
14 30 0.029925
14 31 0.993516
14 32 0.610510
14 33 0.573990
14 34 0.894801
14 35 0.999910
14 36 0.954792
14 37 0.982801
14 38 0.975602
14 39 0.932960
14 40 0.415919
14 41 0.071949
14 42 0.286770
14 43 0.989772
14 44 0.029925
14 45 0.172989
14 46 0.999518
14 47 0.153568
14 48 0.957037
14 49 0.999797
14 50 0.998555
14 51 0.458502
14 52 0.517913
14 53 0.972958
14 54 0.996347
14 55 0.227550
14 56 0.731785
14 57 0.997834
14 58 0.268234
14 59 0.957037
14 60 0.870414
14 61 0.434867
14 62 0.495294
14 63 0.997563
14 64 0.005177
14 65 0.172989
14 66 0.029925
14 67 0.954792
14 68 0.999829
14 69 0.372722
14 70 0.998781
14 71 0.051779
14 72 0.995892
14 73 0.029925
14 74 0.477022
14 75 0.951798
14 76 0.690668
14 77 0.029925
14 78 0.019299
14 79 0.932960
14 80 0.757621
14 81 0.991800
14 82 0.889496
14 83 0.975602
14 84 0.915921
14 85 0.999910
14 86 0.838911
14 87 0.999797
14 88 0.982801
14 89 0.029925
14 90 0.998457
14 91 0.626001
14 92 0.911627
14 93 0.996753
14 94 0.831064
14 95 0.985469
14 96 0.932960
14 97 0.434867
14 98 0.998172
14 99 0.998375
15 0 0.329464
15 1 0.268234
15 2 0.987073
15 3 0.415919
15 4 0.994526
15 5 0.998555
15 6 0.719662
15 7 0.998781
15 8 0.573990
15 9 0.838911
15 10 0.138922
15 11 0.172989
15 12 0.415919
15 13 0.348574
15 14 0.108547
15 15 0.000000
15 16 0.911627
15 17 0.071949
15 18 0.999458
15 19 0.999966
15 20 0.138922
15 21 0.535509
15 22 0.719662
15 23 0.005177
15 24 0.924902
15 25 0.951799
15 26 0.781351
15 27 0.831064
15 28 0.987073
15 29 0.999695
15 30 0.268234
15 31 0.999277
15 32 0.883941
15 33 0.096388
15 34 0.071949
15 35 0.268234
15 36 0.998916
15 37 0.477022
15 38 0.949286
15 39 0.949286
15 40 0.415919
15 41 0.610510
15 42 0.987073
15 43 0.905921
15 44 0.999314
15 45 0.268234
15 46 0.996753
15 47 0.029925
15 48 0.985469
15 49 0.731785
15 50 0.019299
15 51 0.883941
15 52 0.227550
15 53 0.998971
15 54 0.977134
15 55 0.096388
15 56 0.915921
15 57 0.268234
15 58 0.969629
15 59 0.980672
15 60 0.071949
15 61 0.901145
15 62 0.172989
15 63 0.626001
15 64 0.999314
15 65 0.372722
15 66 0.329464
15 67 0.719662
15 68 0.961718
15 69 0.731785
15 70 0.990289
15 71 0.997834
15 72 0.227550
15 73 0.999940
15 74 0.972958
15 75 0.996152
15 76 0.172989
15 77 0.999943
15 78 0.029925
15 79 0.957038
15 80 0.690668
15 81 0.310464
15 82 0.993844
15 83 0.051779
15 84 0.936253
15 85 0.946647
15 86 0.974313
15 87 0.981645
15 88 0.690668
15 89 0.051779
15 90 0.996152
15 91 0.071949
15 92 0.998971
15 93 0.268234
15 94 0.019299
15 95 0.965899
15 96 0.995133
15 97 0.949286
15 98 0.997563
15 99 0.153568
16 0 0.998781
16 1 0.999458
16 2 0.963626
16 3 0.998457
16 4 0.096388
16 5 0.999390
16 6 0.791203
16 7 0.998555
16 8 0.949286
16 9 0.838911
16 10 0.995672
16 11 0.998555
16 12 0.227550
16 13 0.988501
16 14 0.889496
16 15 0.911627
16 16 0.000000
16 17 0.995672
16 18 0.372722
16 19 0.391878
16 20 0.999314
16 21 0.552765
16 22 0.997563
16 23 0.590401
16 24 0.999880
16 25 0.997834
16 26 0.535509
16 27 0.517913
16 28 0.029925
16 29 0.996152
16 30 0.971149
16 31 0.372722
16 32 0.138922
16 33 0.905921
16 34 0.415919
16 35 0.991800
16 36 0.719662
16 37 0.999390
16 38 0.731785
16 39 0.965899
16 40 0.978283
16 41 0.997834
16 42 0.980672
16 43 0.965899
16 44 0.932960
16 45 0.921048
16 46 0.108547
16 47 0.985469
16 48 0.999924
16 49 0.329464
16 50 0.896141
16 51 0.029925
16 52 0.372722
16 53 0.967602
16 54 0.268234
16 55 0.172989
16 56 0.971149
16 57 0.757621
16 58 0.781351
16 59 0.996753
16 60 0.019299
16 61 0.310464
16 62 0.781351
16 63 0.535509
16 64 0.019299
16 65 0.757621
16 66 0.943131
16 67 0.994234
16 68 0.189109
16 69 0.994234
16 70 0.974313
16 71 0.988501
16 72 0.019299
16 73 0.996347
16 74 0.227550
16 75 0.071949
16 76 0.946647
16 77 0.999518
16 78 0.999992
16 79 0.372722
16 80 0.245316
16 81 0.996347
16 82 0.096388
16 83 0.372722
16 84 0.999314
16 85 0.995947
16 86 0.781351
16 87 0.329464
16 88 0.998555
16 89 0.998916
16 90 0.848329
16 91 0.997563
16 92 0.999839
16 93 0.990780
16 94 0.172989
16 95 0.495294
16 96 0.946647
16 97 0.172989
16 98 0.855444
16 99 0.932960
17 0 0.138922
17 1 0.965899
17 2 0.071949
17 3 0.557193
17 4 0.831064
17 5 0.659444
17 6 0.876570
17 7 0.096388
17 8 0.988501
17 9 0.781351
17 10 0.999314
17 11 0.921048
17 12 0.997563
17 13 0.992319
17 14 0.989082
17 15 0.071949
17 16 0.995672
17 17 0.000000
17 18 0.876571
17 19 0.626001
17 20 0.610510
17 21 0.644918
17 22 0.997433
17 23 0.189109
17 24 0.957037
17 25 0.172989
17 26 0.996152
17 27 0.980672
17 28 0.227550
17 29 0.999390
17 30 0.329464
17 31 0.855444
17 32 0.940181
17 33 0.996532
17 34 0.743482
17 35 0.415919
17 36 0.573990
17 37 0.138922
17 38 0.626002
17 39 0.975926
17 40 0.986386
17 41 0.998781
17 42 0.434867
17 43 0.573990
17 44 0.883941
17 45 0.108547
17 46 0.153568
17 47 0.994234
17 48 0.138922
17 49 0.855444
17 50 0.996152
17 51 0.999695
17 52 0.731785
17 53 0.980672
17 54 0.924902
17 55 0.060180
17 56 0.310464
17 57 0.172989
17 58 0.372722
17 59 0.690668
17 60 0.889496
17 61 0.994526
17 62 0.011782
17 63 0.096388
17 64 0.995672
17 65 0.019299
17 66 0.954792
17 67 0.997113
17 68 0.949286
17 69 0.644918
17 70 0.108547
17 71 0.831064
17 72 0.905921
17 73 0.965899
17 74 0.812062
17 75 0.996152
17 76 0.999486
17 77 0.093360
17 78 0.999864
17 79 0.812062
17 80 0.997944
17 81 0.883941
17 82 0.994526
17 83 0.029925
17 84 0.329464
17 85 0.985469
17 86 0.415919
17 87 0.998916
17 88 0.995672
17 89 0.719662
17 90 0.999898
17 91 0.999593
17 92 0.896140
17 93 0.961719
17 94 0.999228
17 95 0.610510
17 96 0.999975
17 97 0.743482
17 98 0.757621
17 99 0.993516
18 0 0.848329
18 1 0.949286
18 2 0.997113
18 3 0.626001
18 4 0.987073
18 5 0.096388
18 6 0.985469
18 7 0.855444
18 8 0.943131
18 9 0.996753
18 10 0.991363
18 11 0.831065
18 12 0.071949
18 13 0.921048
18 14 0.434867
18 15 0.999458
18 16 0.372722
18 17 0.876571
18 18 0.000000
18 19 0.921048
18 20 0.999797
18 21 0.590401
18 22 0.011782
18 23 0.971149
18 24 0.051779
18 25 0.245316
18 26 0.855444
18 27 0.999277
18 28 0.690668
18 29 0.831064
18 30 0.610510
18 31 0.998265
18 32 0.995892
18 33 0.999593
18 34 0.924902
18 35 0.911627
18 36 0.831064
18 37 0.268234
18 38 0.971149
18 39 0.971149
18 40 0.964107
18 41 0.924903
18 42 0.987073
18 43 0.644918
18 44 0.310464
18 45 0.989082
18 46 0.391878
18 47 0.831064
18 48 0.924902
18 49 0.138922
18 50 0.998781
18 51 0.991800
18 52 0.268234
18 53 0.997687
18 54 0.972958
18 55 0.997259
18 56 0.961718
18 57 0.954792
18 58 0.981890
18 59 0.096388
18 60 0.517913
18 61 0.992708
18 62 0.610510
18 63 0.310464
18 64 0.924902
18 65 0.994803
18 66 0.019299
18 67 0.999086
18 68 0.921048
18 69 0.855444
18 70 0.997718
18 71 0.172989
18 72 0.517913
18 73 0.138922
18 74 0.997944
18 75 0.005177
18 76 0.999695
18 77 0.999314
18 78 0.610510
18 79 0.901145
18 80 0.477022
18 81 0.995672
18 82 0.940181
18 83 0.954792
18 84 0.781351
18 85 0.870414
18 86 0.974313
18 87 0.812062
18 88 0.954792
18 89 0.999886
18 90 0.977135
18 91 0.535510
18 92 0.719662
18 93 0.391878
18 94 0.477022
18 95 0.921048
18 96 0.999864
18 97 0.029925
18 98 0.051779
18 99 0.991363
19 0 0.924902
19 1 0.641070
19 2 0.998375
19 3 0.999924
19 4 0.757621
19 5 0.998375
19 6 0.969629
19 7 0.990289
19 8 0.310464
19 9 0.477023
19 10 0.883941
19 11 0.071949
19 12 0.071949
19 13 0.310464
19 14 0.998375
19 15 0.999966
19 16 0.391878
19 17 0.626001
19 18 0.921048
19 19 0.000000
19 20 0.954792
19 21 0.517913
19 22 0.999512
19 23 0.988501
19 24 0.029925
19 25 0.268234
19 26 0.985469
19 27 0.961719
19 28 0.573990
19 29 0.896141
19 30 0.990289
19 31 0.921048
19 32 0.932960
19 33 0.994873
19 34 0.997834
19 35 0.915921
19 36 0.980672
19 37 0.998074
19 38 0.517913
19 39 0.029925
19 40 0.659444
19 41 0.812062
19 42 0.980672
19 43 0.993516
19 44 0.991363
19 45 0.961718
19 46 0.998288
19 47 0.746454
19 48 0.458502
19 49 0.268234
19 50 0.227550
19 51 0.967601
19 52 0.172989
19 53 0.998971
19 54 0.997113
19 55 0.172989
19 56 0.965899
19 57 0.005177
19 58 0.985469
19 59 0.949286
19 60 0.995892
19 61 0.963627
19 62 0.820692
19 63 0.690668
19 64 0.995672
19 65 0.957038
19 66 0.991800
19 67 0.988501
19 68 0.138922
19 69 0.997113
19 70 0.573990
19 71 0.051779
19 72 0.883941
19 73 0.138922
19 74 0.372722
19 75 0.189109
19 76 0.138922
19 77 0.977135
19 78 0.828969
19 79 0.924902
19 80 0.963627
19 81 0.998074
19 82 0.982801
19 83 0.990289
19 84 0.993516
19 85 0.997834
19 86 0.029925
19 87 0.029925
19 88 0.997113
19 89 0.992708
19 90 0.979649
19 91 0.991363
19 92 0.999657
19 93 0.876570
19 94 0.812062
19 95 0.986386
19 96 0.096388
19 97 0.999390
19 98 0.096388
19 99 0.974313
20 0 0.991800
20 1 0.997563
20 2 0.310464
20 3 0.994234
20 4 0.992319
20 5 0.372722
20 6 0.969629
20 7 0.227550
20 8 0.963627
20 9 0.957037
20 10 0.743482
20 11 0.982801
20 12 0.915921
20 13 0.984698
20 14 0.998916
20 15 0.138922
20 16 0.999314
20 17 0.610510
20 18 0.999797
20 19 0.954792
20 20 0.000000
20 21 0.803068
20 22 0.999910
20 23 0.997834
20 24 0.002681
20 25 0.329464
20 26 0.329464
20 27 0.138922
20 28 0.924902
20 29 0.071949
20 30 0.991800
20 31 0.082237
20 32 0.781351
20 33 0.994873
20 34 0.848329
20 35 0.096388
20 36 0.757621
20 37 0.989772
20 38 0.998375
20 39 0.029925
20 40 0.268234
20 41 0.245316
20 42 0.573990
20 43 0.974313
20 44 0.994526
20 45 0.999679
20 46 0.838911
20 47 0.268234
20 48 0.965899
20 49 0.921048
20 50 0.108547
20 51 0.961719
20 52 0.990289
20 53 0.924903
20 54 0.992319
20 55 0.883941
20 56 0.998375
20 57 0.980672
20 58 0.781351
20 59 0.029925
20 60 0.999086
20 61 0.557193
20 62 0.071949
20 63 0.999910
20 64 0.138922
20 65 0.999593
20 66 0.855444
20 67 0.997834
20 68 0.093360
20 69 0.121504
20 70 0.495294
20 71 0.517913
20 72 0.876570
20 73 0.227550
20 74 0.071949
20 75 0.999783
20 76 0.994873
20 77 0.372722
20 78 0.096388
20 79 0.999910
20 80 0.995672
20 81 0.071949
20 82 0.029925
20 83 0.982801
20 84 0.329464
20 85 0.921048
20 86 0.189109
20 87 0.876570
20 88 0.999277
20 89 0.998375
20 90 0.573990
20 91 0.172989
20 92 0.029925
20 93 0.911627
20 94 0.029925
20 95 0.984698
20 96 0.991800
20 97 0.889496
20 98 0.286770
20 99 0.911627
21 0 0.329464
21 1 0.372722
21 2 0.071949
21 3 0.894800
21 4 0.517913
21 5 0.096388
21 6 0.994873
21 7 0.029925
21 8 0.972594
21 9 0.975602
21 10 0.989772
21 11 0.883941
21 12 0.153568
21 13 0.943131
21 14 0.096388
21 15 0.535509
21 16 0.552765
21 17 0.644918
21 18 0.590401
21 19 0.517913
21 20 0.803068
21 21 0.000000
21 22 0.940181
21 23 0.227550
21 24 0.963627
21 25 0.979649
21 26 0.911627
21 27 0.096388
21 28 0.997834
21 29 0.245316
21 30 0.029925
21 31 0.391878
21 32 0.883941
21 33 0.987725
21 34 0.172989
21 35 0.029925
21 36 0.980672
21 37 0.985469
21 38 0.977134
21 39 0.959712
21 40 0.286770
21 41 0.990289
21 42 0.996752
21 43 0.791203
21 44 0.719662
21 45 0.982801
21 46 0.096388
21 47 0.989772
21 48 0.992319
21 49 0.951799
21 50 0.959712
21 51 0.268234
21 52 0.998781
21 53 0.071949
21 54 0.831064
21 55 0.731785
21 56 0.954792
21 57 0.998074
21 58 0.997113
21 59 0.961718
21 60 0.096388
21 61 0.999543
21 62 0.719662
21 63 0.096388
21 64 0.984698
21 65 0.949287
21 66 0.999981
21 67 0.029925
21 68 0.268234
21 69 0.959174
21 70 0.876570
21 71 0.984698
21 72 0.848329
21 73 0.996347
21 74 0.992319
21 75 0.994234
21 76 0.757621
21 77 0.986202
21 78 0.924902
21 79 0.924902
21 80 0.999458
21 81 0.999797
21 82 0.391877
21 83 0.690668
21 84 0.990289
21 85 0.939390
21 86 0.949286
21 87 0.082237
21 88 0.959712
21 89 0.980672
21 90 0.957038
21 91 0.997433
21 92 0.984698
21 93 0.995672
21 94 0.096388
21 95 0.415919
21 96 0.915921
21 97 0.999085
21 98 0.372722
21 99 0.029925
22 0 0.005177
22 1 0.999187
22 2 0.991800
22 3 0.019299
22 4 0.999839
22 5 0.812062
22 6 0.268234
22 7 0.746454
22 8 0.071949
22 9 0.051779
22 10 0.870414
22 11 0.986386
22 12 0.310464
22 13 0.999910
22 14 0.517913
22 15 0.719662
22 16 0.997563
22 17 0.997433
22 18 0.011782
22 19 0.999512
22 20 0.999910
22 21 0.940181
22 22 0.000000
22 23 0.415919
22 24 0.896141
22 25 0.957037
22 26 0.138922
22 27 0.719662
22 28 0.997944
22 29 0.227550
22 30 0.029925
22 31 0.977135
22 32 0.071949
22 33 0.990289
22 34 0.989082
22 35 0.029925
22 36 0.949286
22 37 0.051779
22 38 0.921048
22 39 0.978283
22 40 0.268234
22 41 0.994526
22 42 0.535509
22 43 0.071949
22 44 0.998457
22 45 0.268234
22 46 0.719662
22 47 0.495294
22 48 0.535509
22 49 0.998457
22 50 0.573990
22 51 0.831064
22 52 0.029925
22 53 0.995441
22 54 0.924902
22 55 0.921048
22 56 0.999914
22 57 0.863976
22 58 0.949286
22 59 0.994234
22 60 0.997259
22 61 0.980672
22 62 0.889496
22 63 0.029925
22 64 0.997834
22 65 0.477022
22 66 0.996752
22 67 0.138922
22 68 0.997259
22 69 0.951798
22 70 0.999848
22 71 0.029925
22 72 0.972594
22 73 0.610510
22 74 0.987073
22 75 0.921048
22 76 0.995133
22 77 0.071949
22 78 0.573990
22 79 0.997687
22 80 0.994234
22 81 0.943131
22 82 0.940181
22 83 0.999932
22 84 0.227550
22 85 0.999981
22 86 0.936253
22 87 0.831064
22 88 0.999421
22 89 0.189109
22 90 0.999920
22 91 0.999543
22 92 0.977134
22 93 0.997113
22 94 0.999968
22 95 0.029925
22 96 0.477022
22 97 0.172989
22 98 0.996347
22 99 0.210224
23 0 0.999314
23 1 0.791203
23 2 0.999949
23 3 0.610510
23 4 0.659444
23 5 0.999729
23 6 0.703771
23 7 0.372722
23 8 0.946647
23 9 0.391878
23 10 0.915921
23 11 0.673535
23 12 0.434867
23 13 0.992319
23 14 0.863976
23 15 0.005177
23 16 0.590401
23 17 0.189109
23 18 0.971149
23 19 0.988501
23 20 0.997834
23 21 0.227550
23 22 0.415919
23 23 0.000000
23 24 0.690668
23 25 0.210224
23 26 0.954792
23 27 0.999037
23 28 0.848329
23 29 0.997687
23 30 0.029925
23 31 0.905921
23 32 0.993170
23 33 0.071949
23 34 0.992319
23 35 0.978283
23 36 0.096388
23 37 0.855444
23 38 0.108547
23 39 0.189109
23 40 0.983668
23 41 0.997113
23 42 0.990289
23 43 0.831064
23 44 0.995133
23 45 0.997687
23 46 0.924902
23 47 0.995892
23 48 0.108547
23 49 0.969629
23 50 0.999932
23 51 0.971149
23 52 0.812062
23 53 0.995892
23 54 0.071949
23 55 0.982801
23 56 0.977134
23 57 0.108547
23 58 0.978283
23 59 0.987073
23 60 0.108547
23 61 0.990780
23 62 0.996753
23 63 0.949286
23 64 0.963627
23 65 0.644918
23 66 0.996917
23 67 0.997834
23 68 0.921048
23 69 0.977134
23 70 0.757621
23 71 0.227550
23 72 0.172989
23 73 0.535509
23 74 0.071949
23 75 0.999759
23 76 0.999729
23 77 0.985469
23 78 0.071949
23 79 0.329464
23 80 0.999024
23 81 0.988501
23 82 0.949286
23 83 0.990289
23 84 0.071949
23 85 0.997834
23 86 0.690668
23 87 0.969629
23 88 0.999946
23 89 0.977134
23 90 0.477022
23 91 0.998781
23 92 0.757621
23 93 0.477022
23 94 0.951799
23 95 0.997563
23 96 0.415919
23 97 0.999932
23 98 0.998375
23 99 0.791202
24 0 0.996753
24 1 0.969629
24 2 0.889496
24 3 0.855444
24 4 0.993515
24 5 0.959712
24 6 0.999458
24 7 0.998916
24 8 0.997113
24 9 0.969629
24 10 0.863976
24 11 0.071949
24 12 0.959712
24 13 0.082237
24 14 0.998555
24 15 0.924902
24 16 0.999880
24 17 0.957037
24 18 0.051779
24 19 0.029925
24 20 0.002681
24 21 0.963627
24 22 0.896141
24 23 0.690668
24 24 0.000000
24 25 0.957037
24 26 0.994234
24 27 0.999957
24 28 0.227550
24 29 0.993844
24 30 0.677128
24 31 0.994526
24 32 0.961719
24 33 0.082237
24 34 0.883941
24 35 0.994873
24 36 0.993516
24 37 0.996752
24 38 0.172989
24 39 0.969629
24 40 0.995672
24 41 0.957037
24 42 0.991363
24 43 0.999314
24 44 0.949286
24 45 0.573990
24 46 0.998716
24 47 0.998916
24 48 0.746454
24 49 0.998716
24 50 0.023583
24 51 0.977135
24 52 0.994803
24 53 0.096388
24 54 0.997687
24 55 0.590401
24 56 0.946647
24 57 0.372722
24 58 0.781351
24 59 0.998375
24 60 0.889496
24 61 0.172989
24 62 0.096388
24 63 0.029925
24 64 0.983667
24 65 0.703771
24 66 0.977134
24 67 0.971149
24 68 0.998916
24 69 0.993516
24 70 0.051779
24 71 0.348574
24 72 0.999037
24 73 0.999729
24 74 0.999458
24 75 0.989082
24 76 0.838911
24 77 0.051779
24 78 0.972958
24 79 0.905921
24 80 0.999639
24 81 0.896140
24 82 0.998629
24 83 0.996579
24 84 0.980672
24 85 0.984698
24 86 0.999518
24 87 0.051779
24 88 0.172989
24 89 0.268234
24 90 0.838911
24 91 0.677128
24 92 0.999187
24 93 0.071949
24 94 0.096388
24 95 0.982801
24 96 0.921048
24 97 0.870414
24 98 0.768376
24 99 0.071949
25 0 0.999729
25 1 0.896141
25 2 0.876570
25 3 0.029925
25 4 0.949286
25 5 0.988501
25 6 0.980672
25 7 0.005177
25 8 0.985469
25 9 0.105307
25 10 0.138922
25 11 0.610510
25 12 0.997834
25 13 0.901145
25 14 0.998781
25 15 0.951799
25 16 0.997834
25 17 0.172989
25 18 0.245316
25 19 0.268234
25 20 0.329464
25 21 0.979649
25 22 0.957037
25 23 0.210224
25 24 0.957037
25 25 0.000000
25 26 0.005177
25 27 0.831064
25 28 0.812062
25 29 0.996753
25 30 0.999924
25 31 0.005177
25 32 0.268234
25 33 0.997259
25 34 0.978283
25 35 0.943131
25 36 0.803068
25 37 0.517913
25 38 0.731785
25 39 0.883941
25 40 0.951798
25 41 0.153568
25 42 0.977134
25 43 0.987725
25 44 0.855444
25 45 0.005177
25 46 0.997834
25 47 0.999277
25 48 0.876570
25 49 0.310464
25 50 0.943131
25 51 0.993516
25 52 0.138922
25 53 0.019299
25 54 0.999998
25 55 0.517913
25 56 0.911627
25 57 0.999277
25 58 0.286771
25 59 0.977135
25 60 0.019299
25 61 0.998457
25 62 0.573990
25 63 0.989082
25 64 0.954792
25 65 0.999971
25 66 0.963627
25 67 0.746454
25 68 0.310464
25 69 0.965899
25 70 0.997113
25 71 0.005177
25 72 0.991800
25 73 0.987073
25 74 0.974313
25 75 0.557193
25 76 0.946647
25 77 0.940181
25 78 0.999349
25 79 0.999936
25 80 0.999960
25 81 0.998074
25 82 0.019299
25 83 0.831064
25 84 0.990289
25 85 0.988501
25 86 0.517913
25 87 0.999358
25 88 0.972958
25 89 0.905920
25 90 0.594604
25 91 0.172989
25 92 0.957038
25 93 0.268234
25 94 0.791203
25 95 0.791203
25 96 0.928576
25 97 0.703771
25 98 0.995892
25 99 0.108547
26 0 0.029925
26 1 0.999932
26 2 0.573990
26 3 0.138922
26 4 0.998916
26 5 0.690668
26 6 0.757621
26 7 0.889496
26 8 0.719662
26 9 0.846427
26 10 0.051779
26 11 0.983668
26 12 0.096388
26 13 0.999880
26 14 0.803068
26 15 0.781351
26 16 0.535509
26 17 0.996152
26 18 0.855444
26 19 0.985469
26 20 0.329464
26 21 0.911627
26 22 0.138922
26 23 0.954792
26 24 0.994234
26 25 0.005177
26 26 0.000000
26 27 0.984698
26 28 0.987725
26 29 0.999972
26 30 0.915921
26 31 0.987073
26 32 0.029925
26 33 0.644918
26 34 0.990903
26 35 0.096388
26 36 0.703771
26 37 0.005177
26 38 0.999839
26 39 0.517913
26 40 0.268234
26 41 0.954189
26 42 0.172989
26 43 0.781351
26 44 0.245316
26 45 0.967602
26 46 0.096388
26 47 0.994526
26 48 0.983668
26 49 0.998916
26 50 0.999898
26 51 0.029925
26 52 0.999995
26 53 0.517913
26 54 0.029925
26 55 0.943131
26 56 0.999458
26 57 0.268234
26 58 0.974313
26 59 0.965899
26 60 0.051779
26 61 0.029925
26 62 0.998781
26 63 0.997563
26 64 0.019299
26 65 0.999458
26 66 0.989082
26 67 0.820692
26 68 0.690668
26 69 0.035762
26 70 0.992319
26 71 0.981645
26 72 0.996753
26 73 0.971149
26 74 0.993844
26 75 0.984698
26 76 0.071949
26 77 0.982801
26 78 0.743481
26 79 0.071949
26 80 0.940181
26 81 0.995133
26 82 0.108547
26 83 0.994234
26 84 0.994803
26 85 0.477022
26 86 0.495294
26 87 0.985469
26 88 0.096388
26 89 0.995133
26 90 0.876570
26 91 0.997834
26 92 0.987073
26 93 0.659444
26 94 0.172989
26 95 0.831064
26 96 0.329464
26 97 0.477022
26 98 0.992708
26 99 0.870414
27 0 0.189109
27 1 0.883941
27 2 0.982801
27 3 0.999485
27 4 0.997113
27 5 0.029925
27 6 0.987073
27 7 0.108547
27 8 0.911627
27 9 0.071949
27 10 0.108547
27 11 0.998916
27 12 0.096388
27 13 0.268234
27 14 0.071949
27 15 0.831064
27 16 0.517913
27 17 0.980672
27 18 0.999277
27 19 0.961719
27 20 0.138922
27 21 0.096388
27 22 0.719662
27 23 0.999037
27 24 0.999957
27 25 0.831064
27 26 0.984698
27 27 0.000000
27 28 0.096388
27 29 0.029925
27 30 0.975602
27 31 0.999086
27 32 0.997433
27 33 0.949286
27 34 0.690668
27 35 0.855444
27 36 0.997433
27 37 0.071949
27 38 0.967602
27 39 0.610510
27 40 0.943131
27 41 0.029925
27 42 0.029925
27 43 0.189109
27 44 0.781351
27 45 0.870414
27 46 0.210224
27 47 0.051779
27 48 0.889496
27 49 0.329464
27 50 0.310464
27 51 0.999390
