0 0 0.000000
0 1 0.035762
0 2 0.060180
0 3 0.999187
0 4 0.967602
0 5 0.984490
0 6 0.999943
0 7 0.998971
0 8 0.982801
0 9 0.997944
0 10 0.990780
0 11 0.051779
0 12 0.606414
0 13 0.846427
0 14 0.980672
0 15 0.391878
0 16 0.999421
0 17 0.329464
0 18 0.949286
0 19 0.996917
0 20 0.999023
0 21 0.082237
0 22 0.071949
0 23 0.999928
0 24 0.998265
0 25 0.999988
0 26 0.029925
0 27 0.023583
0 28 0.988345
0 29 0.011782
0 30 0.372722
0 31 0.999995
0 32 0.987725
0 33 0.992215
0 34 0.999657
0 35 0.029925
0 36 0.996533
0 37 0.999797
0 38 0.096388
0 39 0.965899
0 40 0.719662
0 41 0.994526
0 42 0.920015
0 43 0.991800
0 44 0.108547
0 45 0.945939
0 46 0.949286
0 47 0.719662
0 48 0.998843
0 49 0.999891
0 50 0.590401
0 51 0.979374
0 52 0.687190
0 53 0.998916
0 54 0.905921
0 55 0.517913
0 56 0.996100
0 57 0.005177
0 58 0.987073
0 59 0.998457
0 60 0.983667
0 61 0.943131
0 62 0.998698
0 63 0.999743
0 64 0.989082
0 65 0.998629
0 66 0.051779
0 67 0.999957
0 68 0.999614
0 69 0.060180
0 70 0.999634
0 71 0.831064
0 72 0.985469
0 73 0.995892
0 74 0.778725
0 75 0.967602
0 76 0.999837
0 77 0.268234
0 78 0.071949
0 79 0.703771
0 80 0.990289
0 81 0.999807
0 82 0.998843
0 83 0.949286
0 84 0.993077
0 85 0.998536
0 86 0.983668
0 87 0.999976
0 88 0.963627
0 89 0.980672
0 90 0.517913
0 91 0.999891
0 92 0.989082
0 93 0.268234
0 94 0.999187
0 95 0.993515
0 96 0.989633
0 97 0.969222
0 98 0.967602
0 99 0.071949
1 0 0.035762
1 1 0.000000
1 2 0.974313
1 3 0.410971
1 4 0.999543
1 5 0.999807
1 6 0.994234
1 7 0.831065
1 8 0.915921
1 9 0.999829
1 10 0.329464
1 11 0.997687
1 12 0.999996
1 13 0.029925
1 14 0.517913
1 15 0.477022
1 16 0.999314
1 17 0.975602
1 18 0.828969
1 19 0.828969
1 20 0.997687
1 21 0.108547
1 22 0.999984
1 23 0.743483
1 24 0.997259
1 25 0.870414
1 26 0.999855
1 27 0.889496
1 28 0.082237
1 29 0.882451
1 30 0.029925
1 31 0.513285
1 32 0.005177
1 33 0.995379
1 34 0.957037
1 35 0.999486
1 36 0.998971
1 37 0.189109
1 38 0.910478
1 39 0.310464
1 40 0.978283
1 41 0.997687
1 42 0.999086
1 43 0.882454
1 44 0.453650
1 45 0.997073
1 46 0.096388
1 47 0.999797
1 48 0.999943
1 49 0.999988
1 50 0.999771
1 51 0.573990
1 52 0.855444
1 53 0.535509
1 54 0.989633
1 55 0.820692
1 56 0.189109
1 57 0.972594
1 58 0.961719
1 59 0.999914
1 60 0.051779
1 61 0.994155
1 62 0.959174
1 63 0.517913
1 64 0.982801
1 65 0.999928
1 66 0.731785
1 67 0.998172
1 68 0.992708
1 69 0.838911
1 70 0.005177
1 71 0.928576
1 72 0.999817
1 73 0.096388
1 74 0.189109
1 75 0.659444
1 76 0.310464
1 77 0.071949
1 78 0.978283
1 79 0.999878
1 80 0.029925
1 81 0.949286
1 82 0.071949
1 83 0.820692
1 84 0.434867
1 85 0.949286
1 86 0.978283
1 87 0.999995
1 88 0.372722
1 89 0.993077
1 90 0.071949
1 91 0.994526
1 92 0.915921
1 93 0.999855
1 94 0.019299
1 95 0.970761
1 96 0.988501
1 97 0.974313
1 98 0.812062
1 99 0.573990
2 0 0.060180
2 1 0.974313
2 2 0.000000
2 3 0.995133
2 4 0.994156
2 5 0.998629
2 6 0.035762
2 7 0.997530
2 8 0.894801
2 9 0.305549
2 10 0.999783
2 11 0.999971
2 12 0.959174
2 13 0.999999
2 14 0.996708
2 15 0.998971
2 16 0.899865
2 17 0.138922
2 18 0.989082
2 19 0.999314
2 20 0.138922
2 21 0.051779
2 22 0.980411
2 23 0.999952
2 24 0.998629
2 25 0.984490
2 26 0.286770
2 27 0.986202
2 28 0.999421
2 29 0.108547
2 30 0.997398
2 31 0.999829
2 32 0.051779
2 33 0.939390
2 34 0.999943
2 35 0.029925
2 36 0.965441
2 37 0.477022
2 38 0.803068
2 39 0.996532
2 40 0.268234
2 41 0.993844
2 42 0.989633
2 43 0.961718
2 44 0.998457
2 45 0.005177
2 46 0.138922
2 47 0.286770
2 48 0.082237
2 49 0.990780
2 50 0.999132
2 51 0.994873
2 52 0.999904
2 53 0.999390
2 54 0.999314
2 55 0.998843
2 56 0.999999
2 57 0.882454
2 58 0.029925
2 59 0.495294
2 60 0.999979
2 61 0.862254
2 62 0.029925
2 63 0.029925
2 64 0.985469
2 65 0.985469
2 66 0.987725
2 67 0.999228
2 68 0.991800
2 69 0.999743
2 70 0.051779
2 71 0.989633
2 72 0.991800
2 73 0.999314
2 74 0.999848
2 75 0.477022
2 76 0.862254
2 77 0.998629
2 78 0.999999
2 79 0.943131
2 80 0.719662
2 81 0.928576
2 82 0.029925
2 83 0.029925
2 84 0.831064
2 85 0.189109
2 86 0.108547
2 87 0.995672
2 88 0.051779
2 89 0.940181
2 90 0.910478
2 91 0.971149
2 92 0.949286
2 93 0.822878
2 94 0.029925
2 95 0.998629
2 96 0.998781
2 97 0.005177
2 98 0.998172
2 99 0.995379
3 0 0.999187
3 1 0.410971
3 2 0.995133
3 3 0.000000
3 4 0.965899
3 5 0.936253
3 6 0.999711
3 7 0.082237
3 8 0.005177
3 9 0.999997
3 10 0.071949
3 11 0.999657
3 12 0.153568
3 13 0.552765
3 14 0.731785
3 15 0.610510
3 16 0.998764
3 17 0.372722
3 18 0.999086
3 19 0.999878
3 20 0.999819
3 21 0.932077
3 22 0.019299
3 23 0.901145
3 24 0.954189
3 25 0.029925
3 26 0.610510
3 27 0.999928
3 28 0.999992
3 29 0.641070
3 30 0.943131
3 31 0.996753
3 32 0.987726
3 33 0.998629
3 34 0.992708
3 35 0.920015
3 36 0.999390
3 37 0.998971
3 38 0.535509
3 39 0.731785
3 40 0.999891
3 41 0.999973
3 42 0.690668
3 43 0.936253
3 44 0.227550
3 45 0.949286
3 46 0.998629
3 47 0.999486
3 48 0.812062
3 49 0.703771
3 50 0.940181
3 51 0.915921
3 52 0.990780
3 53 0.997834
3 54 0.943131
3 55 0.999512
3 56 0.939390
3 57 0.928576
3 58 0.846427
3 59 0.329464
3 60 0.138922
3 61 0.983667
3 62 0.477022
3 63 0.999931
3 64 0.999994
3 65 0.035762
3 66 0.911627
3 67 0.051779
3 68 0.071949
3 69 0.999797
3 70 0.071949
3 71 0.172989
3 72 0.848329
3 73 0.951798
3 74 0.920015
3 75 0.831065
3 76 0.993516
3 77 0.997398
3 78 0.999980
3 79 0.477022
3 80 0.641070
3 81 0.963627
3 82 0.245316
3 83 1.000000
3 84 0.029925
3 85 0.391878
3 86 0.495295
3 87 0.011782
3 88 0.940181
3 89 0.969629
3 90 0.029925
3 91 0.071949
3 92 0.954189
3 93 0.999614
3 94 0.959712
3 95 1.000000
3 96 0.992708
3 97 0.999919
3 98 0.999421
3 99 0.910477
4 0 0.967602
4 1 0.999543
4 2 0.994156
4 3 0.965899
4 4 0.000000
4 5 0.005177
4 6 0.029925
4 7 0.172989
4 8 0.138922
4 9 0.477022
4 10 0.791203
4 11 0.987726
4 12 0.999756
4 13 0.659444
4 14 0.434867
4 15 0.996100
4 16 0.029925
4 17 0.967602
4 18 0.999314
4 19 0.915921
4 20 0.998628
4 21 0.372722
4 22 0.999966
4 23 0.855444
4 24 0.999943
4 25 0.862254
4 26 0.999543
4 27 0.998265
4 28 0.997563
4 29 0.992609
4 30 0.999828
4 31 0.999268
4 32 0.971149
4 33 0.189109
4 34 0.768376
4 35 0.999936
4 36 0.963627
4 37 0.862254
4 38 0.060180
4 39 0.071949
4 40 0.999932
4 41 0.029925
4 42 0.846427
4 43 0.999891
4 44 0.981645
4 45 0.982569
4 46 0.999314
4 47 0.983668
4 48 0.998172
4 49 0.019299
4 50 0.999914
4 51 0.227550
4 52 0.108547
4 53 0.998843
4 54 0.082237
4 55 0.998629
4 56 0.992708
4 57 0.998375
4 58 0.980411
4 59 0.951799
4 60 0.189109
4 61 0.434867
4 62 0.659444
4 63 0.928576
4 64 0.999968
4 65 0.138922
4 66 0.999996
4 67 0.999458
4 68 0.982568
4 69 0.071949
4 70 0.006763
4 71 0.999512
4 72 0.997398
4 73 0.999964
4 74 0.610510
4 75 0.791203
4 76 0.227550
4 77 0.096388
4 78 0.071949
4 79 0.965899
4 80 0.434867
4 81 0.999314
4 82 0.987725
4 83 0.999593
4 84 0.071949
4 85 0.882454
4 86 0.945939
4 87 0.999971
4 88 0.029925
4 89 0.988344
4 90 0.998265
4 91 0.227550
4 92 0.995614
4 93 0.999707
4 94 0.138922
4 95 0.971149
4 96 0.552765
4 97 0.999891
4 98 0.984698
4 99 0.997259
5 0 0.984490
5 1 0.999807
5 2 0.998629
5 3 0.936253
5 4 0.005177
5 5 0.000000
5 6 0.719662
5 7 0.982801
5 8 1.000000
5 9 0.999871
5 10 0.995836
5 11 0.997944
5 12 0.862254
5 13 0.019299
5 14 0.051779
5 15 0.998629
5 16 0.989633
5 17 0.936253
5 18 0.071949
5 19 0.999871
5 20 0.812062
5 21 0.029925
5 22 0.936253
5 23 0.999878
5 24 0.991363
5 25 0.996347
5 26 0.626001
5 27 0.029925
5 28 0.477022
5 29 0.348574
5 30 0.986202
5 31 0.006763
5 32 0.999349
5 33 0.997563
5 34 0.999936
5 35 0.965899
5 36 0.989082
5 37 0.982569
5 38 0.911627
5 39 0.999390
5 40 0.997398
5 41 0.999277
5 42 0.286771
5 43 0.096388
5 44 0.687189
5 45 0.998971
5 46 0.905921
5 47 0.939390
5 48 0.999995
5 49 0.035762
5 50 0.172989
5 51 0.372722
5 52 0.905921
5 53 0.310464
5 54 0.948612
5 55 0.992708
5 56 0.951799
5 57 0.138922
5 58 0.993844
5 59 0.659444
5 60 0.999783
5 61 0.995133
5 62 0.029925
5 63 0.997687
5 64 0.945939
5 65 0.905921
5 66 0.993844
5 67 0.998535
5 68 0.999983
5 69 0.999904
5 70 0.998827
5 71 0.997563
5 72 0.093360
5 73 0.011782
5 74 0.999458
5 75 0.991800
5 76 0.138922
5 77 0.846426
5 78 0.310464
5 79 0.019299
5 80 0.005177
5 81 0.888076
5 82 0.999421
5 83 0.138922
5 84 0.434867
5 85 0.978283
5 86 0.227550
5 87 0.997944
5 88 0.999783
5 89 0.838911
5 90 0.997944
5 91 0.990157
5 92 0.999566
5 93 0.227550
5 94 0.108547
5 95 0.227550
5 96 0.999228
5 97 0.999914
5 98 0.996347
5 99 0.889496
6 0 0.999943
6 1 0.994234
6 2 0.035762
6 3 0.999711
6 4 0.029925
6 5 0.719662
6 6 0.000000
6 7 0.227550
6 8 0.991800
6 9 0.932076
6 10 0.029925
6 11 0.915921
6 12 0.999957
6 13 0.731785
6 14 0.996100
6 15 0.610510
6 16 0.846427
6 17 0.993844
6 18 0.963627
6 19 0.980672
6 20 0.998172
6 21 0.997563
6 22 0.108547
6 23 0.105307
6 24 0.999829
6 25 0.990780
6 26 0.791203
6 27 0.954190
6 28 0.905921
6 29 0.998629
6 30 0.998265
6 31 0.997944
6 32 0.138922
6 33 0.329464
6 34 0.108547
6 35 0.999952
6 36 0.983667
6 37 0.999923
6 38 0.972594
6 39 0.778725
6 40 0.993077
6 41 0.138922
6 42 0.997113
6 43 0.974313
6 44 0.999986
6 45 0.831064
6 46 0.999995
6 47 0.019299
6 48 0.961718
6 49 0.991800
6 50 0.035762
6 51 0.071949
6 52 0.999588
6 53 0.268234
6 54 0.987073
6 55 0.998957
6 56 0.719662
6 57 0.971149
6 58 0.997687
6 59 0.997259
6 60 0.999914
6 61 0.999828
6 62 0.999946
6 63 0.967602
6 64 0.590401
6 65 0.138922
6 66 0.172989
6 67 0.999024
6 68 0.999968
6 69 0.999898
6 70 0.986202
6 71 0.984491
6 72 0.999086
6 73 0.987725
6 74 0.108547
6 75 0.996917
6 76 0.096388
6 77 0.305549
6 78 0.999593
6 79 0.994155
6 80 0.655708
6 81 0.999987
6 82 0.610510
6 83 0.995379
6 84 0.959174
6 85 0.029925
6 86 0.071949
6 87 0.005177
6 88 0.998971
6 89 0.096388
6 90 0.957037
6 91 0.965899
6 92 0.975602
6 93 0.983668
6 94 0.999024
6 95 0.987726
6 96 0.997944
6 97 0.999421
6 98 0.999725
6 99 0.996100
7 0 0.998971
7 1 0.831065
7 2 0.997530
7 3 0.082237
7 4 0.172989
7 5 0.982801
7 6 0.227550
7 7 0.000000
7 8 0.029925
7 9 0.924902
7 10 0.453650
7 11 0.573990
7 12 0.573990
7 13 0.995892
7 14 0.876570
7 15 0.999657
7 16 0.999771
7 17 0.415919
7 18 0.991800
7 19 0.996917
7 20 0.329464
7 21 0.029925
7 22 0.996152
7 23 0.108547
7 24 0.999994
7 25 0.005177
7 26 0.996532
7 27 0.108547
7 28 0.019299
7 29 0.310464
7 30 0.993515
7 31 0.980411
7 32 0.002681
7 33 0.029925
7 34 0.998699
7 35 0.641070
7 36 0.994803
7 37 0.995672
7 38 0.029925
7 39 0.882454
7 40 0.731785
7 41 0.998048
7 42 0.029925
7 43 0.245316
7 44 0.999987
7 45 0.223001
7 46 0.998048
7 47 0.245316
7 48 0.999024
7 49 0.189109
7 50 0.071949
7 51 0.951799
7 52 0.992708
7 53 0.999588
7 54 0.967602
7 55 0.011782
7 56 0.998902
7 57 0.029925
7 58 0.005177
7 59 0.268234
7 60 0.981397
7 61 0.268234
7 62 0.996708
7 63 0.999971
7 64 0.999807
7 65 0.071949
7 66 0.999024
7 67 0.286770
7 68 0.999848
7 69 0.999421
7 70 0.998956
7 71 0.011782
7 72 0.997259
7 73 0.928576
7 74 0.965899
7 75 0.999977
7 76 0.996917
7 77 0.999964
7 78 0.029925
7 79 0.991800
7 80 0.998375
7 81 0.999228
7 82 0.999914
7 83 0.882454
7 84 0.967602
7 85 0.998457
7 86 0.999634
7 87 0.999349
7 88 0.029925
7 89 0.999994
7 90 0.071949
7 91 0.838911
7 92 0.989082
7 93 0.985469
7 94 0.999566
7 95 0.999756
7 96 0.168897
7 97 0.999593
7 98 0.999657
7 99 0.999982
8 0 0.982801
8 1 0.915921
8 2 0.894801
8 3 0.005177
8 4 0.138922
8 5 1.000000
8 6 0.991800
8 7 0.029925
8 8 0.000000
8 9 0.189109
8 10 0.768376
8 11 0.999566
8 12 0.051779
8 13 0.998916
8 14 0.981645
8 15 0.957037
8 16 0.999914
8 17 0.990289
8 18 0.945939
8 19 0.310464
8 20 0.997073
8 21 0.999512
8 22 0.019299
8 23 0.987073
8 24 0.995892
8 25 0.997944
8 26 0.757621
8 27 0.998375
8 28 0.096388
8 29 0.987073
8 30 0.996347
8 31 0.453650
8 32 0.982801
8 33 0.994155
8 34 0.999972
8 35 0.932077
8 36 0.999657
8 37 0.981645
8 38 0.997259
8 39 0.172989
8 40 0.999919
8 41 0.924902
8 42 0.029925
8 43 0.986202
8 44 0.035762
8 45 0.993516
8 46 0.477022
8 47 0.999983
8 48 0.029925
8 49 0.961718
8 50 0.998265
8 51 0.415919
8 52 0.812062
8 53 0.999991
8 54 0.999132
8 55 0.093360
8 56 0.988501
8 57 0.999674
8 58 0.999982
8 59 0.948613
8 60 0.268234
8 61 0.951799
8 62 0.781351
8 63 0.998843
8 64 0.967602
8 65 0.999914
8 66 0.979374
8 67 0.999968
8 68 0.999314
8 69 0.557193
8 70 0.932960
8 71 0.991800
8 72 0.980672
8 73 0.939391
8 74 0.997563
8 75 0.743482
8 76 0.996708
8 77 0.415919
8 78 0.743482
8 79 0.995613
8 80 0.997944
8 81 0.573990
8 82 0.954792
8 83 0.998628
8 84 0.029925
8 85 0.995892
8 86 0.992708
8 87 0.951799
8 88 0.993844
8 89 0.809759
8 90 0.949286
8 91 0.992215
8 92 0.999986
8 93 0.573990
8 94 0.963627
8 95 0.920015
8 96 0.999924
8 97 0.096388
8 98 0.996532
8 99 0.716439
9 0 0.997944
9 1 0.999829
9 2 0.305549
9 3 0.999997
9 4 0.477022
9 5 0.999871
9 6 0.932076
9 7 0.924902
9 8 0.189109
9 9 0.000000
9 10 0.982569
9 11 0.831064
9 12 0.982569
9 13 0.659444
9 14 0.936253
9 15 0.513285
9 16 0.716439
9 17 0.977135
9 18 0.999936
9 19 0.626002
9 20 0.994155
9 21 0.990780
9 22 0.051779
9 23 0.972594
9 24 0.998916
9 25 0.324510
9 26 0.993427
9 27 0.071949
9 28 0.998375
9 29 0.915921
9 30 0.981645
9 31 0.590401
9 32 0.999932
9 33 0.995379
9 34 0.997563
9 35 0.999855
9 36 0.535509
9 37 0.071949
9 38 0.999176
9 39 0.951799
9 40 0.071949
9 41 0.071949
9 42 0.999023
9 43 0.998698
9 44 0.998629
9 45 0.051779
9 46 0.999783
9 47 0.999997
9 48 0.477022
9 49 0.495294
9 50 0.227550
9 51 0.996532
9 52 0.006763
9 53 0.999962
9 54 0.590401
9 55 0.268234
9 56 0.975602
9 57 0.997398
9 58 0.023583
9 59 0.992708
9 60 0.995613
9 61 0.071949
9 62 0.477022
9 63 0.999968
9 64 0.972594
9 65 0.999837
9 66 0.731785
9 67 0.999634
9 68 0.690668
9 69 0.029925
9 70 0.552765
9 71 0.996917
9 72 0.959174
9 73 0.876571
9 74 0.998698
9 75 0.998971
9 76 0.924902
9 77 0.951799
9 78 0.999695
9 79 0.999943
9 80 0.035762
9 81 0.889496
9 82 0.975602
9 83 0.838911
9 84 0.005177
9 85 0.372722
9 86 0.999955
9 87 0.987725
9 88 0.975602
9 89 0.778725
9 90 0.998457
9 91 0.096388
9 92 0.957037
9 93 0.029925
9 94 0.999855
9 95 1.000000
9 96 0.189109
9 97 0.757621
9 98 0.372722
9 99 0.997944
10 0 0.990780
10 1 0.329464
10 2 0.999783
10 3 0.071949
10 4 0.791203
10 5 0.995836
10 6 0.029925
10 7 0.453650
10 8 0.768376
10 9 0.982569
10 10 0.000000
10 11 0.029925
10 12 0.905921
10 13 0.948613
10 14 0.986898
10 15 0.051779
10 16 0.993844
10 17 0.999228
10 18 0.999486
10 19 0.911627
10 20 0.728674
10 21 0.996753
10 22 0.943131
10 23 0.991800
10 24 0.965899
10 25 0.977134
10 26 0.011782
10 27 0.108547
10 28 0.999543
10 29 0.019299
10 30 0.096388
10 31 0.227550
10 32 0.999421
10 33 0.029925
10 34 0.989082
10 35 0.042353
10 36 0.876570
10 37 0.005177
10 38 0.999073
10 39 0.985469
10 40 0.999991
10 41 0.883941
10 42 0.994155
10 43 0.999997
10 44 0.975602
10 45 0.894800
10 46 0.975602
10 47 0.997687
10 48 0.029925
10 49 0.071949
10 50 0.029925
10 51 0.836903
10 52 0.911627
10 53 0.999485
10 54 0.997398
10 55 0.995672
10 56 0.997398
10 57 0.997687
10 58 0.005177
10 59 0.990780
10 60 0.999936
10 61 0.999878
10 62 0.999486
10 63 0.999878
10 64 0.928576
10 65 0.812062
10 66 0.997943
10 67 0.954189
10 68 0.998172
10 69 0.329464
10 70 0.138922
10 71 0.986202
10 72 0.831064
10 73 0.138922
10 74 0.985469
10 75 0.610510
10 76 0.997398
10 77 0.999783
10 78 0.882454
10 79 0.999023
10 80 0.997944
10 81 0.641070
10 82 0.994803
10 83 0.415919
10 84 0.716439
10 85 0.987073
10 86 0.999957
10 87 0.971149
10 88 0.999991
10 89 0.999931
10 90 0.999976
10 91 0.987073
10 92 0.029925
10 93 0.998172
10 94 0.972594
10 95 0.999928
10 96 0.999390
10 97 0.781351
10 98 0.989082
10 99 0.998698
11 0 0.051779
11 1 0.997687
11 2 0.999971
11 3 0.999657
11 4 0.987726
11 5 0.997944
11 6 0.915921
11 7 0.573990
11 8 0.999566
11 9 0.831064
11 10 0.029925
11 11 0.000000
11 12 0.993077
11 13 0.305549
11 14 0.999674
11 15 0.138922
11 16 0.992708
11 17 0.974313
11 18 0.791203
11 19 0.019299
11 20 0.999771
11 21 0.915921
11 22 0.999910
11 23 0.969221
11 24 0.071949
11 25 0.703771
11 26 0.997398
11 27 0.998971
11 28 0.997398
11 29 0.963627
11 30 0.988345
11 31 0.894801
11 32 0.060180
11 33 0.108547
11 34 0.189109
11 35 0.996347
11 36 0.982801
11 37 0.963627
11 38 0.978283
11 39 0.998457
11 40 0.943131
11 41 0.999657
11 42 0.997563
11 43 0.999614
11 44 0.992708
11 45 0.838911
11 46 0.286770
11 47 0.988934
11 48 0.268234
11 49 0.999848
11 50 0.945939
11 51 0.305549
11 52 0.998265
11 53 0.372722
11 54 0.998353
11 55 0.060180
11 56 0.965899
11 57 0.831064
11 58 0.981645
11 59 0.978283
11 60 0.071949
11 61 0.982801
11 62 0.936254
11 63 0.998764
11 64 0.963627
11 65 0.453650
11 66 0.855444
11 67 0.943131
11 68 0.071949
11 69 0.268234
11 70 0.999458
11 71 0.996917
11 72 0.969629
11 73 0.981397
11 74 0.998172
11 75 0.991363
11 76 0.415919
11 77 1.000000
11 78 0.998902
11 79 0.986202
11 80 0.495294
11 81 0.883941
11 82 0.999968
11 83 0.999349
11 84 0.999986
11 85 0.963627
11 86 0.189109
11 87 0.029925
11 88 0.227550
11 89 0.434867
11 90 0.999132
11 91 0.716439
11 92 0.999886
11 93 0.286770
11 94 0.245316
11 95 0.096388
11 96 0.768376
11 97 0.999864
11 98 0.996347
11 99 0.998629
12 0 0.606414
12 1 0.999996
12 2 0.959174
12 3 0.153568
12 4 0.999756
12 5 0.862254
12 6 0.999957
12 7 0.573990
12 8 0.051779
12 9 0.982569
12 10 0.905921
12 11 0.993077
12 12 0.000000
12 13 0.998971
12 14 0.029925
12 15 0.855444
12 16 0.901145
12 17 0.996100
12 18 0.019299
12 19 0.071949
12 20 0.990780
12 21 0.703771
12 22 0.268234
12 23 0.453650
12 24 0.993516
12 25 0.999987
12 26 0.096388
12 27 0.029925
12 28 0.005177
12 29 0.367737
12 30 0.965441
12 31 0.994526
12 32 0.924902
12 33 0.999848
12 34 0.999657
12 35 0.071949
12 36 0.957037
12 37 0.910478
12 38 0.987725
12 39 0.051779
12 40 0.286770
12 41 0.999132
12 42 0.997687
12 43 0.981645
12 44 0.999987
12 45 0.029925
12 46 0.138922
12 47 0.963627
12 48 0.051779
12 49 0.999349
12 50 0.997834
12 51 0.990289
12 52 0.943131
12 53 0.985272
12 54 0.820692
12 55 0.924902
12 56 0.172989
12 57 0.051779
12 58 0.641071
12 59 0.991800
12 60 0.999807
12 61 0.477022
12 62 0.997259
12 63 0.673535
12 64 0.991363
12 65 0.969221
12 66 0.071949
12 67 0.994234
12 68 0.172989
12 69 0.690668
12 70 0.932960
12 71 0.988501
12 72 0.999871
12 73 0.980672
12 74 1.000000
12 75 0.999807
12 76 0.108547
12 77 0.928576
12 78 0.999871
12 79 0.999962
12 80 0.999940
12 81 0.957037
12 82 0.924902
12 83 0.870414
12 84 0.996347
12 85 0.995379
12 86 0.610510
12 87 0.029925
12 88 0.227550
12 89 0.899867
12 90 0.932077
12 91 0.999614
12 92 0.998265
12 93 0.051779
12 94 0.999999
12 95 0.848329
12 96 0.896141
12 97 0.889496
12 98 0.999421
12 99 0.959174
13 0 0.846427
13 1 0.029925
13 2 0.999999
13 3 0.552765
13 4 0.659444
13 5 0.019299
13 6 0.731785
13 7 0.995892
13 8 0.998916
13 9 0.659444
13 10 0.948613
13 11 0.305549
13 12 0.998971
13 13 0.000000
13 14 0.731785
13 15 0.069412
13 16 0.963627
13 17 0.998629
13 18 0.997563
13 19 0.610510
13 20 0.957037
13 21 0.997398
13 22 0.999991
13 23 0.997259
13 24 0.245316
13 25 0.985469
13 26 0.999971
13 27 0.690668
13 28 0.189109
13 29 0.014763
13 30 0.999946
13 31 0.329464
13 32 0.659444
13 33 0.189109
13 34 0.990780
13 35 0.989082
13 36 0.997259
13 37 0.135231
13 38 0.410971
13 39 0.999855
13 40 0.999187
13 41 0.434867
13 42 0.991800
13 43 0.999566
13 44 0.979374
13 45 0.993077
13 46 0.876570
13 47 0.610510
13 48 0.983668
13 49 0.928576
13 50 0.626002
13 51 0.876570
13 52 0.999943
13 53 0.028526
13 54 0.329464
13 55 0.998147
13 56 0.703771
13 57 0.901145
13 58 0.731785
13 59 0.997804
13 60 0.019299
13 61 0.999594
13 62 0.999609
13 63 0.029925
13 64 0.848329
13 65 0.987726
13 66 0.820692
13 67 0.690668
13 68 0.990780
13 69 0.999837
13 70 0.590401
13 71 0.995066
13 72 0.060180
13 73 0.999486
13 74 0.963626
13 75 1.000000
13 76 0.659444
13 77 0.998375
13 78 0.949286
13 79 0.998147
13 80 0.029925
13 81 0.999228
13 82 0.812062
13 83 0.978283
13 84 0.901145
13 85 0.367737
13 86 0.998265
13 87 0.976827
13 88 0.999807
13 89 0.999997
13 90 0.999729
13 91 0.981644
13 92 0.997687
13 93 0.573990
13 94 0.286770
13 95 0.967602
13 96 0.992708
13 97 0.998172
13 98 0.974313
13 99 0.781351
14 0 0.980672
14 1 0.517913
14 2 0.996708
14 3 0.731785
14 4 0.434867
14 5 0.051779
14 6 0.996100
14 7 0.876570
14 8 0.981645
14 9 0.936253
14 10 0.986898
14 11 0.999674
14 12 0.029925
14 13 0.731785
14 14 0.000000
14 15 0.189109
14 16 0.920015
14 17 0.989633
14 18 0.626001
14 19 0.999871
14 20 0.999086
14 21 0.096388
14 22 0.690668
14 23 0.985469
14 24 0.999979
14 25 0.998843
14 26 0.924902
14 27 0.019299
14 28 0.981645
14 29 0.932960
14 30 0.005177
14 31 0.993077
14 32 0.993516
14 33 0.768376
14 34 0.899866
14 35 0.999994
14 36 0.992708
14 37 0.999743
14 38 0.994155
14 39 0.967602
14 40 0.517913
14 41 0.019299
14 42 0.495294
14 43 0.990289
14 44 0.029925
14 45 0.172989
14 46 0.998972
14 47 0.060180
14 48 0.972594
14 49 0.999988
14 50 0.999898
14 51 0.863976
14 52 0.831064
14 53 0.985469
14 54 0.997687
14 55 0.108547
14 56 0.993844
14 57 0.999543
14 58 0.138922
14 59 0.965441
14 60 0.995892
14 61 0.838911
14 62 0.410971
14 63 0.999228
14 64 0.005177
14 65 0.172989
14 66 0.029925
14 67 0.978283
14 68 0.999996
14 69 0.812062
14 70 0.999566
14 71 0.051779
14 72 0.999176
14 73 0.029925
14 74 0.889496
14 75 0.982569
14 76 0.961718
14 77 0.029925
14 78 0.019299
14 79 0.998172
14 80 0.985469
14 81 0.788683
14 82 0.641070
14 83 0.998048
14 84 0.986202
14 85 0.999997
14 86 0.972594
14 87 0.993424
14 88 0.999914
14 89 0.071949
14 90 0.999837
14 91 0.453650
14 92 0.998375
14 93 0.996917
14 94 0.967602
14 95 0.998265
14 96 0.983668
14 97 0.791203
14 98 0.996532
14 99 0.998843
15 0 0.391878
15 1 0.477022
15 2 0.998971
15 3 0.610510
15 4 0.996100
15 5 0.998629
15 6 0.610510
15 7 0.999657
15 8 0.957037
15 9 0.513285
15 10 0.051779
15 11 0.138922
15 12 0.855444
15 13 0.069412
15 14 0.189109
15 15 0.000000
15 16 0.590401
15 17 0.019299
15 18 0.999936
15 19 0.999984
15 20 0.138922
15 21 0.348574
15 22 0.949286
15 23 0.005177
15 24 0.972594
15 25 0.982569
15 26 0.812062
15 27 0.768376
15 28 0.992215
15 29 0.999863
15 30 0.011782
15 31 0.994803
15 32 0.974313
15 33 0.268234
15 34 0.138922
15 35 0.189109
15 36 0.999228
15 37 0.189109
15 38 0.367737
15 39 0.800669
15 40 0.870414
15 41 0.731785
15 42 0.998265
15 43 0.965442
15 44 0.999674
15 45 0.268234
15 46 0.999421
15 47 0.029925
15 48 0.994803
15 49 0.791203
15 50 0.019299
15 51 0.590401
15 52 0.855444
15 53 0.999908
15 54 0.995892
15 55 0.071949
15 56 0.939390
15 57 0.870414
15 58 0.999085
15 59 0.999928
15 60 0.268234
15 61 0.945939
15 62 0.071949
15 63 0.846427
15 64 0.999946
15 65 0.108547
15 66 0.391878
15 67 0.993516
15 68 0.999314
15 69 0.995379
15 70 0.993077
15 71 0.998971
15 72 0.227550
15 73 0.999943
15 74 0.982801
15 75 0.992708
15 76 0.019299
15 77 0.999995
15 78 0.029925
15 79 0.998971
15 80 0.791202
15 81 0.557193
15 82 0.899866
15 83 0.051779
15 84 0.989633
15 85 0.991363
15 86 0.995379
15 87 0.998353
15 88 0.989082
15 89 0.051779
15 90 0.894801
15 91 0.138922
15 92 1.000000
15 93 0.954792
15 94 0.051779
15 95 0.999390
15 96 0.998265
15 97 0.569659
15 98 0.998048
15 99 0.391878
16 0 0.999421
16 1 0.999314
16 2 0.899865
16 3 0.998764
16 4 0.029925
16 5 0.989633
16 6 0.846427
16 7 0.999771
16 8 0.999914
16 9 0.716439
16 10 0.993844
16 11 0.992708
16 12 0.901145
16 13 0.963627
16 14 0.920015
16 15 0.590401
16 16 0.000000
16 17 0.999968
16 18 0.108547
16 19 0.121504
16 20 0.999349
16 21 0.687190
16 22 0.999268
16 23 0.743482
16 24 0.999957
16 25 0.999132
16 26 0.703771
16 27 0.690668
16 28 0.029925
16 29 0.998629
16 30 0.959174
16 31 0.924902
16 32 0.138922
16 33 0.997398
16 34 0.896141
16 35 0.997804
16 36 0.997113
16 37 0.999904
16 38 0.453650
16 39 0.996100
16 40 0.997687
16 41 0.999903
16 42 0.996917
16 43 0.948613
16 44 0.838911
16 45 0.820692
16 46 0.108547
16 47 0.989633
16 48 0.999999
16 49 0.812062
16 50 0.965899
16 51 0.029925
16 52 0.659444
16 53 0.998971
16 54 0.138922
16 55 0.071949
16 56 0.990780
16 57 0.862254
16 58 0.997563
16 59 0.999695
16 60 0.019299
16 61 0.610510
16 62 0.961718
16 63 0.495294
16 64 0.019299
16 65 0.974313
16 66 0.997687
16 67 0.975602
16 68 0.286770
16 69 0.995892
16 70 0.993844
16 71 0.999314
16 72 0.002681
16 73 0.999614
16 74 0.189109
16 75 0.610510
16 76 0.626001
16 77 0.999864
16 78 0.999999
16 79 0.189109
16 80 0.121504
16 81 0.999228
16 82 0.029925
16 83 0.227550
16 84 0.999928
16 85 0.999810
16 86 0.995133
16 87 0.286770
16 88 0.999871
16 89 0.999952
16 90 0.703771
16 91 0.996533
16 92 0.999998
16 93 0.995613
16 94 0.848329
16 95 0.963627
16 96 0.626001
16 97 0.268234
16 98 0.998629
16 99 0.998781
17 0 0.329464
17 1 0.975602
17 2 0.138922
17 3 0.372722
17 4 0.967602
17 5 0.936253
17 6 0.993844
17 7 0.415919
17 8 0.990289
17 9 0.977135
17 10 0.999228
17 11 0.974313
17 12 0.996100
17 13 0.998629
17 14 0.989633
17 15 0.019299
17 16 0.999968
17 17 0.000000
17 18 0.972594
17 19 0.963627
17 20 0.961718
17 21 0.989772
17 22 0.990779
17 23 0.082237
17 24 0.979374
17 25 0.051779
17 26 0.995379
17 27 0.979374
17 28 0.189109
17 29 0.999995
17 30 0.870414
17 31 0.996917
17 32 0.999458
17 33 0.999073
17 34 0.472230
17 35 0.848329
17 36 0.985469
17 37 0.731785
17 38 0.716439
17 39 0.911627
17 40 0.995133
17 41 0.999871
17 42 0.889496
17 43 0.391878
17 44 0.998916
17 45 0.108547
17 46 0.014763
17 47 0.999848
17 48 0.138922
17 49 0.820692
17 50 0.999848
17 51 1.000000
17 52 0.641070
17 53 0.986202
17 54 0.800669
17 55 0.060180
17 56 0.415919
17 57 0.415919
17 58 0.932960
17 59 0.673535
17 60 0.862254
17 61 0.999855
17 62 0.011782
17 63 0.863976
17 64 0.999485
17 65 0.019299
17 66 0.989082
17 67 0.999314
17 68 0.993844
17 69 0.757621
17 70 0.731785
17 71 0.957037
17 72 0.996532
17 73 0.943131
17 74 0.915921
17 75 0.999187
17 76 0.999919
17 77 0.028526
17 78 0.999999
17 79 0.994526
17 80 0.999421
17 81 0.990289
17 82 0.999952
17 83 0.029925
17 84 0.434867
17 85 0.945939
17 86 0.517913
17 87 0.999132
17 88 0.998457
17 89 0.757621
17 90 0.999928
17 91 0.999986
17 92 0.924902
17 93 0.999486
17 94 0.999566
17 95 0.901145
17 96 0.999999
17 97 0.606413
17 98 0.791203
17 99 0.996917
18 0 0.949286
18 1 0.828969
18 2 0.989082
18 3 0.999086
18 4 0.999314
18 5 0.071949
18 6 0.963627
18 7 0.991800
18 8 0.945939
18 9 0.999936
18 10 0.999486
18 11 0.791203
18 12 0.019299
18 13 0.997563
18 14 0.626001
18 15 0.999936
18 16 0.108547
18 17 0.972594
18 18 0.000000
18 19 0.965899
18 20 0.997804
18 21 0.716439
18 22 0.011782
18 23 0.990780
18 24 0.051779
18 25 0.121504
18 26 0.990780
18 27 0.999936
18 28 0.995379
18 29 0.987725
18 30 0.626001
18 31 0.998610
18 32 0.996100
18 33 0.999968
18 34 0.999886
18 35 0.997563
18 36 0.932960
18 37 0.227550
18 38 0.998457
18 39 0.994803
18 40 0.954792
18 41 0.862254
18 42 0.996347
18 43 0.812062
18 44 0.870414
18 45 0.982569
18 46 0.391878
18 47 0.889496
18 48 0.995379
18 49 0.227550
18 50 0.999982
18 51 0.994803
18 52 0.138922
18 53 0.995067
18 54 0.965898
18 55 0.999566
18 56 0.996917
18 57 0.994526
18 58 0.998555
18 59 0.644918
18 60 0.954792
18 61 0.993077
18 62 0.954792
18 63 0.372722
18 64 0.972594
18 65 0.997916
18 66 0.019299
18 67 0.999959
18 68 0.990289
18 69 0.945939
18 70 0.998375
18 71 0.172989
18 72 0.434867
18 73 0.659444
18 74 0.999634
18 75 0.005177
18 76 0.999928
18 77 0.999674
18 78 0.831064
18 79 0.905921
18 80 0.731785
18 81 0.992708
18 82 0.967602
18 83 0.995892
18 84 0.995133
18 85 0.915921
18 86 0.993844
18 87 0.972594
18 88 0.985469
18 89 0.999995
18 90 0.991800
18 91 0.889496
18 92 0.957037
18 93 0.951799
18 94 0.812062
18 95 0.862254
18 96 0.999132
18 97 0.029925
18 98 0.011782
18 99 0.999390
19 0 0.996917
19 1 0.828969
19 2 0.999314
19 3 0.999878
19 4 0.915921
19 5 0.999871
19 6 0.980672
19 7 0.996917
19 8 0.310464
19 9 0.626002
19 10 0.911627
19 11 0.019299
19 12 0.071949
19 13 0.610510
19 14 0.999871
19 15 0.999984
19 16 0.121504
19 17 0.963627
19 18 0.965899
19 19 0.000000
19 20 0.778726
19 21 0.812062
19 22 0.999863
19 23 0.992708
19 24 0.005177
19 25 0.051779
19 26 0.995379
19 27 0.999657
19 28 0.855444
19 29 0.901145
19 30 0.996532
19 31 0.791203
19 32 0.997259
19 33 0.999543
19 34 0.999566
19 35 0.932077
19 36 0.800668
19 37 0.999729
19 38 0.286770
19 39 0.029925
19 40 0.838911
19 41 0.846427
19 42 0.993844
19 43 0.995379
19 44 0.981645
19 45 0.778726
19 46 0.999085
19 47 0.573990
19 48 0.172989
19 49 0.372722
19 50 0.329464
19 51 0.954188
19 52 0.172989
19 53 0.994155
19 54 0.994526
19 55 0.477022
19 56 0.995379
19 57 0.005177
19 58 0.998457
19 59 0.999421
19 60 0.997073
19 61 0.999996
19 62 0.868768
19 63 0.889496
19 64 0.999848
19 65 0.993844
19 66 0.999421
19 67 0.996753
19 68 0.108547
19 69 0.999695
19 70 0.963627
19 71 0.051779
19 72 0.978283
19 73 0.138922
19 74 0.949286
19 75 0.082237
19 76 0.051779
19 77 0.997944
19 78 0.961206
19 79 0.641070
19 80 0.992215
19 81 0.984489
19 82 0.987726
19 83 0.996917
19 84 0.986202
19 85 0.999848
19 86 0.029925
19 87 0.172989
19 88 0.991800
19 89 0.996100
19 90 0.990289
19 91 0.987726
19 92 0.999928
19 93 0.997687
19 94 0.989633
19 95 0.999639
19 96 0.644918
19 97 0.999998
19 98 0.071949
19 99 0.988345
20 0 0.999023
20 1 0.997687
20 2 0.138922
20 3 0.999819
20 4 0.998628
20 5 0.812062
20 6 0.998172
20 7 0.329464
20 8 0.997073
20 9 0.994155
20 10 0.728674
20 11 0.999771
20 12 0.990780
20 13 0.957037
20 14 0.999086
20 15 0.138922
20 16 0.999349
20 17 0.961718
20 18 0.997804
20 19 0.778726
20 20 0.000000
20 21 0.993516
20 22 0.999999
20 23 0.998843
20 24 0.002681
20 25 0.434867
20 26 0.812062
20 27 0.138922
20 28 0.997687
20 29 0.071949
20 30 0.992215
20 31 0.391878
20 32 0.949286
20 33 0.999898
20 34 0.659444
20 35 0.096388
20 36 0.915921
20 37 0.993515
20 38 0.999871
20 39 0.415919
20 40 0.690668
20 41 0.121504
20 42 0.153568
20 43 0.999543
20 44 0.999959
20 45 0.999485
20 46 0.998265
20 47 0.138922
20 48 0.978283
20 49 0.985469
20 50 0.035762
20 51 0.999543
20 52 0.990780
20 53 0.778726
20 54 0.999695
20 55 0.983668
20 56 0.999995
20 57 0.997687
20 58 0.590401
20 59 0.029925
20 60 0.994156
20 61 0.477022
20 62 0.019299
20 63 0.998699
20 64 0.138922
20 65 0.999914
20 66 0.928576
20 67 0.999962
20 68 0.093360
20 69 0.121504
20 70 0.093360
20 71 0.781351
20 72 0.367737
20 73 0.329464
20 74 0.071949
20 75 0.999954
20 76 0.999807
20 77 0.659444
20 78 0.172989
20 79 0.999986
20 80 0.991800
20 81 0.019299
20 82 0.029925
20 83 0.951799
20 84 0.943131
20 85 0.911627
20 86 0.189109
20 87 0.998048
20 88 0.999995
20 89 0.999807
20 90 0.391878
20 91 0.517913
20 92 0.172989
20 93 0.924902
20 94 0.005177
20 95 0.980672
20 96 0.991246
20 97 0.998457
20 98 0.153568
20 99 0.495294
21 0 0.082237
21 1 0.108547
21 2 0.051779
21 3 0.932077
21 4 0.372722
21 5 0.029925
21 6 0.997563
21 7 0.029925
21 8 0.999512
21 9 0.990780
21 10 0.996753
21 11 0.915921
21 12 0.703771
21 13 0.997398
21 14 0.096388
21 15 0.348574
21 16 0.687190
21 17 0.989772
21 18 0.716439
21 19 0.812062
21 20 0.993516
21 21 0.000000
21 22 0.348574
21 23 0.434867
21 24 0.994155
21 25 0.876571
21 26 0.949286
21 27 0.029925
21 28 0.999485
21 29 0.245316
21 30 0.029925
21 31 0.987725
21 32 0.876570
21 33 0.948613
21 34 0.329464
21 35 0.029925
21 36 0.987725
21 37 0.991800
21 38 0.999458
21 39 0.987073
21 40 0.991800
21 41 0.993077
21 42 0.999132
21 43 0.928576
21 44 0.757621
21 45 0.998172
21 46 0.029925
21 47 0.999593
21 48 0.998375
21 49 0.939390
21 50 0.949287
21 51 0.610510
21 52 0.999132
21 53 0.268234
21 54 0.967602
21 55 0.915921
21 56 0.998629
21 57 0.999458
21 58 0.999991
21 59 0.939390
21 60 0.096388
21 61 0.999783
21 62 0.286770
21 63 0.310464
21 64 0.990289
21 65 0.936254
21 66 0.999992
21 67 0.029925
21 68 0.138922
21 69 0.935412
21 70 0.996100
21 71 0.981645
21 72 0.535509
21 73 0.999132
21 74 0.998629
21 75 0.999924
21 76 0.957037
21 77 0.999588
21 78 0.989082
21 79 0.963627
21 80 0.999971
21 81 0.999980
21 82 0.626001
21 83 0.990289
21 84 0.999871
21 85 0.979096
21 86 0.983668
21 87 0.082237
21 88 0.999819
21 89 0.999421
21 90 0.972594
21 91 0.999593
21 92 0.997834
21 93 0.998048
21 94 0.096388
21 95 0.690668
21 96 0.979374
21 97 0.999968
21 98 0.949286
21 99 0.029925
22 0 0.071949
22 1 0.999984
22 2 0.980411
22 3 0.019299
22 4 0.999966
22 5 0.936253
22 6 0.108547
22 7 0.996152
22 8 0.019299
22 9 0.051779
22 10 0.943131
22 11 0.999910
22 12 0.268234
22 13 0.999991
22 14 0.690668
22 15 0.949286
22 16 0.999268
22 17 0.990779
22 18 0.011782
22 19 0.999863
22 20 0.999999
22 21 0.348574
22 22 0.000000
22 23 0.644918
22 24 0.980672
22 25 0.999349
22 26 0.227550
22 27 0.626001
22 28 0.999980
22 29 0.082237
22 30 0.029925
22 31 0.936254
22 32 0.138922
22 33 0.998457
22 34 0.999939
22 35 0.005177
22 36 0.985469
22 37 0.011782
22 38 0.992708
22 39 0.986202
22 40 0.051779
22 41 0.992215
22 42 0.743482
22 43 0.517913
22 44 0.998353
22 45 0.870414
22 46 0.980672
22 47 0.348574
22 48 0.987725
22 49 0.999349
22 50 0.348574
22 51 0.791203
22 52 0.029925
22 53 0.999086
22 54 0.975602
22 55 0.987073
22 56 0.999939
22 57 0.984698
22 58 0.991800
22 59 0.999695
22 60 0.999024
22 61 0.989082
22 62 0.987725
22 63 0.029925
22 64 0.999771
22 65 0.329464
22 66 0.999837
22 67 0.329464
22 68 0.999349
22 69 0.945939
22 70 0.999674
22 71 0.029925
22 72 0.999268
22 73 0.434867
22 74 0.972594
22 75 0.999358
22 76 0.999314
22 77 0.071949
22 78 0.924902
22 79 0.998536
22 80 0.996347
22 81 0.928576
22 82 0.989082
22 83 0.999968
22 84 0.227550
22 85 1.000000
22 86 0.910477
22 87 0.998916
22 88 0.999176
22 89 0.838911
22 90 0.999993
22 91 0.999855
22 92 0.979374
22 93 0.999086
22 94 0.999996
22 95 0.029925
22 96 0.731785
22 97 0.517913
22 98 0.999928
22 99 0.907126
23 0 0.999928
23 1 0.743483
23 2 0.999952
23 3 0.901145
23 4 0.855444
23 5 0.999878
23 6 0.105307
23 7 0.108547
23 8 0.987073
23 9 0.972594
23 10 0.991800
23 11 0.969221
23 12 0.453650
23 13 0.997259
23 14 0.985469
23 15 0.005177
23 16 0.743482
23 17 0.082237
23 18 0.990780
23 19 0.992708
23 20 0.998843
23 21 0.434867
23 22 0.644918
23 23 0.000000
23 24 0.889496
23 25 0.210224
23 26 0.961718
23 27 0.999993
23 28 0.997834
23 29 0.987559
23 30 0.029925
23 31 0.988345
23 32 0.988501
23 33 0.051779
23 34 0.995133
23 35 0.999783
23 36 0.415919
23 37 0.673535
23 38 0.108547
23 39 0.082237
23 40 0.976826
23 41 0.999657
23 42 0.999512
23 43 0.924902
23 44 0.999711
23 45 0.999512
23 46 0.996917
23 47 0.999268
23 48 0.659444
23 49 0.993516
23 50 0.999817
23 51 0.992708
23 52 0.915921
23 53 0.999349
23 54 0.019299
23 55 0.928576
23 56 0.971149
23 57 0.023583
23 58 0.997804
23 59 0.999904
23 60 0.108547
23 61 0.996708
23 62 0.998971
23 63 0.985469
23 64 0.986898
23 65 0.911627
23 66 0.998902
23 67 0.999914
23 68 0.961718
23 69 0.974313
23 70 0.855444
23 71 0.108547
23 72 0.477022
23 73 0.168897
23 74 0.268234
23 75 0.999743
23 76 0.999711
23 77 0.999855
23 78 0.071949
23 79 0.901145
23 80 0.999588
23 81 0.999485
23 82 0.995892
23 83 0.996532
23 84 0.071949
23 85 0.998971
23 86 0.731785
23 87 0.996347
23 88 0.999962
23 89 0.936254
23 90 0.434867
23 91 0.999968
23 92 0.971149
23 93 0.997563
23 94 0.994803
23 95 0.982568
23 96 0.573990
23 97 0.999996
23 98 0.999743
23 99 0.820692
24 0 0.998265
24 1 0.997259
24 2 0.998629
24 3 0.954189
24 4 0.999943
24 5 0.991363
24 6 0.999829
24 7 0.999994
24 8 0.995892
24 9 0.998916
24 10 0.965899
24 11 0.071949
24 12 0.993516
24 13 0.245316
24 14 0.999979
24 15 0.972594
24 16 0.999957
24 17 0.979374
24 18 0.051779
24 19 0.005177
24 20 0.002681
24 21 0.994155
24 22 0.980672
24 23 0.889496
24 24 0.000000
24 25 0.972594
24 26 0.998781
24 27 0.999999
24 28 0.227550
24 29 0.986897
24 30 0.969629
24 31 0.998457
24 32 0.996533
24 33 0.082237
24 34 0.980672
24 35 0.999743
24 36 0.999743
24 37 0.996532
24 38 0.071949
24 39 0.989082
24 40 0.998698
24 41 0.997687
24 42 0.996347
24 43 0.994155
24 44 0.990780
24 45 0.987073
24 46 0.999390
24 47 0.999614
24 48 0.954792
24 49 0.999949
24 50 0.023583
24 51 0.997563
24 52 0.999073
24 53 0.071949
24 54 0.998902
24 55 0.882454
24 56 0.998629
24 57 0.329464
24 58 0.391878
24 59 0.999807
24 60 0.800668
24 61 0.071949
24 62 0.029925
24 63 0.029925
24 64 0.948611
24 65 0.997687
24 66 0.998781
24 67 0.994803
24 68 0.998698
24 69 0.983667
24 70 0.035762
24 71 0.453650
24 72 0.999998
24 73 0.999973
24 74 0.998971
24 75 0.932077
24 76 0.846427
24 77 0.227550
24 78 0.957038
24 79 0.894801
24 80 0.999996
24 81 0.659444
24 82 0.999674
24 83 0.997834
24 84 0.997073
24 85 0.876571
24 86 0.999962
24 87 0.051779
24 88 0.172989
24 89 0.138922
24 90 0.606413
24 91 0.974313
24 92 0.999979
24 93 0.071949
24 94 0.096388
24 95 0.994526
24 96 0.901145
24 97 0.957038
24 98 0.894801
24 99 0.071949
25 0 0.999988
25 1 0.870414
25 2 0.984490
25 3 0.029925
25 4 0.862254
25 5 0.996347
25 6 0.990780
25 7 0.005177
25 8 0.997944
25 9 0.324510
25 10 0.977134
25 11 0.703771
25 12 0.999987
25 13 0.985469
25 14 0.998843
25 15 0.982569
25 16 0.999132
25 17 0.051779
25 18 0.121504
25 19 0.051779
25 20 0.434867
25 21 0.876571
25 22 0.999349
25 23 0.210224
25 24 0.972594
25 25 0.000000
25 26 0.005177
25 27 0.495294
25 28 0.957037
25 29 0.997398
25 30 0.999999
25 31 0.005177
25 32 0.138922
25 33 0.998698
25 34 0.984490
25 35 0.846427
25 36 0.855444
25 37 0.329464
25 38 0.951798
25 39 0.915921
25 40 0.998048
25 41 0.391878
25 42 0.989082
25 43 0.998902
25 44 0.951799
25 45 0.005177
25 46 0.999486
25 47 0.999949
25 48 0.954189
25 49 0.848329
25 50 0.997687
25 51 0.999132
25 52 0.227550
25 53 0.019299
25 54 0.999999
25 55 0.690668
25 56 0.999187
25 57 0.999886
25 58 0.791203
25 59 0.997563
25 60 0.019299
25 61 0.999959
25 62 0.495294
25 63 0.991246
25 64 0.862254
25 65 1.000000
25 66 0.997804
25 67 0.989772
25 68 0.071949
25 69 0.928576
25 70 0.999904
25 71 0.005177
25 72 0.998843
25 73 0.989082
25 74 0.999086
25 75 0.434867
25 76 0.915921
25 77 0.982801
25 78 0.999691
25 79 0.999908
25 80 0.999974
25 81 0.996347
25 82 0.002681
25 83 0.205798
25 84 0.999268
25 85 0.999914
25 86 0.965899
25 87 0.999657
25 88 0.988501
25 89 0.997398
25 90 0.946647
25 91 0.644918
25 92 0.992215
25 93 0.051779
25 94 0.954189
25 95 0.367737
25 96 0.853624
25 97 0.996917
25 98 0.999512
25 99 0.006763
26 0 0.029925
26 1 0.999855
26 2 0.286770
26 3 0.610510
26 4 0.999543
26 5 0.626001
26 6 0.791203
26 7 0.996532
26 8 0.757621
26 9 0.993427
26 10 0.011782
26 11 0.997398
26 12 0.096388
26 13 0.999971
26 14 0.924902
26 15 0.812062
26 16 0.703771
26 17 0.995379
26 18 0.990780
26 19 0.995379
26 20 0.812062
26 21 0.949286
26 22 0.227550
26 23 0.961718
26 24 0.998781
26 25 0.005177
26 26 0.000000
26 27 0.994526
26 28 0.999512
26 29 0.999996
26 30 0.989633
26 31 0.999657
26 32 0.029925
26 33 0.517913
26 34 0.982801
26 35 0.172989
26 36 0.687189
26 37 0.005177
26 38 0.999991
26 39 0.924902
26 40 0.138922
26 41 0.997222
26 42 0.138922
26 43 0.961718
26 44 0.348574
26 45 0.998536
26 46 0.096388
26 47 0.999349
26 48 0.976826
26 49 0.999421
26 50 0.999878
26 51 0.029925
26 52 1.000000
26 53 0.189109
26 54 0.029925
26 55 0.999756
26 56 0.999952
26 57 0.051779
26 58 0.998971
26 59 0.995133
26 60 0.051779
26 61 0.029925
26 62 0.999023
26 63 0.998457
26 64 0.019299
26 65 0.999743
26 66 0.999228
26 67 0.324510
26 68 0.153568
26 69 0.035762
26 70 0.986202
26 71 0.990157
26 72 0.999421
26 73 0.987726
26 74 0.995613
26 75 0.975602
26 76 0.019299
26 77 0.983667
26 78 0.992215
26 79 0.268234
26 80 0.999593
26 81 0.997944
26 82 0.108547
26 83 0.999981
26 84 0.995614
26 85 0.245316
26 86 0.673535
26 87 0.999674
26 88 0.096388
26 89 0.999614
26 90 0.993077
26 91 0.999914
26 92 0.989633
26 93 0.348574
26 94 0.268234
26 95 0.936253
26 96 0.286770
26 97 0.082237
26 98 0.997073
26 99 0.168897
27 0 0.023583
27 1 0.889496
27 2 0.986202
27 3 0.999928
27 4 0.998265
27 5 0.029925
27 6 0.954190
27 7 0.108547
27 8 0.998375
27 9 0.071949
27 10 0.108547
27 11 0.998971
27 12 0.029925
27 13 0.690668
27 14 0.019299
27 15 0.768376
27 16 0.690668
27 17 0.979374
27 18 0.999936
27 19 0.999657
27 20 0.138922
27 21 0.029925
27 22 0.626001
27 23 0.999993
27 24 0.999999
27 25 0.495294
27 26 0.994526
27 27 0.000000
27 28 0.096388
27 29 0.029925
27 30 0.976826
27 31 0.999674
27 32 0.998555
27 33 0.967602
27 34 0.999886
27 35 0.995379
27 36 0.996753
27 37 0.138922
27 38 0.995613
27 39 0.757621
27 40 0.920015
27 41 0.005177
27 42 0.029925
27 43 0.286770
27 44 0.889496
27 45 0.992708
27 46 0.172989
27 47 0.011782
27 48 0.997687
27 49 0.082237
27 50 0.172989
27 51 0.999976
