0 0 0.000000
0 1 0.268234
0 2 0.310464
0 3 0.746454
0 4 0.929503
0 5 0.415919
0 6 0.848329
0 7 0.896141
0 8 0.517913
0 9 0.863976
0 10 0.610510
0 11 0.268234
0 12 0.921048
0 13 0.781351
0 14 0.210224
0 15 0.644918
0 16 0.994873
0 17 0.096388
0 18 0.458502
0 19 0.517913
0 20 0.994234
0 21 0.644918
0 22 0.005177
0 23 0.974313
0 24 0.989772
0 25 0.929503
0 26 0.096388
0 27 0.189109
0 28 0.932960
0 29 0.051779
0 30 0.172989
0 31 0.995672
0 32 0.477022
0 33 0.883941
0 34 0.803068
0 35 0.096388
0 36 0.921048
0 37 0.822878
0 38 0.096388
0 39 0.517913
0 40 0.210224
0 41 0.557193
0 42 0.896141
0 43 0.986386
0 44 0.172989
0 45 0.477022
0 46 0.029925
0 47 0.210224
0 48 0.690668
0 49 0.982801
0 50 0.610510
0 51 0.690668
0 52 0.954792
0 53 0.557193
0 54 0.803068
0 55 0.458502
0 56 0.993170
0 57 0.096388
0 58 0.594604
0 59 0.993170
0 60 0.929503
0 61 0.172989
0 62 0.911627
0 63 0.746454
0 64 0.822878
0 65 0.848329
0 66 0.415919
0 67 0.987890
0 68 0.964107
0 69 0.573990
0 70 0.979649
0 71 0.096388
0 72 0.677128
0 73 0.719662
0 74 0.690668
0 75 0.310464
0 76 0.803068
0 77 0.458502
0 78 0.172989
0 79 0.746454
0 80 0.210224
0 81 0.979649
0 82 0.863976
0 83 0.458502
0 84 0.946647
0 85 0.986386
0 86 0.415919
0 87 0.981890
0 88 0.372722
0 89 0.644918
0 90 0.071949
0 91 0.988501
0 92 0.929503
0 93 0.210224
0 94 0.863976
0 95 0.310464
0 96 0.921048
0 97 0.921048
0 98 0.929503
0 99 0.172989
1 0 0.268234
1 1 0.000000
1 2 0.594604
1 3 0.690668
1 4 0.610510
1 5 0.990903
1 6 0.644918
1 7 0.677128
1 8 0.517913
1 9 0.896141
1 10 0.677128
1 11 0.757621
1 12 0.954792
1 13 0.096388
1 14 0.415919
1 15 0.029925
1 16 0.952432
1 17 0.863976
1 18 0.921048
1 19 0.757621
1 20 0.972958
1 21 0.557193
1 22 0.986386
1 23 0.964107
1 24 0.896141
1 25 0.458502
1 26 0.999810
1 27 0.458502
1 28 0.372722
1 29 0.677128
1 30 0.029925
1 31 0.644918
1 32 0.029925
1 33 0.929503
1 34 0.746454
1 35 0.746454
1 36 0.979649
1 37 0.172989
1 38 0.781351
1 39 0.210224
1 40 0.644918
1 41 0.822878
1 42 0.921048
1 43 0.952432
1 44 0.746454
1 45 0.979649
1 46 0.096388
1 47 0.964107
1 48 0.975926
1 49 0.998288
1 50 0.986386
1 51 0.210224
1 52 0.644918
1 53 0.096388
1 54 0.848329
1 55 0.746454
1 56 0.719662
1 57 0.719662
1 58 0.959712
1 59 0.896141
1 60 0.353553
1 61 0.980672
1 62 0.964107
1 63 0.353553
1 64 0.677128
1 65 0.883941
1 66 0.227550
1 67 0.946647
1 68 0.517913
1 69 0.803068
1 70 0.096388
1 71 0.557193
1 72 0.988501
1 73 0.210224
1 74 0.372722
1 75 0.172989
1 76 0.210224
1 77 0.071949
1 78 0.907126
1 79 0.719662
1 80 0.096388
1 81 0.310464
1 82 0.310464
1 83 0.210224
1 84 0.096388
1 85 0.096388
1 86 0.917004
1 87 0.921048
1 88 0.096388
1 89 0.690668
1 90 0.210224
1 91 0.929503
1 92 0.610510
1 93 0.972958
1 94 0.172989
1 95 0.994234
1 96 0.210224
1 97 0.907126
1 98 0.771105
1 99 0.458502
2 0 0.310464
2 1 0.594604
2 2 0.000000
2 3 0.803068
2 4 0.929503
2 5 0.937084
2 6 0.517913
2 7 0.971149
2 8 0.329464
2 9 0.415919
2 10 0.959712
2 11 0.998478
2 12 0.979649
2 13 0.996152
2 14 0.989772
2 15 0.644918
2 16 0.989772
2 17 0.310464
2 18 0.946647
2 19 0.979649
2 20 0.096388
2 21 0.071949
2 22 0.965898
2 23 0.998858
2 24 0.848329
2 25 0.984698
2 26 0.517913
2 27 0.138922
2 28 0.990903
2 29 0.138922
2 30 0.921048
2 31 0.929503
2 32 0.415919
2 33 0.940181
2 34 0.995947
2 35 0.096388
2 36 0.986386
2 37 0.415919
2 38 0.210224
2 39 0.812061
2 40 0.096388
2 41 0.968031
2 42 0.719662
2 43 0.096388
2 44 0.929503
2 45 0.096388
2 46 0.138922
2 47 0.610510
2 48 0.372722
2 49 0.781351
2 50 0.986386
2 51 0.594604
2 52 0.896141
2 53 0.937084
2 54 0.746454
2 55 0.981890
2 56 0.996579
2 57 0.870414
2 58 0.096388
2 59 0.477022
2 60 0.946647
2 61 0.677128
2 62 0.029925
2 63 0.029925
2 64 0.746454
2 65 0.557193
2 66 0.746454
2 67 0.981890
2 68 0.746454
2 69 0.946647
2 70 0.268234
2 71 0.921048
2 72 0.415919
2 73 0.997718
2 74 0.993170
2 75 0.096388
2 76 0.757621
2 77 0.952432
2 78 0.999619
2 79 0.907126
2 80 0.029925
2 81 0.781351
2 82 0.096388
2 83 0.029925
2 84 0.172989
2 85 0.372722
2 86 0.210224
2 87 0.907126
2 88 0.138922
2 89 0.096388
2 90 0.954792
2 91 0.746454
2 92 0.310464
2 93 0.458502
2 94 0.210224
2 95 0.952432
2 96 0.803068
2 97 0.005177
2 98 0.677128
2 99 0.896141
3 0 0.746454
3 1 0.690668
3 2 0.803068
3 3 0.000000
3 4 0.227550
3 5 0.848329
3 6 0.986386
3 7 0.172989
3 8 0.029925
3 9 0.992319
3 10 0.096388
3 11 0.998985
3 12 0.781351
3 13 0.458502
3 14 0.268234
3 15 0.096388
3 16 0.994873
3 17 0.458502
3 18 0.863976
3 19 0.972958
3 20 0.972958
3 21 0.994873
3 22 0.071949
3 23 0.310464
3 24 0.803068
3 25 0.210224
3 26 0.415919
3 27 0.980672
3 28 0.995441
3 29 0.690668
3 30 0.644918
3 31 0.210224
3 32 0.979649
3 33 0.848329
3 34 0.822878
3 35 0.644918
3 36 0.993926
3 37 0.964107
3 38 0.227550
3 39 0.138922
3 40 0.719662
3 41 0.896141
3 42 0.353553
3 43 0.644918
3 44 0.458502
3 45 0.644918
3 46 0.964107
3 47 0.996959
3 48 0.329464
3 49 0.677128
3 50 0.415919
3 51 0.268234
3 52 0.268234
3 53 0.929503
3 54 0.557193
3 55 0.989772
3 56 0.990903
3 57 0.690668
3 58 0.965899
3 59 0.557193
3 60 0.096388
3 61 0.921048
3 62 0.310464
3 63 0.999955
3 64 0.981890
3 65 0.227550
3 66 0.029925
3 67 0.268234
3 68 0.172989
3 69 0.986386
3 70 0.071949
3 71 0.096388
3 72 0.458502
3 73 0.644918
3 74 0.883941
3 75 0.458502
3 76 0.677128
3 77 0.968031
3 78 0.994873
3 79 0.172989
3 80 0.822878
3 81 0.458502
3 82 0.557193
3 83 0.999879
3 84 0.096388
3 85 0.517913
3 86 0.458502
3 87 0.415919
3 88 0.172989
3 89 0.172989
3 90 0.210224
3 91 0.210224
3 92 0.610510
3 93 0.997433
3 94 0.096388
3 95 0.959712
3 96 0.746454
3 97 0.998716
3 98 0.959712
3 99 0.959712
4 0 0.929503
4 1 0.610510
4 2 0.929503
4 3 0.227550
4 4 0.000000
4 5 0.029925
4 6 0.096388
4 7 0.096388
4 8 0.096388
4 9 0.029925
4 10 0.677128
4 11 0.975926
4 12 0.998074
4 13 0.458502
4 14 0.677128
4 15 0.929503
4 16 0.210224
4 17 0.458502
4 18 0.975926
4 19 0.677128
4 20 0.458502
4 21 0.415919
4 22 0.972958
4 23 0.310464
4 24 0.989772
4 25 0.921048
4 26 0.996579
4 27 0.929503
4 28 0.310464
4 29 0.870414
4 30 0.975926
4 31 0.975926
4 32 0.557193
4 33 0.594604
4 34 0.677128
4 35 0.979649
4 36 0.946647
4 37 0.863976
4 38 0.746454
4 39 0.310464
4 40 0.929503
4 41 0.029925
4 42 0.644918
4 43 0.986386
4 44 0.896141
4 45 0.781351
4 46 0.983886
4 47 0.517913
4 48 0.719662
4 49 0.029925
4 50 0.803068
4 51 0.310464
4 52 0.517913
4 53 0.977134
4 54 0.227550
4 55 0.981890
4 56 0.644918
4 57 0.719662
4 58 0.901145
4 59 0.644918
4 60 0.610510
4 61 0.557193
4 62 0.517913
4 63 0.896141
4 64 0.999429
4 65 0.172989
4 66 0.998478
4 67 0.746454
4 68 0.940181
4 69 0.310464
4 70 0.517913
4 71 0.940181
4 72 0.977134
4 73 0.557193
4 74 0.210224
4 75 0.644918
4 76 0.415919
4 77 0.096388
4 78 0.172989
4 79 0.310464
4 80 0.108547
4 81 0.940181
4 82 0.907126
4 83 0.983886
4 84 0.096388
4 85 0.921048
4 86 0.987890
4 87 0.979649
4 88 0.096388
4 89 0.989772
4 90 0.952432
4 91 0.458502
4 92 0.997433
4 93 0.855445
4 94 0.172989
4 95 0.644918
4 96 0.719662
4 97 0.993926
4 98 0.172989
4 99 0.848329
5 0 0.415919
5 1 0.990903
5 2 0.937084
5 3 0.848329
5 4 0.029925
5 5 0.000000
5 6 0.458502
5 7 0.096388
5 8 0.994234
5 9 0.870414
5 10 0.992319
5 11 0.719662
5 12 0.644918
5 13 0.071949
5 14 0.172989
5 15 0.996959
5 16 0.979649
5 17 0.415919
5 18 0.096388
5 19 0.972958
5 20 0.458502
5 21 0.096388
5 22 0.372722
5 23 0.993926
5 24 0.771105
5 25 0.952432
5 26 0.822878
5 27 0.029925
5 28 0.268234
5 29 0.071949
5 30 0.557193
5 31 0.035762
5 32 0.975926
5 33 0.677128
5 34 0.969629
5 35 0.415919
5 36 0.557193
5 37 0.719662
5 38 0.268234
5 39 0.896141
5 40 0.883941
5 41 0.863976
5 42 0.477023
5 43 0.210224
5 44 0.434867
5 45 0.975926
5 46 0.757621
5 47 0.781351
5 48 0.998288
5 49 0.172989
5 50 0.096388
5 51 0.594604
5 52 0.929503
5 53 0.096388
5 54 0.848329
5 55 0.644918
5 56 0.803068
5 57 0.172989
5 58 0.372722
5 59 0.458502
5 60 0.986386
5 61 0.863976
5 62 0.029925
5 63 0.719662
5 64 0.848329
5 65 0.781351
5 66 0.848329
5 67 0.984698
5 68 0.997433
5 69 0.995947
5 70 0.943131
5 71 0.822878
5 72 0.391878
5 73 0.138922
5 74 0.907126
5 75 0.803068
5 76 0.172989
5 77 0.979649
5 78 0.210224
5 79 0.071949
5 80 0.096388
5 81 0.949286
5 82 0.977134
5 83 0.268234
5 84 0.268234
5 85 0.863976
5 86 0.677128
5 87 0.921048
5 88 0.870414
5 89 0.268234
5 90 0.969629
5 91 0.719662
5 92 0.997718
5 93 0.458502
5 94 0.172989
5 95 0.557193
5 96 0.907126
5 97 0.997718
5 98 0.896141
5 99 0.878126
6 0 0.848329
6 1 0.644918
6 2 0.517913
6 3 0.986386
6 4 0.096388
6 5 0.458502
6 6 0.000000
6 7 0.310464
6 8 0.929503
6 9 0.996959
6 10 0.096388
6 11 0.517913
6 12 0.946647
6 13 0.310464
6 14 0.990903
6 15 0.096388
6 16 0.781351
6 17 0.954792
6 18 0.781351
6 19 0.907126
6 20 0.557193
6 21 0.975926
6 22 0.210224
6 23 0.940181
6 24 0.975926
6 25 0.993170
6 26 0.719662
6 27 0.781351
6 28 0.907126
6 29 0.993926
6 30 0.986386
6 31 0.907126
6 32 0.557193
6 33 0.677128
6 34 0.557193
6 35 0.986386
6 36 0.557193
6 37 0.996152
6 38 0.172989
6 39 0.848329
6 40 0.994234
6 41 0.310464
6 42 0.458502
6 43 0.210224
6 44 0.999429
6 45 0.096388
6 46 0.993170
6 47 0.172989
6 48 0.477022
6 49 0.746454
6 50 0.138922
6 51 0.172989
6 52 0.969629
6 53 0.096388
6 54 0.822878
6 55 0.943131
6 56 0.210224
6 57 0.677128
6 58 0.995441
6 59 0.677128
6 60 0.896141
6 61 0.979649
6 62 0.974313
6 63 0.896141
6 64 0.610510
6 65 0.210224
6 66 0.353553
6 67 0.972958
6 68 0.997718
6 69 0.677128
6 70 0.965899
6 71 0.831064
6 72 0.677128
6 73 0.952432
6 74 0.458502
6 75 0.803068
6 76 0.096388
6 77 0.719662
6 78 0.677128
6 79 0.993926
6 80 0.993170
6 81 0.998478
6 82 0.172989
6 83 0.989772
6 84 0.172989
6 85 0.029925
6 86 0.096388
6 87 0.096388
6 88 0.946647
6 89 0.096388
6 90 0.822878
6 91 0.071949
6 92 0.979649
6 93 0.644918
6 94 0.573990
6 95 0.863976
6 96 0.644918
6 97 0.999905
6 98 0.996152
6 99 0.965899
7 0 0.896141
7 1 0.677128
7 2 0.971149
7 3 0.172989
7 4 0.096388
7 5 0.096388
7 6 0.310464
7 7 0.000000
7 8 0.029925
7 9 0.803068
7 10 0.863976
7 11 0.096388
7 12 0.458502
7 13 0.848329
7 14 0.921048
7 15 0.932960
7 16 0.993926
7 17 0.096388
7 18 0.929503
7 19 0.757621
7 20 0.372722
7 21 0.029925
7 22 0.458502
7 23 0.172989
7 24 0.987890
7 25 0.005177
7 26 0.907126
7 27 0.372722
7 28 0.096388
7 29 0.096388
7 30 0.929503
7 31 0.610510
7 32 0.071949
7 33 0.210224
7 34 0.959712
7 35 0.477022
7 36 0.952432
7 37 0.896141
7 38 0.096388
7 39 0.803068
7 40 0.517913
7 41 0.896141
7 42 0.029925
7 43 0.329464
7 44 0.987890
7 45 0.972958
7 46 0.954792
7 47 0.329464
7 48 0.974313
7 49 0.310464
7 50 0.071949
7 51 0.975926
7 52 0.719662
7 53 0.946647
7 54 0.803068
7 55 0.415919
7 56 0.987073
7 57 0.210224
7 58 0.029925
7 59 0.210224
7 60 0.626001
7 61 0.172989
7 62 0.988501
7 63 0.990903
7 64 0.975926
7 65 0.172989
7 66 0.803068
7 67 0.610510
7 68 0.964107
7 69 0.781351
7 70 0.974313
7 71 0.310464
7 72 0.929503
7 73 0.883941
7 74 0.172989
7 75 0.994873
7 76 0.959712
7 77 0.921048
7 78 0.210224
7 79 0.677128
7 80 0.310464
7 81 0.746454
7 82 0.803068
7 83 0.757621
7 84 0.803068
7 85 0.477022
7 86 0.969629
7 87 0.517913
7 88 0.210224
7 89 0.981890
7 90 0.096388
7 91 0.921048
7 92 0.719662
7 93 0.921048
7 94 0.994873
7 95 0.994873
7 96 0.310464
7 97 0.952432
7 98 0.803068
7 99 0.997433
8 0 0.517913
8 1 0.517913
8 2 0.329464
8 3 0.029925
8 4 0.096388
8 5 0.994234
8 6 0.929503
8 7 0.029925
8 8 0.000000
8 9 0.310464
8 10 0.757621
8 11 0.964107
8 12 0.051779
8 13 0.803068
8 14 0.781351
8 15 0.719662
8 16 0.921048
8 17 0.929503
8 18 0.781351
8 19 0.210224
8 20 0.896141
8 21 0.831064
8 22 0.310464
8 23 0.771105
8 24 0.987890
8 25 0.921048
8 26 0.415919
8 27 0.719662
8 28 0.096388
8 29 0.415919
8 30 0.458502
8 31 0.848329
8 32 0.458502
8 33 0.998478
8 34 0.983886
8 35 0.907126
8 36 0.921048
8 37 0.746454
8 38 0.848329
8 39 0.029925
8 40 0.990903
8 41 0.644918
8 42 0.029925
8 43 0.227550
8 44 0.415919
8 45 0.415919
8 46 0.677128
8 47 0.987890
8 48 0.029925
8 49 0.415919
8 50 0.831064
8 51 0.096388
8 52 0.172989
8 53 0.979649
8 54 0.977134
8 55 0.189109
8 56 0.677128
8 57 0.977135
8 58 0.979649
8 59 0.946647
8 60 0.210224
8 61 0.517913
8 62 0.210224
8 63 0.959712
8 64 0.477022
8 65 0.863976
8 66 0.929503
8 67 0.972958
8 68 0.996959
8 69 0.096388
8 70 0.172989
8 71 0.415919
8 72 0.557193
8 73 0.883941
8 74 0.746454
8 75 0.517913
8 76 0.911627
8 77 0.310464
8 78 0.458502
8 79 0.997113
8 80 0.415919
8 81 0.517913
8 82 0.863976
8 83 0.990903
8 84 0.029925
8 85 0.677128
8 86 0.803068
8 87 0.719662
8 88 0.557193
8 89 0.977135
8 90 0.458502
8 91 0.986386
8 92 0.921048
8 93 0.557193
8 94 0.557193
8 95 0.848329
8 96 0.981890
8 97 0.096388
8 98 0.831065
8 99 0.644918
9 0 0.863976
9 1 0.896141
9 2 0.415919
9 3 0.992319
9 4 0.029925
9 5 0.870414
9 6 0.996959
9 7 0.803068
9 8 0.310464
9 9 0.000000
9 10 0.896141
9 11 0.677128
9 12 0.940181
9 13 0.172989
9 14 0.896141
9 15 0.883941
9 16 0.863976
9 17 0.268234
9 18 0.940181
9 19 0.907126
9 20 0.937084
9 21 0.848329
9 22 0.138922
9 23 0.781351
9 24 0.458502
9 25 0.876570
9 26 0.896141
9 27 0.071949
9 28 0.458502
9 29 0.610510
9 30 0.921048
9 31 0.458502
9 32 0.937084
9 33 0.831064
9 34 0.995441
9 35 0.929503
9 36 0.415919
9 37 0.310464
9 38 0.977135
9 39 0.719662
9 40 0.594604
9 41 0.071949
9 42 0.855444
9 43 0.921048
9 44 0.989772
9 45 0.415919
9 46 0.986386
9 47 0.994234
9 48 0.415919
9 49 0.719662
9 50 0.415919
9 51 0.746454
9 52 0.372722
9 53 0.644918
9 54 0.610510
9 55 0.210224
9 56 0.952432
9 57 0.870414
9 58 0.863976
9 59 0.848329
9 60 0.659444
9 61 0.096388
9 62 0.415919
9 63 0.959712
9 64 0.959712
9 65 0.996579
9 66 0.172989
9 67 0.983668
9 68 0.458502
9 69 0.210224
9 70 0.415919
9 71 0.996152
9 72 0.831065
9 73 0.707107
9 74 0.997433
9 75 0.644918
9 76 0.677128
9 77 0.746454
9 78 0.415919
9 79 0.822878
9 80 0.517913
9 81 0.719662
9 82 0.746454
9 83 0.644918
9 84 0.029925
9 85 0.172989
9 86 0.968031
9 87 0.477022
9 88 0.803068
9 89 0.979649
9 90 0.981890
9 91 0.210224
9 92 0.517913
9 93 0.029925
9 94 0.883941
9 95 0.831064
9 96 0.227550
9 97 0.557193
9 98 0.172989
9 99 0.878126
10 0 0.610510
10 1 0.677128
10 2 0.959712
10 3 0.096388
10 4 0.677128
10 5 0.992319
10 6 0.096388
10 7 0.863976
10 8 0.757621
10 9 0.896141
10 10 0.000000
10 11 0.096388
10 12 0.610510
10 13 0.977135
10 14 0.932960
10 15 0.019299
10 16 0.986386
10 17 0.986386
10 18 0.268234
10 19 0.746454
10 20 0.901145
10 21 0.803068
10 22 0.719662
10 23 0.372722
10 24 0.210224
10 25 0.415919
10 26 0.310464
10 27 0.108547
10 28 0.969629
10 29 0.210224
10 30 0.096388
10 31 0.415919
10 32 0.964107
10 33 0.210224
10 34 0.952432
10 35 0.746454
10 36 0.268234
10 37 0.029925
10 38 0.974313
10 39 0.268234
10 40 0.994873
10 41 0.458502
10 42 0.848329
10 43 0.990903
10 44 0.952432
10 45 0.822878
10 46 0.746454
10 47 0.972958
10 48 0.096388
10 49 0.071949
10 50 0.210224
10 51 0.659444
10 52 0.268234
10 53 0.968031
10 54 0.929503
10 55 0.771105
10 56 0.940181
10 57 0.975926
10 58 0.029925
10 59 0.972958
10 60 0.993170
10 61 0.996753
10 62 0.610510
10 63 0.992319
10 64 0.573990
10 65 0.096388
10 66 0.975926
10 67 0.870414
10 68 0.644918
10 69 0.096388
10 70 0.172989
10 71 0.677128
10 72 0.746454
10 73 0.310464
10 74 0.096388
10 75 0.172989
10 76 0.329464
10 77 0.746454
10 78 0.921048
10 79 0.901145
10 80 0.771105
10 81 0.757621
10 82 0.803068
10 83 0.172989
10 84 0.746454
10 85 0.096388
10 86 0.993170
10 87 0.929503
10 88 0.996579
10 89 0.943131
10 90 0.994873
10 91 0.458502
10 92 0.096388
10 93 0.822878
10 94 0.987890
10 95 0.959712
10 96 0.968031
10 97 0.138922
10 98 0.644918
10 99 0.929503
11 0 0.268234
11 1 0.757621
11 2 0.998478
11 3 0.998985
11 4 0.975926
11 5 0.719662
11 6 0.517913
11 7 0.096388
11 8 0.964107
11 9 0.677128
11 10 0.096388
11 11 0.000000
11 12 0.968031
11 13 0.822878
11 14 0.999037
11 15 0.310464
11 16 0.969629
11 17 0.644918
11 18 0.268234
11 19 0.310464
11 20 0.883941
11 21 0.863976
11 22 0.822878
11 23 0.831064
11 24 0.310464
11 25 0.557193
11 26 0.757621
11 27 0.964107
11 28 0.940181
11 29 0.878126
11 30 0.954792
11 31 0.719662
11 32 0.803068
11 33 0.557193
11 34 0.803068
11 35 0.907126
11 36 0.415919
11 37 0.690668
11 38 0.848329
11 39 0.690668
11 40 0.517913
11 41 0.996959
11 42 0.644918
11 43 0.746454
11 44 0.610510
11 45 0.372722
11 46 0.746454
11 47 0.998074
11 48 0.310464
11 49 0.959712
11 50 0.921048
11 51 0.690668
11 52 0.803068
11 53 0.594604
11 54 0.954792
11 55 0.517913
11 56 0.310464
11 57 0.210224
11 58 0.972958
11 59 0.415919
11 60 0.310464
11 61 0.822878
11 62 0.557193
11 63 0.883941
11 64 0.746454
11 65 0.644918
11 66 0.310464
11 67 0.644918
11 68 0.172989
11 69 0.172989
11 70 0.746454
11 71 0.959712
11 72 0.310464
11 73 0.921048
11 74 0.690668
11 75 0.310464
11 76 0.210224
11 77 0.952432
11 78 0.994873
11 79 0.964107
11 80 0.557193
11 81 0.310464
11 82 0.921048
11 83 0.972958
11 84 0.995441
11 85 0.329464
11 86 0.227550
11 87 0.096388
11 88 0.746454
11 89 0.172989
11 90 0.972958
11 91 0.883941
11 92 0.972958
11 93 0.415919
11 94 0.803068
11 95 0.210224
11 96 0.096388
11 97 0.999239
11 98 0.878126
11 99 0.310464
12 0 0.921048
12 1 0.954792
12 2 0.979649
12 3 0.781351
12 4 0.998074
12 5 0.644918
12 6 0.946647
12 7 0.458502
12 8 0.051779
12 9 0.940181
12 10 0.610510
12 11 0.968031
12 12 0.000000
12 13 0.677128
12 14 0.029925
12 15 0.310464
12 16 0.517913
12 17 0.989772
12 18 0.071949
12 19 0.172989
12 20 0.911627
12 21 0.781351
12 22 0.210224
12 23 0.517913
12 24 0.848329
12 25 0.995441
12 26 0.096388
12 27 0.096388
12 28 0.096388
12 29 0.690668
12 30 0.959712
12 31 0.677128
12 32 0.975926
12 33 0.878126
12 34 0.921048
12 35 0.310464
12 36 0.644918
12 37 0.911628
12 38 0.968031
12 39 0.138922
12 40 0.822878
12 41 0.803068
12 42 0.972958
12 43 0.969629
12 44 0.803068
12 45 0.029925
12 46 0.071949
12 47 0.921048
12 48 0.557193
12 49 0.959712
12 50 0.822878
12 51 0.907126
12 52 0.517913
12 53 0.911627
12 54 0.803068
12 55 0.929503
12 56 0.096388
12 57 0.310464
12 58 0.896141
12 59 0.896141
12 60 0.863976
12 61 0.310464
12 62 0.781351
12 63 0.848329
12 64 0.096388
12 65 0.812062
12 66 0.172989
12 67 0.878126
12 68 0.210224
12 69 0.310464
12 70 0.415919
12 71 0.172989
12 72 0.911627
12 73 0.310464
12 74 0.998288
12 75 0.921048
12 76 0.415919
12 77 0.610510
12 78 0.981890
12 79 0.992319
12 80 0.458502
12 81 0.172989
12 82 0.644918
12 83 0.644918
12 84 0.863976
12 85 0.946647
12 86 0.310464
12 87 0.096388
12 88 0.746454
12 89 0.911627
12 90 0.831064
12 91 0.993170
12 92 0.977134
12 93 0.172989
12 94 0.998647
12 95 0.310464
12 96 0.310464
12 97 0.610510
12 98 0.990903
12 99 0.372722
13 0 0.781351
13 1 0.096388
13 2 0.996152
13 3 0.458502
13 4 0.458502
13 5 0.071949
13 6 0.310464
13 7 0.848329
13 8 0.803068
13 9 0.172989
13 10 0.977135
13 11 0.822878
13 12 0.677128
13 13 0.000000
13 14 0.803068
13 15 0.329464
13 16 0.981890
13 17 0.310464
13 18 0.677128
13 19 0.210224
13 20 0.210224
13 21 0.896140
13 22 0.995441
13 23 0.987890
13 24 0.268234
13 25 0.878126
13 26 0.983886
13 27 0.268234
13 28 0.458502
13 29 0.610510
13 30 0.992319
13 31 0.372722
13 32 0.746454
13 33 0.071949
13 34 0.746454
13 35 0.746454
13 36 0.964107
13 37 0.731785
13 38 0.896141
13 39 0.995441
13 40 0.952432
13 41 0.415919
13 42 0.972958
13 43 0.610510
13 44 0.921048
13 45 0.946647
13 46 0.138922
13 47 0.310464
13 48 0.310464
13 49 0.896141
13 50 0.517913
13 51 0.863976
13 52 0.848329
13 53 0.557193
13 54 0.415919
13 55 0.982801
13 56 0.517913
13 57 0.803068
13 58 0.677128
13 59 0.911627
13 60 0.096388
13 61 0.878126
13 62 0.943131
13 63 0.029925
13 64 0.210224
13 65 0.929503
13 66 0.172989
13 67 0.594604
13 68 0.937084
13 69 0.998074
13 70 0.172989
13 71 0.994234
13 72 0.573990
13 73 0.989772
13 74 0.990903
13 75 0.998858
13 76 0.310464
13 77 0.952432
13 78 0.863976
13 79 0.991363
13 80 0.210224
13 81 0.995441
13 82 0.771105
13 83 0.946647
13 84 0.458502
13 85 0.940181
13 86 0.757621
13 87 0.822878
13 88 0.984698
13 89 0.995441
13 90 0.458502
13 91 0.986386
13 92 0.984698
13 93 0.051779
13 94 0.227550
13 95 0.929503
13 96 0.415919
13 97 0.964107
13 98 0.096388
13 99 0.310464
14 0 0.210224
14 1 0.415919
14 2 0.989772
14 3 0.268234
14 4 0.677128
14 5 0.172989
14 6 0.990903
14 7 0.921048
14 8 0.781351
14 9 0.896141
14 10 0.932960
14 11 0.999037
14 12 0.029925
14 13 0.803068
14 14 0.000000
14 15 0.372722
14 16 0.921048
14 17 0.921048
14 18 0.610510
14 19 0.883941
14 20 0.964107
14 21 0.096388
14 22 0.096388
14 23 0.771105
14 24 0.921048
14 25 0.979649
14 26 0.310464
14 27 0.172989
14 28 0.921048
14 29 0.557193
14 30 0.096388
14 31 0.896141
14 32 0.415919
14 33 0.138922
14 34 0.954792
14 35 0.995441
14 36 0.929503
14 37 0.781351
14 38 0.659444
14 39 0.848329
14 40 0.096388
14 41 0.172989
14 42 0.719662
14 43 0.991910
14 44 0.029925
14 45 0.353553
14 46 0.999429
14 47 0.517913
14 48 0.975926
14 49 0.998478
14 50 0.993926
14 51 0.210224
14 52 0.172989
14 53 0.822878
14 54 0.863976
14 55 0.415919
14 56 0.644918
14 57 0.746454
14 58 0.172989
14 59 0.803068
14 60 0.210224
14 61 0.329464
14 62 0.781351
14 63 0.911627
14 64 0.005177
14 65 0.172989
14 66 0.096388
14 67 0.557193
14 68 0.996959
14 69 0.268234
14 70 0.993170
14 71 0.096388
14 72 0.940181
14 73 0.210224
14 74 0.268234
14 75 0.990903
14 76 0.458502
14 77 0.096388
14 78 0.071949
14 79 0.896141
14 80 0.878126
14 81 0.993170
14 82 0.434867
14 83 0.781351
14 84 0.719662
14 85 0.999429
14 86 0.883941
14 87 0.969629
14 88 0.458502
14 89 0.096388
14 90 0.988501
14 91 0.848329
14 92 0.268234
14 93 0.848329
14 94 0.517913
14 95 0.972958
14 96 0.803068
14 97 0.517913
14 98 0.965899
14 99 0.984698
15 0 0.644918
15 1 0.029925
15 2 0.644918
15 3 0.096388
15 4 0.929503
15 5 0.996959
15 6 0.096388
15 7 0.932960
15 8 0.719662
15 9 0.883941
15 10 0.019299
15 11 0.310464
15 12 0.310464
15 13 0.329464
15 14 0.372722
15 15 0.000000
15 16 0.557193
15 17 0.172989
15 18 0.969629
15 19 0.997971
15 20 0.415919
15 21 0.803068
15 22 0.310464
15 23 0.353553
15 24 0.781351
15 25 0.573990
15 26 0.415919
15 27 0.557193
15 28 0.746454
15 29 0.989772
15 30 0.096388
15 31 0.990903
15 32 0.822878
15 33 0.096388
15 34 0.096388
15 35 0.268234
15 36 0.959712
15 37 0.268234
15 38 0.803068
15 39 0.803068
15 40 0.096388
15 41 0.746454
15 42 0.517913
15 43 0.988501
15 44 0.965899
15 45 0.210224
15 46 0.921048
15 47 0.096388
15 48 0.964107
15 49 0.268234
15 50 0.019299
15 51 0.310464
15 52 0.644918
15 53 0.959712
15 54 0.677128
15 55 0.096388
15 56 0.659444
15 57 0.172989
15 58 0.310464
15 59 0.719662
15 60 0.096388
15 61 0.929503
15 62 0.096388
15 63 0.690668
15 64 0.999037
15 65 0.172989
15 66 0.803068
15 67 0.557193
15 68 0.964107
15 69 0.268234
15 70 0.677128
15 71 0.995441
15 72 0.415919
15 73 0.964107
15 74 0.677128
15 75 0.983886
15 76 0.210224
15 77 0.989772
15 78 0.029925
15 79 0.929503
15 80 0.227550
15 81 0.458502
15 82 0.979649
15 83 0.029925
15 84 0.781351
15 85 0.310464
15 86 0.896141
15 87 0.969629
15 88 0.610510
15 89 0.415919
15 90 0.172989
15 91 0.310464
15 92 0.998074
15 93 0.310464
15 94 0.071949
15 95 0.848329
15 96 0.831064
15 97 0.517913
15 98 0.896141
15 99 0.477023
16 0 0.994873
16 1 0.952432
16 2 0.989772
16 3 0.994873
16 4 0.210224
16 5 0.979649
16 6 0.781351
16 7 0.993926
16 8 0.921048
16 9 0.863976
16 10 0.986386
16 11 0.969629
16 12 0.517913
16 13 0.981890
16 14 0.921048
16 15 0.557193
16 16 0.000000
16 17 0.921048
16 18 0.840896
16 19 0.610510
16 20 0.994234
16 21 0.781351
16 22 0.996579
16 23 0.719662
16 24 0.517913
16 25 0.987890
16 26 0.719662
16 27 0.557193
16 28 0.096388
16 29 0.557193
16 30 0.781351
16 31 0.268234
16 32 0.268234
16 33 0.781351
16 34 0.310464
16 35 0.907126
16 36 0.415919
16 37 0.998288
16 38 0.803068
16 39 0.848329
16 40 0.848329
16 41 0.677128
16 42 0.921048
16 43 0.415919
16 44 0.644918
16 45 0.594604
16 46 0.172989
16 47 0.979649
16 48 0.997433
16 49 0.771105
16 50 0.822878
16 51 0.096388
16 52 0.415919
16 53 0.940181
16 54 0.415919
16 55 0.029925
16 56 0.959712
16 57 0.517913
16 58 0.458502
16 59 0.921048
16 60 0.172989
16 61 0.210224
16 62 0.310464
16 63 0.896141
16 64 0.172989
16 65 0.746454
16 66 0.329464
16 67 0.929503
16 68 0.477022
16 69 0.952432
16 70 0.921048
16 71 0.907126
16 72 0.172989
16 73 0.946647
16 74 0.268234
16 75 0.096388
16 76 0.878126
16 77 0.978572
16 78 0.996152
16 79 0.594604
16 80 0.781351
16 81 0.989772
16 82 0.096388
16 83 0.557193
16 84 0.979649
16 85 0.878126
16 86 0.268234
16 87 0.822878
16 88 0.986386
16 89 0.984698
16 90 0.415919
16 91 0.992319
16 92 0.983886
16 93 0.731785
16 94 0.096388
16 95 0.831064
16 96 0.458502
16 97 0.310464
16 98 0.803068
16 99 0.991910
17 0 0.096388
17 1 0.863976
17 2 0.310464
17 3 0.458502
17 4 0.458502
17 5 0.415919
17 6 0.954792
17 7 0.096388
17 8 0.929503
17 9 0.268234
17 10 0.986386
17 11 0.644918
17 12 0.989772
17 13 0.310464
17 14 0.921048
17 15 0.172989
17 16 0.921048
17 17 0.000000
17 18 0.477023
17 19 0.610510
17 20 0.310464
17 21 0.310464
17 22 0.937084
17 23 0.372722
17 24 0.781351
17 25 0.172989
17 26 0.983886
17 27 0.993170
17 28 0.644918
17 29 0.993170
17 30 0.096388
17 31 0.781351
17 32 0.677128
17 33 0.985469
17 34 0.972958
17 35 0.310464
17 36 0.644918
17 37 0.268234
17 38 0.896141
17 39 0.353553
17 40 0.644918
17 41 0.994873
17 42 0.644918
17 43 0.644918
17 44 0.415919
17 45 0.019299
17 46 0.517913
17 47 0.831064
17 48 0.138922
17 49 0.517913
17 50 0.929503
17 51 0.995441
17 52 0.189109
17 53 0.781351
17 54 0.803068
17 55 0.189109
17 56 0.096388
17 57 0.353553
17 58 0.746454
17 59 0.719662
17 60 0.803068
17 61 0.911627
17 62 0.415919
17 63 0.210224
17 64 0.929503
17 65 0.019299
17 66 0.746454
17 67 0.964107
17 68 0.677128
17 69 0.458502
17 70 0.051779
17 71 0.896141
17 72 0.969629
17 73 0.972958
17 74 0.803068
17 75 0.975926
17 76 0.997563
17 77 0.434867
17 78 0.997971
17 79 0.517913
17 80 0.921048
17 81 0.644918
17 82 0.986386
17 83 0.029925
17 84 0.517913
17 85 0.959712
17 86 0.458502
17 87 0.848329
17 88 0.964107
17 89 0.172989
17 90 0.995672
17 91 0.979649
17 92 0.594604
17 93 0.719662
17 94 0.989772
17 95 0.172989
17 96 0.940181
17 97 0.870414
17 98 0.557193
17 99 0.771105
18 0 0.458502
18 1 0.921048
18 2 0.946647
18 3 0.863976
18 4 0.975926
18 5 0.096388
18 6 0.781351
18 7 0.929503
18 8 0.781351
18 9 0.940181
18 10 0.268234
18 11 0.268234
18 12 0.071949
18 13 0.677128
18 14 0.610510
18 15 0.969629
18 16 0.840896
18 17 0.477023
18 18 0.000000
18 19 0.840896
18 20 0.952432
18 21 0.659444
18 22 0.268234
18 23 0.781351
18 24 0.138922
18 25 0.690668
18 26 0.929503
18 27 0.921048
18 28 0.096388
18 29 0.746454
18 30 0.746454
18 31 0.997834
18 32 0.996579
18 33 0.986386
18 34 0.757621
18 35 0.677128
18 36 0.863976
18 37 0.172989
18 38 0.911627
18 39 0.863976
18 40 0.771105
18 41 0.896141
18 42 0.557193
18 43 0.172989
18 44 0.210224
18 45 0.954792
18 46 0.781351
18 47 0.557193
18 48 0.863976
18 49 0.172989
18 50 0.988501
18 51 0.659444
18 52 0.096388
18 53 0.994234
18 54 0.557193
18 55 0.940181
18 56 0.946647
18 57 0.594604
18 58 0.210224
18 59 0.210224
18 60 0.458502
18 61 0.911628
18 62 0.172989
18 63 0.096388
18 64 0.863976
18 65 0.831065
18 66 0.071949
18 67 0.988501
18 68 0.677128
18 69 0.477022
18 70 0.878126
18 71 0.029925
18 72 0.415919
18 73 0.268234
18 74 0.977135
18 75 0.029925
18 76 0.997113
18 77 0.997718
18 78 0.310464
18 79 0.878126
18 80 0.096388
18 81 0.921048
18 82 0.210224
18 83 0.677128
18 84 0.746454
18 85 0.896141
18 86 0.959712
18 87 0.822878
18 88 0.746454
18 89 0.998074
18 90 0.746454
18 91 0.477023
18 92 0.096388
18 93 0.848329
18 94 0.071949
18 95 0.719662
18 96 0.964107
18 97 0.029925
18 98 0.557193
18 99 0.896141
19 0 0.517913
19 1 0.757621
19 2 0.979649
19 3 0.972958
19 4 0.677128
19 5 0.972958
19 6 0.907126
19 7 0.757621
19 8 0.210224
19 9 0.907126
19 10 0.746454
19 11 0.310464
19 12 0.172989
19 13 0.210224
19 14 0.883941
19 15 0.997971
19 16 0.610510
19 17 0.610510
19 18 0.840896
19 19 0.000000
19 20 0.415919
19 21 0.310464
19 22 0.990289
19 23 0.644918
19 24 0.029925
19 25 0.310464
19 26 0.883941
19 27 0.719662
19 28 0.415919
19 29 0.310464
19 30 0.937084
19 31 0.746454
19 32 0.896141
19 33 0.878126
19 34 0.975926
19 35 0.746454
19 36 0.940181
19 37 0.946647
19 38 0.458502
19 39 0.096388
19 40 0.610510
19 41 0.822878
19 42 0.929503
19 43 0.979649
19 44 0.848329
19 45 0.822878
19 46 0.987890
19 47 0.210224
19 48 0.500000
19 49 0.557193
19 50 0.310464
19 51 0.995441
19 52 0.210224
19 53 0.997433
19 54 0.921048
19 55 0.458502
19 56 0.746454
19 57 0.005177
19 58 0.896141
19 59 0.863976
19 60 0.988501
19 61 0.610510
19 62 0.870414
19 63 0.415919
19 64 0.993170
19 65 0.883941
19 66 0.969629
19 67 0.517913
19 68 0.138922
19 69 0.848329
19 70 0.372722
19 71 0.557193
19 72 0.822878
19 73 0.415919
19 74 0.517913
19 75 0.227550
19 76 0.268234
19 77 0.946647
19 78 0.982801
19 79 0.477022
19 80 0.984698
19 81 0.996959
19 82 0.981890
19 83 0.848329
19 84 0.972958
19 85 0.959712
19 86 0.096388
19 87 0.096388
19 88 0.803068
19 89 0.757621
19 90 0.863976
19 91 0.517913
19 92 0.883941
19 93 0.803068
19 94 0.746454
19 95 0.840896
19 96 0.096388
19 97 0.977135
19 98 0.096388
19 99 0.921048
20 0 0.994234
20 1 0.972958
20 2 0.096388
20 3 0.972958
20 4 0.458502
20 5 0.458502
20 6 0.557193
20 7 0.372722
20 8 0.896141
20 9 0.937084
20 10 0.901145
20 11 0.883941
20 12 0.911627
20 13 0.210224
20 14 0.964107
20 15 0.415919
20 16 0.994234
20 17 0.310464
20 18 0.952432
20 19 0.415919
20 20 0.000000
20 21 0.172989
20 22 0.997718
20 23 0.991910
20 24 0.019299
20 25 0.372722
20 26 0.803068
20 27 0.557193
20 28 0.803068
20 29 0.071949
20 30 0.911627
20 31 0.329464
20 32 0.771105
20 33 0.822878
20 34 0.677128
20 35 0.210224
20 36 0.907126
20 37 0.644918
20 38 0.946647
20 39 0.029925
20 40 0.310464
20 41 0.329464
20 42 0.268234
20 43 0.677128
20 44 0.870414
20 45 0.907126
20 46 0.863976
20 47 0.071949
20 48 0.803068
20 49 0.557193
20 50 0.517913
20 51 0.975926
20 52 0.896141
20 53 0.644918
20 54 0.771105
20 55 0.557193
20 56 0.996579
20 57 0.517913
20 58 0.415919
20 59 0.210224
20 60 0.959712
20 61 0.210224
20 62 0.210224
20 63 0.990903
20 64 0.415919
20 65 0.999786
20 66 0.610510
20 67 0.986386
20 68 0.812062
20 69 0.757621
20 70 0.781351
20 71 0.644918
20 72 0.959712
20 73 0.557193
20 74 0.458502
20 75 0.996579
20 76 0.964107
20 77 0.822878
20 78 0.353553
20 79 0.959712
20 80 0.964107
20 81 0.071949
20 82 0.029925
20 83 0.975926
20 84 0.372722
20 85 0.771105
20 86 0.310464
20 87 0.831064
20 88 0.952432
20 89 0.975926
20 90 0.517913
20 91 0.210224
20 92 0.029925
20 93 0.863976
20 94 0.096388
20 95 0.172989
20 96 0.946647
20 97 0.848329
20 98 0.372722
20 99 0.517913
21 0 0.644918
21 1 0.557193
21 2 0.071949
21 3 0.994873
21 4 0.415919
21 5 0.096388
21 6 0.975926
21 7 0.029925
21 8 0.831064
21 9 0.848329
21 10 0.803068
21 11 0.863976
21 12 0.781351
21 13 0.896140
21 14 0.096388
21 15 0.803068
21 16 0.781351
21 17 0.310464
21 18 0.659444
21 19 0.310464
21 20 0.172989
21 21 0.000000
21 22 0.929503
21 23 0.268234
21 24 0.932960
21 25 0.746454
21 26 0.746454
21 27 0.210224
21 28 0.946647
21 29 0.644918
21 30 0.029925
21 31 0.372722
21 32 0.677128
21 33 0.979649
21 34 0.210224
21 35 0.096388
21 36 0.781351
21 37 0.781351
21 38 0.771105
21 39 0.987890
21 40 0.781351
21 41 0.972958
21 42 0.946647
21 43 0.781351
21 44 0.310464
21 45 0.991910
21 46 0.096388
21 47 0.975926
21 48 0.991910
21 49 0.986386
21 50 0.353553
21 51 0.096388
21 52 0.848329
21 53 0.172989
21 54 0.677128
21 55 0.921048
21 56 0.975926
21 57 0.929503
21 58 0.803068
21 59 0.964107
21 60 0.210224
21 61 0.954792
21 62 0.415919
21 63 0.096388
21 64 0.719662
21 65 0.907126
21 66 0.994873
21 67 0.096388
21 68 0.310464
21 69 0.965899
21 70 0.855444
21 71 0.848329
21 72 0.415919
21 73 0.415919
21 74 0.677128
21 75 0.517913
21 76 0.863976
21 77 0.932960
21 78 0.896141
21 79 0.644918
21 80 0.987890
21 81 0.979649
21 82 0.964107
21 83 0.268234
21 84 0.822878
21 85 0.965899
21 86 0.907126
21 87 0.329464
21 88 0.415919
21 89 0.959712
21 90 0.781351
21 91 0.746454
21 92 0.952432
21 93 0.964107
21 94 0.096388
21 95 0.310464
21 96 0.946647
21 97 0.998288
21 98 0.415919
21 99 0.096388
22 0 0.005177
22 1 0.986386
22 2 0.965898
22 3 0.071949
22 4 0.972958
22 5 0.372722
22 6 0.210224
22 7 0.458502
22 8 0.310464
22 9 0.138922
22 10 0.719662
22 11 0.822878
22 12 0.210224
22 13 0.995441
22 14 0.096388
22 15 0.310464
22 16 0.996579
22 17 0.937084
22 18 0.268234
22 19 0.990289
22 20 0.997718
22 21 0.929503
22 22 0.000000
22 23 0.310464
22 24 0.210224
22 25 0.781351
22 26 0.415919
22 27 0.677128
22 28 0.954792
22 29 0.644918
22 30 0.096388
22 31 0.719662
22 32 0.029925
22 33 0.952432
22 34 0.969629
22 35 0.096388
22 36 0.719662
22 37 0.268234
22 38 0.557193
22 39 0.986386
22 40 0.071949
22 41 0.781351
22 42 0.896141
22 43 0.172989
22 44 0.987073
22 45 0.310464
22 46 0.310464
22 47 0.822878
22 48 0.719662
22 49 0.992319
22 50 0.610510
22 51 0.517913
22 52 0.096388
22 53 0.907126
22 54 0.719662
22 55 0.310464
22 56 0.999277
22 57 0.096388
22 58 0.746454
22 59 0.557193
22 60 0.883941
22 61 0.878126
22 62 0.883941
22 63 0.096388
22 64 0.952432
22 65 0.557193
22 66 0.848329
22 67 0.310464
22 68 0.996579
22 69 0.690668
22 70 0.999144
22 71 0.029925
22 72 0.965898
22 73 0.644918
22 74 0.975926
22 75 0.677128
22 76 0.644918
22 77 0.458502
22 78 0.644918
22 79 0.731785
22 80 0.848329
22 81 0.781351
22 82 0.210224
22 83 0.996152
22 84 0.644918
22 85 0.998478
22 86 0.954792
22 87 0.594604
22 88 0.991363
22 89 0.415919
22 90 0.995441
22 91 0.932960
22 92 0.415919
22 93 0.975926
22 94 0.992319
22 95 0.029925
22 96 0.172989
22 97 0.096388
22 98 0.993170
22 99 0.353553
23 0 0.974313
23 1 0.964107
23 2 0.998858
23 3 0.310464
23 4 0.310464
23 5 0.993926
23 6 0.940181
23 7 0.172989
23 8 0.771105
23 9 0.781351
23 10 0.372722
23 11 0.831064
23 12 0.517913
23 13 0.987890
23 14 0.771105
23 15 0.353553
23 16 0.719662
23 17 0.372722
23 18 0.781351
23 19 0.644918
23 20 0.991910
23 21 0.268234
23 22 0.310464
23 23 0.000000
23 24 0.172989
23 25 0.210224
23 26 0.415919
23 27 0.975926
23 28 0.557193
23 29 0.982801
23 30 0.096388
23 31 0.329464
23 32 0.957603
23 33 0.096388
23 34 0.983886
23 35 0.954792
23 36 0.096388
23 37 0.848329
23 38 0.517913
23 39 0.517913
23 40 0.889496
23 41 0.987890
23 42 0.959712
23 43 0.517913
23 44 0.883941
23 45 0.889496
23 46 0.659444
23 47 0.984698
23 48 0.644918
23 49 0.557193
23 50 0.988501
23 51 0.848329
23 52 0.557193
23 53 0.946647
23 54 0.310464
23 55 0.863976
23 56 0.863976
23 57 0.415919
23 58 0.959712
23 59 0.964107
23 60 0.268234
23 61 0.972958
23 62 0.952432
23 63 0.517913
23 64 0.940181
23 65 0.210224
23 66 0.997113
23 67 0.946647
23 68 0.557193
23 69 0.896141
23 70 0.863976
23 71 0.051779
23 72 0.310464
23 73 0.610510
23 74 0.071949
23 75 0.999746
23 76 0.989772
23 77 0.883941
23 78 0.458502
23 79 0.172989
23 80 0.995672
23 81 0.848329
23 82 0.848329
23 83 0.929503
23 84 0.310464
23 85 0.863976
23 86 0.268234
23 87 0.822878
23 88 0.991910
23 89 0.822878
23 90 0.644918
23 91 0.969629
23 92 0.268234
23 93 0.557193
23 94 0.757621
23 95 0.986386
23 96 0.210224
23 97 0.981890
23 98 0.848329
23 99 0.896141
24 0 0.989772
24 1 0.896141
24 2 0.848329
24 3 0.803068
24 4 0.989772
24 5 0.771105
24 6 0.975926
24 7 0.987890
24 8 0.987890
24 9 0.458502
24 10 0.210224
24 11 0.310464
24 12 0.848329
24 13 0.268234
24 14 0.921048
24 15 0.781351
24 16 0.517913
24 17 0.781351
24 18 0.138922
24 19 0.029925
24 20 0.019299
24 21 0.932960
24 22 0.210224
24 23 0.172989
24 24 0.000000
24 25 0.984698
24 26 0.677128
24 27 0.979649
24 28 0.268234
24 29 0.998288
24 30 0.458502
24 31 0.831064
24 32 0.863976
24 33 0.227550
24 34 0.557193
24 35 0.964107
24 36 0.979649
24 37 0.987890
24 38 0.500000
24 39 0.781351
24 40 0.921048
24 41 0.987890
24 42 0.975926
24 43 0.996152
24 44 0.907126
24 45 0.268234
24 46 0.995441
24 47 0.993170
24 48 0.310464
24 49 0.746454
24 50 0.803068
24 51 0.946647
24 52 0.994873
24 53 0.096388
24 54 0.977134
24 55 0.477022
24 56 0.746454
24 57 0.172989
24 58 0.268234
24 59 0.907126
24 60 0.477022
24 61 0.029925
24 62 0.096388
24 63 0.029925
24 64 0.959712
24 65 0.719662
24 66 0.415919
24 67 0.979649
24 68 0.946647
24 69 0.863976
24 70 0.051779
24 71 0.870414
24 72 0.929503
24 73 0.994873
24 74 0.964107
24 75 0.932960
24 76 0.757621
24 77 0.268234
24 78 0.353553
24 79 0.757621
24 80 0.990903
24 81 0.310464
24 82 0.992319
24 83 0.746454
24 84 0.981890
24 85 0.557193
24 86 0.998858
24 87 0.172989
24 88 0.210224
24 89 0.210224
24 90 0.831064
24 91 0.353553
24 92 0.969629
24 93 0.172989
24 94 0.096388
24 95 0.863976
24 96 0.644918
24 97 0.863976
24 98 0.896141
24 99 0.029925
25 0 0.929503
25 1 0.458502
25 2 0.984698
25 3 0.210224
25 4 0.921048
25 5 0.952432
25 6 0.993170
25 7 0.005177
25 8 0.921048
25 9 0.876570
25 10 0.415919
25 11 0.557193
25 12 0.995441
25 13 0.878126
25 14 0.979649
25 15 0.573990
25 16 0.987890
25 17 0.172989
25 18 0.690668
25 19 0.310464
25 20 0.372722
25 21 0.746454
25 22 0.781351
25 23 0.210224
25 24 0.984698
25 25 0.000000
25 26 0.005177
25 27 0.746454
25 28 0.458502
25 29 0.975926
25 30 0.999277
25 31 0.005177
25 32 0.557193
25 33 0.994873
25 34 0.883941
25 35 0.975926
25 36 0.557193
25 37 0.310464
25 38 0.940181
25 39 0.172989
25 40 0.901145
25 41 0.690668
25 42 0.719662
25 43 0.977135
25 44 0.610510
25 45 0.096388
25 46 0.921048
25 47 0.993926
25 48 0.610510
25 49 0.210224
25 50 0.690668
25 51 0.981890
25 52 0.071949
25 53 0.071949
25 54 0.999619
25 55 0.310464
25 56 0.415919
25 57 0.746454
25 58 0.719662
25 59 0.746454
25 60 0.019299
25 61 0.994234
25 62 0.517913
25 63 0.984698
25 64 0.644918
25 65 0.911627
25 66 0.932960
25 67 0.594604
25 68 0.458502
25 69 0.415919
25 70 0.946647
25 71 0.005177
25 72 0.981890
25 73 0.883941
25 74 0.517913
25 75 0.310464
25 76 0.415919
25 77 0.746454
25 78 0.999695
25 79 0.999277
25 80 0.998288
25 81 0.937084
25 82 0.172989
25 83 0.557193
25 84 0.870414
25 85 0.896141
25 86 0.172989
25 87 0.644918
25 88 0.310464
25 89 0.907126
25 90 0.353553
25 91 0.096388
25 92 0.954792
25 93 0.210224
25 94 0.781351
25 95 0.848329
25 96 0.911627
25 97 0.911627
25 98 0.831064
25 99 0.172989
26 0 0.096388
26 1 0.999810
26 2 0.517913
26 3 0.415919
26 4 0.996579
26 5 0.822878
26 6 0.719662
26 7 0.907126
26 8 0.415919
26 9 0.896141
26 10 0.310464
26 11 0.757621
26 12 0.096388
26 13 0.983886
26 14 0.310464
26 15 0.415919
26 16 0.719662
26 17 0.983886
26 18 0.929503
26 19 0.883941
26 20 0.803068
26 21 0.746454
26 22 0.415919
26 23 0.415919
26 24 0.677128
26 25 0.005177
26 26 0.000000
26 27 0.946647
26 28 0.964107
26 29 0.999786
26 30 0.781351
26 31 0.946647
26 32 0.096388
26 33 0.310464
26 34 0.353553
26 35 0.096388
26 36 0.848329
26 37 0.096388
26 38 0.997971
26 39 0.268234
26 40 0.310464
26 41 0.995133
26 42 0.096388
26 43 0.458502
26 44 0.719662
26 45 0.896140
26 46 0.353553
26 47 0.988501
26 48 0.870414
26 49 0.994873
26 50 0.996579
26 51 0.096388
26 52 0.998375
26 53 0.458502
26 54 0.096388
26 55 0.863976
26 56 0.959712
26 57 0.310464
26 58 0.986386
26 59 0.929503
26 60 0.268234
26 61 0.029925
26 62 0.848329
26 63 0.964107
26 64 0.071949
26 65 0.981890
26 66 0.989772
26 67 0.965898
26 68 0.172989
26 69 0.644918
26 70 0.594604
26 71 0.974313
26 72 0.896140
26 73 0.781351
26 74 0.965898
26 75 0.719662
26 76 0.071949
26 77 0.746454
26 78 0.972958
26 79 0.172989
26 80 0.172989
26 81 0.921048
26 82 0.372722
26 83 0.896141
26 84 0.940181
26 85 0.746454
26 86 0.896141
26 87 0.883941
26 88 0.210224
26 89 0.848329
26 90 0.870414
26 91 0.848329
26 92 0.964107
26 93 0.644918
26 94 0.172989
26 95 0.557193
26 96 0.822878
26 97 0.415919
26 98 0.996579
26 99 0.517913
27 0 0.189109
27 1 0.458502
27 2 0.138922
27 3 0.980672
27 4 0.929503
27 5 0.029925
27 6 0.781351
27 7 0.372722
27 8 0.719662
27 9 0.071949
27 10 0.108547
27 11 0.964107
27 12 0.096388
27 13 0.268234
27 14 0.172989
27 15 0.557193
27 16 0.557193
27 17 0.993170
27 18 0.921048
27 19 0.719662
27 20 0.557193
27 21 0.210224
27 22 0.677128
27 23 0.975926
27 24 0.979649
27 25 0.746454
27 26 0.946647
27 27 0.000000
27 28 0.096388
27 29 0.029925
27 30 0.979649
27 31 0.959712
27 32 0.863976
27 33 0.863976
27 34 0.746454
27 35 0.981890
27 36 0.863976
27 37 0.172989
27 38 0.719662
27 39 0.268234
27 40 0.972958
27 41 0.096388
27 42 0.096388
27 43 0.610510
27 44 0.644918
27 45 0.415919
27 46 0.210224
27 47 0.415919
27 48 0.329464
27 49 0.594604
27 50 0.458502
27 51 0.883941
